{"num_workers": 45, "num_roles": 5, "num_nodes": 120, "w": [[180, 180], [300, 300], [60, 60], [60, 60], [210, 210], [150, 150], [30, 30], [90, 90], [60, 60], [390, 390], [30, 30], [30, 30], [90, 90], [0, 0], [30, 30], [30, 30], [60, 60], [90, 90], [30, 30], [120, 120], [150, 150], [0, 0], [30, 30], [30, 30], [0, 0], [150, 150], [180, 180], [0, 0], [150, 150], [270, 270], [0, 0], [0, 0], [0, 0], [0, 0], [0, 0], [0, 0], [0, 0], [0, 0], [0, 0], [0, 0], [0, 0], [0, 0], [0, 0], [0, 0], [0, 0], [60, 210], [60, 270], [210, 390], [60, 390], [150, 180], [60, 450], [210, 390], [240, 300], [240, 300], [120, 270], [120, 270], [60, 360], [60, 420], [150, 450], [150, 210], [180, 270], [300, 420], [150, 390], [150, 270], [60, 210], [330, 450], [60, 420], [60, 120], [360, 420], [120, 300], [90, 450], [90, 330], [120, 300], [120, 180], [240, 390], [450, 450], [420, 420], [390, 390], [330, 330], [330, 330], [450, 450], [450, 450], [480, 480], [390, 390], [420, 420], [390, 390], [420, 420], [390, 390], [390, 390], [300, 300], [300, 300], [90, 90], [270, 270], [390, 390], [240, 240], [480, 480], [390, 390], [360, 360], [480, 480], [360, 360], [390, 390], [300, 300], [450, 450], [360, 360], [450, 450], [480, 480], [480, 480], [480, 480], [480, 480], [480, 480], [480, 480], [480, 480], [480, 480], [480, 480], [480, 480], [480, 480], [480, 480], [480, 480], [480, 480], [480, 480]], "p": [0, 0, 0, 0, 0, 0, 0, 0, 0, 0, 0, 0, 0, 0, 0, 0, 0, 0, 0, 0, 0, 0, 0, 0, 0, 0, 0, 0, 0, 0, 0, 0, 0, 0, 0, 0, 0, 0, 0, 0, 0, 0, 0, 0, 0, 74.43546274368558, 58.827906821714976, 65.1103801246546, 46.68403873638579, 55.53531872746764, 41.033101667383505, 42.98180780699526, 73.59664596025203, 60.06966421575124, 45.11989626689498, 43.66107528361663, 67.91844802260874, 70.69866956365922, 65.89640940334876, 69.52974865068032, 62.707335106899336, 73.46987653613408, 52.48659530003421, 45.45393550666513, 46.62693263910866, 40.88972134253134, 63.663479356494875, 55.69803242997409, 52.44701684791766, 49.65282051074938, 57.02927940974044, 70.3804336071069, 66.43766757024748, 58.968851540580644, 65.0498194649191, 0, 0, 0, 0, 0, 0, 0, 0, 0, 0, 0, 0, 0, 0, 0, 0, 0, 0, 0, 0, 0, 0, 0, 0, 0, 0, 0, 0, 0, 0, 0, 0, 0, 0, 0, 0, 0, 0, 0, 0, 0, 0, 0, 0, 0], "e": [[1, 0, 1, 0, 0], [1, 0, 0, 1, 0], [1, 1, 0, 0, 0], [0, 1, 0, 1, 0], [1, 0, 0, 0, 1], [1, 1, 0, 0, 0], [1, 0, 0, 0, 1], [1, 1, 0, 0, 0], [1, 0, 0, 1, 0], [1, 0, 1, 0, 0], [0, 1, 0, 0, 0], [0, 0, 0, 0, 1], [0, 0, 0, 0, 1], [0, 0, 0, 1, 0], [1, 0, 0, 0, 0], [0, 0, 1, 0, 0], [0, 0, 1, 0, 0], [0, 1, 0, 0, 0], [0, 0, 0, 0, 1], [0, 0, 1, 0, 0], [0, 0, 0, 0, 1], [0, 0, 0, 1, 0], [0, 1, 0, 0, 0], [1, 0, 0, 0, 0], [0, 1, 0, 0, 0], [0, 0, 1, 0, 0], [0, 0, 0, 1, 0], [0, 0, 1, 0, 0], [0, 0, 0, 0, 1], [0, 1, 0, 0, 0], [1, 0, 0, 0, 0], [0, 0, 1, 0, 0], [0, 1, 0, 0, 0], [1, 0, 0, 0, 0], [0, 0, 0, 1, 0], [1, 0, 0, 0, 0], [0, 0, 0, 1, 0], [0, 1, 0, 0, 0], [0, 1, 0, 0, 0], [0, 0, 0, 0, 1], [0, 1, 0, 0, 0], [0, 1, 0, 0, 0], [0, 0, 1, 0, 0], [0, 0, 0, 1, 0], [0, 0, 0, 0, 1]], "d": [[2, 1, 1, 2, 2, 3, 2, 1, 2, 2, 2, 2, 3, 3, 2, 1, 2, 3, 1, 3, 2, 2, 1, 1, 1, 2, 2, 3, 2, 1], [2, 2, 2, 2, 2, 1, 2, 2, 2, 2, 2, 0, 1, 1, 0, 2, 2, 1, 2, 1, 2, 0, 2, 2, 2, 2, 2, 1, 0, 2], [2, 0, 0, 2, 2, 0, 2, 0, 2, 2, 2, 0, 0, 0, 2, 0, 2, 0, 0, 0, 2, 0, 0, 0, 0, 2, 2, 0, 0, 0], [0, 3, 3, 0, 0, 1, 0, 3, 0, 0, 0, 2, 1, 1, 1, 3, 0, 1, 3, 1, 0, 2, 3, 3, 3, 0, 0, 1, 2, 3], [2, 0, 0, 2, 2, 1, 2, 0, 2, 2, 2, 1, 1, 1, 2, 0, 2, 1, 0, 1, 2, 1, 0, 0, 0, 2, 2, 1, 1, 0]], "r": [3374, 3331, 2647, 192, 2489, 1369, 3773, 4612, 3429, 4626, 4323, 4720, 189, 3306, 1579, 4548, 1098, 2590, 4503, 4288, 3823, 2519, 3274, 2997, 3076, 3124, 1924, 1423, 4343, 3675], "g": [[0, 0, 0, 0, 0, 0, 0, 0, 0, 0, 0, 0, 0, 0, 0, 0, 0, 0, 0, 0, 0, 0, 0, 0, 0, 0, 0, 0, 0, 0], [0, 0, 0, 0, 0, 0, 0, 0, 0, 0, 0, 0, 0, 0, 0, 0, 0, 0, 0, 0, 0, 0, 0, 0, 0, 0, 0, 0, 0, 0], [0, 0, 0, 0, 0, 0, 0, 0, 0, 0, 0, 0, 0, 0, 0, 0, 0, 0, 0, 0, 0, 0, 0, 0, 0, 0, 0, 0, 0, 0], [0, 0, 0, 0, 0, 0, 0, 0, 0, 0, 0, 0, 0, 0, 0, 0, 0, 0, 0, 0, 0, 0, 0, 0, 0, 0, 0, 0, 0, 0], [0, 0, 0, 0, 0, 0, 0, 0, 0, 0, 0, 0, 0, 0, 0, 0, 0, 0, 0, 0, 0, 0, 0, 0, 0, 0, 0, 0, 0, 0], [0, 0, 0, 0, 0, 0, 0, 0, 0, 0, 0, 0, 0, 0, 0, 0, 0, 0, 0, 0, 0, 0, 0, 0, 0, 0, 0, 0, 0, 0], [0, 0, 0, 0, 0, 0, 0, 0, 0, 0, 0, 0, 0, 0, 0, 0, 0, 0, 0, 0, 0, 0, 0, 0, 0, 0, 0, 0, 0, 0], [0, 0, 0, 0, 0, 0, 0, 0, 0, 0, 0, 0, 0, 0, 0, 0, 0, 0, 0, 0, 0, 0, 0, 0, 0, 0, 0, 0, 0, 0], [0, 0, 0, 0, 0, 0, 0, 0, 0, 0, 0, 0, 0, 0, 0, 0, 0, 0, 0, 0, 0, 0, 0, 0, 0, 0, 0, 0, 0, 0], [0, 0, 0, 0, 0, 0, 0, 0, 0, 0, 0, 0, 0, 0, 0, 0, 0, 0, 0, 0, 0, 0, 0, 0, 0, 0, 0, 0, 0, 0], [0, 0, 0, 0, 0, 0, 0, 0, 0, 0, 0, 0, 0, 0, 0, 0, 0, 0, 0, 0, 0, 0, 0, 0, 0, 0, 0, 0, 0, 0], [0, 0, 0, 0, 0, 0, 0, 0, 0, 0, 0, 0, 0, 0, 0, 0, 0, 0, 0, 0, 0, 0, 0, 0, 0, 0, 0, 0, 0, 0], [0, 0, 0, 0, 0, 0, 0, 0, 0, 0, 0, 0, 0, 0, 0, 0, 0, 0, 0, 0, 0, 0, 0, 0, 0, 0, 0, 0, 0, 0], [0, 0, 0, 0, 0, 0, 0, 0, 0, 0, 0, 0, 0, 0, 0, 0, 0, 0, 0, 0, 0, 0, 0, 0, 0, 0, 0, 0, 0, 0], [0, 0, 0, 0, 0, 0, 0, 0, 0, 0, 0, 0, 0, 0, 0, 0, 0, 0, 0, 0, 0, 0, 0, 0, 0, 0, 0, 0, 0, 0], [0, 0, 0, 0, 0, 0, 0, 0, 0, 0, 0, 0, 0, 0, 0, 0, 0, 0, 0, 0, 0, 0, 0, 0, 0, 0, 0, 0, 0, 0], [0, 0, 0, 0, 0, 0, 0, 0, 0, 0, 0, 0, 0, 0, 0, 0, 0, 0, 0, 0, 0, 0, 0, 0, 0, 0, 0, 0, 0, 0], [0, 0, 0, 0, 0, 0, 0, 0, 0, 0, 0, 0, 0, 0, 0, 0, 0, 0, 0, 0, 0, 0, 0, 0, 0, 0, 0, 0, 0, 0], [0, 0, 0, 0, 0, 0, 0, 0, 0, 0, 0, 0, 0, 0, 0, 0, 0, 0, 0, 0, 0, 0, 0, 0, 0, 0, 0, 0, 0, 0], [0, 0, 0, 0, 0, 0, 0, 0, 0, 0, 0, 0, 0, 0, 0, 0, 0, 0, 0, 0, 0, 0, 0, 0, 0, 0, 0, 0, 0, 0], [0, 0, 0, 0, 0, 0, 0, 0, 0, 0, 0, 0, 0, 0, 0, 0, 0, 0, 0, 0, 0, 0, 0, 0, 0, 0, 0, 0, 0, 0], [0, 0, 0, 0, 0, 0, 0, 0, 0, 0, 0, 0, 0, 0, 0, 0, 0, 0, 0, 0, 0, 0, 0, 0, 0, 0, 0, 0, 0, 0], [0, 0, 0, 0, 0, 0, 0, 0, 0, 0, 0, 0, 0, 0, 0, 0, 0, 0, 0, 0, 0, 0, 0, 0, 0, 0, 0, 0, 0, 0], [0, 0, 0, 0, 0, 0, 0, 0, 0, 0, 0, 0, 0, 0, 0, 0, 0, 0, 0, 0, 0, 0, 0, 0, 0, 0, 0, 0, 0, 0], [0, 0, 0, 0, 0, 0, 0, 0, 0, 0, 0, 0, 0, 0, 0, 0, 0, 0, 0, 0, 0, 0, 0, 0, 0, 0, 0, 0, 0, 0], [0, 0, 0, 0, 0, 0, 0, 0, 0, 0, 0, 0, 0, 0, 0, 0, 0, 0, 0, 0, 0, 0, 0, 0, 0, 0, 0, 0, 0, 0], [0, 0, 0, 0, 0, 0, 0, 0, 0, 0, 0, 0, 0, 0, 0, 0, 0, 0, 0, 0, 0, 0, 0, 0, 0, 0, 0, 0, 0, 0], [0, 0, 0, 0, 0, 0, 0, 0, 0, 0, 0, 0, 0, 0, 0, 0, 0, 0, 0, 0, 0, 0, 0, 0, 0, 0, 0, 0, 0, 0], [0, 0, 0, 0, 0, 0, 0, 0, 0, 0, 0, 0, 0, 0, 0, 0, 0, 0, 0, 0, 0, 0, 0, 0, 0, 0, 0, 0, 0, 0], [0, 0, 0, 0, 0, 0, 0, 0, 0, 0, 0, 0, 0, 0, 0, 0, 0, 0, 0, 0, 0, 0, 0, 0, 0, 0, 0, 0, 0, 0]], "t": [[0.0, 45.20112704100018, 11.610266239527991, 48.218656395123084, 32.78803379570613, 11.815673200066342, 15.267664222645342, 27.672404861517723, 48.76040905869537, 7.906894040674399, 49.925041306600725, 12.577539982121941, 16.491447088131366, 10.209959303318774, 18.72836972589969, 50.353151091603095, 45.12033536829997, 36.94454079175061, 11.773949765669132, 50.333690229169164, 1.74684983679819, 49.66725485400226, 26.660678090720918, 45.29349389893592, 8.280430527783453, 23.13137288796551, 4.616472364942039, 47.40502010196913, 50.168496741629525, 13.335275773277035, 51.775031479770064, 51.775031479770064, 51.775031479770064, 51.775031479770064, 51.775031479770064, 51.775031479770064, 51.775031479770064, 51.775031479770064, 51.775031479770064, 51.775031479770064, 51.775031479770064, 51.775031479770064, 51.775031479770064, 51.775031479770064, 51.775031479770064, 44.96585366394811, 48.77748224930301, 51.033201993564205, 45.5907028480857, 47.89005770287935, 45.47199936894315, 30.40575488361743, 3.2864692206748924, 50.34682567658787, 32.42285963932297, 15.01842543623473, 58.891379155070084, 43.14681074974626, 40.27702464381823, 15.651647386001068, 49.67400469098149, 48.88334564562269, 44.46066983749429, 52.14077760893789, 29.007973106006453, 6.208198698590006, 30.579705596731934, 23.833870575368334, 36.04167693065697, 50.62951543784002, 4.703664190420581, 31.452863478199596, 43.06989104698847, 3.3159100427305206, 7.26400349011944, 0.0, 45.20112704100018, 11.610266239527991, 48.218656395123084, 32.78803379570613, 11.815673200066342, 15.267664222645342, 27.672404861517723, 48.76040905869537, 7.906894040674399, 49.925041306600725, 12.577539982121941, 16.491447088131366, 10.209959303318774, 18.72836972589969, 50.353151091603095, 45.12033536829997, 36.94454079175061, 11.773949765669132, 50.333690229169164, 1.74684983679819, 49.66725485400226, 26.660678090720918, 45.29349389893592, 8.280430527783453, 23.13137288796551, 4.616472364942039, 47.40502010196913, 50.168496741629525, 13.335275773277035, 51.775031479770064, 51.775031479770064, 51.775031479770064, 51.775031479770064, 51.775031479770064, 51.775031479770064, 51.775031479770064, 51.775031479770064, 51.775031479770064, 51.775031479770064, 51.775031479770064, 51.775031479770064, 51.775031479770064, 51.775031479770064, 51.775031479770064], [45.20112704100018, 0.0, 56.33235721116729, 32.78994720105361, 20.97805975083389, 45.28012284991544, 45.79409708710363, 30.743529401955755, 4.458282575154583, 49.366731581479925, 4.891612141120715, 32.67923056538507, 32.26794167749079, 42.57197188605424, 33.79516214352467, 5.424057828784525, 52.38428672862532, 19.598219272930177, 36.320186338321356, 29.021858276197033, 46.08366637873187, 31.14545614199267, 25.22926727911403, 1.3324753770748559, 53.18713827775419, 34.19450408072712, 49.73065261840599, 25.30311312538551, 27.347600035766398, 39.21456372878738, 6.605144255386493, 6.605144255386493, 6.605144255386493, 6.605144255386493, 6.605144255386493, 6.605144255386493, 6.605144255386493, 6.605144255386493, 6.605144255386493, 6.605144255386493, 6.605144255386493, 6.605144255386493, 6.605144255386493, 6.605144255386493, 6.605144255386493, 12.305995047420584, 7.7208986942863795, 26.769313703330823, 2.3664018226093377, 11.920239314365903, 6.425117840125418, 48.173096277050945, 41.91501327267663, 20.97814922293465, 12.805995429995834, 56.962363267028536, 13.783329976010553, 2.131293271155111, 25.541071186771592, 54.65531482896217, 20.742457010669643, 15.632043010431975, 9.349142279991243, 14.383736107464278, 16.332891427246203, 39.05064095106532, 20.214955292642095, 38.49547895018764, 42.644356885438924, 17.29940394984716, 47.30556638025022, 39.282839036364955, 7.114245561572616, 48.27761916574081, 51.475940657781116, 45.20112704100018, 0.0, 56.33235721116729, 32.78994720105361, 20.97805975083389, 45.28012284991544, 45.79409708710363, 30.743529401955755, 4.458282575154583, 49.366731581479925, 4.891612141120715, 32.67923056538507, 32.26794167749079, 42.57197188605424, 33.79516214352467, 5.424057828784525, 52.38428672862532, 19.598219272930177, 36.320186338321356, 29.021858276197033, 46.08366637873187, 31.14545614199267, 25.22926727911403, 1.3324753770748559, 53.18713827775419, 34.19450408072712, 49.73065261840599, 25.30311312538551, 27.347600035766398, 39.21456372878738, 6.605144255386493, 6.605144255386493, 6.605144255386493, 6.605144255386493, 6.605144255386493, 6.605144255386493, 6.605144255386493, 6.605144255386493, 6.605144255386493, 6.605144255386493, 6.605144255386493, 6.605144255386493, 6.605144255386493, 6.605144255386493, 6.605144255386493], [11.610266239527991, 56.33235721116729, 0.0, 59.11593771143011, 44.33646583526359, 14.843188377342862, 22.870053087754325, 38.60718433242987, 60.041022126278904, 12.968673024396889, 61.124181568914956, 23.699854044385862, 25.572938857479294, 15.82960945790697, 26.41206296913103, 61.5757287718859, 53.00791697897812, 46.05205888969575, 20.802582681270085, 61.561111015382295, 10.380692362414164, 60.73697925697338, 35.603066543877574, 56.50748918211444, 6.793161846936053, 33.74851444969701, 7.047559475012348, 55.57189963561454, 58.13866825972235, 19.953042943622215, 62.93306721516533, 62.93306721516533, 62.93306721516533, 62.93306721516533, 62.93306721516533, 62.93306721516533, 62.93306721516533, 62.93306721516533, 62.93306721516533, 62.93306721516533, 62.93306721516533, 62.93306721516533, 62.93306721516533, 62.93306721516533, 62.93306721516533, 56.56504198301292, 60.24119717720137, 62.397897075895365, 56.8613800720418, 59.47576091107926, 56.09383420520047, 37.875750864129856, 14.775233860562366, 59.35574575682022, 43.52714017948712, 6.760608922128882, 69.89850523157774, 54.244241975458095, 48.21235901027674, 10.452355139105778, 61.22941552634166, 58.56453344917836, 56.01062446216368, 62.16257264656208, 40.01721511916965, 17.411919784524375, 40.15964427254979, 28.78260886592968, 45.161830746241996, 60.17657628344271, 12.105960260675342, 41.039076517280954, 53.650698596517884, 8.306716818586585, 9.0216089387447, 11.610266239527991, 56.33235721116729, 0.0, 59.11593771143011, 44.33646583526359, 14.843188377342862, 22.870053087754325, 38.60718433242987, 60.041022126278904, 12.968673024396889, 61.124181568914956, 23.699854044385862, 25.572938857479294, 15.82960945790697, 26.41206296913103, 61.5757287718859, 53.00791697897812, 46.05205888969575, 20.802582681270085, 61.561111015382295, 10.380692362414164, 60.73697925697338, 35.603066543877574, 56.50748918211444, 6.793161846936053, 33.74851444969701, 7.047559475012348, 55.57189963561454, 58.13866825972235, 19.953042943622215, 62.93306721516533, 62.93306721516533, 62.93306721516533, 62.93306721516533, 62.93306721516533, 62.93306721516533, 62.93306721516533, 62.93306721516533, 62.93306721516533, 62.93306721516533, 62.93306721516533, 62.93306721516533, 62.93306721516533, 62.93306721516533, 62.93306721516533], [48.218656395123084, 32.78994720105361, 59.11593771143011, 0.0, 18.81484070386275, 55.666389833164715, 38.1733185137201, 20.55433196213254, 31.304951950572995, 47.03146107180775, 33.126735664068605, 40.414692242336244, 45.95413950786054, 52.540056058214006, 49.637061615801635, 32.883992016000356, 24.312228760147768, 47.371942460699245, 46.95063934659264, 5.645247705254084, 49.86705370253548, 2.92301136145827, 46.19745829575117, 31.53035985213637, 53.11854796671193, 25.389523817482136, 52.295282381884775, 56.57097630749235, 59.05277640806644, 51.444785231447135, 34.50665945733097, 34.50665945733097, 34.50665945733097, 34.50665945733097, 34.50665945733097, 34.50665945733097, 34.50665945733097, 34.50665945733097, 34.50665945733097, 34.50665945733097, 34.50665945733097, 34.50665945733097, 34.50665945733097, 34.50665945733097, 34.50665945733097, 20.61386455108681, 27.212306697480358, 8.579563517003473, 30.634731792092428, 22.11052086437275, 38.97484284285924, 29.34031326420748, 45.7547402658586, 53.38869112519803, 32.55531512985113, 63.22030280228226, 40.25235441063281, 32.84278827021323, 54.29659764932783, 63.19205979635388, 13.91477169232487, 48.21342926470555, 23.49127212622809, 47.1259085645913, 34.12829819221808, 44.32300267653414, 43.61178361303187, 57.14558364542547, 19.574272708783997, 49.99491906770906, 47.059231078056335, 20.52149817559328, 38.68929506604329, 51.378108625123886, 50.76961331209058, 48.218656395123084, 32.78994720105361, 59.11593771143011, 0.0, 18.81484070386275, 55.666389833164715, 38.1733185137201, 20.55433196213254, 31.304951950572995, 47.03146107180775, 33.126735664068605, 40.414692242336244, 45.95413950786054, 52.540056058214006, 49.637061615801635, 32.883992016000356, 24.312228760147768, 47.371942460699245, 46.95063934659264, 5.645247705254084, 49.86705370253548, 2.92301136145827, 46.19745829575117, 31.53035985213637, 53.11854796671193, 25.389523817482136, 52.295282381884775, 56.57097630749235, 59.05277640806644, 51.444785231447135, 34.50665945733097, 34.50665945733097, 34.50665945733097, 34.50665945733097, 34.50665945733097, 34.50665945733097, 34.50665945733097, 34.50665945733097, 34.50665945733097, 34.50665945733097, 34.50665945733097, 34.50665945733097, 34.50665945733097, 34.50665945733097, 34.50665945733097], [32.78803379570613, 20.97805975083389, 44.33646583526359, 18.81484070386275, 0.0, 38.17518395210876, 27.664189574784174, 10.028846304920462, 22.136468693424057, 34.02790516408072, 23.93982378907275, 22.77414133567708, 27.439001622933475, 35.029965728494744, 30.980432592424886, 24.056332092683927, 32.215446322633724, 29.981014073346866, 29.020293909661834, 18.783911231690414, 34.22978839056276, 19.057674064824802, 27.495743244666375, 20.167606329180753, 39.33125645611431, 14.364862310001621, 37.28941870165253, 40.349415945925124, 43.09648861000531, 33.37516770044101, 25.866298904516366, 25.866298904516366, 25.866298904516366, 25.866298904516366, 25.866298904516366, 25.866298904516366, 25.866298904516366, 25.866298904516366, 25.866298904516366, 25.866298904516366, 25.866298904516366, 25.866298904516366, 25.866298904516366, 25.866298904516366, 25.866298904516366, 13.797559104738546, 19.893206259739664, 18.772064036816353, 19.750487966246432, 16.916366209830418, 25.6142522512013, 27.295334402756744, 29.83031616954477, 38.56513399205404, 15.026254677749444, 47.26177389873101, 33.27108570612928, 19.90217366135109, 36.85248636156072, 46.48256473106626, 16.89306166589009, 34.026146685667605, 14.701435662238854, 34.43149014612357, 15.772799128456873, 27.762909776653398, 25.357425211823873, 38.385079691271166, 21.912985934766347, 36.01078111152017, 33.0068558813663, 18.31099233470308, 24.373503395932357, 36.10060345573142, 37.163780005124465, 32.78803379570613, 20.97805975083389, 44.33646583526359, 18.81484070386275, 0.0, 38.17518395210876, 27.664189574784174, 10.028846304920462, 22.136468693424057, 34.02790516408072, 23.93982378907275, 22.77414133567708, 27.439001622933475, 35.029965728494744, 30.980432592424886, 24.056332092683927, 32.215446322633724, 29.981014073346866, 29.020293909661834, 18.783911231690414, 34.22978839056276, 19.057674064824802, 27.495743244666375, 20.167606329180753, 39.33125645611431, 14.364862310001621, 37.28941870165253, 40.349415945925124, 43.09648861000531, 33.37516770044101, 25.866298904516366, 25.866298904516366, 25.866298904516366, 25.866298904516366, 25.866298904516366, 25.866298904516366, 25.866298904516366, 25.866298904516366, 25.866298904516366, 25.866298904516366, 25.866298904516366, 25.866298904516366, 25.866298904516366, 25.866298904516366, 25.866298904516366], [11.815673200066342, 45.28012284991544, 14.843188377342862, 55.666389833164715, 38.17518395210876, 0.0, 26.867947972641197, 35.74637759775411, 49.39521555064951, 19.420299317502444, 50.17127818266268, 15.411163193568656, 13.014790180735638, 3.1476261329919395, 12.413174227195906, 50.690781866395675, 55.96380436541579, 32.2288924302847, 9.409083992789578, 56.80156533581674, 10.463555861456395, 56.640455392444885, 21.980187155518074, 45.71250660600232, 16.94327416116871, 32.09056492385907, 12.33846544864302, 41.061859663135664, 43.538439377628926, 6.136414431761409, 51.81363272368492, 51.81363272368492, 51.81363272368492, 51.81363272368492, 51.81363272368492, 51.81363272368492, 51.81363272368492, 51.81363272368492, 51.81363272368492, 51.81363272368492, 51.81363272368492, 51.81363272368492, 51.81363272368492, 51.81363272368492, 51.81363272368492, 48.163665330091206, 50.434754096736675, 56.94724291848769, 46.25629098304761, 50.746436508703255, 43.872459154952246, 41.66649140023067, 11.911018354247053, 45.26085712824261, 32.85016400262482, 12.328726598941367, 58.24525406338669, 43.148831507018556, 33.67339448679692, 9.389166542885535, 54.41719677255453, 45.031354110524994, 46.95158816289003, 48.94894351979504, 29.26057457901285, 11.903719909619895, 26.96269495442651, 13.967488267574568, 46.21978927714301, 46.49461549426907, 16.374824068962905, 41.338777498377695, 41.41255867226464, 11.383940304141621, 17.373545592793818, 11.815673200066342, 45.28012284991544, 14.843188377342862, 55.666389833164715, 38.17518395210876, 0.0, 26.867947972641197, 35.74637759775411, 49.39521555064951, 19.420299317502444, 50.17127818266268, 15.411163193568656, 13.014790180735638, 3.1476261329919395, 12.413174227195906, 50.690781866395675, 55.96380436541579, 32.2288924302847, 9.409083992789578, 56.80156533581674, 10.463555861456395, 56.640455392444885, 21.980187155518074, 45.71250660600232, 16.94327416116871, 32.09056492385907, 12.33846544864302, 41.061859663135664, 43.538439377628926, 6.136414431761409, 51.81363272368492, 51.81363272368492, 51.81363272368492, 51.81363272368492, 51.81363272368492, 51.81363272368492, 51.81363272368492, 51.81363272368492, 51.81363272368492, 51.81363272368492, 51.81363272368492, 51.81363272368492, 51.81363272368492, 51.81363272368492, 51.81363272368492], [15.267664222645342, 45.79409708710363, 22.870053087754325, 38.1733185137201, 27.664189574784174, 26.867947972641197, 0.0, 18.927988602882902, 48.30479864206114, 9.901447696295984, 49.873972574607905, 19.288013588839313, 26.61990864762759, 24.71242936594381, 30.179061811076057, 50.148876383913546, 30.323903579537852, 44.0489083637251, 23.29700540251695, 41.61864732703235, 16.900634985350358, 40.24520581618372, 35.166156743351735, 45.44102014444948, 16.16328556069875, 13.743226999213885, 17.339232446442317, 55.42889759293425, 58.35882190567544, 26.714022630992673, 51.84384003370439, 51.84384003370439, 51.84384003370439, 51.84384003370439, 51.84384003370439, 51.84384003370439, 51.84384003370439, 51.84384003370439, 51.84384003370439, 51.84384003370439, 51.84384003370439, 51.84384003370439, 51.84384003370439, 51.84384003370439, 51.84384003370439, 41.41714344454405, 46.97271120233822, 43.08517195437502, 45.38958031035855, 44.53746376908305, 48.133627779935686, 15.313929812090063, 15.148246486302611, 56.75755706517657, 34.31429127871464, 28.59253155353048, 59.35708654360047, 44.05168734958885, 49.070762128133346, 30.34352063105644, 43.516723022725756, 53.95478925572769, 41.94177859774132, 56.19879975365283, 31.80383600355108, 16.462132573939023, 37.376657754235204, 36.96224932926073, 22.377005223782433, 55.911903249511056, 11.516506733208594, 18.59747247196904, 46.037457780800956, 17.173502697423604, 13.85612679614912, 15.267664222645342, 45.79409708710363, 22.870053087754325, 38.1733185137201, 27.664189574784174, 26.867947972641197, 0.0, 18.927988602882902, 48.30479864206114, 9.901447696295984, 49.873972574607905, 19.288013588839313, 26.61990864762759, 24.71242936594381, 30.179061811076057, 50.148876383913546, 30.323903579537852, 44.0489083637251, 23.29700540251695, 41.61864732703235, 16.900634985350358, 40.24520581618372, 35.166156743351735, 45.44102014444948, 16.16328556069875, 13.743226999213885, 17.339232446442317, 55.42889759293425, 58.35882190567544, 26.714022630992673, 51.84384003370439, 51.84384003370439, 51.84384003370439, 51.84384003370439, 51.84384003370439, 51.84384003370439, 51.84384003370439, 51.84384003370439, 51.84384003370439, 51.84384003370439, 51.84384003370439, 51.84384003370439, 51.84384003370439, 51.84384003370439, 51.84384003370439], [27.672404861517723, 30.743529401955755, 38.60718433242987, 20.55433196213254, 10.028846304920462, 35.74637759775411, 18.927988602882902, 0.0, 32.14387657958214, 26.847716674061576, 33.92972060291523, 21.073864690746262, 27.80305550272945, 32.686944839412085, 31.798264376691836, 34.06264024103268, 24.874399376259433, 36.47586131815479, 27.669528428750077, 23.114133978560947, 29.33178985276887, 22.13736884743028, 31.32060478171976, 30.02335024961236, 32.76897887062333, 5.213117673922797, 31.749072025932588, 47.59407298891835, 50.471190563022134, 32.21209164020799, 35.86720145667859, 35.86720145667859, 35.86720145667859, 35.86720145667859, 35.86720145667859, 35.86720145667859, 35.86720145667859, 35.86720145667859, 35.86720145667859, 35.86720145667859, 35.86720145667859, 35.86720145667859, 35.86720145667859, 35.86720145667859, 35.86720145667859, 23.53475824400607, 29.890383331738185, 24.311044109354693, 29.67226517863761, 26.61334732323429, 34.84907274165874, 17.440965330500468, 25.28537032398854, 46.77062499898747, 22.512155309621946, 42.68366820622618, 43.29299760703427, 29.478709154709342, 42.995871160778734, 42.801467360411664, 24.626035662663213, 42.66903780103283, 24.688634722464826, 43.615164219843436, 21.823407500293328, 24.06988761496309, 30.744616209850395, 39.59941490728718, 13.917507060846045, 44.68624936510939, 26.605913271735176, 9.306913498321444, 33.31374927625806, 30.823794418690632, 30.447811961453606, 27.672404861517723, 30.743529401955755, 38.60718433242987, 20.55433196213254, 10.028846304920462, 35.74637759775411, 18.927988602882902, 0.0, 32.14387657958214, 26.847716674061576, 33.92972060291523, 21.073864690746262, 27.80305550272945, 32.686944839412085, 31.798264376691836, 34.06264024103268, 24.874399376259433, 36.47586131815479, 27.669528428750077, 23.114133978560947, 29.33178985276887, 22.13736884743028, 31.32060478171976, 30.02335024961236, 32.76897887062333, 5.213117673922797, 31.749072025932588, 47.59407298891835, 50.471190563022134, 32.21209164020799, 35.86720145667859, 35.86720145667859, 35.86720145667859, 35.86720145667859, 35.86720145667859, 35.86720145667859, 35.86720145667859, 35.86720145667859, 35.86720145667859, 35.86720145667859, 35.86720145667859, 35.86720145667859, 35.86720145667859, 35.86720145667859, 35.86720145667859], [48.76040905869537, 4.458282575154583, 60.041022126278904, 31.304951950572995, 22.136468693424057, 49.39521555064951, 48.30479864206114, 32.14387657958214, 0.0, 52.51635941711231, 1.9013609446899544, 36.341711338187125, 36.40539349713656, 46.62675489985729, 38.08522387593396, 1.919998015858811, 52.32699592277433, 23.941138626559333, 40.31922352276952, 26.99839074857144, 49.725153836906514, 29.35387428755549, 29.647080666487557, 3.7051457507234646, 56.61522775871297, 36.05489827090992, 53.33148848531237, 28.847273686291647, 30.665666387754893, 43.36905720113133, 3.736216188943391, 3.736216188943391, 3.736216188943391, 3.736216188943391, 3.736216188943391, 3.736216188943391, 3.736216188943391, 3.736216188943391, 3.736216188943391, 3.736216188943391, 3.736216188943391, 3.736216188943391, 3.736216188943391, 3.736216188943391, 3.736216188943391, 10.809010905442772, 4.322579084459081, 24.484916711270312, 3.1813644991274903, 9.35537070964092, 9.912020274467546, 49.40181933279849, 45.477201882897575, 23.935116807577476, 16.638089906625186, 60.93010426858818, 11.178347667654462, 6.467700786374458, 29.680053957757654, 58.74787195087826, 18.301605309615905, 18.528184675475934, 8.238597430891645, 16.29382303595984, 20.22859144649258, 42.672088427122894, 24.66049110010379, 42.9250266801731, 43.10560702487583, 19.940108965557375, 50.61195420936108, 40.16927207931248, 11.211248383269455, 51.89973550685566, 54.81869461319032, 48.76040905869537, 4.458282575154583, 60.041022126278904, 31.304951950572995, 22.136468693424057, 49.39521555064951, 48.30479864206114, 32.14387657958214, 0.0, 52.51635941711231, 1.9013609446899544, 36.341711338187125, 36.40539349713656, 46.62675489985729, 38.08522387593396, 1.919998015858811, 52.32699592277433, 23.941138626559333, 40.31922352276952, 26.99839074857144, 49.725153836906514, 29.35387428755549, 29.647080666487557, 3.7051457507234646, 56.61522775871297, 36.05489827090992, 53.33148848531237, 28.847273686291647, 30.665666387754893, 43.36905720113133, 3.736216188943391, 3.736216188943391, 3.736216188943391, 3.736216188943391, 3.736216188943391, 3.736216188943391, 3.736216188943391, 3.736216188943391, 3.736216188943391, 3.736216188943391, 3.736216188943391, 3.736216188943391, 3.736216188943391, 3.736216188943391, 3.736216188943391], [7.906894040674399, 49.366731581479925, 12.968673024396889, 47.03146107180775, 34.02790516408072, 19.420299317502444, 9.901447696295984, 26.847716674061576, 52.51635941711231, 0.0, 53.87253180488914, 18.075247032566878, 23.618767471452546, 18.08957613320897, 26.2960396216792, 54.23867139865715, 40.1153523011641, 43.502087824259256, 19.176844171996844, 49.95907444904395, 8.978233918336167, 48.87087070435988, 33.518402013554116, 49.26788943560872, 6.298156855990711, 21.733782024226883, 7.986867330251121, 54.349067770338095, 57.17857179032071, 21.206204067279103, 55.79543667427104, 55.79543667427104, 55.79543667427104, 55.79543667427104, 55.79543667427104, 55.79543667427104, 55.79543667427104, 55.79543667427104, 55.79543667427104, 55.79543667427104, 55.79543667427104, 55.79543667427104, 55.79543667427104, 55.79543667427104, 55.79543667427104, 47.23899871291473, 51.92560570187509, 51.10205207460039, 49.41685042939247, 50.29903543535459, 50.500160095591056, 25.008950957843762, 9.836746391169509, 56.80441834621461, 36.89743865736392, 18.846502085347897, 63.14956607634126, 47.41583527645241, 47.39179703951565, 21.010920985982068, 50.69845413367779, 54.86571547424457, 47.2165521906197, 57.780559094768776, 33.76711020623206, 12.538415861268046, 36.93311970156566, 31.726394638326973, 32.22905363635203, 56.70234637383824, 3.2271061858183825, 28.234287656936914, 48.188622162441526, 8.306255754912986, 3.96037493374681, 7.906894040674399, 49.366731581479925, 12.968673024396889, 47.03146107180775, 34.02790516408072, 19.420299317502444, 9.901447696295984, 26.847716674061576, 52.51635941711231, 0.0, 53.87253180488914, 18.075247032566878, 23.618767471452546, 18.08957613320897, 26.2960396216792, 54.23867139865715, 40.1153523011641, 43.502087824259256, 19.176844171996844, 49.95907444904395, 8.978233918336167, 48.87087070435988, 33.518402013554116, 49.26788943560872, 6.298156855990711, 21.733782024226883, 7.986867330251121, 54.349067770338095, 57.17857179032071, 21.206204067279103, 55.79543667427104, 55.79543667427104, 55.79543667427104, 55.79543667427104, 55.79543667427104, 55.79543667427104, 55.79543667427104, 55.79543667427104, 55.79543667427104, 55.79543667427104, 55.79543667427104, 55.79543667427104, 55.79543667427104, 55.79543667427104, 55.79543667427104], [49.925041306600725, 4.891612141120715, 61.124181568914956, 33.126735664068605, 23.93982378907275, 50.17127818266268, 49.873972574607905, 33.92972060291523, 1.9013609446899544, 53.87253180488914, 0.0, 37.44299701336435, 37.15943215922099, 47.45789559561373, 38.6627438028395, 0.6156343444994633, 54.228342169798765, 23.674489155905245, 41.19614730710734, 28.74163629210455, 50.844901865597684, 31.1336880014621, 29.990331053986473, 4.633257626333426, 57.84956806193147, 37.76669708783577, 54.47523948635932, 27.854564203369698, 29.544869971663204, 44.1060475887027, 1.9726456161883523, 1.9726456161883523, 1.9726456161883523, 1.9726456161883523, 1.9726456161883523, 1.9726456161883523, 1.9726456161883523, 1.9726456161883523, 1.9726456161883523, 1.9726456161883523, 1.9726456161883523, 1.9726456161883523, 1.9726456161883523, 1.9726456161883523, 1.9726456161883523, 12.684469315398243, 5.986098857405968, 26.18018242266694, 4.4915537351508945, 11.095031786855644, 9.170145996485095, 51.22288551312213, 46.63884996878266, 22.684965579466546, 17.611642949247873, 61.834928801648104, 9.496862040727777, 7.022778566477332, 29.126773211299582, 59.54555971884232, 19.985784673532734, 17.299467249329766, 10.139615883578797, 14.759321611770554, 21.169152026084536, 43.80013408284017, 24.911379329234517, 43.218823945572694, 44.99171768303061, 18.59842182116549, 51.90063565054114, 42.02315696421266, 10.817891980225255, 53.03117343943788, 56.09269308213253, 49.925041306600725, 4.891612141120715, 61.124181568914956, 33.126735664068605, 23.93982378907275, 50.17127818266268, 49.873972574607905, 33.92972060291523, 1.9013609446899544, 53.87253180488914, 0.0, 37.44299701336435, 37.15943215922099, 47.45789559561373, 38.6627438028395, 0.6156343444994633, 54.228342169798765, 23.674489155905245, 41.19614730710734, 28.74163629210455, 50.844901865597684, 31.1336880014621, 29.990331053986473, 4.633257626333426, 57.84956806193147, 37.76669708783577, 54.47523948635932, 27.854564203369698, 29.544869971663204, 44.1060475887027, 1.9726456161883523, 1.9726456161883523, 1.9726456161883523, 1.9726456161883523, 1.9726456161883523, 1.9726456161883523, 1.9726456161883523, 1.9726456161883523, 1.9726456161883523, 1.9726456161883523, 1.9726456161883523, 1.9726456161883523, 1.9726456161883523, 1.9726456161883523, 1.9726456161883523], [12.577539982121941, 32.67923056538507, 23.699854044385862, 40.414692242336244, 22.77414133567708, 15.411163193568656, 19.288013588839313, 21.073864690746262, 36.341711338187125, 18.075247032566878, 37.44299701336435, 0.0, 7.720759878050416, 12.26371483846042, 11.679155435456753, 37.88719436690527, 43.69740313521743, 25.550525284427668, 6.610519221788434, 41.39656802079271, 13.404728310193855, 41.286330169716734, 16.00284015315708, 32.81978663515507, 20.74722791519772, 18.352322300265058, 17.058215813688125, 36.64817072258676, 39.53599834390653, 11.155757622456306, 39.26957595059244, 39.26957595059244, 39.26957595059244, 39.26957595059244, 39.26957595059244, 39.26957595059244, 39.26957595059244, 39.26957595059244, 39.26957595059244, 39.26957595059244, 39.26957595059244, 39.26957595059244, 39.26957595059244, 39.26957595059244, 39.26957595059244, 33.45198018063005, 36.62771611257297, 41.54453070079249, 33.16253852897915, 36.22239931065967, 32.92757573096435, 31.026255018976318, 9.310745749689909, 38.770449988847524, 19.879803311917634, 25.169119989237995, 46.3330098024431, 30.60921175657607, 29.987857685842435, 23.868989179883435, 39.186861299740166, 36.806635451450504, 32.59866351538415, 39.8309876380851, 16.435367551885367, 6.382754766466846, 18.91883141940885, 19.29326788325684, 33.14538325432108, 38.632156592474566, 15.38887714203909, 28.075578756007427, 30.540954412099143, 15.599309147739598, 19.29835699506322, 12.577539982121941, 32.67923056538507, 23.699854044385862, 40.414692242336244, 22.77414133567708, 15.411163193568656, 19.288013588839313, 21.073864690746262, 36.341711338187125, 18.075247032566878, 37.44299701336435, 0.0, 7.720759878050416, 12.26371483846042, 11.679155435456753, 37.88719436690527, 43.69740313521743, 25.550525284427668, 6.610519221788434, 41.39656802079271, 13.404728310193855, 41.286330169716734, 16.00284015315708, 32.81978663515507, 20.74722791519772, 18.352322300265058, 17.058215813688125, 36.64817072258676, 39.53599834390653, 11.155757622456306, 39.26957595059244, 39.26957595059244, 39.26957595059244, 39.26957595059244, 39.26957595059244, 39.26957595059244, 39.26957595059244, 39.26957595059244, 39.26957595059244, 39.26957595059244, 39.26957595059244, 39.26957595059244, 39.26957595059244, 39.26957595059244, 39.26957595059244], [16.491447088131366, 32.26794167749079, 25.572938857479294, 45.95413950786054, 27.439001622933475, 13.014790180735638, 26.61990864762759, 27.80305550272945, 36.40539349713656, 23.618767471452546, 37.15943215922099, 7.720759878050416, 0.0, 10.428566590658049, 4.050156540899635, 37.681400156868634, 51.20773174691615, 20.625367296717258, 4.846191909515465, 46.1959535707643, 16.525874219898608, 46.462555737320386, 10.219436809153855, 32.715810471244204, 24.59214979887076, 25.70366402153787, 20.116145207488948, 30.91391881898509, 33.685507929106656, 6.967768569723587, 38.79892748685559, 38.79892748685559, 38.79892748685559, 38.79892748685559, 38.79892748685559, 38.79892748685559, 38.79892748685559, 38.79892748685559, 38.79892748685559, 38.79892748685559, 38.79892748685559, 38.79892748685559, 38.79892748685559, 38.79892748685559, 38.79892748685559, 35.80695192438995, 37.58458857787112, 45.919942040269156, 33.27856899396377, 38.22325895155035, 30.999116245998554, 38.74452792808057, 13.818609561258032, 34.02168155767886, 19.936019278436735, 24.958050812425977, 45.27658504349489, 30.136682973897745, 23.820284507783445, 22.398902198881704, 42.69471754703588, 32.99518243163044, 34.355463112441285, 36.61615769215426, 16.37292445224722, 11.113051975529231, 14.586837264697476, 11.839006958571465, 40.52015844466782, 34.62799187036717, 20.531622478670393, 35.441153076686625, 28.536424355672978, 18.63556510652155, 23.75435088409881, 16.491447088131366, 32.26794167749079, 25.572938857479294, 45.95413950786054, 27.439001622933475, 13.014790180735638, 26.61990864762759, 27.80305550272945, 36.40539349713656, 23.618767471452546, 37.15943215922099, 7.720759878050416, 0.0, 10.428566590658049, 4.050156540899635, 37.681400156868634, 51.20773174691615, 20.625367296717258, 4.846191909515465, 46.1959535707643, 16.525874219898608, 46.462555737320386, 10.219436809153855, 32.715810471244204, 24.59214979887076, 25.70366402153787, 20.116145207488948, 30.91391881898509, 33.685507929106656, 6.967768569723587, 38.79892748685559, 38.79892748685559, 38.79892748685559, 38.79892748685559, 38.79892748685559, 38.79892748685559, 38.79892748685559, 38.79892748685559, 38.79892748685559, 38.79892748685559, 38.79892748685559, 38.79892748685559, 38.79892748685559, 38.79892748685559, 38.79892748685559], [10.209959303318774, 42.57197188605424, 15.82960945790697, 52.540056058214006, 35.029965728494744, 3.1476261329919395, 24.71242936594381, 32.686944839412085, 46.62675489985729, 18.08957613320897, 47.45789559561373, 12.26371483846042, 10.428566590658049, 0.0, 10.603222750025196, 47.96644866729424, 53.309443764791915, 30.377492949125205, 6.395634734723376, 53.65429764257231, 9.20275084158518, 53.49964463068716, 19.977883876464226, 42.95936920727869, 16.636184581720812, 29.137990573634355, 11.885461043827041, 39.74425022359857, 42.32542289391679, 4.123662916702896, 49.135137123273545, 49.135137123273545, 49.135137123273545, 49.135137123273545, 49.135137123273545, 49.135137123273545, 49.135137123273545, 49.135137123273545, 49.135137123273545, 49.135137123273545, 49.135137123273545, 49.135137123273545, 49.135137123273545, 49.135137123273545, 49.135137123273545, 45.12901061136764, 47.546786259481095, 53.80199252836476, 43.47287306455126, 47.743901583212335, 41.42586149914096, 39.217285848794276, 9.569443038907767, 43.59809030804186, 30.027754252269865, 14.531709887736373, 55.690593225346184, 40.44228577958734, 32.39089146875264, 12.149482979774948, 51.30197716526145, 43.05558717658063, 43.971704484430404, 46.84205360686231, 26.431057287283515, 9.066762449858997, 24.781293826915544, 13.910255228266884, 43.41101345460352, 44.59376834819332, 14.91015724148675, 38.48685106551649, 38.9631317583197, 10.657858140686567, 16.633464273035038, 10.209959303318774, 42.57197188605424, 15.82960945790697, 52.540056058214006, 35.029965728494744, 3.1476261329919395, 24.71242936594381, 32.686944839412085, 46.62675489985729, 18.08957613320897, 47.45789559561373, 12.26371483846042, 10.428566590658049, 0.0, 10.603222750025196, 47.96644866729424, 53.309443764791915, 30.377492949125205, 6.395634734723376, 53.65429764257231, 9.20275084158518, 53.49964463068716, 19.977883876464226, 42.95936920727869, 16.636184581720812, 29.137990573634355, 11.885461043827041, 39.74425022359857, 42.32542289391679, 4.123662916702896, 49.135137123273545, 49.135137123273545, 49.135137123273545, 49.135137123273545, 49.135137123273545, 49.135137123273545, 49.135137123273545, 49.135137123273545, 49.135137123273545, 49.135137123273545, 49.135137123273545, 49.135137123273545, 49.135137123273545, 49.135137123273545, 49.135137123273545], [18.72836972589969, 33.79516214352467, 26.41206296913103, 49.637061615801635, 30.980432592424886, 12.413174227195906, 30.179061811076057, 31.798264376691836, 38.08522387593396, 26.2960396216792, 38.6627438028395, 11.679155435456753, 4.050156540899635, 10.603222750025196, 0.0, 39.21425821881426, 55.253699837277175, 19.842739402040955, 7.153015918204018, 49.65472206259767, 18.416387514639883, 50.037458110041996, 9.57621090684089, 34.38037912554842, 26.436090471459362, 29.753811559205136, 21.763950566302093, 29.212459114712725, 31.849127101809852, 6.49561731133845, 40.187253221772515, 40.187253221772515, 40.187253221772515, 40.187253221772515, 40.187253221772515, 40.187253221772515, 40.187253221772515, 40.187253221772515, 40.187253221772515, 40.187253221772515, 40.187253221772515, 40.187253221772515, 40.187253221772515, 40.187253221772515, 40.187253221772515, 38.475857012894785, 39.65237708362031, 49.24115342196557, 35.0351908174032, 40.72333721209607, 31.777644587680445, 42.689135024412735, 16.483981322159043, 33.001364332779104, 22.052582935987683, 24.738540368137883, 46.29025584043438, 31.679995179245807, 21.900774720429542, 21.60290913373933, 45.73196878774724, 32.61999501879123, 36.80610494470912, 36.54704619877829, 18.63377162431435, 14.10494379372683, 14.638260707751334, 7.8061819895088025, 44.57020289967836, 34.09859348187999, 23.111849528999993, 39.49122414231274, 