{"num_workers": 45, "num_roles": 5, "num_nodes": 120, "w": [[210, 210], [60, 60], [0, 0], [390, 390], [30, 30], [90, 90], [210, 210], [240, 240], [30, 30], [120, 120], [360, 360], [30, 30], [30, 30], [210, 210], [0, 0], [120, 120], [0, 0], [210, 210], [90, 90], [60, 60], [0, 0], [180, 180], [120, 120], [90, 90], [150, 150], [210, 210], [120, 120], [120, 120], [60, 60], [60, 60], [0, 0], [0, 0], [0, 0], [0, 0], [0, 0], [0, 0], [0, 0], [0, 0], [0, 0], [0, 0], [0, 0], [0, 0], [0, 0], [0, 0], [0, 0], [150, 300], [150, 270], [60, 450], [90, 390], [120, 360], [60, 180], [330, 390], [180, 360], [330, 450], [240, 420], [150, 390], [60, 360], [300, 390], [150, 360], [150, 360], [30, 90], [300, 420], [270, 330], [60, 360], [30, 150], [210, 270], [30, 420], [120, 270], [210, 300], [90, 180], [90, 330], [240, 420], [30, 300], [120, 330], [60, 390], [390, 390], [270, 270], [360, 360], [450, 450], [420, 420], [450, 450], [270, 270], [360, 360], [390, 390], [450, 450], [420, 420], [210, 210], [450, 450], [420, 420], [450, 450], [420, 420], [420, 420], [360, 360], [480, 480], [240, 240], [390, 390], [450, 450], [450, 450], [420, 420], [390, 390], [420, 420], [450, 450], [180, 180], [450, 450], [210, 210], [480, 480], [480, 480], [480, 480], [480, 480], [480, 480], [480, 480], [480, 480], [480, 480], [480, 480], [480, 480], [480, 480], [480, 480], [480, 480], [480, 480], [480, 480]], "p": [0, 0, 0, 0, 0, 0, 0, 0, 0, 0, 0, 0, 0, 0, 0, 0, 0, 0, 0, 0, 0, 0, 0, 0, 0, 0, 0, 0, 0, 0, 0, 0, 0, 0, 0, 0, 0, 0, 0, 0, 0, 0, 0, 0, 0, 52.349946668928325, 57.6243986878557, 43.096500174272364, 60.907926011597155, 43.47523572458329, 73.05739284472656, 41.91461187441962, 69.74593748256402, 41.71364606593436, 63.12008415963503, 72.64886406323467, 62.72729189623125, 53.522329014190014, 51.65507576459629, 51.972101535504024, 41.1582373405702, 48.99429004571722, 74.02737452041902, 70.02737185593803, 48.81507570928421, 40.053631210082564, 57.21451110832836, 48.54970203115947, 63.527369722750706, 58.122704554430676, 57.34177963521872, 46.95582520440954, 50.38908839585743, 63.80136661254713, 51.848479558485195, 0, 0, 0, 0, 0, 0, 0, 0, 0, 0, 0, 0, 0, 0, 0, 0, 0, 0, 0, 0, 0, 0, 0, 0, 0, 0, 0, 0, 0, 0, 0, 0, 0, 0, 0, 0, 0, 0, 0, 0, 0, 0, 0, 0, 0], "e": [[0, 1, 1, 0, 0], [1, 0, 0, 0, 1], [1, 0, 0, 0, 1], [1, 1, 0, 0, 0], [1, 1, 0, 0, 0], [0, 1, 1, 0, 0], [1, 0, 1, 0, 0], [0, 1, 0, 0, 1], [1, 0, 0, 0, 1], [1, 1, 0, 0, 0], [0, 0, 0, 1, 0], [1, 0, 0, 0, 0], [0, 0, 0, 0, 1], [0, 0, 0, 0, 1], [0, 1, 0, 0, 0], [1, 0, 0, 0, 0], [0, 0, 0, 1, 0], [0, 0, 0, 1, 0], [0, 0, 0, 1, 0], [0, 1, 0, 0, 0], [0, 0, 1, 0, 0], [1, 0, 0, 0, 0], [0, 1, 0, 0, 0], [0, 0, 0, 0, 1], [1, 0, 0, 0, 0], [0, 0, 0, 1, 0], [0, 1, 0, 0, 0], [1, 0, 0, 0, 0], [0, 1, 0, 0, 0], [0, 1, 0, 0, 0], [1, 0, 0, 0, 0], [0, 1, 0, 0, 0], [0, 0, 1, 0, 0], [1, 0, 0, 0, 0], [0, 0, 0, 1, 0], [0, 0, 0, 1, 0], [0, 0, 1, 0, 0], [0, 0, 0, 1, 0], [0, 0, 1, 0, 0], [0, 0, 1, 0, 0], [0, 0, 0, 1, 0], [0, 0, 1, 0, 0], [0, 1, 0, 0, 0], [0, 0, 0, 0, 1], [0, 0, 0, 0, 1]], "d": [[1, 1, 1, 0, 1, 2, 1, 2, 1, 1, 2, 1, 0, 2, 2, 2, 1, 2, 1, 2, 1, 2, 0, 2, 2, 1, 2, 2, 2, 2], [3, 3, 3, 1, 1, 2, 1, 2, 1, 3, 2, 3, 1, 3, 2, 2, 3, 2, 1, 3, 3, 2, 1, 3, 2, 3, 3, 2, 2, 2], [2, 2, 2, 1, 4, 0, 4, 0, 4, 2, 0, 2, 1, 1, 0, 0, 2, 0, 4, 1, 2, 0, 1, 1, 0, 2, 1, 0, 0, 0], [1, 1, 1, 1, 0, 0, 0, 0, 0, 1, 0, 1, 1, 0, 0, 0, 1, 0, 0, 0, 1, 0, 1, 0, 0, 1, 0, 0, 0, 0], [1, 1, 1, 2, 0, 1, 0, 1, 0, 1, 1, 1, 2, 1, 1, 1, 1, 1, 0, 1, 1, 1, 2, 1, 1, 1, 1, 1, 1, 1]], "r": [4463, 1450, 1709, 528, 1074, 4238, 2963, 4615, 3248, 195, 4345, 3370, 4081, 1140, 4223, 3418, 609, 3444, 4310, 1284, 2226, 1652, 1150, 2978, 1911, 1419, 202, 3642, 3369, 4818], "g": [[0, 0, 0, 0, 0, 0, 0, 0, 0, 0, 0, 0, 0, 0, 0, 0, 0, 0, 0, 0, 0, 0, 0, 0, 0, 0, 0, 0, 0, 0], [0, 0, 0, 0, 0, 0, 0, 0, 0, 0, 0, 0, 0, 0, 0, 0, 0, 0, 0, 0, 0, 0, 0, 0, 0, 0, 0, 0, 0, 0], [0, 0, 0, 0, 0, 0, 0, 0, 0, 0, 0, 0, 0, 0, 0, 0, 0, 0, 0, 0, 0, 0, 0, 0, 0, 0, 0, 0, 0, 0], [0, 0, 0, 0, 0, 0, 0, 0, 0, 0, 0, 0, 0, 0, 0, 0, 0, 0, 0, 0, 0, 0, 0, 0, 0, 0, 0, 0, 0, 0], [0, 0, 0, 0, 0, 0, 0, 0, 0, 0, 0, 0, 0, 0, 0, 0, 0, 0, 0, 0, 0, 0, 0, 0, 0, 0, 0, 0, 0, 0], [0, 0, 0, 0, 0, 0, 0, 0, 0, 0, 0, 0, 0, 0, 0, 0, 0, 0, 0, 0, 0, 0, 0, 0, 0, 0, 0, 0, 0, 0], [0, 0, 0, 0, 0, 0, 0, 0, 0, 0, 0, 0, 0, 0, 0, 0, 0, 0, 0, 0, 0, 0, 0, 0, 0, 0, 0, 0, 0, 0], [0, 0, 0, 0, 0, 0, 0, 0, 0, 0, 0, 0, 0, 0, 0, 0, 0, 0, 0, 0, 0, 0, 0, 0, 0, 0, 0, 0, 0, 0], [0, 0, 0, 0, 0, 0, 0, 0, 0, 0, 0, 0, 0, 0, 0, 0, 0, 0, 0, 0, 0, 0, 0, 0, 0, 0, 0, 0, 0, 0], [0, 0, 0, 0, 0, 0, 0, 0, 0, 0, 0, 0, 0, 0, 0, 0, 0, 0, 0, 0, 0, 0, 0, 0, 0, 0, 0, 0, 0, 0], [0, 0, 0, 0, 0, 0, 0, 0, 0, 0, 0, 0, 0, 0, 0, 0, 0, 0, 0, 0, 0, 0, 0, 0, 0, 0, 0, 0, 0, 0], [0, 0, 0, 0, 0, 0, 0, 0, 0, 0, 0, 0, 0, 0, 0, 0, 0, 0, 0, 0, 0, 0, 0, 0, 0, 0, 0, 0, 0, 0], [0, 0, 0, 0, 0, 0, 0, 0, 0, 0, 0, 0, 0, 0, 0, 0, 0, 0, 0, 0, 0, 0, 0, 0, 0, 0, 0, 0, 0, 0], [0, 0, 0, 0, 0, 0, 0, 0, 0, 0, 0, 0, 0, 0, 0, 0, 0, 0, 0, 0, 0, 0, 0, 0, 0, 0, 0, 0, 0, 0], [0, 0, 0, 0, 0, 0, 0, 0, 0, 0, 0, 0, 0, 0, 0, 0, 0, 0, 0, 0, 0, 0, 0, 0, 0, 0, 0, 0, 0, 0], [0, 0, 0, 0, 0, 0, 0, 0, 0, 0, 0, 0, 0, 0, 0, 0, 0, 0, 0, 0, 0, 0, 0, 0, 0, 0, 0, 0, 0, 0], [0, 0, 0, 0, 0, 0, 0, 0, 0, 0, 0, 0, 0, 0, 0, 0, 0, 0, 0, 0, 0, 0, 0, 0, 0, 0, 0, 0, 0, 0], [0, 0, 0, 0, 0, 0, 0, 0, 0, 0, 0, 0, 0, 0, 0, 0, 0, 0, 0, 0, 0, 0, 0, 0, 0, 0, 0, 0, 0, 0], [0, 0, 0, 0, 0, 0, 0, 0, 0, 0, 0, 0, 0, 0, 0, 0, 0, 0, 0, 0, 0, 0, 0, 0, 0, 0, 0, 0, 0, 0], [0, 0, 0, 0, 0, 0, 0, 0, 0, 0, 0, 0, 0, 0, 0, 0, 0, 0, 0, 0, 0, 0, 0, 0, 0, 0, 0, 0, 0, 0], [0, 0, 0, 0, 0, 0, 0, 0, 0, 0, 0, 0, 0, 0, 0, 0, 0, 0, 0, 0, 0, 0, 0, 0, 0, 0, 0, 0, 0, 0], [0, 0, 0, 0, 0, 0, 0, 0, 0, 0, 0, 0, 0, 0, 0, 0, 0, 0, 0, 0, 0, 0, 0, 0, 0, 0, 0, 0, 0, 0], [0, 0, 0, 0, 0, 0, 0, 0, 0, 0, 0, 0, 0, 0, 0, 0, 0, 0, 0, 0, 0, 0, 0, 0, 0, 0, 0, 0, 0, 0], [0, 0, 0, 0, 0, 0, 0, 0, 0, 0, 0, 0, 0, 0, 0, 0, 0, 0, 0, 0, 0, 0, 0, 0, 0, 0, 0, 0, 0, 0], [0, 0, 0, 0, 0, 0, 0, 0, 0, 0, 0, 0, 0, 0, 0, 0, 0, 0, 0, 0, 0, 0, 0, 0, 0, 0, 0, 0, 0, 0], [0, 0, 0, 0, 0, 0, 0, 0, 0, 0, 0, 0, 0, 0, 0, 0, 0, 0, 0, 0, 0, 0, 0, 0, 0, 0, 0, 0, 0, 0], [0, 0, 0, 0, 0, 0, 0, 0, 0, 0, 0, 0, 0, 0, 0, 0, 0, 0, 0, 0, 0, 0, 0, 0, 0, 0, 0, 0, 0, 0], [0, 0, 0, 0, 0, 0, 0, 0, 0, 0, 0, 0, 0, 0, 0, 0, 0, 0, 0, 0, 0, 0, 0, 0, 0, 0, 0, 0, 0, 0], [0, 0, 0, 0, 0, 0, 0, 0, 0, 0, 0, 0, 0, 0, 0, 0, 0, 0, 0, 0, 0, 0, 0, 0, 0, 0, 0, 0, 0, 0], [0, 0, 0, 0, 0, 0, 0, 0, 0, 0, 0, 0, 0, 0, 0, 0, 0, 0, 0, 0, 0, 0, 0, 0, 0, 0, 0, 0, 0, 0]], "t": [[0.0, 42.85724638804838, 28.553863860392678, 28.1525223952506, 25.100048142456238, 5.596295054541786, 13.517153557713202, 37.973200766384466, 4.762483590588021, 23.494263009934805, 14.277448690866603, 27.085515565331715, 8.24038071208535, 16.475368213013244, 28.52925975348866, 27.278600902168183, 21.286332778398595, 20.411960449366145, 25.798395340173514, 17.558612418107504, 35.2695362081847, 9.498736155345917, 15.643949355745587, 24.087154881775845, 44.73198893788093, 34.990539878759705, 25.943708634827537, 9.809737030529002, 24.27825731059174, 21.512925320336684, 26.97709820636033, 26.97709820636033, 26.97709820636033, 26.97709820636033, 26.97709820636033, 26.97709820636033, 26.97709820636033, 26.97709820636033, 26.97709820636033, 26.97709820636033, 26.97709820636033, 26.97709820636033, 26.97709820636033, 26.97709820636033, 26.97709820636033, 21.833110725178077, 7.852713939291741, 29.895172555428697, 46.61166011819823, 7.415667784179235, 18.514612804987298, 30.760897420768554, 5.041687144358524, 31.12630693769669, 16.985261594948945, 36.00397842904342, 35.9267320049396, 27.93464307189922, 23.75730016472434, 13.495426474327713, 32.61026411877999, 22.47244579192141, 8.03174790183528, 33.701624331024256, 10.468147089100786, 27.813642575730466, 42.837798463167054, 32.01793288711701, 17.20686742920747, 12.602259113895482, 28.31001984227612, 25.36003961268836, 20.605759336996904, 15.602282579132229, 19.611938175066992, 0.0, 42.85724638804838, 28.553863860392678, 28.1525223952506, 25.100048142456238, 5.596295054541786, 13.517153557713202, 37.973200766384466, 4.762483590588021, 23.494263009934805, 14.277448690866603, 27.085515565331715, 8.24038071208535, 16.475368213013244, 28.52925975348866, 27.278600902168183, 21.286332778398595, 20.411960449366145, 25.798395340173514, 17.558612418107504, 35.2695362081847, 9.498736155345917, 15.643949355745587, 24.087154881775845, 44.73198893788093, 34.990539878759705, 25.943708634827537, 9.809737030529002, 24.27825731059174, 21.512925320336684, 26.97709820636033, 26.97709820636033, 26.97709820636033, 26.97709820636033, 26.97709820636033, 26.97709820636033, 26.97709820636033, 26.97709820636033, 26.97709820636033, 26.97709820636033, 26.97709820636033, 26.97709820636033, 26.97709820636033, 26.97709820636033, 26.97709820636033], [42.85724638804838, 0.0, 71.02374661754922, 70.97574937891848, 67.77706258879086, 44.143538710324904, 48.8153588175325, 8.198061440730056, 38.3294853092605, 20.163838990421898, 28.744922661452566, 35.347595267502676, 47.90674084206763, 58.08994568625116, 66.01081127322199, 20.318159967399748, 37.18886635918933, 37.005379835352265, 17.992162357777673, 45.12830302658446, 46.51574287370287, 34.78047518100504, 46.39171850443528, 41.6697587939008, 9.988982016788768, 16.918086460229688, 61.60088856655421, 52.6349178292355, 25.602355516497948, 23.90026012656506, 19.954862469266907, 19.954862469266907, 19.954862469266907, 19.954862469266907, 19.954862469266907, 19.954862469266907, 19.954862469266907, 19.954862469266907, 19.954862469266907, 19.954862469266907, 19.954862469266907, 19.954862469266907, 19.954862469266907, 19.954862469266907, 19.954862469266907, 64.66816355522694, 48.67980248263926, 70.7650972868723, 4.850575045096048, 50.235919588712605, 61.34881719891397, 16.42034205546839, 38.77085375103312, 13.932362333415774, 43.83704887409541, 14.744154336216623, 26.263770091030647, 61.82206288782383, 26.719308970056446, 40.558777695736225, 42.44327625173556, 47.235692987110326, 35.094373781467766, 23.222070389664218, 34.422985505892626, 33.82621997566503, 51.06420646129066, 35.72453996627539, 35.670650537341714, 36.256642939394595, 34.95629625956711, 25.834803741642553, 49.428020112112925, 39.166913046349094, 49.30378031962266, 42.85724638804838, 0.0, 71.02374661754922, 70.97574937891848, 67.77706258879086, 44.143538710324904, 48.8153588175325, 8.198061440730056, 38.3294853092605, 20.163838990421898, 28.744922661452566, 35.347595267502676, 47.90674084206763, 58.08994568625116, 66.01081127322199, 20.318159967399748, 37.18886635918933, 37.005379835352265, 17.992162357777673, 45.12830302658446, 46.51574287370287, 34.78047518100504, 46.39171850443528, 41.6697587939008, 9.988982016788768, 16.918086460229688, 61.60088856655421, 52.6349178292355, 25.602355516497948, 23.90026012656506, 19.954862469266907, 19.954862469266907, 19.954862469266907, 19.954862469266907, 19.954862469266907, 19.954862469266907, 19.954862469266907, 19.954862469266907, 19.954862469266907, 19.954862469266907, 19.954862469266907, 19.954862469266907, 19.954862469266907, 19.954862469266907, 19.954862469266907], [28.553863860392678, 71.02374661754922, 0.0, 4.252420144819544, 3.829404330778639, 26.974813548402665, 30.266789758505716, 65.37773804946416, 33.30167078098448, 51.06971354255628, 42.291916295998114, 46.26668647664058, 26.679204403484505, 18.710129038500042, 16.473925943672743, 55.628394271450034, 45.62576740592963, 39.94080589594696, 54.341137009740585, 31.3546696486721, 47.44680761691435, 37.77380212188501, 28.733955965531546, 45.96651823677347, 73.28463528268286, 60.717775215753946, 30.116038938939752, 18.85684865021794, 52.07384187818561, 48.09639927614512, 53.29267350487152, 53.29267350487152, 53.29267350487152, 53.29267350487152, 53.29267350487152, 53.29267350487152, 53.29267350487152, 53.29267350487152, 53.29267350487152, 53.29267350487152, 53.29267350487152, 53.29267350487152, 53.29267350487152, 53.29267350487152, 53.29267350487152, 9.472181264267677, 22.415494171429074, 7.794692093035947, 74.9820125993067, 21.192791494797632, 10.636867562749707, 59.24893531041233, 32.25959132192822, 59.679848599693145, 37.936430946133456, 64.44101980507291, 62.9146712878983, 22.802133606030246, 51.370258061698166, 37.34843791129759, 54.36761690523924, 40.777914850889196, 36.5841631897991, 61.27614264406886, 36.796218665772855, 47.74169680843129, 53.377390674584966, 50.576729754779855, 38.771529637136574, 39.186613687529665, 53.06859292958413, 49.69875927511469, 36.995504470944574, 35.25179771961811, 28.79055695554114, 28.553863860392678, 71.02374661754922, 0.0, 4.252420144819544, 3.829404330778639, 26.974813548402665, 30.266789758505716, 65.37773804946416, 33.30167078098448, 51.06971354255628, 42.291916295998114, 46.26668647664058, 26.679204403484505, 18.710129038500042, 16.473925943672743, 55.628394271450034, 45.62576740592963, 39.94080589594696, 54.341137009740585, 31.3546696486721, 47.44680761691435, 37.77380212188501, 28.733955965531546, 45.96651823677347, 73.28463528268286, 60.717775215753946, 30.116038938939752, 18.85684865021794, 52.07384187818561, 48.09639927614512, 53.29267350487152, 53.29267350487152, 53.29267350487152, 53.29267350487152, 53.29267350487152, 53.29267350487152, 53.29267350487152, 53.29267350487152, 53.29267350487152, 53.29267350487152, 53.29267350487152, 53.29267350487152, 53.29267350487152, 53.29267350487152, 53.29267350487152], [28.1525223952506, 70.97574937891848, 4.252420144819544, 0.0, 3.839859802252746, 27.41179202442856, 27.976587521724433, 65.71083485880003, 32.80354655111786, 51.27587374102353, 42.26318552669317, 48.09196501920073, 25.079445915853174, 16.119659769962777, 20.36712123042095, 54.72086987565642, 43.65713586997066, 41.545331833853865, 53.87105385403552, 33.31110479286169, 50.1794505674719, 37.000400054600675, 30.582865903281316, 43.58776416057934, 72.65995487091796, 61.552844836569264, 26.433378006168628, 18.34801726780542, 50.87474809043295, 48.59752083521163, 53.91581226526096, 53.91581226526096, 53.91581226526096, 53.91581226526096, 53.91581226526096, 53.91581226526096, 53.91581226526096, 53.91581226526096, 53.91581226526096, 53.91581226526096, 53.91581226526096, 53.91581226526096, 53.91581226526096, 53.91581226526096, 53.91581226526096, 6.9701082742278215, 22.919091606713337, 12.02410797609312, 74.76392225577762, 20.747013990872762, 9.63825567531983, 58.47727868599717, 32.30060794833744, 59.128014081576424, 35.69869037960103, 63.57898570391422, 61.31518555872319, 26.401918319066933, 50.104354332699984, 35.570450839526764, 51.798382391000395, 38.07797955395063, 36.09306586393057, 59.901904714705445, 37.16946232927341, 49.48965536249684, 56.385827151423406, 52.57539417052666, 40.03687384918436, 37.85064574513851, 51.03274722054866, 50.734932426560334, 34.21941897732838, 36.65120909486175, 31.153909681587436, 28.1525223952506, 70.97574937891848, 4.252420144819544, 0.0, 3.839859802252746, 27.41179202442856, 27.976587521724433, 65.71083485880003, 32.80354655111786, 51.27587374102353, 42.26318552669317, 48.09196501920073, 25.079445915853174, 16.119659769962777, 20.36712123042095, 54.72086987565642, 43.65713586997066, 41.545331833853865, 53.87105385403552, 33.31110479286169, 50.1794505674719, 37.000400054600675, 30.582865903281316, 43.58776416057934, 72.65995487091796, 61.552844836569264, 26.433378006168628, 18.34801726780542, 50.87474809043295, 48.59752083521163, 53.91581226526096, 53.91581226526096, 53.91581226526096, 53.91581226526096, 53.91581226526096, 53.91581226526096, 53.91581226526096, 53.91581226526096, 53.91581226526096, 53.91581226526096, 53.91581226526096, 53.91581226526096, 53.91581226526096, 53.91581226526096, 53.91581226526096], [25.100048142456238, 67.77706258879086, 3.829404330778639, 3.839859802252746, 0.0, 23.937919572261066, 26.441520883955352, 62.32837306850097, 29.819557951321325, 47.94105787652469, 39.0330322821066, 44.27543553206473, 22.884625546450835, 14.944375631697596, 17.36299383733681, 52.024568479058125, 41.80454961366015, 37.756157259053296, 50.89556388500961, 29.477602312098053, 46.38086429962516, 34.19763328686139, 26.755793967213172, 42.14169214936333, 69.78848380478452, 57.97222920955252, 26.814122300034047, 15.320525847369368, 48.38360234487866, 45.132321739479174, 50.406999263802305, 50.406999263802305, 50.406999263802305, 50.406999263802305, 50.406999263802305, 50.406999263802305, 50.406999263802305, 50.406999263802305, 50.406999263802305, 50.406999263802305, 50.406999263802305, 50.406999263802305, 50.406999263802305, 50.406999263802305, 50.406999263802305, 5.824398925386933, 19.40265079406556, 10.086061253183372, 71.65657608543822, 17.69398496753663, 6.872702384080217, 55.69265973390321, 29.018900836299053, 56.205177896264544, 34.107633085433946, 60.8567415774529, 59.14301742021074, 23.032452035632087, 47.662905941939265, 33.541181910579674, 50.55662838875972, 36.99174460044268, 33.11069689443095, 57.548318816810685, 33.74358806286923, 45.68312203539306, 52.64803035429379, 48.7441286140336, 36.31505937435829, 35.45400175147896, 49.24453945328505, 47.08364962721893, 33.22763432272366, 32.89597368513831, 27.321261201352225, 25.100048142456238, 67.77706258879086, 3.829404330778639, 3.839859802252746, 0.0, 23.937919572261066, 26.441520883955352, 62.32837306850097, 29.819557951321325, 47.94105787652469, 39.0330322821066, 44.27543553206473, 22.884625546450835, 14.944375631697596, 17.36299383733681, 52.024568479058125, 41.80454961366015, 37.756157259053296, 50.89556388500961, 29.477602312098053, 46.38086429962516, 34.19763328686139, 26.755793967213172, 42.14169214936333, 69.78848380478452, 57.97222920955252, 26.814122300034047, 15.320525847369368, 48.38360234487866, 45.132321739479174, 50.406999263802305, 50.406999263802305, 50.406999263802305, 50.406999263802305, 50.406999263802305, 50.406999263802305, 50.406999263802305, 50.406999263802305, 50.406999263802305, 50.406999263802305, 50.406999263802305, 50.406999263802305, 50.406999263802305, 50.406999263802305, 50.406999263802305], [5.596295054541786, 44.143538710324904, 26.974813548402665, 27.41179202442856, 23.937919572261066, 0.0, 18.64590812980864, 38.413293279267265, 8.829926900091602, 24.103983681224403, 15.564346962656582, 23.41283191764361, 12.90063845173084, 18.85338934448438, 24.132326870262492, 30.589422927185737, 26.610529330934913, 16.52288631410748, 28.16825921259696, 12.197311047059912, 30.406614887602544, 13.669897874641332, 10.106088314297988, 29.620123274042193, 47.161145441131424, 34.20567201732023, 30.1635738974938, 9.974310935810493, 28.290019016506278, 21.196829805385832, 26.504931100174396, 26.504931100174396, 26.504931100174396, 26.504931100174396, 26.504931100174396, 26.504931100174396, 26.504931100174396, 26.504931100174396, 26.504931100174396, 26.504931100174396, 26.504931100174396, 26.504931100174396, 26.504931100174396, 26.504931100174396, 26.504931100174396, 21.916866542378237, 4.55932052738007, 26.90438116118003, 48.2361579507285, 7.975616962215715, 18.087747884698416, 33.6937376769087, 5.800310640043699, 33.58210583291315, 22.57984339936577, 39.00966266449588, 40.221157113033954, 22.778922037578628, 27.919665553871813, 19.040940349675225, 38.07484707964022, 28.040961126344445, 11.449296335165982, 37.69490964884114, 9.823027071501041, 24.394505134231075, 37.91282712358232, 28.33576802065681, 13.859089475338166, 17.692018126340304, 33.428792101053475, 23.658736078983527, 26.03985122950659, 11.383821224899354, 14.023172422606468, 5.596295054541786, 44.143538710324904, 26.974813548402665, 27.41179202442856, 23.937919572261066, 0.0, 18.64590812980864, 38.413293279267265, 8.829926900091602, 24.103983681224403, 15.564346962656582, 23.41283191764361, 12.90063845173084, 18.85338934448438, 24.132326870262492, 30.589422927185737, 26.610529330934913, 16.52288631410748, 28.16825921259696, 12.197311047059912, 30.406614887602544, 13.669897874641332, 10.106088314297988, 29.620123274042193, 47.161145441131424, 34.20567201732023, 30.1635738974938, 9.974310935810493, 28.290019016506278, 21.196829805385832, 26.504931100174396, 26.504931100174396, 26.504931100174396, 26.504931100174396, 26.504931100174396, 26.504931100174396, 26.504931100174396, 26.504931100174396, 26.504931100174396, 26.504931100174396, 26.504931100174396, 26.504931100174396, 26.504931100174396, 26.504931100174396, 26.504931100174396], [13.517153557713202, 48.8153588175325, 30.266789758505716, 27.976587521724433, 26.441520883955352, 18.64590812980864, 0.0, 45.836804600318274, 14.428083804159202, 32.20765734145515, 23.499106245570264, 40.234380916592976, 5.975829800964813, 11.901083554108093, 36.7723166056649, 29.650275324395032, 15.855940324169195, 33.749020397043594, 30.827701317554915, 30.843162885518375, 48.786105559401676, 15.11794486717762, 28.661173474167583, 15.700235696139432, 47.93575289450936, 44.97175711642001, 13.605371206668142, 14.785940506089245, 24.89882395510062, 31.765031527976003, 36.97307460676048, 36.97307460676048, 36.97307460676048, 36.97307460676048, 36.97307460676048, 36.97307460676048, 36.97307460676048, 36.97307460676048, 36.97307460676048, 36.97307460676048, 36.97307460676048, 36.97307460676048, 36.97307460676048, 36.97307460676048, 36.97307460676048, 21.058934972640976, 18.483842076043885, 34.68369262952789, 51.64864221413442, 13.990679559394266, 19.927774291054604, 33.74888498340014, 17.76800544656766, 35.304449028177906, 7.722279878632508, 38.270350104753255, 33.92836497933823, 38.25576780671069, 23.92949259454159, 8.602489707846843, 24.18999176638486, 11.079570842224266, 16.298138032022287, 33.061055938806106, 22.578980425481344, 40.79671632576654, 56.35173034992548, 45.11734953767104, 30.375414987122046, 12.562305182337168, 23.11310075241767, 36.94009399063009, 7.949414826796259, 29.082095803017367, 32.34372884302247, 13.517153557713202, 48.8153588175325, 30.266789758505716, 27.976587521724433, 26.441520883955352, 18.64590812980864, 0.0, 45.836804600318274, 14.428083804159202, 32.20765734145515, 23.499106245570264, 40.234380916592976, 5.975829800964813, 11.901083554108093, 36.7723166056649, 29.650275324395032, 15.855940324169195, 33.749020397043594, 30.827701317554915, 30.843162885518375, 48.786105559401676, 15.11794486717762, 28.661173474167583, 15.700235696139432, 47.93575289450936, 44.97175711642001, 13.605371206668142, 14.785940506089245, 24.89882395510062, 31.765031527976003, 36.97307460676048, 36.97307460676048, 36.97307460676048, 36.97307460676048, 36.97307460676048, 36.97307460676048, 36.97307460676048, 36.97307460676048, 36.97307460676048, 36.97307460676048, 36.97307460676048, 36.97307460676048, 36.97307460676048, 36.97307460676048, 36.97307460676048], [37.973200766384466, 8.198061440730056, 65.37773804946416, 65.71083485880003, 62.32837306850097, 38.413293279267265, 45.836804600318274, 0.0, 33.77428280980136, 14.485098871103341, 23.713091633234207, 27.305886865237692, 44.000195615582804, 53.949248907953795, 59.12350162774376, 20.418347010126084, 36.47569653278137, 29.464729584488737, 16.048163426426758, 37.93501911842175, 38.32818020001132, 30.994060259768318, 39.44003086568772, 41.32951989544694, 17.26697796327375, 8.73916266825532, 59.16001771064531, 47.534024343195085, 25.317246981699345, 17.354012933174122, 12.621409013596919, 12.621409013596919, 12.621409013596919, 12.621409013596919, 12.621409013596919, 12.621409013596919, 12.621409013596919, 12.621409013596919, 12.621409013596919, 12.621409013596919, 12.621409013596919, 12.621409013596919, 12.621409013596919, 12.621409013596919, 12.621409013596919, 59.725487941691476, 42.96985090819089, 64.47625237702104, 13.021842018428115, 45.16084545955318, 56.17849145735646, 17.486914052599246, 33.44950959691752, 14.369245962739, 41.95579217215549, 18.304629110286022, 29.54298271922403, 54.56575483408034, 26.375518852330263, 38.14488187638033, 43.763934160816326, 46.124931870327345, 30.725909320328686, 25.978820930185254, 28.59174114491074, 25.746028067913983, 42.896411368908566, 27.532210056871097, 28.516107710681474, 33.55985811094636, 35.90652564825327, 18.100418245708017, 47.73580543425327, 32.12472957362841, 42.063429768283854, 37.973200766384466, 8.198061440730056, 65.37773804946416, 65.71083485880003, 62.32837306850097, 38.413293279267265, 45.836804600318274, 0.0, 33.77428280980136, 14.485098871103341, 23.713091633234207, 27.305886865237692, 44.000195615582804, 53.949248907953795, 59.12350162774376, 20.418347010126084, 36.47569653278137, 29.464729584488737, 16.048163426426758, 37.93501911842175, 38.32818020001132, 30.994060259768318, 39.44003086568772, 41.32951989544694, 17.26697796327375, 8.73916266825532, 59.16001771064531, 47.534024343195085, 25.317246981699345, 17.354012933174122, 12.621409013596919, 12.621409013596919, 12.621409013596919, 12.621409013596919, 12.621409013596919, 12.621409013596919, 12.621409013596919, 12.621409013596919, 12.621409013596919, 12.621409013596919, 12.621409013596919, 12.621409013596919, 12.621409013596919, 12.621409013596919, 12.621409013596919], [4.762483590588021, 38.3294853092605, 33.30167078098448, 32.80354655111786, 29.819557951321325, 8.829926900091602, 14.428083804159202, 33.77428280980136, 0.0, 19.382047976243072, 10.12253092060938, 26.041749963603326, 10.624759542127792, 20.20594398256971, 32.78693637219608, 22.537568046831133, 18.107020574078394, 19.864634761958587, 21.08167498974892, 19.192878747501688, 35.53947017572782, 4.914438843150353, 17.848057917961718, 21.611634886290474, 39.98369754378215, 31.453058845012794, 27.805191417242213, 14.503015232332714, 19.707268526460517, 17.96685913975433, 23.3803417483167, 23.3803417483167, 23.3803417483167, 23.3803417483167, 23.3803417483167, 23.3803417483167, 23.3803417483167, 23.3803417483167, 23.3803417483167, 23.3803417483167, 23.3803417483167, 23.3803417483167, 23.3803417483167, 23.3803417483167, 23.3803417483167, 26.353484558314214, 12.250515266149945, 34.592138137115036, 41.987218693345454, 12.126214312834554, 23.170204598416746, 25.998667016590403, 4.218922765931567, 26.387281112842384, 15.575231244366782, 31.24511604676207, 31.513877869191546, 31.598200629437528, 19.25334205079742, 11.376495133859214, 29.759762567789565, 21.290736388801264, 3.2926285751001756, 29.1417899036251, 8.175604968937677, 26.490829676586262, 43.11822513428847, 30.860102995847654, 16.320908605695912, 9.045930494757338, 24.687610715337076, 22.635262696195934, 20.232514688518485, 15.743667109045921, 21.997877028020355, 4.762483590588021, 38.3294853092605, 33.30167078098448, 32.80354655111786, 29.819557951321325, 8.829926900091602, 14.428083804159202, 33.77428280980136, 0.0, 19.382047976243072, 10.12253092060938, 26.041749963603326, 10.624759542127792, 20.20594398256971, 32.78693637219608, 22.537568046831133, 18.107020574078394, 19.864634761958587, 21.08167498974892, 19.192878747501688, 35.53947017572782, 4.914438843150353, 17.848057917961718, 21.611634886290474, 39.98369754378215, 31.453058845012794, 27.805191417242213, 14.503015232332714, 19.707268526460517, 17.96685913975433, 23.3803417483167, 23.3803417483167, 23.3803417483167, 23.3803417483167, 23.3803417483167, 23.3803417483167, 23.3803417483167, 23.3803417483167, 23.3803417483167, 23.3803417483167, 23.3803417483167, 23.3803417483167, 23.3803417483167, 23.3803417483167, 23.3803417483167], [23.494263009934805, 20.163838990421898, 51.06971354255628, 51.27587374102353, 47.94105787652469, 24.103983681224403, 32.20765734145515, 14.485098871103341, 19.382047976243072, 0.0, 9.267939224033862, 19.698190842955313, 29.791434812700306, 39.5878142803837, 46.01399162609228, 14.52731766585587, 25.86618085189319, 18.586610823784117, 8.871614360525113, 25.62059571062788, 31.972491011249865, 17.101648592039854, 26.556103311101268, 30.88155334976377, 24.873360139178654, 12.99485439652399, 45.76091107777293, 33.05753327215181, 17.082899699918162, 4.470564655423917, 5.705263430975002, 5.705263430975002, 5.705263430975002, 5.705263430975002, 5.705263430975002, 5.705263430975002, 5.705263430975002, 5.705263430975002, 5.705263430975002, 5.705263430975002, 5.705263430975002, 5.705263430975002, 5.705263430975002, 5.705263430975002, 5.705263430975002, 45.242983581204534, 28.66066128967349, 50.60340282758681, 24.5050271741845, 30.680505696492066, 41.71781967505142, 14.805764980944918, 18.98435558684002, 12.82959336135661, 29.499409956342436, 19.312160341684294, 26.63753168335464, 42.21520373258301, 17.78703896321968, 25.265890269039538, 35.656516844891485, 34.40244120991381, 16.451012681915135, 22.92513092464069, 14.30977990785317, 18.774321646768826, 38.37398565659337, 22.4649589351054, 16.364946273854013, 20.603714010456326, 27.928867227733583, 10.048297816005418, 35.281147853664734, 19.558670892888063, 29.802041476967617, 23.494263009934805, 20.163838990421898, 51.06971354255628, 51.27587374102353, 47.94105787652469, 24.103983681224403, 32.20765734145515, 14.485098871103341, 19.382047976243072, 0.0, 9.267939224033862, 19.698190842955313, 29.791434812700306, 39.5878142803837, 46.01399162609228, 14.52731766585587, 25.86618085189319, 18.586610823784117, 8.871614360525113, 25.62059571062788, 31.972491011249865, 17.101648592039854, 26.556103311101268, 30.88155334976377, 24.873360139178654, 12.99485439652399, 45.76091107777293, 33.05753327215181, 17.082899699918162, 4.470564655423917, 5.705263430975002, 5.705263430975002, 5.705263430975002, 5.705263430975002, 5.705263430975002, 5.705263430975002, 5.705263430975002, 5.705263430975002, 5.705263430975002, 5.705263430975002, 5.705263430975002, 5.705263430975002, 5.705263430975002, 5.705263430975002, 5.705263430975002], [14.277448690866603, 28.744922661452566, 42.291916295998114, 42.26318552669317, 39.0330322821066, 15.564346962656582, 23.499106245570264, 23.713091633234207, 10.12253092060938, 9.267939224033862, 0.0, 20.539468426480443, 20.61906861800462, 30.3268116876116, 38.85274698018998, 16.355562618743427, 20.55869375395646, 16.30455947041097, 12.841952337946456, 20.352182683269533, 32.02404857594776, 8.537733388460387, 20.410254739121967, 25.291824474783123, 31.693659107745493, 21.53719728458024, 37.103963604186134, 23.954051335589106, 15.911114355914695, 8.291596091212348, 13.493138003988232, 13.493138003988232, 13.493138003988232, 13.493138003988232, 13.493138003988232, 13.493138003988232, 13.493138003988232, 13.493138003988232, 13.493138003988232, 13.493138003988232, 13.493138003988232, 13.493138003988232, 13.493138003988232, 13.493138003988232, 13.493138003988232, 36.08997715766764, 20.035900879539717, 42.44701395276665, 32.71484267366705, 21.56119718846719, 32.65546247080529, 18.76735120938342, 10.03236551093226, 18.221404433755012, 22.015287005741857, 24.044826197420758, 27.687213935320543, 36.012618858859796, 16.052086325743502, 17.540215941131027, 31.786164465022466, 27.41972714765083, 7.321550425111849, 24.488310408436934, 6.489153425579726, 20.372852447183664, 39.26559016119281, 24.74275112581528, 12.882512554596483, 13.123209592295902, 24.87219135779269, 14.07921640558101, 27.589646091507888, 14.70590071036824, 24.26411331408105, 14.277448690866603, 28.744922661452566, 42.291916295998114, 42.26318552669317, 39.0330322821066, 15.564346962656582, 23.499106245570264, 23.713091633234207, 10.12253092060938, 9.267939224033862, 0.0, 20.539468426480443, 20.61906861800462, 30.3268116876116, 38.85274698018998, 16.355562618743427, 20.55869375395646, 16.30455947041097, 12.841952337946456, 20.352182683269533, 32.02404857594776, 8.537733388460387, 20.410254739121967, 25.291824474783123, 31.693659107745493, 21.53719728458024, 37.103963604186134, 23.954051335589106, 15.911114355914695, 8.291596091212348, 13.493138003988232, 13.493138003988232, 13.493138003988232, 13.493138003988232, 13.493138003988232, 13.493138003988232, 13.493138003988232, 13.493138003988232, 13.493138003988232, 13.493138003988232, 13.493138003988232, 13.493138003988232, 13.493138003988232, 13.493138003988232, 13.493138003988232], [27.085515565331715, 35.347595267502676, 46.26668647664058, 48.09196501920073, 44.27543553206473, 23.41283191764361, 40.234380916592976, 27.305886865237692, 26.041749963603326, 19.698190842955313, 20.539468426480443, 0.0, 35.32468262958786, 42.25283349155647, 35.37092038287081, 33.95925045271732, 41.03047649926063, 6.905935867992591, 28.50894643579313, 14.924811623179508, 12.274562959988916, 27.679088305748596, 17.545512247978113, 45.630751667044194, 42.827830132257766, 19.200503865863215, 53.02845599404686, 33.04340101860756, 35.41950514203096, 15.521261256430309, 16.19048991062839, 16.19048991062839, 16.19048991062839, 16.19048991062839, 16.19048991062839, 16.19048991062839, 16.19048991062839, 16.19048991062839, 16.19048991062839, 16.19048991062839, 16.19048991062839, 16.19048991062839, 16.19048991062839, 16.19048991062839, 16.19048991062839, 44.00064601057157, 26.739817729568305, 42.84362147362521, 40.194929382388764, 31.307514708107547, 39.96033437017352, 34.50028220031934, 22.47045879003094, 32.36166190942363, 41.20874950572337, 38.82176954791526, 46.10596808488744, 29.5265716643446, 35.831669477644006, 36.74579568360137, 52.32357733488948, 46.88651262295015, 25.305934595678504, 42.46897420138784, 17.963428310486727, 1.728293833811709, 18.96265218920362, 4.9425792198787635, 9.885992494934694, 32.914145785455695, 45.27580807721278, 10.06648043136578, 46.2240815775976, 12.092201113775388, 18.075267535921146, 27.085515565331715, 35.347595267502676, 46.26668647664058, 48.09196501920073, 44.27543553206473, 23.41283191764361, 40.234380916592976, 27.305886865237692, 26.041749963603326, 19.698190842955313, 20.539468426480443, 0.0, 35.32468262958786, 42.25283349155647, 35.37092038287081, 33.95925045271732, 41.03047649926063, 6.905935867992591, 28.50894643579313, 14.924811623179508, 12.274562959988916, 27.679088305748596, 17.545512247978113, 45.630751667044194, 42.827830132257766, 19.200503865863215, 53.02845599404686, 33.04340101860756, 35.41950514203096, 15.521261256430309, 16.19048991062839, 16.19048991062839, 16.19048991062839, 16.19048991062839, 16.19048991062839, 16.19048991062839, 16.19048991062839, 16.19048991062839, 16.19048991062839, 16.19048991062839, 16.19048991062839, 16.19048991062839, 16.19048991062839, 16.19048991062839, 16.19048991062839], [8.24038071208535, 47.90674084206763, 26.679204403484505, 25.079445915853174, 22.884625546450835, 12.90063845173084, 5.975829800964813, 44.000195615582804, 10.624759542127792, 29.791434812700306, 20.61906861800462, 35.32468262958786, 0.0, 10.227142196719578, 31.321519176599175, 30.035650121020264, 19.070964481815082, 28.643148128736364, 30.071138311162287, 25.065255558042836, 43.25367525345754, 13.139174052776777, 22.796537983211795, 20.201288330533945, 48.2628951568579, 42.065575617147104, 17.708895117425016, 9.337771994405017, 25.891072387690667, 28.589852981323617, 33.992275835736805, 33.992275835736805, 33.992275835736805, 33.992275835736805, 33.992275835736805, 33.992275835736805, 33.992275835736805, 33.992275835736805, 33.992275835736805, 33.992275835736805, 33.992275835736805, 33.992275835736805, 33.992275835736805, 33.992275835736805, 33.992275835736805, 18.14941870680842, 12.509076028781411, 30.130763412784667, 51.18782383482684, 8.169359824479326, 16.047103984896726, 33.96411010624376, 13.039326201879256, 35.02545064507172, 12.126261863132205, 38.884502460957506, 36.27946851278078, 32.43063964632406, 25.07860730606048, 10.693883219632152, 28.918457491325093, 16.62910748513329, 13.340805471971546, 34.82588947235726, 18.288669996921577, 36.035321346097525, 50.78564302062593, 40.25529383226195, 25.443382763232734, 12.835319095197267, 26.535859264860573, 33.10507981353078, 13.844765384020848, 23.76933263600219, 26.410703982741015, 8.24038071208535, 47.90674084206763, 26.679204403484505, 25.079445915853174, 22.884625546450835, 12.90063845173084, 5.975829800964813, 44.000195615582804, 10.624759542127792, 29.791434812700306, 20.61906861800462, 35.32468262958786, 0.0, 10.227142196719578, 31.321519176599175, 30.035650121020264, 19.070964481815082, 28.643148128736364, 30.071138311162287, 25.065255558042836, 43.25367525345754, 13.139174052776777, 22.796537983211795, 20.201288330533945, 48.2628951568579, 42.065575617147104, 17.708895117425016, 9.337771994405017, 25.891072387690667, 28.589852981323617, 33.992275835736805, 33.992275835736805, 33.992275835736805, 33.992275835736805, 33.992275835736805, 33.992275835736805, 33.992275835736805, 33.992275835736805, 33.992275835736805, 33.992275835736805, 33.992275835736805, 33.992275835736805, 33.992275835736805, 33.992275835736805, 33.992275835736805], [16.475368213013244, 58.08994568625116, 18.710129038500042, 16.119659769962777, 14.944375631697596, 18.85338934448438, 11.901083554108093, 53.949248907953795, 20.20594398256971, 39.5878142803837, 30.3268116876116, 42.25283349155647, 10.227142196719578, 0.0, 28.196786816312727, 40.1730979413871, 27.707350749085744, 35.35183108082155, 40.292258666338945, 29.53982399832206, 48.184057083778804, 23.310059519496786, 26.82681876697001, 27.468106547920165, 58.442791266583775, 51.43895959724526, 13.883100205001316, 9.581503145844364, 35.8494554400363, 37.93922857671127, 43.39997188416777, 43.39997188416777, 43.39997188416777, 43.39997188416777, 43.39997188416777, 43.39997188416777, 43.39997188416777, 43.39997188416777, 43.39997188416777, 43.39997188416777, 43.39997188416777, 43.39997188416777, 43.39997188416777, 43.39997188416777, 43.39997188416777, 9.29497167885652, 15.88768435086488, 24.0860078918905, 61.411135934305086, 10.967752435822499, 9.180734648515017, 44.14082160926746, 21.48353215722059, 45.24958782545773, 19.61556629960889, 48.9963114578651, 45.631340112742045, 31.441898061188123, 34.97721314559851, 19.903230357583563, 35.72404998852729, 22.07453065227901, 23.228855445318413, 44.508897570432765, 26.912187629285697, 43.24747399780469, 55.420455786075905, 47.16319592594073, 32.67972621681552, 22.8540735795959, 35.010763443554865, 41.75584692805683, 18.286320439031694, 30.180641177461066, 29.456843295196343, 16.475368213013244, 58.08994568625116, 18.710129038500042, 16.119659769962777, 14.944375631697596, 18.85338934448438, 11.901083554108093, 53.949248907953795, 20.20594398256971, 39.5878142803837, 30.3268116876116, 42.25283349155647, 10.227142196719578, 0.0, 28.196786816312727, 40.1730979413871, 27.707350749085744, 35.35183108082155, 40.292258666338945, 29.53982399832206, 48.184057083778804, 23.310059519496786, 26.82681876697001, 27.468106547920165, 58.442791266583775, 51.43895959724526, 13.883100205001316, 9.581503145844364, 35.8494554400363, 37.93922857671127, 43.39997188416777, 43.39997188416777, 43.39997188416777, 43.39997188416777, 43.39997188416777, 43.39997188416777, 43.39997188416777, 43.39997188416777, 43.39997188416777, 43.39997188416777, 43.39997188416777, 43.39997188416777, 43.39997188416777, 43.39997188416777, 43.39997188416777], [28.52925975348866, 66.01081127322199, 16.473925943672743, 20.36712123042095, 17.36299383733681, 24.132326870262492, 36.7723166056649, 59.12350162774376, 32.78693637219608, 46.01399162609228, 38.85274698018998, 35.37092038287081, 31.321519176599175, 28.196786816312727, 0.0, 54.61464628956271, 49.42790100655685, 30.356338594083706, 51.69467296490456, 21.377943243945793, 33.32590443110539, 37.69676159548051, 19.683633068884177, 51.37652691016798, 70.41718246705541, 52.77249094521445, 41.896060956118546, 22.02644866245974, 52.41394172500814, 42.110923299151395, 46.50456465208005, 46.50456465208005, 46.50456465208005, 46.50456465208005, 46.50456465208005, 46.50456465208005, 46.50456465208005, 46.50456465208005, 46.50456465208005, 46.50456465208005, 46.50456465208005, 46.50456465208005, 46.50456465208005, 46.50456465208005, 46.50456465208005, 21.7219737148694, 20.676600229963157, 9.460810074353201, 70.49301913643738, 23.293474536180774, 19.379031106757132, 57.51337016037618, 29.85691388813858, 57.06539283786827, 43.40766162825362, 62.825090759500966, 64.29825097142724, 6.931325077497944, 52.01710402648907, 41.1290439164588, 60.10900607544768, 47.823029242962384, 35.57703896432894, 61.825987701831416, 32.41801375983302, 37.04744208705062, 38.31686350006114, 38.83230899760062, 30.63830221327445, 41.0958