{"num_workers": 45, "num_roles": 5, "num_nodes": 120, "w": [[120, 120], [60, 60], [360, 360], [180, 180], [30, 30], [240, 240], [0, 0], [30, 30], [420, 420], [180, 180], [0, 0], [90, 90], [150, 150], [120, 120], [30, 30], [0, 0], [330, 330], [210, 210], [60, 60], [60, 60], [30, 30], [90, 90], [120, 120], [180, 180], [60, 60], [390, 390], [30, 30], [210, 210], [60, 60], [120, 120], [0, 0], [0, 0], [0, 0], [0, 0], [0, 0], [0, 0], [0, 0], [0, 0], [0, 0], [0, 0], [0, 0], [0, 0], [0, 0], [0, 0], [0, 0], [180, 420], [150, 330], [60, 270], [90, 450], [60, 450], [90, 300], [180, 420], [180, 420], [300, 390], [300, 450], [60, 390], [30, 390], [90, 120], [90, 330], [120, 150], [150, 240], [180, 360], [150, 180], [330, 420], [150, 300], [360, 390], [60, 270], [120, 420], [90, 420], [120, 420], [60, 300], [30, 270], [60, 420], [30, 390], [60, 420], [390, 390], [390, 390], [420, 420], [420, 420], [180, 180], [450, 450], [210, 210], [330, 330], [480, 480], [300, 300], [450, 450], [300, 300], [420, 420], [360, 360], [420, 420], [270, 270], [450, 450], [270, 270], [300, 300], [450, 450], [270, 270], [120, 120], [420, 420], [270, 270], [180, 180], [480, 480], [390, 390], [300, 300], [180, 180], [450, 450], [480, 480], [480, 480], [480, 480], [480, 480], [480, 480], [480, 480], [480, 480], [480, 480], [480, 480], [480, 480], [480, 480], [480, 480], [480, 480], [480, 480], [480, 480]], "p": [0, 0, 0, 0, 0, 0, 0, 0, 0, 0, 0, 0, 0, 0, 0, 0, 0, 0, 0, 0, 0, 0, 0, 0, 0, 0, 0, 0, 0, 0, 0, 0, 0, 0, 0, 0, 0, 0, 0, 0, 0, 0, 0, 0, 0, 58.52262925226847, 58.12677331510342, 48.72469294528753, 55.38188059084602, 50.566405213552116, 40.87550391314277, 51.46927836521821, 48.481973483963934, 51.81494188259068, 49.4028296937365, 70.8667820767375, 65.70512183068608, 50.62221839542686, 51.52331168232767, 50.419266336310926, 73.32371967266037, 70.02307115688323, 52.16784825831981, 52.557806035699954, 41.138912868545944, 64.75335363037746, 66.63301694081333, 70.33645384912461, 60.22135824591525, 51.07420489916677, 56.93179422031666, 72.73780785829697, 44.659019952966574, 74.87466415129626, 54.101853066288555, 0, 0, 0, 0, 0, 0, 0, 0, 0, 0, 0, 0, 0, 0, 0, 0, 0, 0, 0, 0, 0, 0, 0, 0, 0, 0, 0, 0, 0, 0, 0, 0, 0, 0, 0, 0, 0, 0, 0, 0, 0, 0, 0, 0, 0], "e": [[1, 1, 0, 0, 0], [1, 0, 0, 0, 1], [1, 0, 0, 0, 1], [0, 1, 0, 1, 0], [1, 0, 0, 1, 0], [0, 0, 1, 0, 1], [1, 1, 0, 0, 0], [0, 1, 0, 1, 0], [0, 1, 0, 0, 1], [0, 1, 0, 0, 0], [0, 1, 0, 0, 0], [0, 1, 0, 0, 1], [1, 0, 0, 0, 0], [0, 0, 0, 0, 1], [1, 0, 0, 0, 0], [0, 0, 1, 0, 0], [0, 0, 1, 0, 0], [0, 0, 1, 0, 0], [0, 1, 0, 0, 0], [1, 0, 0, 0, 0], [1, 0, 0, 0, 0], [0, 0, 0, 1, 0], [0, 1, 0, 0, 0], [0, 0, 0, 1, 0], [0, 1, 0, 0, 0], [0, 0, 0, 0, 1], [0, 0, 1, 0, 0], [1, 0, 0, 0, 0], [1, 0, 0, 0, 0], [0, 0, 0, 1, 0], [1, 0, 0, 0, 0], [0, 0, 1, 0, 0], [0, 1, 0, 0, 0], [1, 0, 0, 0, 0], [0, 1, 0, 0, 0], [0, 0, 0, 1, 0], [1, 0, 0, 0, 0], [0, 0, 0, 1, 0], [0, 0, 0, 0, 1], [0, 0, 0, 1, 0], [0, 0, 0, 0, 1], [0, 0, 1, 0, 0], [0, 1, 0, 0, 0], [0, 0, 1, 0, 0], [0, 0, 1, 0, 0]], "d": [[3, 2, 0, 2, 2, 0, 1, 2, 0, 2, 2, 3, 0, 2, 2, 1, 3, 3, 2, 0, 1, 2, 0, 3, 0, 1, 0, 2, 0, 3], [1, 1, 3, 1, 1, 3, 0, 1, 3, 1, 1, 1, 3, 1, 1, 0, 1, 1, 1, 3, 0, 1, 3, 1, 2, 0, 3, 1, 3, 1], [0, 2, 1, 2, 2, 1, 1, 2, 1, 2, 2, 0, 1, 2, 2, 1, 0, 0, 2, 1, 1, 2, 1, 0, 1, 1, 1, 2, 1, 0], [3, 0, 2, 0, 0, 2, 1, 0, 2, 0, 0, 3, 2, 0, 0, 1, 3, 3, 0, 2, 1, 0, 2, 3, 0, 1, 2, 0, 2, 3], [0, 3, 2, 3, 3, 2, 3, 3, 2, 3, 3, 0, 2, 3, 3, 3, 0, 0, 3, 2, 3, 3, 2, 0, 2, 3, 2, 3, 2, 0]], "r": [4078, 3934, 2368, 683, 2142, 3188, 3181, 1000, 3065, 4075, 4077, 2479, 2643, 2741, 701, 4832, 4179, 3193, 4713, 4736, 700, 1085, 2716, 856, 4698, 4120, 638, 2838, 3409, 4309], "g": [[0, 0, 0, 0, 0, 0, 0, 0, 0, 0, 0, 0, 0, 0, 0, 0, 0, 0, 0, 0, 0, 0, 0, 0, 0, 0, 0, 0, 0, 0], [0, 0, 0, 0, 0, 0, 0, 0, 0, 0, 0, 0, 0, 0, 0, 0, 0, 0, 0, 0, 0, 0, 0, 0, 0, 0, 0, 0, 0, 0], [0, 0, 0, 0, 0, 0, 0, 0, 0, 0, 0, 0, 0, 0, 0, 0, 0, 0, 0, 0, 0, 0, 0, 0, 0, 0, 0, 0, 0, 0], [0, 0, 0, 0, 0, 0, 0, 0, 0, 0, 0, 0, 0, 0, 0, 0, 0, 0, 0, 0, 0, 0, 0, 0, 0, 0, 0, 0, 0, 0], [0, 0, 0, 0, 0, 0, 0, 0, 0, 0, 0, 0, 0, 0, 0, 0, 0, 0, 0, 0, 0, 0, 0, 0, 0, 0, 0, 0, 0, 0], [0, 0, 0, 0, 0, 0, 0, 0, 0, 0, 0, 0, 0, 0, 0, 0, 0, 0, 0, 0, 0, 0, 0, 0, 0, 0, 0, 0, 0, 0], [0, 0, 0, 0, 0, 0, 0, 0, 0, 0, 0, 0, 0, 0, 0, 0, 0, 0, 0, 0, 0, 0, 0, 0, 0, 0, 0, 0, 0, 0], [0, 0, 0, 0, 0, 0, 0, 0, 0, 0, 0, 0, 0, 0, 0, 0, 0, 0, 0, 0, 0, 0, 0, 0, 0, 0, 0, 0, 0, 0], [0, 0, 0, 0, 0, 0, 0, 0, 0, 0, 0, 0, 0, 0, 0, 0, 0, 0, 0, 0, 0, 0, 0, 0, 0, 0, 0, 0, 0, 0], [0, 0, 0, 0, 0, 0, 0, 0, 0, 0, 0, 0, 0, 0, 0, 0, 0, 0, 0, 0, 0, 0, 0, 0, 0, 0, 0, 0, 0, 0], [0, 0, 0, 0, 0, 0, 0, 0, 0, 0, 0, 0, 0, 0, 0, 0, 0, 0, 0, 0, 0, 0, 0, 0, 0, 0, 0, 0, 0, 0], [0, 0, 0, 0, 0, 0, 0, 0, 0, 0, 0, 0, 0, 0, 0, 0, 0, 0, 0, 0, 0, 0, 0, 0, 0, 0, 0, 0, 0, 0], [0, 0, 0, 0, 0, 0, 0, 0, 0, 0, 0, 0, 0, 0, 0, 0, 0, 0, 0, 0, 0, 0, 0, 0, 0, 0, 0, 0, 0, 0], [0, 0, 0, 0, 0, 0, 0, 0, 0, 0, 0, 0, 0, 0, 0, 0, 0, 0, 0, 0, 0, 0, 0, 0, 0, 0, 0, 0, 0, 0], [0, 0, 0, 0, 0, 0, 0, 0, 0, 0, 0, 0, 0, 0, 0, 0, 0, 0, 0, 0, 0, 0, 0, 0, 0, 0, 0, 0, 0, 0], [0, 0, 0, 0, 0, 0, 0, 0, 0, 0, 0, 0, 0, 0, 0, 0, 0, 0, 0, 0, 0, 0, 0, 0, 0, 0, 0, 0, 0, 0], [0, 0, 0, 0, 0, 0, 0, 0, 0, 0, 0, 0, 0, 0, 0, 0, 0, 0, 0, 0, 0, 0, 0, 0, 0, 0, 0, 0, 0, 0], [0, 0, 0, 0, 0, 0, 0, 0, 0, 0, 0, 0, 0, 0, 0, 0, 0, 0, 0, 0, 0, 0, 0, 0, 0, 0, 0, 0, 0, 0], [0, 0, 0, 0, 0, 0, 0, 0, 0, 0, 0, 0, 0, 0, 0, 0, 0, 0, 0, 0, 0, 0, 0, 0, 0, 0, 0, 0, 0, 0], [0, 0, 0, 0, 0, 0, 0, 0, 0, 0, 0, 0, 0, 0, 0, 0, 0, 0, 0, 0, 0, 0, 0, 0, 0, 0, 0, 0, 0, 0], [0, 0, 0, 0, 0, 0, 0, 0, 0, 0, 0, 0, 0, 0, 0, 0, 0, 0, 0, 0, 0, 0, 0, 0, 0, 0, 0, 0, 0, 0], [0, 0, 0, 0, 0, 0, 0, 0, 0, 0, 0, 0, 0, 0, 0, 0, 0, 0, 0, 0, 0, 0, 0, 0, 0, 0, 0, 0, 0, 0], [0, 0, 0, 0, 0, 0, 0, 0, 0, 0, 0, 0, 0, 0, 0, 0, 0, 0, 0, 0, 0, 0, 0, 0, 0, 0, 0, 0, 0, 0], [0, 0, 0, 0, 0, 0, 0, 0, 0, 0, 0, 0, 0, 0, 0, 0, 0, 0, 0, 0, 0, 0, 0, 0, 0, 0, 0, 0, 0, 0], [0, 0, 0, 0, 0, 0, 0, 0, 0, 0, 0, 0, 0, 0, 0, 0, 0, 0, 0, 0, 0, 0, 0, 0, 0, 0, 0, 0, 0, 0], [0, 0, 0, 0, 0, 0, 0, 0, 0, 0, 0, 0, 0, 0, 0, 0, 0, 0, 0, 0, 0, 0, 0, 0, 0, 0, 0, 0, 0, 0], [0, 0, 0, 0, 0, 0, 0, 0, 0, 0, 0, 0, 0, 0, 0, 0, 0, 0, 0, 0, 0, 0, 0, 0, 0, 0, 0, 0, 0, 0], [0, 0, 0, 0, 0, 0, 0, 0, 0, 0, 0, 0, 0, 0, 0, 0, 0, 0, 0, 0, 0, 0, 0, 0, 0, 0, 0, 0, 0, 0], [0, 0, 0, 0, 0, 0, 0, 0, 0, 0, 0, 0, 0, 0, 0, 0, 0, 0, 0, 0, 0, 0, 0, 0, 0, 0, 0, 0, 0, 0], [0, 0, 0, 0, 0, 0, 0, 0, 0, 0, 0, 0, 0, 0, 0, 0, 0, 0, 0, 0, 0, 0, 0, 0, 0, 0, 0, 0, 0, 0]], "t": [[0.0, 26.69431824831119, 7.430131518287164, 8.609325963364157, 33.32667111302855, 38.14994154838817, 27.51222401524021, 36.86208745251588, 33.659101557718294, 17.05169993734447, 24.090371617734814, 17.601736306331063, 30.181261707467062, 47.58954198842056, 42.245992923608746, 30.013911940123876, 42.521318154554244, 36.41197168223697, 9.196332554793235, 27.591775869435253, 24.826060797836515, 34.494828337797806, 18.30759967233345, 21.930837693864945, 38.429059476102175, 35.014436228206925, 16.449465464667664, 46.77379698663836, 28.99527046440276, 23.489036369372, 30.16345573726699, 30.16345573726699, 30.16345573726699, 30.16345573726699, 30.16345573726699, 30.16345573726699, 30.16345573726699, 30.16345573726699, 30.16345573726699, 30.16345573726699, 30.16345573726699, 30.16345573726699, 30.16345573726699, 30.16345573726699, 30.16345573726699, 22.37571338520881, 30.1246401920708, 37.01424188469638, 25.166162015989087, 10.142493479910183, 46.63957323268837, 31.881603377313386, 34.1830437286097, 8.113660802624468, 17.96242079204483, 25.9089651174344, 16.485066912767145, 10.367043414767338, 4.480992351192264, 20.110134980671912, 5.624739766511203, 30.017137551387773, 37.91503131248335, 14.419704430458015, 13.369818198796022, 30.103907286429475, 28.37623664319543, 22.83229873630707, 24.600222442286952, 37.11821302967006, 11.80903056914799, 28.33853290056221, 42.83443210257785, 17.08587398952268, 9.554016456594244, 0.0, 26.69431824831119, 7.430131518287164, 8.609325963364157, 33.32667111302855, 38.14994154838817, 27.51222401524021, 36.86208745251588, 33.659101557718294, 17.05169993734447, 24.090371617734814, 17.601736306331063, 30.181261707467062, 47.58954198842056, 42.245992923608746, 30.013911940123876, 42.521318154554244, 36.41197168223697, 9.196332554793235, 27.591775869435253, 24.826060797836515, 34.494828337797806, 18.30759967233345, 21.930837693864945, 38.429059476102175, 35.014436228206925, 16.449465464667664, 46.77379698663836, 28.99527046440276, 23.489036369372, 30.16345573726699, 30.16345573726699, 30.16345573726699, 30.16345573726699, 30.16345573726699, 30.16345573726699, 30.16345573726699, 30.16345573726699, 30.16345573726699, 30.16345573726699, 30.16345573726699, 30.16345573726699, 30.16345573726699, 30.16345573726699, 30.16345573726699], [26.69431824831119, 0.0, 32.87181603118337, 27.22116256160996, 59.95751594614534, 21.749792856878326, 47.598793301687294, 44.72055707569198, 11.625391197712103, 35.91654370333959, 16.16697612592618, 16.656702036232325, 51.95941813178943, 56.532846111534035, 42.6477580938859, 53.30906667392611, 19.996670053084507, 36.68804349148281, 23.598571973897116, 39.48744188920628, 41.25773237541973, 36.203413132402794, 40.35084242603119, 33.38262046755109, 41.48900545922272, 19.75872431952285, 37.63876132096636, 54.693204782876414, 54.96338757432527, 21.384278962106244, 50.26688658263669, 50.26688658263669, 50.26688658263669, 50.26688658263669, 50.26688658263669, 50.26688658263669, 50.26688658263669, 50.26688658263669, 50.26688658263669, 50.26688658263669, 50.26688658263669, 50.26688658263669, 50.26688658263669, 50.26688658263669, 50.26688658263669, 47.18242653901758, 4.268054083774272, 43.81457146312512, 49.708930801160506, 28.988741490578228, 55.969558391379095, 31.29082243411174, 22.137779756743793, 19.943970172278984, 41.086447476437115, 30.683187438230608, 37.48533473256509, 32.40689648085105, 24.56260429823378, 38.78160820967161, 29.02241599373962, 13.19215111966305, 52.67345225648504, 14.848505390473447, 30.672777660147577, 56.773328145839315, 26.374891157531867, 37.30019017015513, 12.400926513070399, 14.754620215343277, 28.015095393852874, 35.79604923244842, 23.183167888145054, 30.69111771400575, 35.50904072413996, 26.69431824831119, 0.0, 32.87181603118337, 27.22116256160996, 59.95751594614534, 21.749792856878326, 47.598793301687294, 44.72055707569198, 11.625391197712103, 35.91654370333959, 16.16697612592618, 16.656702036232325, 51.95941813178943, 56.532846111534035, 42.6477580938859, 53.30906667392611, 19.996670053084507, 36.68804349148281, 23.598571973897116, 39.48744188920628, 41.25773237541973, 36.203413132402794, 40.35084242603119, 33.38262046755109, 41.48900545922272, 19.75872431952285, 37.63876132096636, 54.693204782876414, 54.96338757432527, 21.384278962106244, 50.26688658263669, 50.26688658263669, 50.26688658263669, 50.26688658263669, 50.26688658263669, 50.26688658263669, 50.26688658263669, 50.26688658263669, 50.26688658263669, 50.26688658263669, 50.26688658263669, 50.26688658263669, 50.26688658263669, 50.26688658263669, 50.26688658263669], [7.430131518287164, 32.87181603118337, 0.0, 14.75346698926641, 27.36640551117914, 41.100170832230326, 20.64161880855642, 33.06029220582139, 38.32900158181496, 20.7604417389178, 31.519071893766288, 25.031739233940183, 22.90431087127336, 42.878993365169165, 40.25612965379782, 22.58972740428626, 46.79775566673781, 34.956952896039084, 16.303837290665186, 32.396957183176276, 19.284181644214012, 32.8083677451035, 11.32932458990602, 18.802497856272574, 35.95425707447951, 37.96842447101574, 9.9946201054428, 42.37652626576153, 25.653985124972163, 24.894020240219085, 23.204382593347386, 23.204382593347386, 23.204382593347386, 23.204382593347386, 23.204382593347386, 23.204382593347386, 23.204382593347386, 23.204382593347386, 23.204382593347386, 23.204382593347386, 23.204382593347386, 23.204382593347386, 23.204382593347386, 23.204382593347386, 23.204382593347386, 21.02418528526654, 36.59062953360255, 33.523604074639, 17.77329676422738, 7.746184748580558, 41.86275969354032, 31.218633623091062, 36.42358798740975, 13.006874355949991, 18.837393982736625, 32.372143537106865, 10.112900152037094, 14.083927574183962, 8.319548323259792, 14.255875314508378, 10.673130655097376, 37.31916921270074, 32.03226471407778, 21.716510422550407, 18.574588944462725, 25.01353738501359, 28.687738286580814, 27.366641827239462, 28.48965383649003, 41.6285788434336, 10.103388099945219, 25.569312816492413, 46.306732917227606, 14.319789421190727, 2.72194176105565, 7.430131518287164, 32.87181603118337, 0.0, 14.75346698926641, 27.36640551117914, 41.100170832230326, 20.64161880855642, 33.06029220582139, 38.32900158181496, 20.7604417389178, 31.519071893766288, 25.031739233940183, 22.90431087127336, 42.878993365169165, 40.25612965379782, 22.58972740428626, 46.79775566673781, 34.956952896039084, 16.303837290665186, 32.396957183176276, 19.284181644214012, 32.8083677451035, 11.32932458990602, 18.802497856272574, 35.95425707447951, 37.96842447101574, 9.9946201054428, 42.37652626576153, 25.653985124972163, 24.894020240219085, 23.204382593347386, 23.204382593347386, 23.204382593347386, 23.204382593347386, 23.204382593347386, 23.204382593347386, 23.204382593347386, 23.204382593347386, 23.204382593347386, 23.204382593347386, 23.204382593347386, 23.204382593347386, 23.204382593347386, 23.204382593347386, 23.204382593347386], [8.609325963364157, 27.22116256160996, 14.75346698926641, 0.0, 35.97762657959481, 42.86744755826866, 35.393623701430826, 45.40697144210701, 36.456815176082756, 9.837945030491607, 19.361363732765216, 13.274653088077434, 37.47514993768872, 56.19820608474147, 50.27292918491781, 36.66812312483487, 45.54178658828221, 44.27961580180769, 3.6848348963459934, 19.136922396957548, 33.32510133666199, 42.48170135133937, 26.08215709775042, 30.453749511703407, 46.65783866075389, 39.83329874905808, 24.570611649917065, 55.36861120590096, 28.353966539537893, 30.133081889296623, 37.95495612762036, 37.95495612762036, 37.95495612762036, 37.95495612762036, 37.95495612762036, 37.95495612762036, 37.95495612762036, 37.95495612762036, 37.95495612762036, 37.95495612762036, 37.95495612762036, 37.95495612762036, 37.95495612762036, 37.95495612762036, 37.95495612762036, 20.100893629385578, 29.733081409370726, 45.50785282052473, 31.29304425071836, 18.745120321159668, 55.248894216362814, 39.45716033850487, 39.71292172816768, 13.93159737816085, 13.86665561654256, 17.624263959646743, 24.646369126503828, 5.238375614563016, 12.435284087343435, 28.501613400162285, 4.221206078221602, 26.514033139036457, 46.36414166863984, 12.52166269257597, 5.093327205341529, 31.642499241418815, 35.51499276679125, 14.57965601667299, 28.934222002440798, 39.99825387147633, 20.312392301342136, 36.73352117521445, 46.84568380423647, 25.61421648561867, 15.898079944276594, 8.609325963364157, 27.22116256160996, 14.75346698926641, 0.0, 35.97762657959481, 42.86744755826866, 35.393623701430826, 45.40697144210701, 36.456815176082756, 9.837945030491607, 19.361363732765216, 13.274653088077434, 37.47514993768872, 56.19820608474147, 50.27292918491781, 36.66812312483487, 45.54178658828221, 44.27961580180769, 3.6848348963459934, 19.136922396957548, 33.32510133666199, 42.48170135133937, 26.08215709775042, 30.453749511703407, 46.65783866075389, 39.83329874905808, 24.570611649917065, 55.36861120590096, 28.353966539537893, 30.133081889296623, 37.95495612762036, 37.95495612762036, 37.95495612762036, 37.95495612762036, 37.95495612762036, 37.95495612762036, 37.95495612762036, 37.95495612762036, 37.95495612762036, 37.95495612762036, 37.95495612762036, 37.95495612762036, 37.95495612762036, 37.95495612762036, 37.95495612762036], [33.32667111302855, 59.95751594614534, 27.36640551117914, 35.97762657959481, 0.0, 67.40015671436433, 27.119653589769715, 48.28455084077253, 65.62148460205869, 33.83471389394556, 55.335285009190926, 49.11878481155968, 23.35090532614402, 53.024486161405555, 59.08150760946653, 19.1232687305565, 73.9029955831222, 55.566536730634745, 39.285146761000604, 43.99478682459528, 33.409969886128614, 53.24469796276971, 25.17039149263064, 39.436391952371594, 54.21067414220213, 64.34565468113463, 27.463245654279245, 53.82768169779758, 13.554533943236141, 50.54584026409542, 27.24990208631219, 27.24990208631219, 27.24990208631219, 27.24990208631219, 27.24990208631219, 27.24990208631219, 27.24990208631219, 27.24990208631219, 27.24990208631219, 27.24990208631219, 27.24990208631219, 27.24990208631219, 27.24990208631219, 27.24990208631219, 27.24990208631219, 20.621302241285463, 63.45124146682753, 49.55817703920435, 16.145690645486464, 33.46911052820919, 51.92049992434024, 53.69369061424793, 62.225246871535724, 40.3217246985501, 26.510154239660196, 49.830921725471796, 27.751083273319903, 31.466295655813436, 35.613399081006655, 30.305667403295672, 32.45203605811308, 62.309772828341515, 39.3686824960017, 47.17818017465244, 36.19492378819043, 5.786629947019976, 52.830803921789055, 39.69616843414925, 55.611080758301064, 68.85883201428929, 35.515037069379716, 45.08365975377842, 72.92554295017081, 37.08596590774575, 24.651089472287012, 33.32667111302855, 59.95751594614534, 27.36640551117914, 35.97762657959481, 0.0, 67.40015671436433, 27.119653589769715, 48.28455084077253, 65.62148460205869, 33.83471389394556, 55.335285009190926, 49.11878481155968, 23.35090532614402, 53.024486161405555, 59.08150760946653, 19.1232687305565, 73.9029955831222, 55.566536730634745, 39.285146761000604, 43.99478682459528, 33.409969886128614, 53.24469796276971, 25.17039149263064, 39.436391952371594, 54.21067414220213, 64.34565468113463, 27.463245654279245, 53.82768169779758, 13.554533943236141, 50.54584026409542, 27.24990208631219, 27.24990208631219, 27.24990208631219, 27.24990208631219, 27.24990208631219, 27.24990208631219, 27.24990208631219, 27.24990208631219, 27.24990208631219, 27.24990208631219, 27.24990208631219, 27.24990208631219, 27.24990208631219, 27.24990208631219, 27.24990208631219], [38.14994154838817, 21.749792856878326, 41.100170832230326, 42.86744755826866, 67.40015671436433, 0.0, 46.70089089520891, 34.214751722875405, 10.833135347352831, 52.64826200051884, 37.65212244384038, 36.51316713747586, 51.923312419671795, 44.43154150278413, 26.992954994524514, 54.789070825858516, 9.972064719521894, 22.764944785760257, 39.919435411243754, 59.02267572669255, 38.8308382955247, 23.652628503657382, 43.100847430253395, 30.273616330403847, 28.15202308789435, 3.1463857466006457, 40.45123416075309, 42.115846103680184, 66.57130490252109, 16.93172573823128, 48.834556301144126, 48.834556301144126, 48.834556301144126, 48.834556301144126, 48.834556301144126, 48.834556301144126, 48.834556301144126, 48.834556301144126, 48.834556301144126, 48.834556301144126, 48.834556301144126, 48.834556301144126, 48.834556301144126, 48.834556301144126, 48.834556301144126, 60.51971845885553, 23.913366322539968, 32.72600478437969, 53.335810778285875, 34.047345039992024, 44.24952918820396, 19.211288761293336, 5.7761345733821585, 30.078170531993173, 55.777998886390556, 51.37273655377466, 40.18774345958978, 47.28117049786962, 34.09075737421007, 39.06988101161585, 42.762441309942744, 34.675538137564, 45.930005434866544, 32.93411602433795, 47.5113075519285, 65.91860328314908, 16.56596030917394, 55.87363406679753, 13.934229949075698, 9.606792870225302, 31.908793760745894, 28.201365166361647, 5.94346763616009, 30.850330991883656, 43.71196329596798, 38.14994154838817, 21.749792856878326, 41.100170832230326, 42.86744755826866, 67.40015671436433, 0.0, 46.70089089520891, 34.214751722875405, 10.833135347352831, 52.64826200051884, 37.65212244384038, 36.51316713747586, 51.923312419671795, 44.43154150278413, 26.992954994524514, 54.789070825858516, 9.972064719521894, 22.764944785760257, 39.919435411243754, 59.02267572669255, 38.8308382955247, 23.652628503657382, 43.100847430253395, 30.273616330403847, 28.15202308789435, 3.1463857466006457, 40.45123416075309, 42.115846103680184, 66.57130490252109, 16.93172573823128, 48.834556301144126, 48.834556301144126, 48.834556301144126, 48.834556301144126, 48.834556301144126, 48.834556301144126, 48.834556301144126, 48.834556301144126, 48.834556301144126, 48.834556301144126, 48.834556301144126, 48.834556301144126, 48.834556301144126, 48.834556301144126, 48.834556301144126], [27.51222401524021, 47.598793301687294, 20.64161880855642, 35.393623701430826, 27.119653589769715, 46.70089089520891, 0.0, 21.266291210395018, 48.66065281173437, 40.446619296745304, 50.782264739077036, 44.4862992153983, 5.288613453693641, 26.59227951564653, 32.5216223760231, 8.965235259068306, 55.21109164727222, 29.937482111318268, 36.69553335784401, 52.38570589912065, 7.951270185050081, 27.693590285879704, 9.312533307923733, 16.441397448333444, 27.659389578400408, 44.04957091817381, 11.12804508637112, 27.064199701253703, 34.70071218773502, 30.465315791446717, 2.735887557269779, 2.735887557269779, 2.735887557269779, 2.735887557269779, 2.735887557269779, 2.735887557269779, 2.735887557269779, 2.735887557269779, 2.735887557269779, 2.735887557269779, 2.735887557269779, 2.735887557269779, 2.735887557269779, 2.735887557269779, 2.735887557269779, 35.217475671545145, 51.80615575912055, 22.632937976228884, 11.208073766712987, 19.426460458846687, 25.48019668308699, 29.476014766353376, 40.978061115390034, 29.26316036593981, 36.376758439380886, 53.013740306933094, 11.140099688254933, 34.23165325394076, 25.97975598194014, 8.817757844020926, 31.29859610064474, 55.42584051844509, 13.339884100301017, 40.4148023177787, 39.04839170624501, 29.145495018011058, 30.320068220354493, 47.29958681143151, 38.540904340429925, 51.17905166969678, 19.772798607487747, 19.907158341357025, 52.627641822846655, 17.192991904852356, 19.917735090111353, 27.51222401524021, 47.598793301687294, 20.64161880855642, 35.393623701430826, 27.119653589769715, 46.70089089520891, 0.0, 21.266291210395018, 48.66065281173437, 40.446619296745304, 50.782264739077036, 44.4862992153983, 5.288613453693641, 26.59227951564653, 32.5216223760231, 8.965235259068306, 55.21109164727222, 29.937482111318268, 36.69553335784401, 52.38570589912065, 7.951270185050081, 27.693590285879704, 9.312533307923733, 16.441397448333444, 27.659389578400408, 44.04957091817381, 11.12804508637112, 27.064199701253703, 34.70071218773502, 30.465315791446717, 2.735887557269779, 2.735887557269779, 2.735887557269779, 2.735887557269779, 2.735887557269779, 2.735887557269779, 2.735887557269779, 2.735887557269779, 2.735887557269779, 2.735887557269779, 2.735887557269779, 2.735887557269779, 2.735887557269779, 2.735887557269779, 2.735887557269779], [36.86208745251588, 44.72055707569198, 33.06029220582139, 45.40697144210701, 48.28455084077253, 34.214751722875405, 21.266291210395018, 0.0, 40.561636121725456, 53.44473135042473, 54.29065427293686, 49.21144174560895, 25.862277802753947, 11.88944081949236, 11.881936488718898, 30.023064623087794, 44.07848458422549, 11.965980061260039, 44.96899689437922, 64.45016246426846, 15.454073519744867, 10.60150573776111, 25.255822917013514, 14.957789542752403, 7.450432941852244, 32.5788382192344, 24.436781724213734, 10.36177705161105, 54.33660017435438, 23.355574763661966, 21.798890577484347, 21.798890577484347, 21.798890577484347, 21.798890577484347, 21.798890577484347, 21.798890577484347, 21.798890577484347, 21.798890577484347, 21.798890577484347, 21.798890577484347, 21.798890577484347, 21.798890577484347, 21.798890577484347, 21.798890577484347, 21.798890577484347, 52.765892025073995, 48.831693574566195, 1.7136948720644902, 32.17116678731089, 26.766920883434786, 11.259751359882289, 15.132802877438607, 28.761191388151612, 33.4701405988829, 51.80318862890529, 61.77779367576864, 24.185720479708458, 46.60972844459104, 33.08593833427733, 20.015421416814526, 42.27352449641122, 56.20838895698989, 13.056070135752911, 44.426283625625096, 50.226546987024165, 49.76970790738017, 19.152122921987942, 59.6332120654452, 32.650794349976664, 41.80944349515084, 25.096128636714305, 9.352393639856617, 39.842261066144985, 19.79283984326435, 34.065211739971886, 36.86208745251588, 44.72055707569198, 33.06029220582139, 45.40697144210701, 48.28455084077253, 34.214751722875405, 21.266291210395018, 0.0, 40.561636121725456, 53.44473135042473, 54.29065427293686, 49.21144174560895, 25.862277802753947, 11.88944081949236, 11.881936488718898, 30.023064623087794, 44.07848458422549, 11.965980061260039, 44.96899689437922, 64.45016246426846, 15.454073519744867, 10.60150573776111, 25.255822917013514, 14.957789542752403, 7.450432941852244, 32.5788382192344, 24.436781724213734, 10.36177705161105, 54.33660017435438, 23.355574763661966, 21.798890577484347, 21.798890577484347, 21.798890577484347, 21.798890577484347, 21.798890577484347, 21.798890577484347, 21.798890577484347, 21.798890577484347, 21.798890577484347, 21.798890577484347, 21.798890577484347, 21.798890577484347, 21.798890577484347, 21.798890577484347, 21.798890577484347], [33.659101557718294, 11.625391197712103, 38.32900158181496, 36.456815176082756, 65.62148460205869, 10.833135347352831, 48.66065281173437, 40.561636121725456, 0.0, 45.84679519200558, 27.792315542913414, 27.75401372726474, 53.587968086970506, 51.777826144424054, 35.65673228701448, 55.767855807923546, 9.086088927762376, 30.416752699198714, 33.08743070411028, 50.65099135150404, 41.29555339348266, 30.62752027215696, 43.13362127161945, 32.665831311918254, 35.71218990260367, 9.782164305455847, 40.35283951011432, 49.645009142148055, 62.653282354515426, 18.570451876374797, 51.11433145642683, 51.11433145642683, 51.11433145642683, 51.11433145642683, 51.11433145642683, 51.11433145642683, 51.11433145642683, 51.11433145642683, 51.11433145642683, 51.11433145642683, 51.11433145642683, 51.11433145642683, 51.11433145642683, 51.11433145642683, 51.11433145642683, 55.625486979192196, 13.17810312621586, 39.31528708300939, 53.21997333482436, 32.50304286901118, 51.41440330515079, 25.65849617804749, 13.232605999988541, 25.728706412235574, 50.1078756158778, 42.19255395810699, 40.13368532011604, 41.368014858125484, 30.330533793028014, 40.180051104132566, 37.3103372035921, 24.05555992846678, 50.74431326881699, 24.992900924265612, 40.57711523104084, 63.2572532919603, 21.430451869077665, 48.06982797537863, 10.290088659414339, 3.5414936921000777, 30.810242699904727, 32.812592858146445, 11.560266423921316, 31.58744989036028, 41.04979915992834, 33.659101557718294, 11.625391197712103, 38.32900158181496, 36.456815176082756, 65.62148460205869, 10.833135347352831, 48.66065281173437, 40.561636121725456, 0.0, 45.84679519200558, 27.792315542913414, 27.75401372726474, 53.587968086970506, 51.777826144424054, 35.65673228701448, 55.767855807923546, 9.086088927762376, 30.416752699198714, 33.08743070411028, 50.65099135150404, 41.29555339348266, 30.62752027215696, 43.13362127161945, 32.665831311918254, 35.71218990260367, 9.782164305455847, 40.35283951011432, 49.645009142148055, 62.653282354515426, 18.570451876374797, 51.11433145642683, 51.11433145642683, 51.11433145642683, 51.11433145642683, 51.11433145642683, 51.11433145642683, 51.11433145642683, 51.11433145642683, 51.11433145642683, 51.11433145642683, 51.11433145642683, 51.11433145642683, 51.11433145642683, 51.11433145642683, 51.11433145642683], [17.05169993734447, 35.91654370333959, 20.7604417389178, 9.837945030491607, 33.83471389394556, 52.64826200051884, 40.446619296745304, 53.44473135042473, 45.84679519200558, 0.0, 24.756136156959915, 20.077945816465505, 41.379101189932925, 63.61016110574932, 59.2963668954336, 39.60204378669319, 54.92171757315586, 53.45250668832432, 12.808736839731923, 11.97030795971396, 40.03841103795759, 51.546262765943546, 31.40017177369128, 38.676738270424465, 55.43275494677727, 49.632300284481545, 30.61388952980404, 63.03373666270443, 23.191256692056257, 39.83422233096489, 42.73832757436015, 42.73832757436015, 42.73832757436015, 42.73832757436015, 42.73832757436015, 42.73832757436015, 42.73832757436015, 42.73832757436015, 42.73832757436015, 42.73832757436015, 42.73832757436015, 42.73832757436015, 42.73832757436015, 42.73832757436015, 42.73832757436015, 14.273588306628639, 37.857741901335125, 53.73646205198881, 33.81004311831855, 26.768945353536925, 62.602973223248206, 48.83074100870942, 49.550847728350284, 23.6326263741002, 7.49757220364589, 16.013368200553533, 30.765814553831024, 6.838427327456889, 21.421300538749787, 34.99308734254664, 11.427603078699015, 32.47175815083272, 52.632244319111635, 21.10153078137295, 5.276170003477256, 28.575064277480163, 45.086740303255574, 6.895726369573822, 38.715493846145996, 49.37838435725375, 28.701816929505735, 45.24570303087932, 56.490666906666846, 33.86763835783872, 20.674684278039916, 17.05169993734447, 35.91654370333959, 20.7604417389178, 9.837945030491607, 33.83471389394556, 52.64826200051884, 40.446619296745304, 53.44473135042473, 45.84679519200558, 0.0, 24.756136156959915, 20.077945816465505, 41.379101189932925, 63.61016110574932, 59.2963668954336, 39.60204378669319, 54.92171757315586, 53.45250668832432, 12.808736839731923, 11.97030795971396, 40.03841103795759, 51.546262765943546, 31.40017177369128, 38.676738270424465, 55.43275494677727, 49.632300284481545, 30.61388952980404, 63.03373666270443, 23.191256692056257, 39.83422233096489, 42.73832757436015, 42.73832757436015, 42.73832757436015, 42.73832757436015, 42.73832757436015, 42.73832757436015, 42.73832757436015, 42.73832757436015, 42.73832757436015, 42.73832757436015, 42.73832757436015, 42.73832757436015, 42.73832757436015, 42.73832757436015, 42.73832757436015], [24.090371617734814, 16.16697612592618, 31.519071893766288, 19.361363732765216, 55.335285009190926, 37.65212244384038, 50.782264739077036, 54.29065427293686, 27.792315542913414, 24.756136156959915, 0.0, 6.496415809435518, 54.005851554869906, 66.08864113447783, 55.07580689824694, 54.08245203875176, 35.91474029694939, 48.82707024421679, 16.131555906943124, 24.714183853540508, 46.393387231501855, 47.76894974980156, 41.9465330085675, 40.41855155017711, 52.868165814732855, 35.361756155383944, 39.70354432389342, 64.64561723577643, 47.096254307850266, 32.63886972912113, 53.50657926144646, 53.50657926144646, 53.50657926144646, 53.50657926144646, 53.50657926144646, 53.50657926144646, 53.50657926144646, 53.50657926144646, 53.50657926144646, 53.50657926144646, 53.50657926144646, 53.50657926144646, 53.50657926144646, 53.50657926144646, 53.50657926144646, 38.37757061450135, 15.837726656934443, 53.79566270764709, 49.233109335224306, 31.50849519095337, 65.33268498173815, 43.331041381375165, 37.131969550539246, 21.956480223589935, 31.57420473263985, 15.000122152101454, 39.6652198382415, 24.147329287377712, 24.804802022923248, 42.481469312306956, 23.021519037639038, 7.735895916604211, 59.2255493130221, 10.436372613572267, 20.27577045612932, 50.95587258423138, 38.422856833406854, 23.75008659343279, 25.90213276870821, 30.85581170652515, 31.76547767317726, 44.93842712827526, 39.34850930331607, 36.29727103797547, 33.53374794147061, 24.090371617734814, 16.16697612592618, 31.519071893766288, 19.361363732765216, 55.335285009190926, 37.65212244384038, 50.782264739077036, 54.29065427293686, 27.792315542913414, 24.756136156959915, 0.0, 6.496415809435518, 54.005851554869906, 66.08864113447783, 55.07580689824694, 54.08245203875176, 35.91474029694939, 48.82707024421679, 16.131555906943124, 24.714183853540508, 46.393387231501855, 47.76894974980156, 41.9465330085675, 40.41855155017711, 52.868165814732855, 35.361756155383944, 39.70354432389342, 64.64561723577643, 47.096254307850266, 32.63886972912113, 53.50657926144646, 53.50657926144646, 53.50657926144646, 53.50657926144646, 53.50657926144646, 53.50657926144646, 53.50657926144646, 53.50657926144646, 53.50657926144646, 53.50657926144646, 53.50657926144646, 53.50657926144646, 53.50657926144646, 53.50657926144646, 53.50657926144646], [17.601736306331063, 16.656702036232325, 25.031739233940183, 13.274653088077434, 49.11878481155968, 36.51316713747586, 44.4862992153983, 49.21144174560895, 27.75401372726474, 20.077945816465505, 6.496415809435518, 0.0, 47.59527752412829, 60.87922832046085, 51.03378799417444, 47.6059901887798, 36.53530790241933, 44.764179031030025, 9.833848992768194, 22.90546381226594, 40.40354141892528, 43.48942724225078, 35.559492796069634, 34.91333899162064, 48.4236920105323, 33.87728774789597, 33.37646939387729, 59.5667755916697, 41.471177340214325, 28.731621560288346, 47.20104868519934, 47.20104868519934, 47.20104868519934, 47.20104868519934, 47.20104868519934, 47.20104868519934, 47.20104868519934, 47.20104868519934, 47.20104868519934, 47.20104868519934, 47.20104868519934, 47.20104868519934, 47.20104868519934, 47.20104868519934, 47.20104868519934, 32.945670038929464, 17.948850675394343, 48.84962439684039, 42.737091319071425, 25.359744509019308, 60.074843734043235, 39.35009837314531, 35.01512942906321, 16.117537648553043, 26.29436247164732, 14.935650750366625, 33.35018705300452, 18.31059323049942, 18.525132836234455, 36.318892954336896, 16.692634624186336, 13.241167476647638, 53.363575016810266, 4.803543599565774, 15.107238176280122, 44.904340372876916, 34.593676654963616, 20.67759066447904, 23.475225739966803, 31.133388643630404, 25.809183659395416, 39.88974784022243, 39.14658294474181, 30.57481965226535, 27.037671674900317, 17.601736306331063, 16.656702036232325, 25.031739233940183, 13.274653088077434, 49.11878481155968, 36.51316713747586, 44.4862992153983, 49.21144174560895, 27.75401372726474, 20.077945816465505, 6.496415809435518, 0.0, 47.59527752412829, 60.87922832046085, 51.03378799417444, 47.6059901887798, 36.53530790241933, 44.764179031030025, 9.833848992768194, 22.90546381226594, 40.40354141892528, 43.48942724225078, 35.559492796069634, 34.91333899162064, 48.4236920105323, 33.87728774789597, 33.37646939387729, 59.5667755916697, 41.471177340214325, 28.731621560288346, 47.20104868519934, 47.20104868519934, 47.20104868519934, 47.20104868519934, 47.20104868519934, 47.20104868519934, 47.20104868519934, 47.20104868519934, 47.20104868519934, 47.20104868519934, 47.20104868519934, 47.20104868519934, 47.20104868519934, 47.20104868519934, 47.20104868519934], [30.181261707467062, 51.95941813178943, 22.90431087127336, 37.47514993768872, 23.35090532614402, 51.923312419671795, 5.288613453693641, 25.862277802753947, 53.587968086970506, 41.379101189932925, 54.005851554869906, 47.59527752412829, 0.0, 29.676111183559755, 37.39157092767596, 4.277027963570074, 60.32526368385881, 35.088516494107964, 39.20720082958292, 53.33996654621487, 13.23774257200906, 32.868177244549386, 12.08434960721524, 21.649746747833916, 32.56318203213127, 49.23976590480847, 14.541834465323369, 30.499178118004888, 32.51872218345142, 35.559321998385734, 4.075254493993777, 4.075254493993777, 4.075254493993777, 4.075254493993777, 4.075254493993777, 4.075254493993777, 4.075254493993777, 4.075254493993777, 4.075254493993777, 4.075254493993777, 4.075254493993777, 4.075254493993777, 4.075254493993777, 4.075254493993777, 4.075254493993777, 34.34392068332102, 56.11767311903864, 27.329391888257327, 8.751556743868855, 23.234422474638553, 28.57107017952396, 34.755807066102896, 46.21462256562445, 33.01894328512119, 36.49073357080534, 54.94581820936573, 14.64437090655727, 35.61069769332283, 29.314317009670088, 13.431097238445165, 33.27611921735778, 59.089790938648406, 16.023642462569754, 43.78401270010395, 40.638062666267146, 26.186177283528927, 35.58553035200666, 48.2746906319878, 43.39603708601234, 56.1907644491959, 23.950751598728708, 25.16444004686888, 57.84191910047642, 22.00811903797996, 21.59761250899027, 30.181261707467062, 51.95941813178943, 22.90431087127336, 37.47514993768872, 23.35090532614402, 51.923312419671795, 5.288613453693641, 25.862277802753947, 53.587968086970506, 41.379101189932925, 54.005851554869906, 47.59527752412829, 0.0, 29.676111183559755, 37.39157092767596, 4.277027963570074, 60.32526368385881, 35.088516494107964, 39.20720082958292, 53.33996654621487, 13.23774257200906, 32.868177244549386, 12.08434960721524, 21.649746747833916, 32.56318203213127, 49.23976590480847, 14.541834465323369, 30.499178118004888, 32.51872218345142, 35.559321998385734, 4.075254493993777, 4.075254493993777, 4.075254493993777, 4.075254493993777, 4.075254493993777, 4.075254493993777, 4.075254493993777, 4.075254493993777, 4.075254493993777, 4.075254493993777, 4.075254493993777, 4.075254493993777, 4.075254493993777, 4.075254493993777, 4.075254493993777], [47.58954198842056, 56.532846111534035, 42.878993365169165, 56.19820608474147, 53.024486161405555, 44.43154150278413, 26.59227951564653, 11.88944081949236, 51.777826144424054, 63.61016110574932, 66.08864113447783, 60.87922832046085, 29.676111183559755, 0.0, 18.250768344543577, 33.90699634851124, 54.40306893341467, 21.689693874301984, 56.09538849359506, 75.0, 23.769085678040927, 21.163824235030752, 33.37841171502774, 26.134421817100375, 16.289940747069934, 43.213394235723506, 33.35110736155398, 2.4829540624566055, 61.27563948794639, 35.148815564225586, 25.868730068568738, 25.868730068568738, 25.868730068568738, 25.868730068568738, 25.868730068568738, 25.868730068568738, 25.868730068568738, 25.868730068568738, 25.868730068568738, 25.868730068568738, 25.868730068568738, 25.868730068568738, 25.868730068568738, 25.868730068568738, 25.868730068568738, 61.11391265426958, 60.609693007542155, 12.721742545912768, 37.69563317844021, 37.45744346864513, 1.112864408995441, 26.11988093447752, 39.34782450126301, 44.96416943421063, 61.113989292128366, 73.0184965361981, 33.15140467085786, 56.841777938152305, 44.12741054518823, 28.827906810608855, 52.77766502867508, 68.09782234967805, 13.656628399619924, 56.116291922569374, 60.833252727916296, 55.62524437412898, 30.594042033018777, 70.06358401794252, 44.36137732837156, 52.70973126572184, 36.0707426300778, 21.18876102299265, 49.702055361583625, 30.82074221013446, 43.400836274046306, 47.58954198842056, 56.532846111534035, 42.878993365169165, 56.19820608474147, 53.024486161405555, 44.43154150278413, 26.59227951564653, 11.88944081949236, 51.777826144424054, 63.61016110574932, 66.08864113447783, 60.87922832046085, 29.676111183559755, 0.0, 18.250768344543577, 33.90699634851124, 54.40306893341467, 21.689693874301984, 56.09538849359506, 75.0, 23.769085678040927, 21.163824235030752, 33.37841171502774, 26.134421817100375, 16.289940747069934, 43.213394235723506, 33.35110736155398, 2.4829540624566055, 61.27563948794639, 35.148815564225586, 25.868730068568738, 25.868730068568738, 25.868730068568738, 25.868730068568738, 25.868730068568738, 25.868730068568738, 25.868730068568738, 25.868730068568738, 25.868730068568738, 25.868730068568738, 25.868730068568738, 25.868730068568738, 25.868730068568738, 25.868730068568738, 25.868730068568738], [42.245992923608746, 42.6477580938859, 40.25612965379782, 50.27292918491781, 59.08150760946653, 26.992954994524514, 32.5216223760231, 11.881936488718898, 35.65673228701448, 59.2963668954336, 55.07580689824694, 51.03378799417444, 37.39157092767596, 18.250768344543577, 0.0, 41.44242899924712, 36.88943550667826, 6.270667346714919, 49.001513990058605, 69.32702759700753, 25.676637841453154, 7.7948840405735975, 34.775071193246255, 21.561400927218525, 4.877841695891865, 26.31398755875019, 33.30094329710051, 15.791174515467524, 63.77404597780372, 22.440067618773202, 33.376516492457725, 33.376516492457725, 33.376516492457725, 33.376516492457725, 33.376516492457725, 33.376516492457725, 33.376516492457725, 33.376516492457725, 33.376516492457725, 33.376516492457725, 33.376516492457725, 33.376516492457725, 33.376516492457725, 33.376516492457725, 33.376516492457725, 61.02012844884035, 46.33341344891049, 10.238051619456384, 42.954736877645026, 32.90958423860272, 18.3452203055701, 11.745053370109565, 22.5370465734997, 36.84156647043748, 58.9777068118955, 64.98794192574094, 33.017315484533114, 52.549815560281026, 37.940457636249924, 29.357705773317583, 47.86890297968644, 55.346133396830254, 24.7655390109422, 46.291090208673346, 55.33317413530729, 59.98824810951971, 16.673779973689445, 64.84876217251181, 30.291373787770823, 35.95167238849033, 30.75799296497279, 14.843351109949124, 31.878043512462746, 25.949040627394954, 41.85353822703044, 42.24599