{"num_workers": 45, "num_roles": 5, "num_nodes": 120, "w": [[90, 90], [330, 330], [120, 120], [90, 90], [30, 30], [30, 30], [330, 330], [180, 180], [300, 300], [120, 120], [390, 390], [180, 180], [150, 150], [60, 60], [30, 30], [30, 30], [90, 90], [210, 210], [30, 30], [30, 30], [240, 240], [90, 90], [30, 30], [30, 30], [90, 90], [180, 180], [240, 240], [90, 90], [30, 30], [240, 240], [0, 0], [0, 0], [0, 0], [0, 0], [0, 0], [0, 0], [0, 0], [0, 0], [0, 0], [0, 0], [0, 0], [0, 0], [0, 0], [0, 0], [0, 0], [90, 330], [420, 450], [180, 390], [60, 360], [210, 330], [180, 420], [120, 390], [30, 240], [30, 420], [180, 300], [180, 330], [300, 390], [60, 390], [150, 390], [120, 420], [360, 420], [270, 390], [60, 390], [90, 360], [120, 240], [60, 420], [60, 330], [300, 420], [210, 390], [300, 360], [120, 180], [390, 450], [90, 420], [60, 150], [90, 450], [240, 240], [390, 390], [270, 270], [390, 390], [420, 420], [210, 210], [480, 480], [360, 360], [450, 450], [420, 420], [480, 480], [480, 480], [300, 300], [390, 390], [240, 240], [480, 480], [390, 390], [390, 390], [450, 450], [270, 270], [420, 420], [450, 450], [180, 180], [120, 120], [180, 180], [300, 300], [330, 330], [210, 210], [240, 240], [270, 270], [480, 480], [480, 480], [480, 480], [480, 480], [480, 480], [480, 480], [480, 480], [480, 480], [480, 480], [480, 480], [480, 480], [480, 480], [480, 480], [480, 480], [480, 480]], "p": [0, 0, 0, 0, 0, 0, 0, 0, 0, 0, 0, 0, 0, 0, 0, 0, 0, 0, 0, 0, 0, 0, 0, 0, 0, 0, 0, 0, 0, 0, 0, 0, 0, 0, 0, 0, 0, 0, 0, 0, 0, 0, 0, 0, 0, 68.62583188839126, 40.52706483772064, 69.3183661465509, 53.719892799507974, 47.95709600604431, 62.52472205790659, 59.4881072582084, 55.10772670179725, 45.2341232357287, 61.58453097454168, 66.63095110889934, 40.73674304555957, 74.75627428511189, 73.55381759240694, 43.92750507105888, 59.79824966344702, 49.24215436543419, 68.99279818867042, 59.33658561866942, 70.02549319938464, 65.84151738485612, 67.73663835851907, 46.04916692262106, 58.22927623037717, 69.28321170771754, 71.8060211470392, 61.97859954347442, 73.54233250515804, 48.09904344444264, 60.16512514289266, 0, 0, 0, 0, 0, 0, 0, 0, 0, 0, 0, 0, 0, 0, 0, 0, 0, 0, 0, 0, 0, 0, 0, 0, 0, 0, 0, 0, 0, 0, 0, 0, 0, 0, 0, 0, 0, 0, 0, 0, 0, 0, 0, 0, 0], "e": [[1, 0, 0, 0, 1], [1, 0, 0, 0, 1], [1, 1, 0, 0, 0], [1, 1, 0, 0, 0], [1, 1, 0, 0, 0], [0, 1, 1, 0, 0], [1, 1, 0, 0, 0], [0, 1, 0, 1, 0], [0, 1, 0, 0, 0], [0, 1, 0, 1, 0], [1, 1, 0, 0, 0], [0, 0, 1, 0, 0], [0, 0, 0, 1, 0], [0, 0, 0, 1, 0], [0, 0, 0, 0, 1], [1, 0, 0, 0, 0], [0, 0, 0, 1, 0], [0, 0, 0, 1, 0], [0, 0, 1, 0, 0], [1, 0, 0, 0, 0], [0, 1, 0, 0, 0], [0, 0, 0, 0, 1], [0, 0, 0, 1, 0], [0, 0, 0, 0, 1], [0, 0, 0, 0, 1], [0, 1, 0, 0, 0], [1, 0, 0, 0, 0], [1, 0, 0, 0, 0], [0, 0, 0, 1, 0], [1, 0, 0, 0, 0], [0, 0, 0, 0, 1], [0, 0, 0, 1, 0], [0, 0, 1, 0, 0], [0, 1, 0, 0, 0], [0, 0, 1, 0, 0], [0, 0, 1, 0, 0], [1, 0, 0, 0, 0], [1, 0, 0, 0, 0], [0, 1, 0, 0, 0], [0, 0, 0, 0, 1], [0, 0, 1, 0, 0], [0, 0, 1, 0, 0], [0, 1, 0, 0, 0], [0, 0, 0, 0, 1], [0, 0, 1, 0, 0]], "d": [[3, 1, 1, 1, 2, 1, 1, 2, 3, 3, 0, 0, 1, 0, 1, 0, 1, 2, 2, 1, 3, 0, 3, 1, 3, 0, 1, 0, 1, 1], [0, 0, 0, 1, 3, 0, 0, 3, 0, 0, 1, 1, 1, 1, 1, 1, 1, 3, 3, 0, 0, 1, 0, 1, 0, 1, 1, 1, 1, 0], [3, 2, 2, 2, 1, 2, 2, 1, 3, 3, 1, 1, 2, 1, 2, 1, 2, 1, 1, 2, 3, 1, 3, 2, 3, 1, 2, 1, 2, 2], [2, 2, 2, 3, 0, 2, 2, 0, 2, 2, 3, 3, 3, 3, 3, 3, 3, 0, 0, 2, 2, 3, 2, 3, 2, 3, 3, 3, 3, 2], [0, 0, 0, 1, 1, 0, 0, 1, 0, 0, 0, 0, 1, 0, 1, 0, 1, 1, 1, 0, 0, 0, 0, 1, 0, 0, 1, 0, 1, 0]], "r": [1818, 3704, 2696, 4677, 1568, 3676, 2395, 1270, 1039, 1964, 477, 1367, 986, 1867, 4845, 3159, 3186, 4078, 851, 2469, 2681, 2793, 150, 3502, 536, 3901, 1242, 4648, 4053, 4629], "g": [[0, 0, 0, 0, 0, 0, 0, 0, 0, 0, 0, 0, 0, 0, 0, 0, 0, 0, 0, 0, 0, 0, 0, 0, 0, 0, 0, 0, 0, 0], [0, 0, 0, 0, 0, 0, 0, 0, 0, 0, 0, 0, 0, 0, 0, 0, 0, 0, 0, 0, 0, 0, 0, 0, 0, 0, 0, 0, 0, 0], [0, 0, 0, 0, 0, 0, 0, 0, 0, 0, 0, 0, 0, 0, 0, 0, 0, 0, 0, 0, 0, 0, 0, 0, 0, 0, 0, 0, 0, 0], [0, 0, 0, 0, 0, 0, 0, 0, 0, 0, 0, 0, 0, 0, 0, 0, 0, 0, 0, 0, 0, 0, 0, 0, 0, 0, 0, 0, 0, 0], [0, 0, 0, 0, 0, 0, 0, 0, 0, 0, 0, 0, 0, 0, 0, 0, 0, 0, 0, 0, 0, 0, 0, 0, 0, 0, 0, 0, 0, 0], [0, 0, 0, 0, 0, 0, 0, 0, 0, 0, 0, 0, 0, 0, 0, 0, 0, 0, 0, 0, 0, 0, 0, 0, 0, 0, 0, 0, 0, 0], [0, 0, 0, 0, 0, 0, 0, 0, 0, 0, 0, 0, 0, 0, 0, 0, 0, 0, 0, 0, 0, 0, 0, 0, 0, 0, 0, 0, 0, 0], [0, 0, 0, 0, 0, 0, 0, 0, 0, 0, 0, 0, 0, 0, 0, 0, 0, 0, 0, 0, 0, 0, 0, 0, 0, 0, 0, 0, 0, 0], [0, 0, 0, 0, 0, 0, 0, 0, 0, 0, 0, 0, 0, 0, 0, 0, 0, 0, 0, 0, 0, 0, 0, 0, 0, 0, 0, 0, 0, 0], [0, 0, 0, 0, 0, 0, 0, 0, 0, 0, 0, 0, 0, 0, 0, 0, 0, 0, 0, 0, 0, 0, 0, 0, 0, 0, 0, 0, 0, 0], [0, 0, 0, 0, 0, 0, 0, 0, 0, 0, 0, 0, 0, 0, 0, 0, 0, 0, 0, 0, 0, 0, 0, 0, 0, 0, 0, 0, 0, 0], [0, 0, 0, 0, 0, 0, 0, 0, 0, 0, 0, 0, 0, 0, 0, 0, 0, 0, 0, 0, 0, 0, 0, 0, 0, 0, 0, 0, 0, 0], [0, 0, 0, 0, 0, 0, 0, 0, 0, 0, 0, 0, 0, 0, 0, 0, 0, 0, 0, 0, 0, 0, 0, 0, 0, 0, 0, 0, 0, 0], [0, 0, 0, 0, 0, 0, 0, 0, 0, 0, 0, 0, 0, 0, 0, 0, 0, 0, 0, 0, 0, 0, 0, 0, 0, 0, 0, 0, 0, 0], [0, 0, 0, 0, 0, 0, 0, 0, 0, 0, 0, 0, 0, 0, 0, 0, 0, 0, 0, 0, 0, 0, 0, 0, 0, 0, 0, 0, 0, 0], [0, 0, 0, 0, 0, 0, 0, 0, 0, 0, 0, 0, 0, 0, 0, 0, 0, 0, 0, 0, 0, 0, 0, 0, 0, 0, 0, 0, 0, 0], [0, 0, 0, 0, 0, 0, 0, 0, 0, 0, 0, 0, 0, 0, 0, 0, 0, 0, 0, 0, 0, 0, 0, 0, 0, 0, 0, 0, 0, 0], [0, 0, 0, 0, 0, 0, 0, 0, 0, 0, 0, 0, 0, 0, 0, 0, 0, 0, 0, 0, 0, 0, 0, 0, 0, 0, 0, 0, 0, 0], [0, 0, 0, 0, 0, 0, 0, 0, 0, 0, 0, 0, 0, 0, 0, 0, 0, 0, 0, 0, 0, 0, 0, 0, 0, 0, 0, 0, 0, 0], [0, 0, 0, 0, 0, 0, 0, 0, 0, 0, 0, 0, 0, 0, 0, 0, 0, 0, 0, 0, 0, 0, 0, 0, 0, 0, 0, 0, 0, 0], [0, 0, 0, 0, 0, 0, 0, 0, 0, 0, 0, 0, 0, 0, 0, 0, 0, 0, 0, 0, 0, 0, 0, 0, 0, 0, 0, 0, 0, 0], [0, 0, 0, 0, 0, 0, 0, 0, 0, 0, 0, 0, 0, 0, 0, 0, 0, 0, 0, 0, 0, 0, 0, 0, 0, 0, 0, 0, 0, 0], [0, 0, 0, 0, 0, 0, 0, 0, 0, 0, 0, 0, 0, 0, 0, 0, 0, 0, 0, 0, 0, 0, 0, 0, 0, 0, 0, 0, 0, 0], [0, 0, 0, 0, 0, 0, 0, 0, 0, 0, 0, 0, 0, 0, 0, 0, 0, 0, 0, 0, 0, 0, 0, 0, 0, 0, 0, 0, 0, 0], [0, 0, 0, 0, 0, 0, 0, 0, 0, 0, 0, 0, 0, 0, 0, 0, 0, 0, 0, 0, 0, 0, 0, 0, 0, 0, 0, 0, 0, 0], [0, 0, 0, 0, 0, 0, 0, 0, 0, 0, 0, 0, 0, 0, 0, 0, 0, 0, 0, 0, 0, 0, 0, 0, 0, 0, 0, 0, 0, 0], [0, 0, 0, 0, 0, 0, 0, 0, 0, 0, 0, 0, 0, 0, 0, 0, 0, 0, 0, 0, 0, 0, 0, 0, 0, 0, 0, 0, 0, 0], [0, 0, 0, 0, 0, 0, 0, 0, 0, 0, 0, 0, 0, 0, 0, 0, 0, 0, 0, 0, 0, 0, 0, 0, 0, 0, 0, 0, 0, 0], [0, 0, 0, 0, 0, 0, 0, 0, 0, 0, 0, 0, 0, 0, 0, 0, 0, 0, 0, 0, 0, 0, 0, 0, 0, 0, 0, 0, 0, 0], [0, 0, 0, 0, 0, 0, 0, 0, 0, 0, 0, 0, 0, 0, 0, 0, 0, 0, 0, 0, 0, 0, 0, 0, 0, 0, 0, 0, 0, 0]], "t": [[0.0, 26.33661156571728, 36.49549801095177, 45.30221441616005, 39.44801551141942, 24.053705916825503, 15.437599426406024, 48.47682363685531, 21.499379273799132, 39.435668108398865, 13.446473666875974, 20.976730415763434, 12.73937414410661, 42.60316451104648, 29.08376484319542, 14.788342161529693, 42.74842345743595, 54.924117140395225, 51.84596610836328, 42.744028239479434, 19.74390581097385, 35.948002424761, 14.397588198197779, 10.707934994911, 50.78361773175271, 17.349443858919667, 5.385464464345685, 7.49731431450135, 38.163607195555876, 42.276904879341494, 24.00532529817332, 24.00532529817332, 24.00532529817332, 24.00532529817332, 24.00532529817332, 24.00532529817332, 24.00532529817332, 24.00532529817332, 24.00532529817332, 24.00532529817332, 24.00532529817332, 24.00532529817332, 24.00532529817332, 24.00532529817332, 24.00532529817332, 34.40682627964308, 41.685044733600506, 48.282853573843134, 44.423542596706845, 53.946677164714366, 17.5338794711922, 22.252370719922947, 19.571254757384324, 46.12475484365846, 20.412449317006082, 46.18490149393565, 23.35663415004828, 44.21150562643149, 30.324880178138546, 54.18246803668022, 16.30916667814026, 42.926061764899494, 11.140324667950242, 32.79003278570989, 57.799217176465326, 41.882504782958385, 33.02019948023308, 50.32322158545898, 29.486575827266602, 43.34532519162602, 2.2545582488764038, 49.96007937197058, 3.7211772375774936, 26.391640885087465, 43.60825918221064, 0.0, 26.33661156571728, 36.49549801095177, 45.30221441616005, 39.44801551141942, 24.053705916825503, 15.437599426406024, 48.47682363685531, 21.499379273799132, 39.435668108398865, 13.446473666875974, 20.976730415763434, 12.73937414410661, 42.60316451104648, 29.08376484319542, 14.788342161529693, 42.74842345743595, 54.924117140395225, 51.84596610836328, 42.744028239479434, 19.74390581097385, 35.948002424761, 14.397588198197779, 10.707934994911, 50.78361773175271, 17.349443858919667, 5.385464464345685, 7.49731431450135, 38.163607195555876, 42.276904879341494, 24.00532529817332, 24.00532529817332, 24.00532529817332, 24.00532529817332, 24.00532529817332, 24.00532529817332, 24.00532529817332, 24.00532529817332, 24.00532529817332, 24.00532529817332, 24.00532529817332, 24.00532529817332, 24.00532529817332, 24.00532529817332, 24.00532529817332], [26.33661156571728, 0.0, 12.167753254738216, 33.61423933975731, 20.70240257403691, 30.867331280758137, 14.58847935524533, 41.70904299268658, 7.76948429684219, 35.85589728677706, 34.13064879481532, 42.77926342596314, 20.57676162025683, 48.5519810028103, 50.87281349172694, 14.455457580474487, 57.76500800697081, 68.84457612424568, 40.1297894252372, 35.5326541019021, 6.964117340827972, 36.433377752562485, 13.392179522729094, 16.133064179419907, 62.90782899226425, 16.61794021105537, 24.423155565764766, 31.665375726836352, 31.18579668774529, 44.684548387204174, 33.997496004583695, 33.997496004583695, 33.997496004583695, 33.997496004583695, 33.997496004583695, 33.997496004583695, 33.997496004583695, 33.997496004583695, 33.997496004583695, 33.997496004583695, 33.997496004583695, 33.997496004583695, 33.997496004583695, 33.997496004583695, 33.997496004583695, 46.73750188536007, 52.836772039353235, 56.16130861789051, 59.9896994643218, 39.4983421135803, 30.738063987342098, 46.41456584438451, 31.322839619845958, 49.622931807230096, 43.61584421458436, 50.566342049123136, 16.954518209180748, 29.041791230201046, 28.25097249447642, 51.4845209550366, 35.425875062794255, 47.13673170258576, 37.03424424550876, 6.677167405038274, 47.851560786034966, 42.108447549726684, 53.01411789488295, 35.33862909403649, 12.034146595707847, 47.66005136393696, 25.471261526923616, 57.22125677491545, 28.451464779352225, 9.345240295227418, 30.83271456415107, 26.33661156571728, 0.0, 12.167753254738216, 33.61423933975731, 20.70240257403691, 30.867331280758137, 14.58847935524533, 41.70904299268658, 7.76948429684219, 35.85589728677706, 34.13064879481532, 42.77926342596314, 20.57676162025683, 48.5519810028103, 50.87281349172694, 14.455457580474487, 57.76500800697081, 68.84457612424568, 40.1297894252372, 35.5326541019021, 6.964117340827972, 36.433377752562485, 13.392179522729094, 16.133064179419907, 62.90782899226425, 16.61794021105537, 24.423155565764766, 31.665375726836352, 31.18579668774529, 44.684548387204174, 33.997496004583695, 33.997496004583695, 33.997496004583695, 33.997496004583695, 33.997496004583695, 33.997496004583695, 33.997496004583695, 33.997496004583695, 33.997496004583695, 33.997496004583695, 33.997496004583695, 33.997496004583695, 33.997496004583695, 33.997496004583695, 33.997496004583695], [36.49549801095177, 12.167753254738216, 0.0, 25.973831596175867, 11.206200880417404, 33.366945187824285, 26.644967913835217, 35.54997519914838, 19.923085692765433, 32.185145110867246, 41.39598575570564, 49.59045885568974, 27.498783369038065, 47.705610210116504, 57.136213397270105, 26.42570860436169, 60.32266768749042, 70.26400849049824, 31.688842549376034, 30.01018737292142, 17.048068541619877, 34.70836267949571, 22.208052133644067, 25.79138868808792, 63.782452714112736, 22.19217203663681, 33.38572683553017, 40.49810281321567, 26.64359381721019, 42.62682460473333, 37.135967501892885, 37.135967501892885, 37.135967501892885, 37.135967501892885, 37.135967501892885, 37.135967501892885, 37.135967501892885, 37.135967501892885, 37.135967501892885, 37.135967501892885, 37.135967501892885, 37.135967501892885, 37.135967501892885, 37.135967501892885, 37.135967501892885, 48.98608874734236, 53.970988921529774, 55.51768036839948, 62.67032368745958, 29.810353590015264, 35.90164492725902, 54.18560501135045, 35.77993286817039, 47.527867671980125, 51.031176017788674, 48.78992568703467, 18.90546051046226, 20.14833453445619, 27.19502804681998, 46.317101996503354, 41.92407491113462, 45.63701852927796, 47.57394241009234, 10.174207812086884, 39.61106340417827, 39.343974257198525, 58.25596636182504, 25.748718584359814, 9.66966780982664, 46.15101289010146, 35.17644768047052, 56.211822262881206, 37.86871083285934, 20.237148642563163, 23.033617733110205, 36.49549801095177, 12.167753254738216, 0.0, 25.973831596175867, 11.206200880417404, 33.366945187824285, 26.644967913835217, 35.54997519914838, 19.923085692765433, 32.185145110867246, 41.39598575570564, 49.59045885568974, 27.498783369038065, 47.705610210116504, 57.136213397270105, 26.42570860436169, 60.32266768749042, 70.26400849049824, 31.688842549376034, 30.01018737292142, 17.048068541619877, 34.70836267949571, 22.208052133644067, 25.79138868808792, 63.782452714112736, 22.19217203663681, 33.38572683553017, 40.49810281321567, 26.64359381721019, 42.62682460473333, 37.135967501892885, 37.135967501892885, 37.135967501892885, 37.135967501892885, 37.135967501892885, 37.135967501892885, 37.135967501892885, 37.135967501892885, 37.135967501892885, 37.135967501892885, 37.135967501892885, 37.135967501892885, 37.135967501892885, 37.135967501892885, 37.135967501892885], [45.30221441616005, 33.61423933975731, 25.973831596175867, 0.0, 14.859562288527927, 26.590348873108084, 43.96968688762746, 10.234959504940283, 40.02005120436179, 12.498126619525001, 41.87984708911669, 47.09477780301351, 32.57963886983226, 29.280317228038832, 52.02024674515305, 43.30500225021506, 46.623571744053486, 53.34835868059545, 6.801237419868866, 7.116262383810941, 33.27379257114431, 18.182025069788825, 33.52070197539691, 36.87351642441385, 46.43623651874624, 28.31250791023165, 40.159494304343504, 44.935096027242004, 8.663872909781112, 22.903785149879702, 30.031724228629294, 30.031724228629294, 30.031724228629294, 30.031724228629294, 30.031724228629294, 30.031724228629294, 30.031724228629294, 30.031724228629294, 30.031724228629294, 30.031724228629294, 30.031724228629294, 30.031724228629294, 30.031724228629294, 30.031724228629294, 30.031724228629294, 36.51149838055688, 38.32243542992532, 36.32437233277665, 48.93325429933337, 9.11879543479363, 33.578300351879285, 53.208680641528204, 32.01463671375725, 26.846765012310293, 49.71297937850385, 28.48187439993256, 22.415461022267806, 6.47685546218264, 16.8462929003522, 21.32824627645868, 40.51444807328747, 26.359697637961467, 55.380729017967404, 35.30407776960587, 14.246429083043061, 19.03179363306226, 50.610881285012205, 6.8604951506161305, 21.64086799537724, 26.76049132735219, 43.16073298133703, 36.30479241314582, 44.420305927399326, 42.952777797535674, 2.940278670222288, 45.30221441616005, 33.61423933975731, 25.973831596175867, 0.0, 14.859562288527927, 26.590348873108084, 43.96968688762746, 10.234959504940283, 40.02005120436179, 12.498126619525001, 41.87984708911669, 47.09477780301351, 32.57963886983226, 29.280317228038832, 52.02024674515305, 43.30500225021506, 46.623571744053486, 53.34835868059545, 6.801237419868866, 7.116262383810941, 33.27379257114431, 18.182025069788825, 33.52070197539691, 36.87351642441385, 46.43623651874624, 28.31250791023165, 40.159494304343504, 44.935096027242004, 8.663872909781112, 22.903785149879702, 30.031724228629294, 30.031724228629294, 30.031724228629294, 30.031724228629294, 30.031724228629294, 30.031724228629294, 30.031724228629294, 30.031724228629294, 30.031724228629294, 30.031724228629294, 30.031724228629294, 30.031724228629294, 30.031724228629294, 30.031724228629294, 30.031724228629294], [39.44801551141942, 20.70240257403691, 11.206200880417404, 14.859562288527927, 0.0, 28.831113740633445, 33.528294449248214, 24.720203652350566, 28.05662387927656, 22.796507492817657, 40.65043695016813, 47.873166288250594, 27.940307667885175, 39.469905677538506, 54.526675436491715, 33.058734962341994, 54.230977497439085, 63.041937748281676, 20.491426133308003, 19.62279136746046, 22.662266118269745, 26.52690196333203, 25.452945525451575, 29.242631155861837, 56.29736690504328, 22.509555612260954, 35.161496595982726, 41.54008098664302, 17.083213139525903, 33.76821942998004, 32.78038250661149, 32.78038250661149, 32.78038250661149, 32.78038250661149, 32.78038250661149, 32.78038250661149, 32.78038250661149, 32.78038250661149, 32.78038250661149, 32.78038250661149, 32.78038250661149, 32.78038250661149, 32.78038250661149, 32.78038250661149, 32.78038250661149, 43.0681912051759, 46.9582514140955, 47.17397360402739, 56.61122196750911, 18.964416294180467, 33.54066943530301, 53.288356287466975, 32.76502038487818, 38.469549263617466, 49.882700036981795, 39.89471083266663, 17.0308089746469, 8.951365194351709, 20.372645722989706, 35.68901181706382, 40.35081578525638, 37.03159154367155, 50.46960379702142, 20.985224790323905, 28.41276666267108, 30.1648163734814, 54.604249752947325, 14.822990250935996, 10.350584287663251, 37.52003449317266, 37.65624135681128, 47.607939156413494, 39.78988432100454, 29.867277585515556, 11.930763597073925, 39.44801551141942, 20.70240257403691, 11.206200880417404, 14.859562288527927, 0.0, 28.831113740633445, 33.528294449248214, 24.720203652350566, 28.05662387927656, 22.796507492817657, 40.65043695016813, 47.873166288250594, 27.940307667885175, 39.469905677538506, 54.526675436491715, 33.058734962341994, 54.230977497439085, 63.041937748281676, 20.491426133308003, 19.62279136746046, 22.662266118269745, 26.52690196333203, 25.452945525451575, 29.242631155861837, 56.29736690504328, 22.509555612260954, 35.161496595982726, 41.54008098664302, 17.083213139525903, 33.76821942998004, 32.78038250661149, 32.78038250661149, 32.78038250661149, 32.78038250661149, 32.78038250661149, 32.78038250661149, 32.78038250661149, 32.78038250661149, 32.78038250661149, 32.78038250661149, 32.78038250661149, 32.78038250661149, 32.78038250661149, 32.78038250661149, 32.78038250661149], [24.053705916825503, 30.867331280758137, 33.366945187824285, 26.590348873108084, 28.831113740633445, 0.0, 31.413591497556894, 26.23043456920542, 32.28332296879042, 16.89370672915389, 15.979822289100278, 20.513707134099796, 13.705955647460778, 19.49223085315073, 26.053453993352374, 30.5154304958244, 27.183254823170117, 37.98185754964699, 31.963493578630324, 21.580739771216926, 25.29374150328161, 12.254453514009073, 20.33348190802198, 21.19197727394703, 32.09134735130065, 14.663926586268529, 18.81426933413296, 20.613673293249967, 17.999697619126646, 18.258603544234482, 3.949487594143586, 3.949487594143586, 3.949487594143586, 3.949487594143586, 3.949487594143586, 3.949487594143586, 3.949487594143586, 3.949487594143586, 3.949487594143586, 3.949487594143586, 3.949487594143586, 3.949487594143586, 3.949487594143586, 3.949487594143586, 3.949487594143586, 15.951880289264382, 22.021795642877084, 26.357826826099295, 29.486996977624553, 35.68496730364586, 7.636789474581224, 26.622224000598212, 5.694475792361192, 22.354972586464942, 23.129838458142302, 22.64304206057731, 14.694439494052196, 28.58381732141923, 9.819158712455597, 30.32393058021595, 14.128920122945386, 19.232498005920117, 31.64858976888123, 36.68473302681237, 36.22822727121081, 17.91696574034396, 25.775264981471572, 33.097480509017835, 23.705043461064378, 19.693412089549387, 21.838837335347446, 27.7391576010389, 21.63330954067086, 37.46653204019298, 26.160230785437598, 24.053705916825503, 30.867331280758137, 33.366945187824285, 26.590348873108084, 28.831113740633445, 0.0, 31.413591497556894, 26.23043456920542, 32.28332296879042, 16.89370672915389, 15.979822289100278, 20.513707134099796, 13.705955647460778, 19.49223085315073, 26.053453993352374, 30.5154304958244, 27.183254823170117, 37.98185754964699, 31.963493578630324, 21.580739771216926, 25.29374150328161, 12.254453514009073, 20.33348190802198, 21.19197727394703, 32.09134735130065, 14.663926586268529, 18.81426933413296, 20.613673293249967, 17.999697619126646, 18.258603544234482, 3.949487594143586, 3.949487594143586, 3.949487594143586, 3.949487594143586, 3.949487594143586, 3.949487594143586, 3.949487594143586, 3.949487594143586, 3.949487594143586, 3.949487594143586, 3.949487594143586, 3.949487594143586, 3.949487594143586, 3.949487594143586, 3.949487594143586], [15.437599426406024, 14.58847935524533, 26.644967913835217, 43.96968688762746, 33.528294449248214, 31.413591497556894, 0.0, 50.130687211441774, 7.358364190509181, 42.40057783124104, 27.321386867586014, 35.69417120119871, 17.79866375788534, 50.86776099123593, 43.96974104579353, 0.9022666011447273, 55.34338306991115, 67.29312412994594, 50.76340941178382, 43.86465493922931, 10.93703718232472, 40.926886694363496, 11.637674785991916, 10.26786221947082, 62.28828348900092, 17.928064945938797, 16.47619535552604, 22.552409358800674, 39.11747867143938, 48.67633913001178, 33.166764042700386, 33.166764042700386, 33.166764042700386, 33.166764042700386, 33.166764042700386, 33.166764042700386, 33.166764042700386, 33.166764042700386, 33.166764042700386, 33.166764042700386, 33.166764042700386, 33.166764042700386, 33.166764042700386, 33.166764042700386, 33.166764042700386, 45.49728050757789, 52.49258033281436, 57.71955511094068, 57.28936220666088, 51.27700522355095, 27.728250980521054, 37.627487756384475, 29.200982377703117, 53.26716490777851, 35.560221428930895, 53.78763348683431, 22.446523837954864, 40.74381195267073, 33.335691286534, 58.31204843339342, 29.633767060216, 50.30578019168388, 24.422021947141413, 19.802869065630173, 57.94325935931841, 47.09006938730358, 47.38117625056519, 47.21085980886376, 23.36287225967044, 50.797734553557035, 15.716634824940115, 59.14309175678707, 18.73092620635242, 11.260419437881025, 41.54786007603519, 15.437599426406024, 14.58847935524533, 26.644967913835217, 43.96968688762746, 33.528294449248214, 31.413591497556894, 0.0, 50.130687211441774, 7.358364190509181, 42.40057783124104, 27.321386867586014, 35.69417120119871, 17.79866375788534, 50.86776099123593, 43.96974104579353, 0.9022666011447273, 55.34338306991115, 67.29312412994594, 50.76340941178382, 43.86465493922931, 10.93703718232472, 40.926886694363496, 11.637674785991916, 10.26786221947082, 62.28828348900092, 17.928064945938797, 16.47619535552604, 22.552409358800674, 39.11747867143938, 48.67633913001178, 33.166764042700386, 33.166764042700386, 33.166764042700386, 33.166764042700386, 33.166764042700386, 33.166764042700386, 33.166764042700386, 33.166764042700386, 33.166764042700386, 33.166764042700386, 33.166764042700386, 33.166764042700386, 33.166764042700386, 33.166764042700386, 33.166764042700386], [48.47682363685531, 41.70904299268658, 35.54997519914838, 10.234959504940283, 24.720203652350566, 26.23043456920542, 50.130687211441774, 0.0, 47.293328570440075, 9.34245870746423, 42.20878628935146, 45.68519609835945, 35.96985799344434, 21.8981546757684, 49.132743779423926, 49.369235477327905, 40.284761488598754, 45.33636398626085, 9.143500929418767, 6.291677374169209, 40.065464871726775, 14.621004549596005, 38.85449510762908, 41.693212887775935, 38.477568934504866, 32.892687860396826, 43.10847956778564, 46.51739898274594, 11.013300085432334, 15.568064732393623, 28.743268375948556, 28.743268375948556, 28.743268375948556, 28.743268375948556, 28.743268375948556, 28.743268375948556, 28.743268375948556, 28.743268375948556, 28.743268375948556, 28.743268375948556, 28.743268375948556, 28.743268375948556, 28.743268375948556, 28.743268375948556, 28.743268375948556, 31.554754461947613, 31.604306272061685, 27.98484474785252, 42.454329984686, 14.658666232756108, 33.84830107996359, 51.97221654582927, 31.91920183103172, 18.373973379270797, 48.585087436789685, 20.08414136108998, 27.697209513845362, 16.709963796912547, 18.151951424070777, 11.09522040204822, 40.212479976540266, 18.805534015173933, 57.45995433510265, 44.31491954662247, 10.116392181310585, 12.08319805786446, 46.726005687401624, 15.165668741089753, 29.73859990494023, 19.08585154242548, 46.23459510826375, 27.62520404518641, 46.849637276643136, 50.88582778006141, 12.964528824454973, 48.47682363685531, 41.70904299268658, 35.54997519914838, 10.234959504940283, 24.720203652350566, 26.23043456920542, 50.130687211441774, 0.0, 47.293328570440075, 9.34245870746423, 42.20878628935146, 45.68519609835945, 35.96985799344434, 21.8981546757684, 49.132743779423926, 49.369235477327905, 40.284761488598754, 45.33636398626085, 9.143500929418767, 6.291677374169209, 40.065464871726775, 14.621004549596005, 38.85449510762908, 41.693212887775935, 38.477568934504866, 32.892687860396826, 43.10847956778564, 46.51739898274594, 11.013300085432334, 15.568064732393623, 28.743268375948556, 28.743268375948556, 28.743268375948556, 28.743268375948556, 28.743268375948556, 28.743268375948556, 28.743268375948556, 28.743268375948556, 28.743268375948556, 28.743268375948556, 28.743268375948556, 28.743268375948556, 28.743268375948556, 28.743268375948556, 28.743268375948556], [21.499379273799132, 7.76948429684219, 19.923085692765433, 40.02005120436179, 28.05662387927656, 32.28332296879042, 7.358364190509181, 47.293328570440075, 0.0, 40.466616323638604, 31.718242725580446, 40.369004944427246, 19.72578104644304, 51.19478224597776, 48.653505597485584, 7.499500992187116, 58.03451874913131, 69.64932696218112, 46.70681560626351, 41.01265475794991, 7.477662929839842, 40.02186294167695, 12.165381257339051, 13.105246824228969, 64.16310327740027, 17.683222643515716, 21.075749852505844, 27.944052554709412, 36.412250028825376, 48.13326067448618, 34.76969340530025, 34.76969340530025, 34.76969340530025, 34.76969340530025, 34.76969340530025, 34.76969340530025, 34.76969340530025, 34.76969340530025, 34.76969340530025, 34.76969340530025, 34.76969340530025, 34.76969340530025, 34.76969340530025, 34.76969340530025, 34.76969340530025, 47.517842118210574, 54.153315796327, 58.48894405586921, 60.1286762334276, 46.550689036239, 30.26491923707231, 43.096658038330915, 31.339445021699973, 52.94877653050447, 40.6790160588134, 53.68837252762734, 20.432939437271273, 36.000804656677936, 31.973884754328882, 56.3888598524652, 33.59095710944674, 50.19765216428865, 31.361427400649752, 12.449563279773454, 54.235116715604235, 46.02313778117563, 51.513660349763576, 42.40854759860049, 18.511723732757627, 50.71072821210021, 21.217466023482746, 59.7426954202215, 24.315791571583294, 5.442306813242876, 37.37490203576281, 21.499379273799132, 7.76948429684219, 19.923085692765433, 40.02005120436179, 28.05662387927656, 32.28332296879042, 7.358364190509181, 47.293328570440075, 0.0, 40.466616323638604, 31.718242725580446, 40.369004944427246, 19.72578104644304, 51.19478224597776, 48.653505597485584, 7.499500992187116, 58.03451874913131, 69.64932696218112, 46.70681560626351, 41.01265475794991, 7.477662929839842, 40.02186294167695, 12.165381257339051, 13.105246824228969, 64.16310327740027, 17.683222643515716, 21.075749852505844, 27.944052554709412, 36.412250028825376, 48.13326067448618, 34.76969340530025, 34.76969340530025, 34.76969340530025, 34.76969340530025, 34.76969340530025, 34.76969340530025, 34.76969340530025, 34.76969340530025, 34.76969340530025, 34.76969340530025, 34.76969340530025, 34.76969340530025, 34.76969340530025, 34.76969340530025, 34.76969340530025], [39.435668108398865, 35.85589728677706, 32.185145110867246, 12.498126619525001, 22.796507492817657, 16.89370672915389, 42.40057783124104, 9.34245870746423, 40.466616323638604, 0.0, 32.87351760560716, 36.61542202476953, 27.13920987619581, 17.168808690774725, 40.587494007599716, 41.58899553618459, 34.12650318157307, 41.22471764930142, 15.993861014377003, 5.622701831577236, 33.0278744483897, 5.914530205765356, 30.851951458073792, 33.35093229138198, 34.33770470347264, 24.66011114908032, 34.05162757426579, 37.20919442773996, 5.713331889950526, 11.075538985852821, 19.53410695960995, 19.53410695960995, 19.53410695960995, 19.53410695960995, 19.53410695960995, 19.53410695960995, 19.53410695960995, 19.53410695960995, 19.53410695960995, 19.53410695960995, 19.53410695960995, 19.53410695960995, 19.53410695960995, 19.53410695960995, 19.53410695960995, 24.134659035001054, 25.877264526070196, 24.62654105226573, 36.43963593369938, 20.67178544670046, 24.506497496466928, 42.884632291987124, 22.585741441223263, 15.676023157554821, 39.46041945680102, 17.129916036522033, 20.13994227291197, 17.4463581045509, 9.295944428553247, 15.959441693970916, 30.91998520234339, 14.456275046118407, 48.17798227226914, 39.58335272521636, 19.353419845073386, 7.373069235692291, 38.67206851149853, 19.304884416882786, 24.49499256587418, 14.91566238116001, 37.183903010884336, 24.910262844895385, 37.65389289292043, 44.615457336194716, 13.697549187501403, 39.435668108398865, 35.85589728677706, 32.185145110867246, 12.498126619525001, 22.796507492817657, 16.89370672915389, 42.40057783124104, 9.34245870746423, 40.466616323638604, 0.0, 32.87351760560716, 36.61542202476953, 27.13920987619581, 17.168808690774725, 40.587494007599716, 41.58899553618459, 34.12650318157307, 41.22471764930142, 15.993861014377003, 5.622701831577236, 33.0278744483897, 5.914530205765356, 30.851951458073792, 33.35093229138198, 34.33770470347264, 24.66011114908032, 34.05162757426579, 37.20919442773996, 5.713331889950526, 11.075538985852821, 19.53410695960995, 19.53410695960995, 19.53410695960995, 19.53410695960995, 19.53410695960995, 19.53410695960995, 19.53410695960995, 19.53410695960995, 19.53410695960995, 19.53410695960995, 19.53410695960995, 19.53410695960995, 19.53410695960995, 19.53410695960995, 19.53410695960995], [13.446473666875974, 34.13064879481532, 41.39598575570564, 41.87984708911669, 40.65043695016813, 15.979822289100278, 27.321386867586014, 42.20878628935146, 31.718242725580446, 32.87351760560716, 0.0, 8.693161929060517, 13.955846867662487, 31.384269307213252, 16.942678268573438, 26.50765637037317, 29.32832308365038, 41.50843791455363, 47.6633814283037, 37.44137604855377, 27.198212064150617, 28.00495955336622, 20.748585174046013, 18.65646557210796, 37.58084883797111, 19.216685980668576, 10.85848467776916, 6.543945243705023, 33.543881550942935, 32.518015565069526, 13.948453614074454, 13.948453614074454, 13.948453614074454, 13.948453614074454, 13.948453614074454, 13.948453614074454, 13.948453614074454, 13.948453614074454, 13.948453614074454, 13.948453614074454, 13.948453614074454, 13.948453614074454, 13.948453614074454, 13.948453614074454, 13.948453614074454, 21.648410921687308, 28.88644503874815, 36.08692855840557, 30.978714332905234, 50.9873422208149, 8.411808092462726, 12.820657949979859, 10.289929151640756, 35.5596645710625, 9.646281988051006, 35.277819965614945, 23.71874078122763, 42.75664569132547, 25.12821246909829, 45.53153120856385, 3.0525326867418934, 32.35208591627856, 16.711414416132044, 40.79119638072606, 52.20204899703959, 33.13863033954645, 20.060063009634092, 48.01233189921891, 32.44113771493508, 32.69219600111424, 12.089930651715733, 37.87276504171624, 9.765261572178543, 37.0936513977986, 40.99002904004448, 13.446473666875974, 34.13064879481532, 41.39598575570564, 41.87984708911669, 40.65043695016813, 15.979822289100278, 27.321386867586014, 42.20878628935146, 31.718242725580446, 32.87351760560716, 0.0, 8.693161929060517, 13.955846867662487, 31.384269307213252, 16.942678268573438, 26.50765637037317, 29.32832308365038, 41.50843791455363, 47.6633814283037, 37.44137604855377, 27.198212064150617, 28.00495955336622, 20.748585174046013, 18.65646557210796, 37.58084883797111, 19.216685980668576, 10.85848467776916, 6.543945243705023, 33.543881550942935, 32.518015565069526, 13.948453614074454, 13.948453614074454, 13.948453614074454, 13.948453614074454, 13.948453614074454, 13.948453614074454, 13.948453614074454, 13.948453614074454, 13.948453614074454, 13.948453614074454, 13.948453614074454, 13.948453614074454, 13.948453614074454, 13.948453614074454, 13.948453614074454], [20.976730415763434, 42.77926342596314, 49.59045885568974, 47.09477780301351, 47.873166288250594, 20.513707134099796, 35.69417120119871, 45.68519609835945, 40.369004944427246, 36.61542202476953, 8.693161929060517, 0.0, 22.40986260926879, 30.766560472871916, 8.2993741352045, 34.91149843987536, 23.667779576277837, 35.61020278539535, 52.267741039449646, 41.76250899938906, 35.86371452395154, 31.065861898992534, 29.414761478233537, 27.336054281290565, 32.80666007993314, 27.43178976639663, 19.370894598018403, 13.480399303676197, 38.47335271001254, 33.56228047211168, 17.17114812005701, 17.17114812005701, 17.17114812005701, 17.17114812005701, 17.17114812005701, 17.17114812005701, 17.17114812005701, 17.17114812005701, 17.17114812005701, 17.17114812005701, 17.17114812005701, 17.17114812005701, 17.17114812005701, 17.17114812005701, 17.17114812005701, 19.11268324731475, 25.640119185143778, 33.701659675119465, 24.869251408681063, 56.17398412474069, 14.340703089153708, 6.2901212869890735, 15.372381592138186, 35.520796734758456, 3.074594127680922, 34.83487091446055, 31.324665191922293, 48.8955900424954, 30.321564595268114, 47.00368671384235, 7.675326750539832, 32.4954414405137, 20.15053628393716, 49.42747388532101, 55.80133212384883, 35.12924122017057, 12.11690197528137, 53.60418844229764, 40.37311991942588, 32.71787271977709, 20.088153220165058, 35.59701381360285, 17.29636060079296, 45.72143790346779, 46.645523442845004, 20.976730415763434, 42.77926342596314, 49.59045885568974, 47.09477780301351, 47.873166288250594, 20.513707134099796, 35.69417120119871, 45.68519609835945, 40.369004944427246, 36.61542202476953, 8.693161929060517, 0.0, 22.40986260926879, 30.766560472871916, 8.2993741352045, 34.91149843987536, 23.667779576277837, 35.61020278539535, 52.267741039449646, 41.76250899938906, 35.86371452395154, 31.065861898992534, 29.414761478233537, 27.336054281290565, 32.80666007993314, 27.43178976639663, 19.370894598018403, 13.480399303676197, 38.47335271001254, 33.56228047211168, 17.17114812005701, 17.17114812005701, 17.17114812005701, 17.17114812005701, 17.17114812005701, 17.17114812005701, 17.17114812005701, 17.17114812005701, 17.17114812005701, 17.17114812005701, 17.17114812005701, 17.17114812005701, 17.17114812005701, 17.17114812005701, 17.17114812005701], [12.73937414410661, 20.57676162025683, 27.498783369038065, 32.57963886983226, 27.940307667885175, 13.705955647460778, 17.79866375788534, 35.96985799344434, 19.72578104644304, 27.13920987619581, 13.955846867662487, 22.40986260926879, 0.0, 33.19798306016748, 30.364917202441895, 16.896752594034567, 38.31284107913149, 49.99937660308028, 39.10682889735074, 30.109236586762922, 13.84351699106652, 24.345153399163205, 7.635395238971882, 7.5323308607377255, 44.70420218227235, 5.51693269478913, 7.615891355312904, 13.607311468961171, 25.477354387987372, 31.540431763101218, 15.403551274385578, 15.403551274385578, 15.403551274385578, 15.403551274385578, 15.403551274385578, 15.403551274385578, 15.403551274385578, 15.403551274385578, 15.403551274385578, 15.403551274385578, 15.403551274385578, 15.403551274385578, 15.403551274385578, 15.403551274385578, 15.403551274385578, 27.95088613754651, 34.803793810064, 39.93089905021208, 40.40299298542453, 41.2943581838668, 10.548427866407401, 26.696958288412688, 11.658924889671992, 35.906625522141084, 23.60081761779948, 36.29194104219361, 11.080330609497505, 31.780373827365775, 17.88103195196341, 42.443076240400224, 14.90106221622553, 32.845614462963866, 23.039065983866266, 27.150497722072398, 45.12625742986218, 30.48454211105925, 32.45649080558607, 37.75394306926122, 18.852754525259325, 33.32074535201167, 10.581171466769517, 41.37588696555551, 12.085154431467567, 25.13916249612628, 30.954459275325924, 12.73937414410661, 20.57676162025683, 27.498783369038065, 32.57963886983226, 27.940307667885175, 13.705955647460778, 17.79866375788534, 35.96985799344434, 19.72578104644304, 27.13920987619581, 13.955846867662487, 22.40986260926879, 0.0, 33.19798306016748, 30.364917202441895, 16.896752594034567, 38.31284107913149, 49.99937660308028, 39.10682889735074, 30.109236586762922, 13.84351699106652, 24.345153399163205, 7.635395238971882, 7.5323308607377255, 44.70420218227235, 5.51693269478913, 7.615891355312904, 13.607311468961171, 25.477354387987372, 31.540431763101218, 15.403551274385578, 15.403551274385578, 15.403551274385578, 15.403551274385578, 15.403551274385578, 15.403551274385578, 15.403551274385578, 15.403551274385578, 15.403551274385578, 15.403551274385578, 15.403551274385578, 15.403551274385578, 15.403551274385578, 15.403551274385578, 15.403551274385578], [42.60316451104648, 48.5519810028103, 47.705610210116504, 29.280317228038832, 39.469905677538506, 19.49223085315073, 50.86776099123593, 21.8981546757684, 51.19478224597776, 17.168808690774725, 31.384269307213252, 30.766560472871916, 33.19798306016748, 0.0, 31.18899736338335, 49.972605226229305, 18.55236391514232, 24.089040131161028, 30.903475827397873, 22.165387072795966, 43.897248168521116, 13.044936007612662, 39.5840342266163, 40.67532661117306, 17.186009965973774, 33.558572161972, 37.685374767057475, 37.54019455502234, 22.661330961533142, 6.440644626000338, 18.612148993010432, 18.612148993010432, 18.612148993010432, 18.612148993010432, 18.612148993010432, 18.612148993010432, 18.612148993010432, 18.612148993010432, 18.612148993010432, 18.612148993010432, 18.612148993010432, 18.612148993010432, 18.612148993010432, 18.612148993010432, 18.612148993010432, 12.231191592824588, 9.815269266125613, 7.812230960218708, 20.63648019085311, 36.27681838997001, 25.069930262429203, 36.64743204684057, 23.04349706199085, 5.018387665841968, 33.83195207825226, 4.070420897585647, 31.59779892839973, 34.60702092942315, 20.703357088232238, 17.80791791032371, 28.483460544536012, 3.095322416635229, 48.08965455589041, 53.52212888735074, 30.635948482824528, 10.2768684593617, 27.41020779114597, 35.81085957812238, 38.83203158770442, 2.877351659289523, 40.50622584411521, 8.674694433049655, 39.62186664561212, 56.14351862372057, 30.809841506887313, 42.60316451104648, 48.5519810028103, 47.705610210116504, 29.280317228038832, 39.469905677538506, 19.49223085315073, 50.86776099123593, 21.8981546757684, 51.19478224597776, 17.168808690774725, 31.384269307213252, 30.766560472871916, 33.19798306016748, 0.0, 31.18899736338335, 49.972605226229305, 18.55236391514232, 24.089040131161028, 30.903475827397873, 22.165387072795966, 43.897248168521116, 13.044936007612662, 39.5840342266163, 40.67532661117306, 17.186009965973774, 33.558572161972, 37.685374767057475, 37.54019455502234, 22.661330961533142, 6.440644626000338, 18.612148993010432, 18.612148993010432, 18.612148993010432, 18.612148993010432, 18.612148993010432, 18.612148993010432, 18.612148993010432, 18.612148993010432, 18.612148993010432, 18.612148993010432, 18.612148993010432, 18.612148993010432, 18.612148993010432, 18.612148993010432, 18.612148993010432], [29.08376484319542, 50.87281349172694, 57.136213397270105, 52.02024674515305, 54.526675436491715, 26.053453993352374, 43.96974104579353, 49.132743779423926, 48.653505597485584, 40.587494007599716, 16.942678268573438, 8.2993741352045, 30.364917202441895, 31.18899736338335, 0.0, 43.19379357745358, 19.157949612922128, 30.12919259059083, 56.561631696513004, 46.05041088994936, 43.99625634275452, 34.73566027200765, 37.55856875602029, 35.59891369781859, 28.730282136694832, 35.14630825157692, 27.670265227010034, 21.603991236922766, 43.36716970132517, 35.3455279994189, 22.237040645569135, 22.237040645569135, 22.237040645569135, 22.237040645569135, 22.237040645569135, 22.237040645569135, 22.237040645569135, 22.237040645569135, 22.237040645569135, 22.237040645569135, 22.237040645569135, 22.237040645569135, 22.237040645569135, 22.237040645569135, 22.237040645569135, 18.965394744672164, 23.818226946786897, 32.16430538304298, 19.67238445543838, 60.92197748145029, 21.29853217999391, 8.730922195150086, 21.788253932499703, 36.19260878521435, 8.857967844884081, 35.16106291224991, 38.5106214730673, 54.589015248212995, 35.71593515448831, 48.61071466263381, 15.464052694838617, 33.51840641524103, 26.599388650269265, 57.492580584414235, 59.13177923874894, 37.66878111685206, 5.468152197457567, 58.74932166854787, 47.7