{"num_workers": 45, "num_roles": 5, "num_nodes": 120, "w": [[120, 120], [240, 240], [60, 60], [30, 30], [0, 0], [120, 120], [120, 120], [240, 240], [120, 120], [30, 30], [300, 300], [210, 210], [330, 330], [90, 90], [360, 360], [0, 0], [30, 30], [150, 150], [30, 30], [60, 60], [30, 30], [330, 330], [120, 120], [180, 180], [30, 30], [120, 120], [120, 120], [60, 60], [120, 120], [60, 60], [0, 0], [0, 0], [0, 0], [0, 0], [0, 0], [0, 0], [0, 0], [0, 0], [0, 0], [0, 0], [0, 0], [0, 0], [0, 0], [0, 0], [0, 0], [180, 450], [240, 420], [240, 390], [30, 390], [210, 240], [60, 450], [240, 300], [60, 330], [90, 240], [60, 120], [90, 390], [30, 390], [90, 120], [360, 450], [60, 390], [300, 420], [150, 420], [300, 420], [30, 420], [210, 360], [30, 390], [90, 210], [150, 420], [120, 240], [60, 390], [120, 210], [60, 240], [30, 390], [120, 420], [30, 360], [450, 450], [420, 420], [360, 360], [210, 210], [450, 450], [420, 420], [480, 480], [420, 420], [390, 390], [450, 450], [390, 390], [270, 270], [450, 450], [480, 480], [480, 480], [390, 390], [330, 330], [390, 390], [330, 330], [420, 420], [210, 210], [450, 450], [330, 330], [210, 210], [360, 360], [210, 210], [210, 210], [480, 480], [420, 420], [330, 330], [480, 480], [480, 480], [480, 480], [480, 480], [480, 480], [480, 480], [480, 480], [480, 480], [480, 480], [480, 480], [480, 480], [480, 480], [480, 480], [480, 480], [480, 480]], "p": [0, 0, 0, 0, 0, 0, 0, 0, 0, 0, 0, 0, 0, 0, 0, 0, 0, 0, 0, 0, 0, 0, 0, 0, 0, 0, 0, 0, 0, 0, 0, 0, 0, 0, 0, 0, 0, 0, 0, 0, 0, 0, 0, 0, 0, 46.776861191563185, 43.97726727839532, 58.86063063192978, 62.48134971819604, 58.359078854522636, 59.04975125983299, 64.5509110810176, 51.57180271491319, 66.221057708434, 55.97336535520448, 43.65983396131165, 45.0532019267883, 59.698948848123244, 43.166798292560024, 44.657392031401734, 74.3539209621156, 60.5458043470138, 58.54071674951176, 51.07270403567454, 49.4766430256408, 64.44825560814255, 54.77190378958968, 72.0849785906881, 72.84814094602993, 58.74484892620616, 40.131519457510336, 67.93003918949319, 65.58285556072326, 60.853185509180506, 46.442868583892725, 0, 0, 0, 0, 0, 0, 0, 0, 0, 0, 0, 0, 0, 0, 0, 0, 0, 0, 0, 0, 0, 0, 0, 0, 0, 0, 0, 0, 0, 0, 0, 0, 0, 0, 0, 0, 0, 0, 0, 0, 0, 0, 0, 0, 0], "e": [[1, 0, 0, 0, 1], [0, 0, 1, 0, 1], [1, 1, 0, 0, 0], [1, 0, 0, 0, 1], [1, 1, 0, 0, 0], [1, 0, 0, 0, 1], [1, 1, 0, 0, 0], [1, 0, 0, 0, 0], [1, 1, 0, 0, 0], [1, 0, 0, 0, 0], [1, 1, 0, 0, 0], [1, 1, 0, 0, 0], [0, 0, 1, 0, 0], [0, 0, 0, 0, 1], [0, 1, 0, 0, 0], [0, 0, 0, 1, 0], [1, 0, 0, 0, 0], [0, 1, 0, 0, 0], [1, 0, 0, 0, 0], [0, 0, 1, 0, 0], [1, 0, 0, 0, 0], [0, 0, 1, 0, 0], [0, 0, 0, 1, 0], [0, 1, 0, 0, 0], [0, 0, 1, 0, 0], [0, 0, 1, 0, 0], [0, 0, 0, 0, 1], [0, 0, 0, 1, 0], [0, 1, 0, 0, 0], [0, 0, 0, 1, 0], [0, 1, 0, 0, 0], [0, 0, 0, 0, 1], [0, 0, 1, 0, 0], [0, 0, 1, 0, 0], [0, 0, 0, 0, 1], [0, 0, 0, 1, 0], [0, 0, 0, 1, 0], [0, 0, 0, 0, 1], [0, 0, 1, 0, 0], [0, 1, 0, 0, 0], [0, 0, 0, 1, 0], [0, 0, 0, 1, 0], [0, 0, 0, 1, 0], [0, 1, 0, 0, 0], [0, 1, 0, 0, 0]], "d": [[1, 0, 3, 0, 1, 3, 1, 3, 3, 1, 1, 3, 1, 1, 0, 1, 0, 1, 1, 3, 1, 0, 0, 0, 0, 1, 1, 0, 3, 1], [2, 3, 0, 3, 2, 0, 3, 0, 0, 3, 3, 0, 3, 2, 3, 2, 3, 2, 3, 0, 3, 3, 3, 3, 3, 3, 3, 3, 0, 2], [0, 1, 2, 1, 0, 2, 0, 2, 2, 1, 1, 2, 0, 0, 1, 0, 1, 0, 0, 2, 0, 1, 1, 1, 1, 1, 1, 1, 2, 0], [2, 1, 0, 1, 2, 0, 3, 0, 0, 3, 3, 0, 3, 2, 1, 2, 1, 2, 3, 0, 3, 1, 1, 1, 1, 3, 3, 1, 0, 2], [0, 1, 1, 1, 0, 1, 1, 1, 1, 0, 0, 1, 1, 0, 1, 0, 1, 0, 1, 1, 1, 1, 1, 1, 1, 0, 0, 1, 1, 0]], "r": [2901, 2437, 3226, 2721, 4705, 4103, 2711, 1724, 3331, 3367, 2122, 3464, 199, 2140, 2591, 2179, 3072, 1156, 4250, 2034, 1613, 667, 3091, 4226, 558, 3028, 2877, 3674, 4758, 3354], "g": [[0, 0, 0, 0, 0, 0, 0, 0, 0, 0, 0, 0, 0, 0, 0, 0, 0, 0, 0, 0, 0, 0, 0, 0, 0, 0, 0, 0, 0, 0], [0, 0, 0, 0, 0, 0, 0, 0, 0, 0, 0, 0, 0, 0, 0, 0, 0, 0, 0, 0, 0, 0, 0, 0, 0, 0, 0, 0, 0, 0], [0, 0, 0, 0, 0, 0, 0, 0, 0, 0, 0, 0, 0, 0, 0, 0, 0, 0, 0, 0, 0, 0, 0, 0, 0, 0, 0, 0, 0, 0], [0, 0, 0, 0, 0, 0, 0, 0, 0, 0, 0, 0, 0, 0, 0, 0, 0, 0, 0, 0, 0, 0, 0, 0, 0, 0, 0, 0, 0, 0], [0, 0, 0, 0, 0, 0, 0, 0, 0, 0, 0, 0, 0, 0, 0, 0, 0, 0, 0, 0, 0, 0, 0, 0, 0, 0, 0, 0, 0, 0], [0, 0, 0, 0, 0, 0, 0, 0, 0, 0, 0, 0, 0, 0, 0, 0, 0, 0, 0, 0, 0, 0, 0, 0, 0, 0, 0, 0, 0, 0], [0, 0, 0, 0, 0, 0, 0, 0, 0, 0, 0, 0, 0, 0, 0, 0, 0, 0, 0, 0, 0, 0, 0, 0, 0, 0, 0, 0, 0, 0], [0, 0, 0, 0, 0, 0, 0, 0, 0, 0, 0, 0, 0, 0, 0, 0, 0, 0, 0, 0, 0, 0, 0, 0, 0, 0, 0, 0, 0, 0], [0, 0, 0, 0, 0, 0, 0, 0, 0, 0, 0, 0, 0, 0, 0, 0, 0, 0, 0, 0, 0, 0, 0, 0, 0, 0, 0, 0, 0, 0], [0, 0, 0, 0, 0, 0, 0, 0, 0, 0, 0, 0, 0, 0, 0, 0, 0, 0, 0, 0, 0, 0, 0, 0, 0, 0, 0, 0, 0, 0], [0, 0, 0, 0, 0, 0, 0, 0, 0, 0, 0, 0, 0, 0, 0, 0, 0, 0, 0, 0, 0, 0, 0, 0, 0, 0, 0, 0, 0, 0], [0, 0, 0, 0, 0, 0, 0, 0, 0, 0, 0, 0, 0, 0, 0, 0, 0, 0, 0, 0, 0, 0, 0, 0, 0, 0, 0, 0, 0, 0], [0, 0, 0, 0, 0, 0, 0, 0, 0, 0, 0, 0, 0, 0, 0, 0, 0, 0, 0, 0, 0, 0, 0, 0, 0, 0, 0, 0, 0, 0], [0, 0, 0, 0, 0, 0, 0, 0, 0, 0, 0, 0, 0, 0, 0, 0, 0, 0, 0, 0, 0, 0, 0, 0, 0, 0, 0, 0, 0, 0], [0, 0, 0, 0, 0, 0, 0, 0, 0, 0, 0, 0, 0, 0, 0, 0, 0, 0, 0, 0, 0, 0, 0, 0, 0, 0, 0, 0, 0, 0], [0, 0, 0, 0, 0, 0, 0, 0, 0, 0, 0, 0, 0, 0, 0, 0, 0, 0, 0, 0, 0, 0, 0, 0, 0, 0, 0, 0, 0, 0], [0, 0, 0, 0, 0, 0, 0, 0, 0, 0, 0, 0, 0, 0, 0, 0, 0, 0, 0, 0, 0, 0, 0, 0, 0, 0, 0, 0, 0, 0], [0, 0, 0, 0, 0, 0, 0, 0, 0, 0, 0, 0, 0, 0, 0, 0, 0, 0, 0, 0, 0, 0, 0, 0, 0, 0, 0, 0, 0, 0], [0, 0, 0, 0, 0, 0, 0, 0, 0, 0, 0, 0, 0, 0, 0, 0, 0, 0, 0, 0, 0, 0, 0, 0, 0, 0, 0, 0, 0, 0], [0, 0, 0, 0, 0, 0, 0, 0, 0, 0, 0, 0, 0, 0, 0, 0, 0, 0, 0, 0, 0, 0, 0, 0, 0, 0, 0, 0, 0, 0], [0, 0, 0, 0, 0, 0, 0, 0, 0, 0, 0, 0, 0, 0, 0, 0, 0, 0, 0, 0, 0, 0, 0, 0, 0, 0, 0, 0, 0, 0], [0, 0, 0, 0, 0, 0, 0, 0, 0, 0, 0, 0, 0, 0, 0, 0, 0, 0, 0, 0, 0, 0, 0, 0, 0, 0, 0, 0, 0, 0], [0, 0, 0, 0, 0, 0, 0, 0, 0, 0, 0, 0, 0, 0, 0, 0, 0, 0, 0, 0, 0, 0, 0, 0, 0, 0, 0, 0, 0, 0], [0, 0, 0, 0, 0, 0, 0, 0, 0, 0, 0, 0, 0, 0, 0, 0, 0, 0, 0, 0, 0, 0, 0, 0, 0, 0, 0, 0, 0, 0], [0, 0, 0, 0, 0, 0, 0, 0, 0, 0, 0, 0, 0, 0, 0, 0, 0, 0, 0, 0, 0, 0, 0, 0, 0, 0, 0, 0, 0, 0], [0, 0, 0, 0, 0, 0, 0, 0, 0, 0, 0, 0, 0, 0, 0, 0, 0, 0, 0, 0, 0, 0, 0, 0, 0, 0, 0, 0, 0, 0], [0, 0, 0, 0, 0, 0, 0, 0, 0, 0, 0, 0, 0, 0, 0, 0, 0, 0, 0, 0, 0, 0, 0, 0, 0, 0, 0, 0, 0, 0], [0, 0, 0, 0, 0, 0, 0, 0, 0, 0, 0, 0, 0, 0, 0, 0, 0, 0, 0, 0, 0, 0, 0, 0, 0, 0, 0, 0, 0, 0], [0, 0, 0, 0, 0, 0, 0, 0, 0, 0, 0, 0, 0, 0, 0, 0, 0, 0, 0, 0, 0, 0, 0, 0, 0, 0, 0, 0, 0, 0], [0, 0, 0, 0, 0, 0, 0, 0, 0, 0, 0, 0, 0, 0, 0, 0, 0, 0, 0, 0, 0, 0, 0, 0, 0, 0, 0, 0, 0, 0]], "t": [[0.0, 46.29886494159598, 62.23338536940826, 33.41285773395802, 17.971178960089706, 35.23074507346282, 22.90001380363744, 25.448648375587823, 11.182305904177822, 51.28997759038109, 33.05471768004042, 22.60192879918364, 50.71164351991552, 7.292302333930843, 27.519083581174712, 28.514329633108957, 55.198151282696024, 25.41395005324191, 29.869170001740535, 4.208654566887109, 22.590846470198837, 34.15871063491721, 11.571990564227066, 36.94182357148947, 49.172088776672574, 20.92759381641095, 24.783907075737336, 26.057729079512033, 31.497809655799784, 21.05641531694163, 55.758300763021985, 55.758300763021985, 55.758300763021985, 55.758300763021985, 55.758300763021985, 55.758300763021985, 55.758300763021985, 55.758300763021985, 55.758300763021985, 55.758300763021985, 55.758300763021985, 55.758300763021985, 55.758300763021985, 55.758300763021985, 55.758300763021985, 55.47620198963688, 39.00880607204304, 54.84383016538543, 18.468867534711052, 42.31373998744069, 27.844448528796782, 11.271338112937558, 19.898239744916673, 39.13683911186821, 44.38060157943522, 41.40309923231945, 22.847033409465272, 38.55136361083969, 20.82526889956466, 38.356372700703616, 42.64413095933345, 43.91888095660398, 31.71191563219741, 51.91076576976533, 37.92693796889062, 20.911151665138153, 49.49035409580634, 10.695267108944535, 12.46927372727869, 57.034209714421166, 32.37693267096835, 46.6877968717922, 12.71878992424688, 47.78952978297719, 29.659139604537245, 0.0, 46.29886494159598, 62.23338536940826, 33.41285773395802, 17.971178960089706, 35.23074507346282, 22.90001380363744, 25.448648375587823, 11.182305904177822, 51.28997759038109, 33.05471768004042, 22.60192879918364, 50.71164351991552, 7.292302333930843, 27.519083581174712, 28.514329633108957, 55.198151282696024, 25.41395005324191, 29.869170001740535, 4.208654566887109, 22.590846470198837, 34.15871063491721, 11.571990564227066, 36.94182357148947, 49.172088776672574, 20.92759381641095, 24.783907075737336, 26.057729079512033, 31.497809655799784, 21.05641531694163, 55.758300763021985, 55.758300763021985, 55.758300763021985, 55.758300763021985, 55.758300763021985, 55.758300763021985, 55.758300763021985, 55.758300763021985, 55.758300763021985, 55.758300763021985, 55.758300763021985, 55.758300763021985, 55.758300763021985, 55.758300763021985, 55.758300763021985], [46.29886494159598, 0.0, 33.84459379180706, 46.03700834857899, 43.79848365459289, 26.93592957183773, 36.88971639329527, 36.643810923971, 35.37559532916568, 23.76476741900742, 55.71054725802871, 30.604774247859297, 11.868861299166305, 42.59200671205568, 19.614572704335526, 21.364443442732732, 16.64142835668819, 39.16754472384618, 25.316823645686462, 43.259151197029645, 35.46253651612145, 46.90565456473734, 42.27663281871893, 43.26248999443556, 13.901417490452625, 50.138723970368716, 35.701319480246, 21.029035823714324, 54.3910637649355, 36.260262624173244, 11.297024591202415, 11.297024591202415, 11.297024591202415, 11.297024591202415, 11.297024591202415, 11.297024591202415, 11.297024591202415, 11.297024591202415, 11.297024591202415, 11.297024591202415, 11.297024591202415, 11.297024591202415, 11.297024591202415, 11.297024591202415, 11.297024591202415, 20.71705769090134, 25.41561340773409, 11.654089001793164, 27.885797201253283, 11.718158203612521, 21.804355455221717, 37.941848946188415, 46.52294113279939, 10.535620699772055, 14.119392399899146, 9.095502302400218, 24.523433621911533, 10.631370024467664, 33.31522213337665, 8.828391203555263, 26.617004177334795, 14.0562352002987, 35.4838206159562, 12.87759439072633, 10.11673181436057, 41.2659025660495, 12.68312441845046, 46.52284047433986, 45.21764943812713, 30.59968458328604, 14.493890018998023, 32.77907991657258, 36.783942938974484, 13.328154574221012, 35.25588840353219, 46.29886494159598, 0.0, 33.84459379180706, 46.03700834857899, 43.79848365459289, 26.93592957183773, 36.88971639329527, 36.643810923971, 35.37559532916568, 23.76476741900742, 55.71054725802871, 30.604774247859297, 11.868861299166305, 42.59200671205568, 19.614572704335526, 21.364443442732732, 16.64142835668819, 39.16754472384618, 25.316823645686462, 43.259151197029645, 35.46253651612145, 46.90565456473734, 42.27663281871893, 43.26248999443556, 13.901417490452625, 50.138723970368716, 35.701319480246, 21.029035823714324, 54.3910637649355, 36.260262624173244, 11.297024591202415, 11.297024591202415, 11.297024591202415, 11.297024591202415, 11.297024591202415, 11.297024591202415, 11.297024591202415, 11.297024591202415, 11.297024591202415, 11.297024591202415, 11.297024591202415, 11.297024591202415, 11.297024591202415, 11.297024591202415, 11.297024591202415], [62.23338536940826, 33.84459379180706, 0.0, 40.34704159592114, 68.56725293982757, 58.73598044694418, 64.12007348204843, 39.241770274142034, 51.9927480475813, 11.888729613273757, 51.17442447275343, 39.66633699658194, 22.029797180678905, 55.60393882421999, 45.395724117935785, 49.546949178851015, 48.45889149855754, 40.7793678761997, 32.40957814035492, 58.08830500989206, 40.96507199065061, 40.63478832383464, 64.29845700125094, 34.93992428877026, 20.12469894489741, 75.0, 63.715591145469794, 39.545679094337544, 50.722760830325846, 62.706776744229906, 40.11062796720422, 40.11062796720422, 40.11062796720422, 40.11062796720422, 40.11062796720422, 40.11062796720422, 40.11062796720422, 40.11062796720422, 40.11062796720422, 40.11062796720422, 40.11062796720422, 40.11062796720422, 40.11062796720422, 40.11062796720422, 40.11062796720422, 13.292515438127142, 58.20733026238303, 41.879321889456925, 46.90929299527057, 45.218672184256086, 35.79058579895735, 59.23913239134775, 50.46886649708288, 42.72496777168131, 47.9120453245182, 28.59563381968263, 48.811612929186076, 30.385185481318253, 59.48140665704493, 33.053323708070465, 19.69057908073432, 47.810527365803296, 33.422706260262196, 45.48925359842708, 31.885847889225573, 45.532416614822345, 21.20267008271944, 56.328887422902916, 54.13427621318372, 5.199869647085232, 41.91938269636043, 17.689910688229407, 58.740420107494884, 47.05479499798793, 35.042639503934, 62.23338536940826, 33.84459379180706, 0.0, 40.34704159592114, 68.56725293982757, 58.73598044694418, 64.12007348204843, 39.241770274142034, 51.9927480475813, 11.888729613273757, 51.17442447275343, 39.66633699658194, 22.029797180678905, 55.60393882421999, 45.395724117935785, 49.546949178851015, 48.45889149855754, 40.7793678761997, 32.40957814035492, 58.08830500989206, 40.96507199065061, 40.63478832383464, 64.29845700125094, 34.93992428877026, 20.12469894489741, 75.0, 63.715591145469794, 39.545679094337544, 50.722760830325846, 62.706776744229906, 40.11062796720422, 40.11062796720422, 40.11062796720422, 40.11062796720422, 40.11062796720422, 40.11062796720422, 40.11062796720422, 40.11062796720422, 40.11062796720422, 40.11062796720422, 40.11062796720422, 40.11062796720422, 40.11062796720422, 40.11062796720422, 40.11062796720422], [33.41285773395802, 46.03700834857899, 40.34704159592114, 0.0, 48.451525907461516, 54.01692553912379, 49.1240204786542, 11.477924046012324, 28.999342589355695, 33.93860761070365, 11.062265771482222, 19.188562914503763, 41.94543042385331, 26.354567092788024, 38.40020012644374, 42.821930535775934, 61.64849925491478, 9.643550431350937, 21.052239249894477, 29.703602065560936, 14.503725988188961, 0.9819834349493928, 41.94202401684131, 5.531786258882255, 38.86285868234871, 53.250267525673195, 50.10824129843228, 29.95468743462201, 10.40988161025737, 47.03798393448898, 57.29007305858956, 57.29007305858956, 57.29007305858956, 57.29007305858956, 57.29007305858956, 57.29007305858956, 57.29007305858956, 57.29007305858956, 57.29007305858956, 57.29007305858956, 57.29007305858956, 57.29007305858956, 57.29007305858956, 57.29007305858956, 57.29007305858956, 40.95801650031947, 56.257636421718914, 57.65403307870103, 30.564826214873857, 50.458663427061914, 26.259651908066868, 38.025546297177904, 14.22622507654601, 46.25277416143386, 53.71541822177344, 37.11760391338946, 37.41936788740471, 35.43805332942571, 44.71090794725505, 37.80139621031473, 23.83874796537122, 53.315798856072234, 10.565564424649535, 57.66339690821711, 36.20093898128692, 12.741181383476851, 40.059109420117764, 23.334540215656897, 21.18187974099649, 35.8528494532545, 39.755777047979265, 22.769506938598568, 38.59659092832082, 55.6521159805487, 10.934260635465543, 33.41285773395802, 46.03700834857899, 40.34704159592114, 0.0, 48.451525907461516, 54.01692553912379, 49.1240204786542, 11.477924046012324, 28.999342589355695, 33.93860761070365, 11.062265771482222, 19.188562914503763, 41.94543042385331, 26.354567092788024, 38.40020012644374, 42.821930535775934, 61.64849925491478, 9.643550431350937, 21.052239249894477, 29.703602065560936, 14.503725988188961, 0.9819834349493928, 41.94202401684131, 5.531786258882255, 38.86285868234871, 53.250267525673195, 50.10824129843228, 29.95468743462201, 10.40988161025737, 47.03798393448898, 57.29007305858956, 57.29007305858956, 57.29007305858956, 57.29007305858956, 57.29007305858956, 57.29007305858956, 57.29007305858956, 57.29007305858956, 57.29007305858956, 57.29007305858956, 57.29007305858956, 57.29007305858956, 57.29007305858956, 57.29007305858956, 57.29007305858956], [17.971178960089706, 43.79848365459289, 68.56725293982757, 48.451525907461516, 0.0, 23.055610643276285, 8.264443441266897, 38.29598872203671, 19.72006320437117, 56.75642092821426, 50.19276828359202, 32.439243352847, 51.9465629512995, 23.045501683291928, 24.715297925028455, 22.47740351714463, 47.17496016915891, 39.21450455928527, 37.62964470101696, 19.975762596359452, 35.00835354133425, 49.32791571800249, 6.707060930956049, 50.78600139037212, 51.507955709455835, 6.520331136012738, 10.28290057916354, 29.021612435567388, 48.57289440063357, 7.882872496856942, 50.46781722866524, 50.46781722866524, 50.46781722866524, 50.46781722866524, 50.46781722866524, 50.46781722866524, 50.46781722866524, 50.46781722866524, 50.46781722866524, 50.46781722866524, 50.46781722866524, 50.46781722866524, 50.46781722866524, 50.46781722866524, 50.46781722866524, 58.87310822002213, 27.053701339391417, 48.96552557708653, 21.98950352476835, 35.68147904526616, 32.97590268843194, 10.598620342544416, 36.49723551214073, 34.040680372281784, 36.50880053902742, 42.420246464141584, 20.275567514593323, 39.800184205552824, 10.510490915689054, 38.22064241430868, 50.45221404223117, 36.10913408655101, 43.70912548969072, 44.79519096622602, 38.60679450148917, 35.783459301652144, 51.30905873392125, 28.048350973026892, 29.302936712258795, 63.576646513745644, 29.59170685148065, 55.96895784452019, 10.440012974098083, 40.1403640449365, 41.72969981822784, 17.971178960089706, 43.79848365459289, 68.56725293982757, 48.451525907461516, 0.0, 23.055610643276285, 8.264443441266897, 38.29598872203671, 19.72006320437117, 56.75642092821426, 50.19276828359202, 32.439243352847, 51.9465629512995, 23.045501683291928, 24.715297925028455, 22.47740351714463, 47.17496016915891, 39.21450455928527, 37.62964470101696, 19.975762596359452, 35.00835354133425, 49.32791571800249, 6.707060930956049, 50.78600139037212, 51.507955709455835, 6.520331136012738, 10.28290057916354, 29.021612435567388, 48.57289440063357, 7.882872496856942, 50.46781722866524, 50.46781722866524, 50.46781722866524, 50.46781722866524, 50.46781722866524, 50.46781722866524, 50.46781722866524, 50.46781722866524, 50.46781722866524, 50.46781722866524, 50.46781722866524, 50.46781722866524, 50.46781722866524, 50.46781722866524, 50.46781722866524], [35.23074507346282, 26.93592957183773, 58.73598044694418, 54.01692553912379, 23.055610643276285, 0.0, 14.793921248479256, 42.54055969927201, 28.646781373229707, 47.22461463614836, 59.99562908060932, 34.83579834514218, 37.98774670690656, 36.086500169603994, 16.130753361607816, 11.371501726407322, 24.89413936427919, 44.561834817901286, 35.4658154896229, 34.55214185483288, 39.6482756060918, 54.99842585465781, 25.51610719104458, 53.988292775193756, 38.93371988392529, 27.992201142082063, 12.78788750971588, 24.85418581511207, 58.36559345616924, 15.626932909711407, 29.919490301644558, 29.919490301644558, 29.919490301644558, 29.919490301644558, 29.919490301644558, 29.919490301644558, 29.919490301644558, 29.919490301644558, 29.919490301644558, 29.919490301644558, 29.919490301644558, 29.919490301644558, 29.919490301644558, 29.919490301644558, 29.919490301644558, 46.49943694358101, 4.01625510628428, 28.053937857655857, 23.85115098249086, 15.81119034546999, 29.387521005135863, 23.967846528641537, 46.89977704966764, 16.531419369001014, 15.193985953822915, 30.14210742903756, 16.68838745924658, 28.568685303393973, 14.602224850597523, 25.721964077959075, 45.031120989684496, 14.913200403727185, 45.44207791027922, 23.243989274423825, 27.02976161333483, 43.526918664949406, 38.14600471652025, 41.618629455898386, 41.65684655062317, 54.53590549203041, 17.3931459737617, 51.60343628426007, 22.5132132115665, 18.580865777938936, 44.02685181682971, 35.23074507346282, 26.93592957183773, 58.73598044694418, 54.01692553912379, 23.055610643276285, 0.0, 14.793921248479256, 42.54055969927201, 28.646781373229707, 47.22461463614836, 59.99562908060932, 34.83579834514218, 37.98774670690656, 36.086500169603994, 16.130753361607816, 11.371501726407322, 24.89413936427919, 44.561834817901286, 35.4658154896229, 34.55214185483288, 39.6482756060918, 54.99842585465781, 25.51610719104458, 53.988292775193756, 38.93371988392529, 27.992201142082063, 12.78788750971588, 24.85418581511207, 58.36559345616924, 15.626932909711407, 29.919490301644558, 29.919490301644558, 29.919490301644558, 29.919490301644558, 29.919490301644558, 29.919490301644558, 29.919490301644558, 29.919490301644558, 29.919490301644558, 29.919490301644558, 29.919490301644558, 29.919490301644558, 29.919490301644558, 29.919490301644558, 29.919490301644558], [22.90001380363744, 36.88971639329527, 64.12007348204843, 49.1240204786542, 8.264443441266897, 14.793921248479256, 0.0, 38.13574207090043, 20.364550581821383, 52.23135036236798, 52.607571096260955, 31.259296352580986, 45.983910282272205, 26.030422738863916, 18.91121756730135, 15.639660548250042, 39.04875148513675, 39.53145617859907, 35.004359549209134, 23.56132715862063, 34.86605595797511, 50.061978456263816, 11.737525531289226, 50.59608826334771, 45.943228461905086, 13.692714909267194, 2.0956334656891693, 25.127774248156072, 50.95363057392472, 2.1086981644897893, 42.74167532744669, 42.74167532744669, 42.74167532744669, 42.74167532744669, 42.74167532744669, 42.74167532744669, 42.74167532744669, 42.74167532744669, 42.74167532744669, 42.74167532744669, 42.74167532744669, 42.74167532744669, 42.74167532744669, 42.74167532744669, 42.74167532744669, 53.495275414394044, 18.796947812265003, 41.145195536990805, 19.625835304879008, 27.933704584039447, 29.58426704988996, 12.335406325549812, 38.83986089597991, 26.724989426695522, 28.508422252902076, 36.71557738759792, 15.378601427467963, 34.30822077845558, 4.839578168141616, 32.305357419612015, 47.14158680651875, 28.12530813417991, 42.76657984695735, 36.8105947274457, 32.96783048617375, 36.96127234896054, 45.56642841837201, 31.531578260178698, 32.26369767229795, 59.320249171375124, 23.2836347692739, 53.145030980110604, 11.222654361351093, 32.12582823345175, 40.935584601304235, 22.90001380363744, 36.88971639329527, 64.12007348204843, 49.1240204786542, 8.264443441266897, 14.793921248479256, 0.0, 38.13574207090043, 20.364550581821383, 52.23135036236798, 52.607571096260955, 31.259296352580986, 45.983910282272205, 26.030422738863916, 18.91121756730135, 15.639660548250042, 39.04875148513675, 39.53145617859907, 35.004359549209134, 23.56132715862063, 34.86605595797511, 50.061978456263816, 11.737525531289226, 50.59608826334771, 45.943228461905086, 13.692714909267194, 2.0956334656891693, 25.127774248156072, 50.95363057392472, 2.1086981644897893, 42.74167532744669, 42.74167532744669, 42.74167532744669, 42.74167532744669, 42.74167532744669, 42.74167532744669, 42.74167532744669, 42.74167532744669, 42.74167532744669, 42.74167532744669, 42.74167532744669, 42.74167532744669, 42.74167532744669, 42.74167532744669, 42.74167532744669], [25.448648375587823, 36.643810923971, 39.241770274142034, 11.477924046012324, 38.29598872203671, 42.54055969927201, 38.13574207090043, 0.0, 18.57611591868588, 30.043283555819464, 19.226566582574183, 7.730141270445053, 34.84070584371335, 18.174383047021724, 27.00949094176669, 31.36868599026746, 51.42808776202246, 2.5241534301512476, 11.435589494587784, 21.3186919315971, 3.3007771480080215, 12.458939030681911, 32.07889487671279, 12.531507578837722, 32.13559292705761, 43.616640937897714, 38.987349381239696, 18.741562507213455, 17.82219736558261, 36.08090758693731, 47.924079653807205, 47.924079653807205, 47.924079653807205, 47.924079653807205, 47.924079653807205, 47.924079653807205, 47.924079653807205, 47.924079653807205, 47.924079653807205, 47.924079653807205, 47.924079653807205, 47.924079653807205, 47.924079653807205, 47.924079653807205, 47.924079653807205, 36.108415802785146, 44.820334166808394, 48.022087683078745, 19.165071683293608, 39.686142955552185, 15.511205672249119, 27.70667241105022, 11.606208845573352, 35.48442806005793, 42.874252723256085, 28.22252622554161, 25.946233150300504, 26.07605883579974, 33.586158540769404, 27.985545845095675, 19.919438267980002, 42.45711743587641, 6.352417779963753, 47.465743285239526, 26.543224045123736, 6.325728730716193, 33.07925019066807, 17.405067384610096, 15.127920780490637, 34.16787710105012, 28.699290132356357, 22.206665074486835, 28.073184923046313, 45.06103153270386, 4.375238890111767, 25.448648375587823, 36.643810923971, 39.241770274142034, 11.477924046012324, 38.29598872203671, 42.54055969927201, 38.13574207090043, 0.0, 18.57611591868588, 30.043283555819464, 19.226566582574183, 7.730141270445053, 34.84070584371335, 18.174383047021724, 27.00949094176669, 31.36868599026746, 51.42808776202246, 2.5241534301512476, 11.435589494587784, 21.3186919315971, 3.3007771480080215, 12.458939030681911, 32.07889487671279, 12.531507578837722, 32.13559292705761, 43.616640937897714, 38.987349381239696, 18.741562507213455, 17.82219736558261, 36.08090758693731, 47.924079653807205, 47.924079653807205, 47.924079653807205, 47.924079653807205, 47.924079653807205, 47.924079653807205, 47.924079653807205, 47.924079653807205, 47.924079653807205, 47.924079653807205, 47.924079653807205, 47.924079653807205, 47.924079653807205, 47.924079653807205, 47.924079653807205], [11.182305904177822, 35.37559532916568, 51.9927480475813, 28.999342589355695, 19.72006320437117, 28.646781373229707, 20.364550581821383, 18.57611591868588, 0.0, 40.71400673308538, 32.374712733237125, 13.203463964219926, 39.54069690985661, 7.8930781137158865, 17.422459662161135, 19.57620186670687, 45.49353029099782, 19.574829046889057, 19.660124955901377, 7.886952591281388, 15.288849340413291, 29.91131883569414, 13.62647352729448, 31.076971631356727, 38.05910197948623, 25.187536076281404, 21.59734982578739, 14.880933213308259, 30.718405212705708, 18.25663612114278, 45.236578093786584, 45.236578093786584, 45.236578093786584, 45.236578093786584, 45.236578093786584, 45.236578093786584, 45.236578093786584, 45.236578093786584, 45.236578093786584, 45.236578093786584, 45.236578093786584, 45.236578093786584, 45.236578093786584, 45.236578093786584, 45.236578093786584, 44.52081183830361, 31.935686148957423, 44.48386215032003, 7.5140574251614325, 32.53268696025569, 16.835791359843206, 9.133593624496658, 18.721999343182556, 28.993808356274247, 34.96628350132652, 30.222043197591532, 13.349451650140141, 27.37096008206898, 16.34259113108795, 27.24752348885752, 32.71922808605631, 34.500568907013154, 24.098661405300735, 41.97754690889473, 26.766418200659842, 16.615323361539424, 38.34247224789376, 13.141622644131386, 13.011519141594063, 46.818716205426405, 21.90697974780226, 37.485368115710585, 9.599897727423308, 38.16102901193551, 22.08792281314933, 11.182305904177822, 35.37559532916568, 51.9927480475813, 28.999342589355695, 19.72006320437117, 28.646781373229707, 20.364550581821383, 18.57611591868588, 0.0, 40.71400673308538, 32.374712733237125, 13.203463964219926, 39.54069690985661, 7.8930781137158865, 17.422459662161135, 19.57620186670687, 45.49353029099782, 19.574829046889057, 19.660124955901377, 7.886952591281388, 15.288849340413291, 29.91131883569414, 13.62647352729448, 31.076971631356727, 38.05910197948623, 25.187536076281404, 21.59734982578739, 14.880933213308259, 30.718405212705708, 18.25663612114278, 45.236578093786584, 45.236578093786584, 45.236578093786584, 45.236578093786584, 45.236578093786584, 45.236578093786584, 45.236578093786584, 45.236578093786584, 45.236578093786584, 45.236578093786584, 45.236578093786584, 45.236578093786584, 45.236578093786584, 45.236578093786584, 45.236578093786584], [51.28997759038109, 23.76476741900742, 11.888729613273757, 33.93860761070365, 56.75642092821426, 47.22461463614836, 52.23135036236798, 30.043283555819464, 40.71400673308538, 0.0, 44.99466873750832, 29.009651871319594, 12.90972613672233, 44.97447388093259, 33.527200719862634, 37.738950556731396, 39.68980201345221, 31.982313106520003, 21.485270987758124, 47.22401543843941, 31.160364667120906, 34.467983555882626, 52.65031930878232, 29.11216238596728, 10.023819204163988, 63.21113249649428, 51.8348739850708, 27.74733615412312, 44.21879604675083, 50.822180016154256, 32.07653987968844, 32.07653987968844, 32.07653987968844, 32.07653987968844, 32.07653987968844, 32.07653987968844, 32.07653987968844, 32.07653987968844, 32.07653987968844, 32.07653987968844, 32.07653987968844, 32.07653987968844, 32.07653987968844, 32.07653987968844, 32.07653987968844, 7.330436393174227, 46.95550772450976, 33.499313847500225, 35.252729116694276, 34.49204364951613, 24.1791362530714, 47.598464076207094, 41.628015919445254, 31.60249399425032, 37.418005856684594, 17.181778167162328, 36.92790553410544, 18.693545054953383, 47.596079757167914, 21.50897714055619, 10.330796238370127, 37.25799488848636, 25.053006502632165, 36.282909311093285, 20.22035970595664, 36.33951988294961, 11.419414501554144, 46.340020157718364, 44.25599415696784, 7.3121885265483, 30.184440771857297, 12.543778857332008, 47.041016348050654, 37.0745463366731, 26.259924047485, 51.28997759038109, 23.76476741900742, 11.888729613273757, 33.93860761070365, 56.75642092821426, 47.22461463614836, 52.23135036236798, 30.043283555819464, 40.71400673308538, 0.0, 44.99466873750832, 29.009651871319594, 12.90972613672233, 44.97447388093259, 33.527200719862634, 37.738950556731396, 39.68980201345221, 31.982313106520003, 21.485270987758124, 47.22401543843941, 31.160364667120906, 34.467983555882626, 52.65031930878232, 29.11216238596728, 10.023819204163988, 63.21113249649428, 51.8348739850708, 27.74733615412312, 44.21879604675083, 50.822180016154256, 32.07653987968844, 32.07653987968844, 32.07653987968844, 32.07653987968844, 32.07653987968844, 32.07653987968844, 32.07653987968844, 32.07653987968844, 32.07653987968844, 32.07653987968844, 32.07653987968844, 32.07653987968844, 32.07653987968844, 32.07653987968844, 32.07653987968844], [33.05471768004042, 55.71054725802871, 51.17442447275343, 11.062265771482222, 50.19276828359202, 59.99562908060932, 52.607571096260955, 19.226566582574183, 32.374712733237125, 44.99466873750832, 0.0, 26.411813673147655, 52.59473919938231, 27.150284479802785, 45.381702730566616, 49.333665689837346, 70.65264652838367, 16.73098670776961, 30.393951652608223, 30.25934007404548, 21.184910731472794, 10.609822199917957, 43.485771087351104, 16.253956760943307, 49.58969600541891, 53.943100376975615, 53.94523401198703, 37.635591374618286, 1.6563170763683441, 50.50327775424565, 67.0073048435068, 67.0073048435068, 67.0073048435068, 67.0073048435068, 67.0073048435068, 67.0073048435068, 67.0073048435068, 67.0073048435068, 67.0073048435068, 67.0073048435068, 67.0073048435068, 67.0073048435068, 67.0073048435068, 67.0073048435068, 67.0073048435068, 51.98079557769276, 62.73102379716385, 67.18115297186596, 36.1582916812198, 58.788416190793136, 34.718805012204434, 40.55037022738997, 13.793380402197837, 54.60214316896779, 61.9272687995887, 47.044617542675056, 43.37545426782643, 45.08841319481829, 48.717270106389094, 47.14882157788448, 34.85111066136778, 61.50011613009295, 20.902678553272835, 66.691839904797, 45.65908139573068, 16.48514020770455, 50.73071445629182, 22.380271671530284, 20.902444509538537, 46.80141896928379, 47.6556754219185, 33.72781263455707, 41.4633384008834, 64.22586286104206, 20.630988979708807, 33.05471768004042, 55.71054725802871, 51.17442447275343, 11.062265771482222, 50.19276828359202, 59.99562908060932, 52.607571096260955, 19.226566582574183, 32.374712733237125, 44.99466873750832, 0.0, 26.411813673147655, 52.59473919938231, 27.150284479802785, 45.381702730566616, 49.333665689837346, 70.65264652838367, 16.73098670776961, 30.393951652608223, 30.25934007404548, 21.184910731472794, 10.609822199917957, 43.485771087351104, 16.253956760943307, 49.58969600541891, 53.943100376975615, 53.94523401198703, 37.635591374618286, 1.6563170763683441, 50.50327775424565, 67.0073048435068, 67.0073048435068, 67.0073048435068, 67.0073048435068, 67.0073048435068, 67.0073048435068, 67.0073048435068, 67.0073048435068, 67.0073048435068, 67.0073048435068, 67.0073048435068, 67.0073048435068, 67.0073048435068, 67.0073048435068, 67.0073048435068], [22.60192879918364, 30.604774247859297, 39.66633699658194, 19.188562914503763, 32.439243352847, 34.83579834514218, 31.259296352580986, 7.730141270445053, 13.203463964219926, 29.009651871319594, 26.411813673147655, 0.0, 30.883932328463487, 15.985688906866754, 19.295900578193113, 23.639737752598116, 44.51503891486724, 9.931273252766092, 7.588532055873401, 18.432767715032544, 5.228325977962717, 20.170505972181477, 26.722213102806077, 19.54731824549558, 28.639442193798466, 38.23333411544426, 31.92411584021075, 11.22454480142247, 24.9007860758318, 29.266965612613323, 41.72609409273739, 41.72609409273739, 41.72609409273739, 41.72609409273739, 41.72609409273739, 41.72609409273739, 41.72609409273739, 41.72609409273739, 41.72609409273739, 41.72609409273739, 41.72609409273739, 41.72609409273739, 41.72609409273739, 41.72609409273739, 41.72609409273739, 33.94525773533847, 37.090220000142956, 41.60622010861201, 11.79898344529907, 32.4030335478805, 8.809750451517525, 21.93151385989974, 15.918699221739892, 28.232978741428795, 35.520533315347095, 22.934703197030075, 18.303991392264983, 20.42174923728089, 26.56149611024419, 21.781004116365676, 20.042961482309085, 35.09154705129606, 11.508981128596567, 40.59691072821124, 20.557708273318205, 10.725826194049343, 29.313954187135955, 17.68570877338304, 15.821010529877073, 34.46674444025707, 21.244182102447553, 24.36089243836901, 22.006755843990167, 37.893298318145376, 9.695832789677995, 22.60192879918364, 30.604774247859297, 39.66633699658194, 19.188562914503763, 32.439243352847, 34.83579834514218, 31.259296352580986, 7.730141270445053, 13.203463964219926, 29.009651871319594, 26.411813673147655, 0.0, 30.883932328463487, 15.985688906866754, 19.295900578193113, 23.639737752598116, 44.51503891486724, 9.931273252766092, 7.588532055873401, 18.432767715032544, 5.228325977962717, 20.170505972181477, 26.722213102806077, 19.54731824549558, 28.639442193798466, 38.23333411544426, 31.92411584021075, 11.22454480142247, 24.9007860758318, 29.266965612613323, 41.72609409273739, 41.72609409273739, 41.72609409273739, 41.72609409273739, 41.72609409273739, 41.72609409273739, 41.72609409273739, 41.72609409273739, 41.72609409273739, 41.72609409273739, 41.72609409273739, 41.72609409273739, 41.72609409273739, 41.72609409273739, 41.72609409273739], [50.71164351991552, 11.868861299166305, 22.029797180678905, 41.94543042385331, 51.9465629512995, 37.98774670690656, 45.983910282272205, 34.84070584371335, 39.54069690985661, 12.90972613672233, 52.59473919938231, 30.883932328463487, 0.0, 45.59455604572932, 27.27529753581745, 30.44756886286285, 26.911584577205517, 37.222972285959536, 23.79495350838765, 47.0699586270725, 34.73774862706282, 42.672881923985855, 49.17659048488546, 38.0369651498226, 3.2864376338890007, 58.45221997452257, 45.12899856873377, 24.76178063839562, 51.51919315038928, 44.98095066044667, 19.166918408245547, 19.166918408245547, 19.166918408245547, 19.166918408245547, 19.166918408245547, 19.166918408245547, 19.166918408245547, 19.166918408245547, 19.166918408245547, 19.166918408245547, 19.166918408245547, 19.166918408245547, 19.166918408245547, 19.166918408245547, 19.166918408245547, 8.848245861127635, 36.91036296910623, 20.613074983061455, 32.647129988001765, 23.46371735156702, 23.155574305408106, 44.364771282627444, 46.05391737122098, 21.503553553423966, 25.986214386979245, 9.615155137048129, 31.71593939739418, 12.40398277653023, 41.82440001516257, 13.739542845332524, 19.102793223676635, 25.91430632809784, 31.69366954522714, 23.66689061647144, 13.408944036888682, 40.559748240966506, 1.9080142445145294, 48.396575475010636, 46.65826155465044, 19.126051257983406, 22.705444570754292, 24.06551286524167, 43.46048607050703, 25.025171333089638, 32.16110067807577, 50.71164351991552, 11.868861299166305, 22.029797180678905, 41.94543042385331, 51.9465629512995, 37.98774670690656, 45.983910282272205, 34.84070584371335, 39.54069690985661, 12.90972613672233, 52.59473919938231, 30.883932328463487, 0.0, 45.59455604572932, 27.27529753581745, 30.44756886286285, 26.911584577205517, 37.222972285959536, 23.79495350838765, 47.0699586270725, 34.73774862706282, 42.672881923985855, 49.17659048488546, 38.0369651498226, 3.2864376338890007, 58.45221997452257, 45.12899856873377, 24.76178063839562, 51.51919315038928, 44.98095066044667, 19.166918408245547, 19.166918408245547, 19.166918408245547, 19.166918408245547, 19.166918408245547, 19.166918408245547, 19.166918408245547, 19.166918408245547, 19.166918408245547, 19.166918408245547, 19.166918408245547, 19.166918408245547, 19.166918408245547, 19.166918408245547, 19.166918408245547], [7.292302333930843, 42.59200671205568, 55.60393882421999, 26.354567092788024, 23.045501683291928, 36.086500169603994, 26.030422738863916, 18.174383047021724, 7.8930781137158865, 44.97447388093259, 27.150284479802785, 15.985688906866754, 45.59455604572932, 0.0, 25.261867643015805, 27.444792072181603, 53.33038848983181, 18.12976642924047, 23.4950325541, 3.349253116976164, 15.386839039842215, 27.13937573241363, 16.33964557223411, 29.69823707930291, 43.75431856817713, 27.137097745385717, 27.609306497241885, 21.64424278581541, 25.527920046353337, 23.973734256086498, 52.78247939861454, 52.78247939861454, 52.78247939861454, 52.78247939861454, 52.78247939861454, 52.78247939861454, 52.78247939861454, 52.78247939861454, 52.78247939861454, 52.78247939861454, 52.78247939861454, 52.78247939861454, 52.78247939861454, 52.78247939861454, 52.78247939861454, 49.627336119411034, 39.530348763643616, 52.121378411635256, 15.117012885986734, 40.37734602842996, 22.44072500779061, 13.710467992774563, 13.473534235839287, 36.765838711382855, 42.84920420494868, 36.655849254262364, 21.238324555386146, 33.851721899182856, 22.765148635122387, 34.155042695360905, 35.92926341463277, 42.38361800052701, 24.46387469280183, 49.772163591352786, 33.45736450516149, 13.715793473639353, 44.222378656909314, 5.591866498587586, 6.308523448668157, 50.40778695409287, 29.592869574731424, 39.65859912573858, 14.827855200641297, 46.01904365073483, 22.4177545531241, 7.292302333930843, 42.59200671205568, 55.60393882421999, 26.354567092788024, 23.045501683291928, 36.086500169603994, 26.030422738863916, 18.174383047021724, 7.8930781137158865, 44.97447388093259, 27.150284479802785, 15.985688906866754, 45.59455604572932, 0.0, 25.261867643015805, 27.444792072181603, 53.33038848983181, 18.12976642924047, 23.4950325541, 3.349253116976164, 15.386839039842215, 27.13937573241363, 16.33964557223411, 29.69823707930291, 43.75431856817713, 27.137097745385717, 27.609306497241885, 21.64424278581541, 25.527920046353337, 23.973734256086498, 52.78247939861454, 52.78247939861454, 52.78247939861454, 52.78247939861454, 52.78247939861454, 52.78247939861454, 52.78247939861454, 52.78247939861454, 52.78247939861454, 52.78247939861454, 52.78247939861454, 52.78247939861454, 52.78247939861454, 52.78247939861454, 52.78247939861454], [27.519083581174712, 19.614572704335526, 45.395724117935785, 38.40020012644374, 24.715297925028455, 16.130753361607816, 18.91121756730135, 27.00949094176669, 17.422459662161135, 33.527200719862634, 45.381702730566616, 19.295900578193113, 27.27529753581745, 25.261867643015805, 0.0, 4.818582149723656, 28.072861359967884, 29.213885489096704, 19.33854218518906, 25.086154816915414, 24.382498286556835, 39.380624441923324, 22.67106503072511, 37.99647405248502, 27.059107190991757, 31.201871805463057, 18.342634233218664, 8.738392414089802, 43.80562539241061, 17.75349382188962, 28.276676267395366, 28.276676267395366, 28.276676267395366, 28.276676267395366, 28.276676267395366, 28.276676267395366, 28.276676267395366, 28.276676267395366, 28.276676267395366, 28.276676267395366, 28.276676267395366, 28.276676267395366, 28.276676267395366, 28.276676267395366, 28.276676267395366, 34.58893376844937, 17.90565816144232, 27.324796491562562, 10.305472713662429, 15.115709824422897, 13.261674778876637, 18.36474443391595, 33.20533702881157, 11.642244117068271, 17.66711623026659, 17.853602143069374, 4.924889479469101, 15.3980664361873, 14.567309382451619, 13.535768085583511, 29.60607832158737, 17.203905687346328, 29.407647125473815, 24.570025487850977, 14.076304330161934, 29.008084131392735, 26.738630304613825, 30.15638954621808, 29.483811896976537, 40.722313341411926, 5.123885212393588, 36.032100840962364, 17.176801165447102, 20.760