{"num_workers": 45, "num_roles": 5, "num_nodes": 120, "w": [[60, 60], [180, 180], [180, 180], [0, 0], [30, 30], [300, 300], [30, 30], [150, 150], [90, 90], [240, 240], [180, 180], [120, 120], [30, 30], [240, 240], [30, 30], [120, 120], [180, 180], [0, 0], [30, 30], [180, 180], [30, 30], [0, 0], [180, 180], [30, 30], [30, 30], [150, 150], [0, 0], [30, 30], [0, 0], [330, 330], [0, 0], [0, 0], [0, 0], [0, 0], [0, 0], [0, 0], [0, 0], [0, 0], [0, 0], [0, 0], [0, 0], [0, 0], [0, 0], [0, 0], [0, 0], [60, 300], [210, 240], [330, 390], [90, 330], [300, 330], [150, 300], [90, 360], [180, 300], [60, 420], [30, 360], [180, 300], [30, 360], [90, 270], [90, 420], [270, 390], [270, 390], [120, 210], [150, 390], [30, 210], [30, 150], [90, 360], [90, 180], [150, 300], [180, 360], [90, 450], [150, 210], [180, 330], [180, 270], [180, 420], [30, 420], [210, 210], [210, 210], [300, 300], [390, 390], [390, 390], [330, 330], [450, 450], [420, 420], [450, 450], [360, 360], [210, 210], [330, 330], [420, 420], [420, 420], [150, 150], [240, 240], [300, 300], [420, 420], [450, 450], [270, 270], [420, 420], [90, 90], [390, 390], [330, 330], [330, 330], [420, 420], [450, 450], [450, 450], [360, 360], [450, 450], [480, 480], [480, 480], [480, 480], [480, 480], [480, 480], [480, 480], [480, 480], [480, 480], [480, 480], [480, 480], [480, 480], [480, 480], [480, 480], [480, 480], [480, 480]], "p": [0, 0, 0, 0, 0, 0, 0, 0, 0, 0, 0, 0, 0, 0, 0, 0, 0, 0, 0, 0, 0, 0, 0, 0, 0, 0, 0, 0, 0, 0, 0, 0, 0, 0, 0, 0, 0, 0, 0, 0, 0, 0, 0, 0, 0, 72.60304753963545, 49.15780933871036, 71.07059377848287, 52.318898715788315, 66.87521154276583, 73.79536192943145, 46.05610079672765, 47.9406216951826, 70.37115492858206, 72.80223754994861, 43.05533379530419, 47.80687782743974, 61.11696987587171, 50.24473650589443, 61.08110047320122, 71.36654732648344, 42.438252923082366, 54.0221343568342, 59.66386717160012, 73.91387840236447, 63.94528402133717, 71.89096871392952, 54.602599249968385, 60.052007779778435, 59.80887469452817, 62.998276028208466, 46.225576130097174, 59.83596667054743, 49.02214528330648, 47.10088781977258, 0, 0, 0, 0, 0, 0, 0, 0, 0, 0, 0, 0, 0, 0, 0, 0, 0, 0, 0, 0, 0, 0, 0, 0, 0, 0, 0, 0, 0, 0, 0, 0, 0, 0, 0, 0, 0, 0, 0, 0, 0, 0, 0, 0, 0], "e": [[0, 1, 1, 0, 0], [1, 0, 0, 1, 0], [1, 0, 1, 0, 0], [1, 0, 0, 1, 0], [1, 1, 0, 0, 0], [1, 1, 0, 0, 0], [1, 0, 1, 0, 0], [1, 0, 0, 0, 0], [1, 0, 0, 1, 0], [1, 0, 1, 0, 0], [1, 0, 0, 0, 1], [0, 0, 0, 0, 1], [0, 1, 0, 0, 0], [0, 1, 0, 0, 0], [0, 0, 1, 0, 0], [0, 0, 0, 0, 1], [1, 0, 0, 0, 0], [1, 0, 0, 0, 0], [0, 1, 0, 0, 0], [0, 0, 1, 0, 0], [0, 0, 0, 1, 0], [0, 0, 0, 1, 0], [0, 0, 0, 0, 1], [0, 0, 0, 1, 0], [0, 0, 0, 1, 0], [0, 1, 0, 0, 0], [0, 0, 0, 0, 1], [0, 1, 0, 0, 0], [0, 0, 1, 0, 0], [0, 1, 0, 0, 0], [1, 0, 0, 0, 0], [0, 0, 0, 0, 1], [0, 1, 0, 0, 0], [0, 1, 0, 0, 0], [0, 0, 0, 1, 0], [1, 0, 0, 0, 0], [0, 0, 1, 0, 0], [0, 1, 0, 0, 0], [0, 1, 0, 0, 0], [0, 0, 0, 0, 1], [0, 1, 0, 0, 0], [0, 0, 0, 1, 0], [0, 0, 0, 0, 1], [0, 0, 0, 0, 1], [0, 0, 1, 0, 0]], "d": [[0, 0, 0, 0, 0, 0, 0, 0, 0, 1, 1, 1, 0, 0, 0, 1, 0, 0, 0, 0, 0, 0, 0, 0, 1, 0, 0, 0, 0, 0], [2, 1, 2, 2, 2, 2, 2, 2, 2, 0, 0, 0, 2, 1, 0, 0, 1, 2, 2, 2, 2, 0, 2, 2, 0, 2, 0, 2, 2, 0], [1, 4, 2, 2, 1, 1, 2, 1, 2, 1, 1, 1, 2, 4, 2, 1, 4, 2, 2, 2, 1, 2, 2, 1, 1, 1, 2, 2, 1, 2], [1, 1, 3, 3, 1, 1, 3, 1, 3, 2, 2, 2, 3, 1, 1, 2, 1, 3, 3, 3, 1, 1, 3, 1, 2, 1, 1, 3, 1, 1], [3, 1, 0, 0, 3, 3, 0, 3, 0, 1, 1, 1, 0, 1, 2, 1, 1, 0, 0, 0, 3, 2, 0, 3, 1, 3, 2, 0, 3, 2]], "r": [836, 2769, 1512, 4729, 2310, 4443, 4101, 437, 3686, 3510, 1185, 1337, 2469, 4294, 900, 2013, 1024, 3569, 3716, 356, 2932, 4586, 3779, 204, 3571, 1130, 4068, 2108, 3016, 1182], "g": [[0, 0, 0, 0, 0, 0, 0, 0, 0, 0, 0, 0, 0, 0, 0, 0, 0, 0, 0, 0, 0, 0, 0, 0, 0, 0, 0, 0, 0, 0], [0, 0, 0, 0, 0, 0, 0, 0, 0, 0, 0, 0, 0, 0, 0, 0, 0, 0, 0, 0, 0, 0, 0, 0, 0, 0, 0, 0, 0, 0], [0, 0, 0, 0, 0, 0, 0, 0, 0, 0, 0, 0, 0, 0, 0, 0, 0, 0, 0, 0, 0, 0, 0, 0, 0, 0, 0, 0, 0, 0], [0, 0, 0, 0, 0, 0, 0, 0, 0, 0, 0, 0, 0, 0, 0, 0, 0, 0, 0, 0, 0, 0, 0, 0, 0, 0, 0, 0, 0, 0], [0, 0, 0, 0, 0, 0, 0, 0, 0, 0, 0, 0, 0, 0, 0, 0, 0, 0, 0, 0, 0, 0, 0, 0, 0, 0, 0, 0, 0, 0], [0, 0, 0, 0, 0, 0, 0, 0, 0, 0, 0, 0, 0, 0, 0, 0, 0, 0, 0, 0, 0, 0, 0, 0, 0, 0, 0, 0, 0, 0], [0, 0, 0, 0, 0, 0, 0, 0, 0, 0, 0, 0, 0, 0, 0, 0, 0, 0, 0, 0, 0, 0, 0, 0, 0, 0, 0, 0, 0, 0], [0, 0, 0, 0, 0, 0, 0, 0, 0, 0, 0, 0, 0, 0, 0, 0, 0, 0, 0, 0, 0, 0, 0, 0, 0, 0, 0, 0, 0, 0], [0, 0, 0, 0, 0, 0, 0, 0, 0, 0, 0, 0, 0, 0, 0, 0, 0, 0, 0, 0, 0, 0, 0, 0, 0, 0, 0, 0, 0, 0], [0, 0, 0, 0, 0, 0, 0, 0, 0, 0, 0, 0, 0, 0, 0, 0, 0, 0, 0, 0, 0, 0, 0, 0, 0, 0, 0, 0, 0, 0], [0, 0, 0, 0, 0, 0, 0, 0, 0, 0, 0, 0, 0, 0, 0, 0, 0, 0, 0, 0, 0, 0, 0, 0, 0, 0, 0, 0, 0, 0], [0, 0, 0, 0, 0, 0, 0, 0, 0, 0, 0, 0, 0, 0, 0, 0, 0, 0, 0, 0, 0, 0, 0, 0, 0, 0, 0, 0, 0, 0], [0, 0, 0, 0, 0, 0, 0, 0, 0, 0, 0, 0, 0, 0, 0, 0, 0, 0, 0, 0, 0, 0, 0, 0, 0, 0, 0, 0, 0, 0], [0, 0, 0, 0, 0, 0, 0, 0, 0, 0, 0, 0, 0, 0, 0, 0, 0, 0, 0, 0, 0, 0, 0, 0, 0, 0, 0, 0, 0, 0], [0, 0, 0, 0, 0, 0, 0, 0, 0, 0, 0, 0, 0, 0, 0, 0, 0, 0, 0, 0, 0, 0, 0, 0, 0, 0, 0, 0, 0, 0], [0, 0, 0, 0, 0, 0, 0, 0, 0, 0, 0, 0, 0, 0, 0, 0, 0, 0, 0, 0, 0, 0, 0, 0, 0, 0, 0, 0, 0, 0], [0, 0, 0, 0, 0, 0, 0, 0, 0, 0, 0, 0, 0, 0, 0, 0, 0, 0, 0, 0, 0, 0, 0, 0, 0, 0, 0, 0, 0, 0], [0, 0, 0, 0, 0, 0, 0, 0, 0, 0, 0, 0, 0, 0, 0, 0, 0, 0, 0, 0, 0, 0, 0, 0, 0, 0, 0, 0, 0, 0], [0, 0, 0, 0, 0, 0, 0, 0, 0, 0, 0, 0, 0, 0, 0, 0, 0, 0, 0, 0, 0, 0, 0, 0, 0, 0, 0, 0, 0, 0], [0, 0, 0, 0, 0, 0, 0, 0, 0, 0, 0, 0, 0, 0, 0, 0, 0, 0, 0, 0, 0, 0, 0, 0, 0, 0, 0, 0, 0, 0], [0, 0, 0, 0, 0, 0, 0, 0, 0, 0, 0, 0, 0, 0, 0, 0, 0, 0, 0, 0, 0, 0, 0, 0, 0, 0, 0, 0, 0, 0], [0, 0, 0, 0, 0, 0, 0, 0, 0, 0, 0, 0, 0, 0, 0, 0, 0, 0, 0, 0, 0, 0, 0, 0, 0, 0, 0, 0, 0, 0], [0, 0, 0, 0, 0, 0, 0, 0, 0, 0, 0, 0, 0, 0, 0, 0, 0, 0, 0, 0, 0, 0, 0, 0, 0, 0, 0, 0, 0, 0], [0, 0, 0, 0, 0, 0, 0, 0, 0, 0, 0, 0, 0, 0, 0, 0, 0, 0, 0, 0, 0, 0, 0, 0, 0, 0, 0, 0, 0, 0], [0, 0, 0, 0, 0, 0, 0, 0, 0, 0, 0, 0, 0, 0, 0, 0, 0, 0, 0, 0, 0, 0, 0, 0, 0, 0, 0, 0, 0, 0], [0, 0, 0, 0, 0, 0, 0, 0, 0, 0, 0, 0, 0, 0, 0, 0, 0, 0, 0, 0, 0, 0, 0, 0, 0, 0, 0, 0, 0, 0], [0, 0, 0, 0, 0, 0, 0, 0, 0, 0, 0, 0, 0, 0, 0, 0, 0, 0, 0, 0, 0, 0, 0, 0, 0, 0, 0, 0, 0, 0], [0, 0, 0, 0, 0, 0, 0, 0, 0, 0, 0, 0, 0, 0, 0, 0, 0, 0, 0, 0, 0, 0, 0, 0, 0, 0, 0, 0, 0, 0], [0, 0, 0, 0, 0, 0, 0, 0, 0, 0, 0, 0, 0, 0, 0, 0, 0, 0, 0, 0, 0, 0, 0, 0, 0, 0, 0, 0, 0, 0], [0, 0, 0, 0, 0, 0, 0, 0, 0, 0, 0, 0, 0, 0, 0, 0, 0, 0, 0, 0, 0, 0, 0, 0, 0, 0, 0, 0, 0, 0]], "t": [[0.0, 15.604862825240788, 20.6966821791008, 2.779654795330538, 47.768650904380316, 54.25486756314916, 63.56953221882132, 12.130231664886633, 36.059304337157236, 29.600348537243022, 51.17070763416532, 27.07282706680238, 27.21064983310514, 50.351780424788124, 55.23690621201673, 67.73203948975866, 37.257046793466365, 56.31571312080731, 51.461012099905545, 35.09185149387091, 54.248326201439895, 10.099087228960887, 27.352504250865604, 26.33556173484713, 44.28570670902287, 33.605642647075044, 46.61263134212293, 45.100519516054646, 46.19495589958049, 52.25378607595107, 10.193902180002214, 10.193902180002214, 10.193902180002214, 10.193902180002214, 10.193902180002214, 10.193902180002214, 10.193902180002214, 10.193902180002214, 10.193902180002214, 10.193902180002214, 10.193902180002214, 10.193902180002214, 10.193902180002214, 10.193902180002214, 10.193902180002214, 49.829082355988746, 68.31841667309185, 52.402384831991824, 36.38231330746904, 46.38431037276299, 6.187104550186862, 55.35831282688276, 53.74374822674709, 47.47681938231486, 47.54465800541177, 26.781557858042664, 43.792902050083335, 59.33437884863818, 27.20001384743317, 36.204263076949, 62.3987598868814, 18.12350888908866, 35.87906861749658, 27.568492242698717, 27.483697424418615, 21.97966495648209, 19.60696485908015, 10.434958038647736, 48.77593246299045, 23.748377124373047, 58.12330375872882, 53.24419531838645, 28.297363349613473, 7.9135153668894445, 25.422092265008278, 0.0, 15.604862825240788, 20.6966821791008, 2.779654795330538, 47.768650904380316, 54.25486756314916, 63.56953221882132, 12.130231664886633, 36.059304337157236, 29.600348537243022, 51.17070763416532, 27.07282706680238, 27.21064983310514, 50.351780424788124, 55.23690621201673, 67.73203948975866, 37.257046793466365, 56.31571312080731, 51.461012099905545, 35.09185149387091, 54.248326201439895, 10.099087228960887, 27.352504250865604, 26.33556173484713, 44.28570670902287, 33.605642647075044, 46.61263134212293, 45.100519516054646, 46.19495589958049, 52.25378607595107, 10.193902180002214, 10.193902180002214, 10.193902180002214, 10.193902180002214, 10.193902180002214, 10.193902180002214, 10.193902180002214, 10.193902180002214, 10.193902180002214, 10.193902180002214, 10.193902180002214, 10.193902180002214, 10.193902180002214, 10.193902180002214, 10.193902180002214], [15.604862825240788, 0.0, 12.322318994521268, 14.235066779027438, 32.36397974143028, 43.15788661400604, 52.03388660635862, 4.465536794016833, 20.737072456946382, 15.006367116056015, 35.73143333808684, 11.596795877438463, 29.233351852932316, 34.74938295846697, 46.27429267091034, 56.29712639148886, 27.208840695800397, 44.622116533408985, 51.518944219602275, 37.63416208071171, 43.02731985129652, 20.33717675211609, 20.591456539311594, 28.71632331174458, 41.15360247865071, 20.622099566901987, 33.08038220723603, 30.194351910585937, 31.171468936258012, 36.661771781707095, 13.42603127035707, 13.42603127035707, 13.42603127035707, 13.42603127035707, 13.42603127035707, 13.42603127035707, 13.42603127035707, 13.42603127035707, 13.42603127035707, 13.42603127035707, 13.42603127035707, 13.42603127035707, 13.42603127035707, 13.42603127035707, 13.42603127035707, 46.736889900723334, 57.60469230794623, 52.5743940573811, 20.787511623892865, 30.863584471149096, 10.195740358352978, 40.46625715244309, 42.716713943376405, 31.87394250708841, 32.08044439962131, 18.047468256972135, 28.363274755991625, 45.96787965757845, 30.67021857444622, 21.516737555081196, 51.11107967221734, 4.0816719904413015, 23.682413662792882, 16.054316399186998, 16.69552841288541, 22.463430019766665, 5.751029260208159, 5.187814932372869, 33.802392939315936, 28.455290290375487, 43.88614361653152, 41.21240478015128, 15.308814557167027, 17.41113745475771, 10.476188422787304, 15.604862825240788, 0.0, 12.322318994521268, 14.235066779027438, 32.36397974143028, 43.15788661400604, 52.03388660635862, 4.465536794016833, 20.737072456946382, 15.006367116056015, 35.73143333808684, 11.596795877438463, 29.233351852932316, 34.74938295846697, 46.27429267091034, 56.29712639148886, 27.208840695800397, 44.622116533408985, 51.518944219602275, 37.63416208071171, 43.02731985129652, 20.33717675211609, 20.591456539311594, 28.71632331174458, 41.15360247865071, 20.622099566901987, 33.08038220723603, 30.194351910585937, 31.171468936258012, 36.661771781707095, 13.42603127035707, 13.42603127035707, 13.42603127035707, 13.42603127035707, 13.42603127035707, 13.42603127035707, 13.42603127035707, 13.42603127035707, 13.42603127035707, 13.42603127035707, 13.42603127035707, 13.42603127035707, 13.42603127035707, 13.42603127035707, 13.42603127035707], [20.6966821791008, 12.322318994521268, 0.0, 18.101103388187372, 31.273849272248075, 33.581812769413524, 42.87725806141047, 10.920404948023485, 25.815125735526806, 23.04485404104154, 34.66508660898176, 14.372669417282166, 19.244139547116113, 36.11292673119499, 35.212796807019835, 47.04994295679429, 16.650773955462622, 35.62022349118168, 39.664633394152176, 27.144025104626362, 33.56418058007601, 18.998483440941943, 8.293514663933554, 19.007689983595306, 28.87090644504749, 13.863747580577838, 26.67925383027437, 35.658846051947165, 28.454790319097643, 38.23720744954112, 11.866362912812304, 11.866362912812304, 11.866362912812304, 11.866362912812304, 11.866362912812304, 11.866362912812304, 11.866362912812304, 11.866362912812304, 11.866362912812304, 11.866362912812304, 11.866362912812304, 11.866362912812304, 11.866362912812304, 11.866362912812304, 11.866362912812304, 34.43395383987538, 47.74809016332418, 40.733781875059236, 23.75480476589124, 30.713815934911093, 14.749731966077274, 36.91014373259938, 33.07702358391559, 32.941691880345026, 35.24868780067419, 6.321739699894188, 32.04098557763632, 39.067116851724165, 21.34463985675857, 18.530921054747918, 41.72256652775336, 8.903334360041788, 15.484605585741342, 7.381873487400346, 6.939389619087032, 12.797106194747625, 8.045477454354142, 13.455562978627196, 38.826032028642935, 20.28756422542828, 38.5906688876048, 32.58045477672446, 9.340617008272442, 17.13166792810477, 18.864112521688828, 20.6966821791008, 12.322318994521268, 0.0, 18.101103388187372, 31.273849272248075, 33.581812769413524, 42.87725806141047, 10.920404948023485, 25.815125735526806, 23.04485404104154, 34.66508660898176, 14.372669417282166, 19.244139547116113, 36.11292673119499, 35.212796807019835, 47.04994295679429, 16.650773955462622, 35.62022349118168, 39.664633394152176, 27.144025104626362, 33.56418058007601, 18.998483440941943, 8.293514663933554, 19.007689983595306, 28.87090644504749, 13.863747580577838, 26.67925383027437, 35.658846051947165, 28.454790319097643, 38.23720744954112, 11.866362912812304, 11.866362912812304, 11.866362912812304, 11.866362912812304, 11.866362912812304, 11.866362912812304, 11.866362912812304, 11.866362912812304, 11.866362912812304, 11.866362912812304, 11.866362912812304, 11.866362912812304, 11.866362912812304, 11.866362912812304, 11.866362912812304], [2.779654795330538, 14.235066779027438, 18.101103388187372, 0.0, 45.96944460232371, 51.60897687505962, 60.941096709674056, 10.322094603965597, 34.93820926853261, 28.787326431105615, 49.39004154154892, 25.420397926640675, 24.726417857179666, 48.88404033051257, 52.48515394794726, 65.0902649769845, 34.59311725896396, 53.7127075919488, 48.96821469788237, 32.74062981220009, 51.61150076539528, 8.432428554602854, 24.600075739936752, 23.873256666999502, 41.574829109345835, 31.24370918212447, 44.25986897921523, 44.22286458224494, 44.20667023210756, 50.83022974625958, 7.417525512530704, 7.417525512530704, 7.417525512530704, 7.417525512530704, 7.417525512530704, 7.417525512530704, 7.417525512530704, 7.417525512530704, 7.417525512530704, 7.417525512530704, 7.417525512530704, 7.417525512530704, 7.417525512530704, 7.417525512530704, 7.417525512530704, 47.1327502490662, 65.62790704288783, 49.92223332330753, 34.96677622734866, 44.6902721683756, 4.142356428739173, 53.296538823455535, 51.093920868002826, 45.94631469626206, 46.3155029519804, 24.11261434206026, 42.59556330549133, 56.91921033803405, 24.863826014463456, 34.15185510653962, 59.75300606164695, 16.275906718024093, 33.40181644353895, 25.100133077094597, 24.94908590099819, 19.310839926507516, 17.652946479941857, 9.08362022047965, 47.8716623668552, 21.507477244977803, 55.872952578937486, 50.67905173716158, 25.993880539174018, 5.797678597777553, 24.44524401443445, 2.779654795330538, 14.235066779027438, 18.101103388187372, 0.0, 45.96944460232371, 51.60897687505962, 60.941096709674056, 10.322094603965597, 34.93820926853261, 28.787326431105615, 49.39004154154892, 25.420397926640675, 24.726417857179666, 48.88404033051257, 52.48515394794726, 65.0902649769845, 34.59311725896396, 53.7127075919488, 48.96821469788237, 32.74062981220009, 51.61150076539528, 8.432428554602854, 24.600075739936752, 23.873256666999502, 41.574829109345835, 31.24370918212447, 44.25986897921523, 44.22286458224494, 44.20667023210756, 50.83022974625958, 7.417525512530704, 7.417525512530704, 7.417525512530704, 7.417525512530704, 7.417525512530704, 7.417525512530704, 7.417525512530704, 7.417525512530704, 7.417525512530704, 7.417525512530704, 7.417525512530704, 7.417525512530704, 7.417525512530704, 7.417525512530704, 7.417525512530704], [47.768650904380316, 32.36397974143028, 31.273849272248075, 45.96944460232371, 0.0, 27.9624372950864, 32.451334530144365, 35.6810980635154, 16.346561682767312, 23.16025660957876, 3.4382832927716, 20.767212139859762, 47.877595750458596, 7.629222135888988, 36.302408340983966, 36.07302820872118, 25.786881009180288, 26.798459457806388, 59.753781703552136, 53.81116588375011, 27.471896942468142, 49.66628971389859, 32.41905944710694, 48.02900148252298, 46.64398651921041, 18.83791275579434, 14.099980537629923, 17.54327695212801, 4.593971415085753, 9.40827752743731, 42.06686530442613, 42.06686530442613, 42.06686530442613, 42.06686530442613, 42.06686530442613, 42.06686530442613, 42.06686530442613, 42.06686530442613, 42.06686530442613, 42.06686530442613, 42.06686530442613, 42.06686530442613, 42.06686530442613, 42.06686530442613, 42.06686530442613, 50.33463312409964, 39.32195902898649, 60.76464936294267, 13.169129680523438, 2.6121324422882917, 41.83539499540475, 9.985030699925328, 27.942920983016926, 5.655360995612243, 11.504991317542041, 29.213556305552256, 12.17340095740123, 21.329547838616396, 50.50963200978931, 12.773173758765886, 32.57637426930767, 29.69685468307303, 20.017557279626466, 24.620087041496504, 25.778121118432363, 42.78132993854226, 28.344014629382254, 37.3976791203579, 17.690836736096248, 50.542031916901514, 15.968268712469452, 23.59661159215625, 21.983162278383602, 47.28739746904453, 24.886159488190202, 47.768650904380316, 32.36397974143028, 31.273849272248075, 45.96944460232371, 0.0, 27.9624372950864, 32.451334530144365, 35.6810980635154, 16.346561682767312, 23.16025660957876, 3.4382832927716, 20.767212139859762, 47.877595750458596, 7.629222135888988, 36.302408340983966, 36.07302820872118, 25.786881009180288, 26.798459457806388, 59.753781703552136, 53.81116588375011, 27.471896942468142, 49.66628971389859, 32.41905944710694, 48.02900148252298, 46.64398651921041, 18.83791275579434, 14.099980537629923, 17.54327695212801, 4.593971415085753, 9.40827752743731, 42.06686530442613, 42.06686530442613, 42.06686530442613, 42.06686530442613, 42.06686530442613, 42.06686530442613, 42.06686530442613, 42.06686530442613, 42.06686530442613, 42.06686530442613, 42.06686530442613, 42.06686530442613, 42.06686530442613, 42.06686530442613, 42.06686530442613], [54.25486756314916, 43.15788661400604, 33.581812769413524, 51.60897687505962, 27.9624372950864, 0.0, 9.393188675986115, 43.7747941205874, 39.55551168284763, 43.442207646609965, 28.82801230008412, 35.11953471847483, 38.91253462718934, 35.43863657062716, 9.093903381628278, 13.482580676549059, 17.034417639316803, 3.278205434247723, 38.79602602873408, 40.579368000394254, 0.5540719326632019, 50.63765772370106, 27.69292060381303, 39.594392091391, 27.07700597341061, 22.849037072375815, 14.342752727374982, 44.71846761585705, 23.69979853026818, 36.898417793562245, 44.794370651124034, 44.794370651124034, 44.794370651124034, 44.794370651124034, 44.794370651124034, 44.794370651124034, 44.794370651124034, 44.794370651124034, 44.794370651124034, 44.794370651124034, 44.794370651124034, 44.794370651124034, 44.794370651124034, 44.794370651124034, 44.794370651124034, 28.193947583498776, 14.453241906590868, 39.59430424663828, 35.314494391713374, 30.11686808008345, 48.324533624028255, 22.586114801742564, 0.5686414478252947, 33.560731147248624, 39.327642585473605, 27.506127773132658, 39.07937836702789, 12.55016793208117, 41.60347525453115, 25.533192252743532, 8.144194649672727, 39.10113025152398, 19.519688271339685, 27.312821989509764, 27.038376131544066, 37.64295938815997, 37.409171397121135, 46.29778773386269, 45.49129056785366, 43.681987542934806, 17.745647624075804, 4.505572577549153, 27.908803570544066, 49.630118620283085, 42.22186689547255, 54.25486756314916, 43.15788661400604, 33.581812769413524, 51.60897687505962, 27.9624372950864, 0.0, 9.393188675986115, 43.7747941205874, 39.55551168284763, 43.442207646609965, 28.82801230008412, 35.11953471847483, 38.91253462718934, 35.43863657062716, 9.093903381628278, 13.482580676549059, 17.034417639316803, 3.278205434247723, 38.79602602873408, 40.579368000394254, 0.5540719326632019, 50.63765772370106, 27.69292060381303, 39.594392091391, 27.07700597341061, 22.849037072375815, 14.342752727374982, 44.71846761585705, 23.69979853026818, 36.898417793562245, 44.794370651124034, 44.794370651124034, 44.794370651124034, 44.794370651124034, 44.794370651124034, 44.794370651124034, 44.794370651124034, 44.794370651124034, 44.794370651124034, 44.794370651124034, 44.794370651124034, 44.794370651124034, 44.794370651124034, 44.794370651124034, 44.794370651124034], [63.56953221882132, 52.03388660635862, 42.87725806141047, 60.941096709674056, 32.451334530144365, 9.393188675986115, 0.0, 52.89622529937625, 46.19384405494629, 50.90562468997534, 32.36073545419715, 43.273490654779906, 47.83427518731678, 39.31415183624152, 13.803179748936158, 4.2675231177255215, 26.405320584128066, 7.412379234569738, 44.65467576136705, 48.78096629062949, 9.34129261231246, 60.02450360186332, 37.08325940104281, 48.56017554453796, 34.25160286135822, 31.476502562867164, 20.78609995885917, 49.92812928559044, 28.851252217005634, 40.381406110612005, 54.172109640050245, 54.172109640050245, 54.172109640050245, 54.172109640050245, 54.172109640050245, 54.172109640050245, 54.172109640050245, 54.172109640050245, 54.172109640050245, 54.172109640050245, 54.172109640050245, 54.172109640050245, 54.172109640050245, 54.172109640050245, 54.172109640050245, 34.144288524167244, 6.87246937633944, 45.31317144809518, 42.01637007595501, 34.91480909282072, 57.59806547298565, 24.628734291553272, 9.93603387692596, 38.07266757092545, 43.92233421342703, 36.860136010358254, 44.39848161319032, 11.9373125099185, 50.4690201202417, 33.0752465249118, 1.6936775427256519, 48.016078070534554, 28.36378110151149, 36.40880344347194, 36.23123363338103, 46.91491613087779, 46.30977149100454, 55.39695377464404, 50.082859179339, 52.72820902011251, 18.333810533204765, 10.919478022134903, 36.72548060475076, 59.02225898183836, 50.199332533946, 63.56953221882132, 52.03388660635862, 42.87725806141047, 60.941096709674056, 32.451334530144365, 9.393188675986115, 0.0, 52.89622529937625, 46.19384405494629, 50.90562468997534, 32.36073545419715, 43.273490654779906, 47.83427518731678, 39.31415183624152, 13.803179748936158, 4.2675231177255215, 26.405320584128066, 7.412379234569738, 44.65467576136705, 48.78096629062949, 9.34129261231246, 60.02450360186332, 37.08325940104281, 48.56017554453796, 34.25160286135822, 31.476502562867164, 20.78609995885917, 49.92812928559044, 28.851252217005634, 40.381406110612005, 54.172109640050245, 54.172109640050245, 54.172109640050245, 54.172109640050245, 54.172109640050245, 54.172109640050245, 54.172109640050245, 54.172109640050245, 54.172109640050245, 54.172109640050245, 54.172109640050245, 54.172109640050245, 54.172109640050245, 54.172109640050245, 54.172109640050245], [12.130231664886633, 4.465536794016833, 10.920404948023485, 10.322094603965597, 35.6810980635154, 43.7747941205874, 52.89622529937625, 0.0, 25.001953994297146, 19.46395854179869, 39.09459633285582, 15.100701674951027, 25.627809706162065, 38.601332406822436, 46.02572871813257, 57.130341298726094, 27.18587015737842, 45.52303676330386, 48.62242939280689, 34.0814198798205, 43.6996394338585, 15.888707438214569, 19.0444390851453, 25.034977124713134, 38.946871315379745, 22.007341142721575, 34.89842019799841, 34.57083790345419, 34.067825098389825, 40.56722992755018, 9.007581977166195, 9.007581977166195, 9.007581977166195, 9.007581977166195, 9.007581977166195, 9.007581977166195, 9.007581977166195, 9.007581977166195, 9.007581977166195, 9.007581977166195, 9.007581977166195, 9.007581977166195, 9.007581977166195, 9.007581977166195, 9.007581977166195, 44.582907587912466, 58.127207728012245, 49.660480390218574, 24.732240841801307, 34.37113354615154, 6.180143133645788, 43.25052067678457, 43.29926019689652, 35.642135384970885, 36.20414701910005, 17.185039666441565, 32.527664823404464, 47.73637722531628, 26.84815898172681, 24.104712605245027, 51.8567866056547, 5.996351126189023, 24.65604153219929, 16.487506858774825, 16.759504621588178, 18.94543695980129, 7.493446305884821, 2.5580691793695114, 38.15567018905756, 24.412235398099476, 46.18535052217264, 42.257715335358036, 16.609774543962633, 12.9829690101222, 14.917741306224862, 12.130231664886633, 4.465536794016833, 10.920404948023485, 10.322094603965597, 35.6810980635154, 43.7747941205874, 52.89622529937625, 0.0, 25.001953994297146, 19.46395854179869, 39.09459633285582, 15.100701674951027, 25.627809706162065, 38.601332406822436, 46.02572871813257, 57.130341298726094, 27.18587015737842, 45.52303676330386, 48.62242939280689, 34.0814198798205, 43.6996394338585, 15.888707438214569, 19.0444390851453, 25.034977124713134, 38.946871315379745, 22.007341142721575, 34.89842019799841, 34.57083790345419, 34.067825098389825, 40.56722992755018, 9.007581977166195, 9.007581977166195, 9.007581977166195, 9.007581977166195, 9.007581977166195, 9.007581977166195, 9.007581977166195, 9.007581977166195, 9.007581977166195, 9.007581977166195, 9.007581977166195, 9.007581977166195, 9.007581977166195, 9.007581977166195, 9.007581977166195], [36.059304337157236, 20.737072456946382, 25.815125735526806, 34.93820926853261, 16.346561682767312, 39.55551168284763, 46.19384405494629, 25.001953994297146, 0.0, 7.369106504481898, 18.915252847447427, 11.455176959380342, 44.97950886056533, 15.314660513174266, 46.24591062030498, 50.20742750476505, 29.961573963162724, 39.461567289601746, 62.70455916198811, 52.53775638864367, 39.18257191732875, 40.743318062728086, 31.010136685597594, 44.79515462233204, 50.18330580194756, 20.289520542938206, 25.519557690262456, 9.900324520028095, 18.036490207518938, 16.88272849558703, 33.34117310475732, 33.34117310475732, 33.34117310475732, 33.34117310475732, 33.34117310475732, 33.34117310475732, 33.34117310475732, 33.34117310475732, 33.34117310475732, 33.34117310475732, 33.34117310475732, 33.34117310475732, 33.34117310475732, 33.34117310475732, 33.34117310475732, 55.0153831487495, 52.87306509889011, 63.77857177350828, 4.241249739081347, 13.916159565214025, 30.932195244110975, 26.28031341629237, 39.34137410376153, 13.133555746355803, 11.570004002443618, 27.30217519306462, 7.7896277583644515, 36.37526549145205, 47.15461834976877, 14.577367227685892, 45.9188029753566, 19.860930047587697, 23.556240207291854, 22.29362237177195, 23.73369563336152, 38.611422146395334, 19.284188001925507, 25.854592550714713, 13.292058695776818, 45.98932141656129, 31.842484390166682, 35.86432783487716, 19.12198629128105, 37.920130174538976, 10.705566520802664, 36.059304337157236, 20.737072456946382, 25.815125735526806, 34.93820926853261, 16.346561682767312, 39.55551168284763, 46.19384405494629, 25.001953994297146, 0.0, 7.369106504481898, 18.915252847447427, 11.455176959380342, 44.97950886056533, 15.314660513174266, 46.24591062030498, 50.20742750476505, 29.961573963162724, 39.461567289601746, 62.70455916198811, 52.53775638864367, 39.18257191732875, 40.743318062728086, 31.010136685597594, 44.79515462233204, 50.18330580194756, 20.289520542938206, 25.519557690262456, 9.900324520028095, 18.036490207518938, 16.88272849558703, 33.34117310475732, 33.34117310475732, 33.34117310475732, 33.34117310475732, 33.34117310475732, 33.34117310475732, 33.34117310475732, 33.34117310475732, 33.34117310475732, 33.34117310475732, 33.34117310475732, 33.34117310475732, 33.34117310475732, 33.34117310475732, 33.34117310475732], [29.600348537243022, 15.006367116056015, 23.04485404104154, 28.787326431105615, 23.16025660957876, 43.442207646609965, 50.90562468997534, 19.46395854179869, 7.369106504481898, 0.0, 25.98057059329499, 9.81188433939987, 42.15385037371318, 22.683332021751838, 49.15768697919513, 55.05527255676335, 31.325973787055876, 43.82960025108634, 61.97705443050539, 50.18387412111399, 43.13529154955637, 35.343168887293075, 29.731956623143116, 41.82352698497491, 50.07439529218404, 21.869231625678466, 30.14744382065693, 15.503332545234892, 24.077134840217827, 24.224080356753262, 28.30882781331257, 28.30882781331257, 28.30882781331257, 28.30882781331257, 28.30882781331257, 28.30882781331257, 28.30882781331257, 28.30882781331257, 28.30882781331257, 28.30882781331257, 28.30882781331257, 28.30882781331257, 28.30882781331257, 28.30882781331257, 28.30882781331257, 55.26710309769182, 57.36346984985642, 63.05582377624621, 10.025347370861388, 20.890494257082974, 24.969903663852964, 32.88583931042562, 43.15067131416033, 20.44943650444069, 18.721128337041513, 26.166596820253158, 14.967295859419409, 41.97516630344032, 44.04032383338064, 17.929496060991863, 50.434110351534656, 15.352386450731656, 25.441025189474068, 21.675656283922738, 23.0180325922399, 35.485600737224786, 15.3639519921096, 19.81080210135897, 19.185660788983743, 42.374437094302344, 38.01484285902839, 40.19205572388936, 18.877965458998094, 32.409797575382946, 4.583963173623591, 29.600348537243022, 15.006367116056015, 23.04485404104154, 28.787326431105615, 23.16025660957876, 43.442207646609965, 50.90562468997534, 19.46395854179869, 7.369106504481898, 0.0, 25.98057059329499, 9.81188433939987, 42.15385037371318, 22.683332021751838, 49.15768697919513, 55.05527255676335, 31.325973787055876, 43.82960025108634, 61.97705443050539, 50.18387412111399, 43.13529154955637, 35.343168887293075, 29.731956623143116, 41.82352698497491, 50.07439529218404, 21.869231625678466, 30.14744382065693, 15.503332545234892, 24.077134840217827, 24.224080356753262, 28.30882781331257, 28.30882781331257, 28.30882781331257, 28.30882781331257, 28.30882781331257, 28.30882781331257, 28.30882781331257, 28.30882781331257, 28.30882781331257, 28.30882781331257, 28.30882781331257, 28.30882781331257, 28.30882781331257, 28.30882781331257, 28.30882781331257], [51.17070763416532, 35.73143333808684, 34.66508660898176, 49.39004154154892, 3.4382832927716, 28.82801230008412, 32.36073545419715, 39.09459633285582, 18.915252847447427, 25.98057059329499, 0.0, 24.13886245369402, 51.02765262256444, 6.968329376459961, 37.49217669699351, 35.73730157287857, 28.43041372448645, 27.30071747502064, 62.139495744924716, 56.778737081182406, 28.31046637401319, 53.09995698682784, 35.56911973667373, 51.20508622433798, 49.04024574228651, 22.012866395201595, 15.706318498284137, 18.495117194179574, 7.022842558442223, 8.113476015051802, 45.50280864678424, 45.50280864678424, 45.50280864678424, 45.50280864678424, 45.50280864678424, 45.50280864678424, 45.50280864678424, 45.50280864678424, 45.50280864678424, 45.50280864678424, 45.50280864678424, 45.50280864678424, 45.50280864678424, 45.50280864678424, 45.50280864678424, 52.50471307323932, 39.21479500743961, 63.13428589582184, 16.11976590913471, 5.114455971035135, 45.25406054446563, 8.372567571735276, 28.8749294020642, 6.501339715454026, 11.974439237117188, 32.440189797259315, 13.608961448508627, 20.767322912028227, 53.683369469066044, 16.141562322127445, 32.66344659763896, 33.115099821955354, 22.933022322405876, 27.932355811858255, 29.058318877863673, 46.04999265549095, 31.772998094895485, 40.786341223080626, 17.94600588595077, 53.80176500872348, 14.854202097853236, 24.355690408278367, 25.355274111615078, 50.72527174793932, 27.990732375282843, 51.17070763416532, 35.73143333808684, 34.66508660898176, 49.39004154154892, 3.4382832927716, 28.82801230008412, 32.36073545419715, 39.09459633285582, 18.915252847447427, 25.98057059329499, 0.0, 24.13886245369402, 51.02765262256444, 6.968329376459961, 37.49217669699351, 35.73730157287857, 28.43041372448645, 27.30071747502064, 62.139495744924716, 56.778737081182406, 28.31046637401319, 53.09995698682784, 35.56911973667373, 51.20508622433798, 49.04024574228651, 22.012866395201595, 15.706318498284137, 18.495117194179574, 7.022842558442223, 8.113476015051802, 45.50280864678424, 45.50280864678424, 45.50280864678424, 45.50280864678424, 45.50280864678424, 45.50280864678424, 45.50280864678424, 45.50280864678424, 45.50280864678424, 45.50280864678424, 45.50280864678424, 45.50280864678424, 45.50280864678424, 45.50280864678424, 45.50280864678424], [27.07282706680238, 11.596795877438463, 14.372669417282166, 25.420397926640675, 20.767212139859762, 35.11953471847483, 43.273490654779906, 15.100701674951027, 11.455176959380342, 9.81188433939987, 24.13886245369402, 0.0, 33.581781521964245, 23.56198522194538, 40.049162755915674, 47.51592619964092, 21.716958448509473, 35.95933309231411, 52.34112945676344, 41.28014718924674, 34.87746454609215, 30.131686810644485, 20.175196264973202, 33.37276777189468, 40.29719607414135, 12.599561274426573, 23.06576413306441, 21.333684126821915, 19.749517929718255, 25.56786579928191, 22.54998246805252, 22.54998246805252, 22.54998246805252, 22.54998246805252, 22.54998246805252, 22.54998246805252, 22.54998246805252, 22.54998246805252, 22.54998246805252, 22.54998246805252, 22.54998246805252, 22.54998246805252, 22.54998246805252, 22.54998246805252, 22.54998246805252, 45.461844296909725, 49.405893186724654, 53.42005334958407, 9.939664918969351, 19.311503224741106, 21.279903560931064, 29.075466383015787, 34.76609159017742, 20.561288926039722, 21.620451508843765, 16.532107274569768, 18.136008208967006, 35.739248084591125, 35.71729738515601, 10.699665862735559, 42.59587636113346, 9.2597838009515, 16.187618994908302, 11.885460048338972, 13.251327632147596, 27.163868041524424, 8.252540260589766, 16.65919186607697, 24.600893317913528, 34.539708493835164, 32.95265261853082, 32.36632982902108, 9.074266126839351, 27.468078504806527, 7.195218957750718, 27.07282706680238, 11.596795877438463, 14.372669417282166, 25.420397926640675, 20.767212139859762, 35.11953471847483, 43.273490654779906, 15.100701674951027, 11.455176959380342, 9.81188433939987, 24.13886245369402, 0.0, 33.581781521964245, 23.56198522194538, 40.049162755915674, 47.51592619964092, 21.716958448509473, 35.95933309231411, 52.34112945676344, 41.28014718924674, 34.87746454609215, 30.131686810644485, 20.175196264973202, 33.37276777189468, 40.29719607414135, 12.599561274426573, 23.06576413306441, 21.333684126821915, 19.749517929718255, 25.56786579928191, 22.54998246805252, 22.54998246805252, 22.54998246805252, 22.54998246805252, 22.54998246805252, 22.54998246805252, 22.54998246805252, 22.54998246805252, 22.54998246805252, 22.54998246805252, 22.54998246805252, 22.54998246805252, 22.54998246805252, 22.54998246805252, 22.54998246805252], [27.21064983310514, 29.233351852932316, 19.244139547116113, 24.726417857179666, 47.877595750458596, 38.91253462718934, 47.83427518731678, 25.627809706162065, 44.97950886056533, 42.15385037371318, 51.02765262256444, 33.581781521964245, 0.0, 53.83690253529502, 35.73550137814252, 51.33254261764406, 24.59283828543009, 41.92695706364173, 24.250934206114756, 8.45757396793503, 39.17010682859712, 18.169530575520035, 15.460721115786715, 0.9703213959626312, 18.78264115617768, 29.03970009275807, 38.92871538402357, 54.75265334610419, 44.158450108345434, 55.97791974486696, 18.260202993969, 18.260202993969, 18.260202993969, 18.260202993969, 18.260202993969, 18.260202993969, 18.260202993969, 18.260202993969, 18.260202993969, 18.260202993969, 18.260202993969, 18.260202993969, 18.260202993969, 18.260202993969, 18.260202993969, 23.819498047267714, 50.41464801880447, 25.197771073823308, 42.61161851810073, 47.935837944894665, 24.53187966737859, 51.00602590192607, 38.3444200860519, 50.6715463834368, 53.76356835253789, 18.773117606332683, 50.80373531275014, 48.75698464624194, 2.7897777274760434, 35.447019761611244, 46.27395764184665, 27.130702033913952, 28.387424340027472, 23.72643373763502, 22.391963261689714, 6.781122590475036, 26.825477211071945, 27.27498412631586, 57.796894133331975, 5.2589671300846685, 50.581064159988586, 40.16801459453574, 26.816483905445978, 19.407249458709096, 37.80908917493731, 27.21064983310514, 29.233351852932316, 19.244139547116113, 24.726417857179666, 47.877595750458596, 38.91253462718934, 47.83427518731678, 25.627809706162065, 44.97950886056533, 42.15385037371318, 51.02765262256444, 33.581781521964245, 0.0, 53.83690253529502, 35.73550137814252, 51.33254261764406, 24.59283828543009, 41.92695706364173, 24.250934206114756, 8.45757396793503, 39.17010682859712, 18.169530575520035, 15.460721115786715, 0.9703213959626312, 18.78264115617768, 29.03970009275807, 38.92871538402357, 54.75265334610419, 44.158450108345434, 55.97791974486696, 18.260202993969, 18.260202993969, 18.260202993969, 18.260202993969, 18.260202993969, 18.260202993969, 18.260202993969, 18.260202993969, 18.260202993969, 18.260202993969, 18.260202993969, 18.260202993969, 18.260202993969, 18.260202993969, 18.260202993969], [50.351780424788124, 34.74938295846697, 36.11292673119499, 48.88404033051257, 7.629222135888988, 35.43863657062716, 39.31415183624152, 38.601332406822436, 15.314660513174266, 22.683332021751838, 6.968329376459961, 23.56198522194538, 53.83690253529502, 0.0, 43.891865624271794, 42.70556856071684, 32.91536313118235, 34.08959462124619, 67.02850298617793, 60.24717059105098, 34.935920058315325, 53.587875629148115, 38.50163412264197, 53.896836206577696, 53.932227079779196, 25.077178432097423, 21.725127909603973, 12.100441903247372, 12.20115292050761, 2.142378663697158, 45.96491845757283, 45.96491845757283, 45.96491845757283, 45.96491845757283, 45.96491845757283, 45.96491845757283, 45.96491845757283, 45.96491845757283, 45.96491845757283, 45.96491845757283, 45.96491845757283, 45.96491845757283, 45.96491845757283, 45.96491845757283, 45.96491845757283, 57.78114019885594, 46.17316650693239, 68.05219859537677, 13.979503196112491, 6.230297885149662, 44.75937195089825, 15.203979161628666, 35.44536456065316, 3.1808734461542905, 5.447582258105845, 35.06514355338605, 8.224611560711265, 27.73195357647284, 56.372032667806536, 18.4161693380813, 39.58808475396788, 32.82176730544908, 26.83017489263394, 30.1595912216359, 31.45641471430983, 48.30167237918875, 31.738430547024322, 39.93231087415109, 11.066076016988129, 56.05104679706576, 21.748409818043104, 31.01695300442699, 27.200167731742283, 50.99071215967781, 25.65153441743799, 50.351780424788124, 34.74938295846697, 36.11292673119499, 48.88404033051257, 7.629222135888988, 35.43863657062716, 39.31415183624152, 38.601332406822436, 15.314660513174266, 22.683332021751838, 6.968329376459961, 23.56198522194538, 53.83690253529502, 0.0, 43.891865624271794, 42.70556856071684, 32.91536313118235, 34.08959462124619, 67.02850298617793, 60.24717059105098, 34.935920058315325, 53.587875629148115, 38.50163412264197, 53.896836206577696, 53.932227079779196, 25.077178432097423, 21.725127909603973, 12.100441903247372, 12.20115292050761, 2.142378663697158, 45.96491845757283, 45.96491845757283, 45.96491845757283, 45.96491845757283, 45.96491845757283, 45.96491845757283, 45.96491845757283, 45.96491845757283, 45.96491845757283, 45.96491845757283, 45.96491845757283, 45.96491845757283, 45.96491845757283, 45.96491845757283, 45.96491845757283], [55.23690621201673, 46.27429267091034, 35.212796807019835, 52.48515394794726, 36.302408340983966, 9.093903381628278, 13.803179748936158, 46.02572871813257, 46.24591062030498, 49.15768697919513, 37.49217669699351, 40.049162755915674, 35.73550137814252, 43.891865624271794, 0.0, 16.311661845764466, 19.074590162330082, 11.821311463303669, 30.948404799898423, 35.58732412956834, 9.647957545213538, 50.04710329104588, 27.885195663218337, 36.5554370329388, 20.577147202530163, 27.45334285121766, 22.26170992807359, 52.396932702153, 31.854338431882635, 45.47153529945661, 45.24370771857733, 45.24370771857733, 45.24370771857733, 45.24370771857733, 45.24370771857733, 45.24370771857733, 45.24370771857733, 45.24370771857733, 45.24370771857733, 45.24370771857733, 45.24370771857733, 45.24370771857733, 45.24370771857733, 45.24370771857733, 45.24370771857733, 20.382063160564172, 14.73830144182059, 31.6468277660062, 42.04665165719674, 38.27066264783747, 49.70233990540552, 31.62157395234545, 8.87393187592819, 41.78049962562953, 47.417807797487924, 28.891321881404416, 46.7761074182005, 21.34314640721606, 38.200538263589195, 31.73125874011336, 12.11069001620958, 42.209261877168636, 23.86180672372537, 30.26898483862726, 29.581989122378346, 36.067275911525755, 40.6124152748774, 48.58297461785807, 53.50510921118983, 40.869836258964504, 26.81657693197814, 13.511582974339758, 31.739353945794942, 49.56741897908768, 47.24205713707874, 55.23690621201673, 46.27429267091034, 35.212796807019835, 52.48515394794726, 36.