{"num_workers": 45, "num_roles": 5, "num_nodes": 120, "w": [[60, 60], [90, 90], [90, 90], [210, 210], [360, 360], [60, 60], [0, 0], [270, 270], [270, 270], [180, 180], [0, 0], [210, 210], [30, 30], [30, 30], [60, 60], [90, 90], [270, 270], [150, 150], [90, 90], [150, 150], [150, 150], [30, 30], [60, 60], [30, 30], [330, 330], [360, 360], [30, 30], [240, 240], [240, 240], [60, 60], [0, 0], [0, 0], [0, 0], [0, 0], [0, 0], [0, 0], [0, 0], [0, 0], [0, 0], [0, 0], [0, 0], [0, 0], [0, 0], [0, 0], [0, 0], [210, 420], [270, 330], [210, 270], [120, 390], [180, 300], [60, 360], [30, 240], [30, 420], [60, 360], [90, 450], [180, 450], [180, 420], [90, 420], [120, 420], [120, 390], [60, 150], [90, 240], [90, 390], [30, 420], [270, 390], [300, 420], [240, 420], [150, 420], [180, 450], [60, 420], [210, 360], [60, 420], [90, 420], [60, 360], [60, 330], [390, 390], [390, 390], [360, 360], [390, 390], [420, 420], [420, 420], [390, 390], [450, 450], [330, 330], [360, 360], [270, 270], [480, 480], [480, 480], [330, 330], [270, 270], [480, 480], [480, 480], [450, 450], [450, 450], [480, 480], [270, 270], [480, 480], [420, 420], [480, 480], [390, 390], [480, 480], [330, 330], [480, 480], [390, 390], [390, 390], [480, 480], [480, 480], [480, 480], [480, 480], [480, 480], [480, 480], [480, 480], [480, 480], [480, 480], [480, 480], [480, 480], [480, 480], [480, 480], [480, 480], [480, 480]], "p": [0, 0, 0, 0, 0, 0, 0, 0, 0, 0, 0, 0, 0, 0, 0, 0, 0, 0, 0, 0, 0, 0, 0, 0, 0, 0, 0, 0, 0, 0, 0, 0, 0, 0, 0, 0, 0, 0, 0, 0, 0, 0, 0, 0, 0, 56.736918959065285, 58.729961434311534, 64.15604174539891, 50.632050512287336, 65.28656422363865, 60.894045425023066, 61.48377432331151, 55.3953445246397, 48.729862410093716, 57.249546166135076, 42.991006916694495, 70.80820341022039, 58.533580085711975, 74.87604227578439, 53.41414507153053, 59.97969634030273, 55.72858122566706, 42.0124652895861, 72.07047591923998, 41.708760968389505, 42.37027270843167, 52.17767123175832, 40.067466203130344, 60.59548608597107, 64.59423486755736, 56.34538342277084, 53.60077324154759, 60.11793303093576, 70.57668529022047, 72.74213226187999, 0, 0, 0, 0, 0, 0, 0, 0, 0, 0, 0, 0, 0, 0, 0, 0, 0, 0, 0, 0, 0, 0, 0, 0, 0, 0, 0, 0, 0, 0, 0, 0, 0, 0, 0, 0, 0, 0, 0, 0, 0, 0, 0, 0, 0], "e": [[1, 0, 0, 0, 1], [1, 1, 0, 0, 0], [1, 1, 0, 0, 0], [0, 1, 0, 1, 0], [0, 1, 1, 0, 0], [0, 1, 1, 0, 0], [0, 1, 0, 1, 0], [1, 1, 0, 0, 0], [0, 1, 1, 0, 0], [0, 1, 0, 0, 1], [0, 1, 0, 0, 0], [0, 0, 0, 1, 0], [1, 0, 0, 0, 0], [0, 0, 0, 1, 0], [1, 0, 0, 0, 0], [0, 0, 0, 1, 0], [1, 0, 0, 0, 0], [0, 0, 0, 0, 1], [0, 0, 0, 1, 0], [0, 1, 0, 0, 0], [1, 0, 0, 0, 0], [0, 1, 0, 0, 0], [1, 0, 0, 0, 0], [0, 0, 1, 0, 0], [0, 0, 0, 0, 1], [0, 0, 0, 0, 1], [0, 0, 0, 0, 1], [0, 0, 0, 0, 1], [1, 0, 0, 0, 0], [0, 0, 0, 0, 1], [0, 1, 0, 0, 0], [0, 1, 0, 0, 0], [0, 0, 0, 1, 0], [1, 0, 0, 0, 0], [0, 0, 1, 0, 0], [0, 0, 1, 0, 0], [0, 0, 0, 1, 0], [0, 0, 1, 0, 0], [0, 0, 1, 0, 0], [0, 0, 0, 0, 1], [1, 0, 0, 0, 0], [1, 0, 0, 0, 0], [0, 0, 0, 1, 0], [1, 0, 0, 0, 0], [0, 0, 1, 0, 0]], "d": [[0, 0, 2, 0, 2, 0, 0, 0, 2, 2, 0, 1, 1, 0, 2, 1, 1, 1, 2, 0, 0, 2, 0, 2, 2, 0, 1, 0, 2, 1], [3, 2, 2, 2, 2, 3, 2, 3, 2, 2, 2, 2, 2, 3, 2, 2, 2, 2, 2, 3, 3, 2, 2, 2, 2, 3, 2, 3, 2, 2], [2, 0, 2, 0, 1, 2, 0, 2, 2, 1, 0, 2, 2, 2, 2, 2, 2, 2, 2, 2, 2, 1, 0, 1, 1, 2, 2, 2, 2, 2], [1, 3, 1, 3, 0, 1, 3, 1, 1, 0, 3, 0, 0, 1, 1, 0, 0, 0, 1, 1, 1, 0, 3, 0, 0, 1, 0, 1, 1, 0], [2, 0, 0, 0, 1, 2, 0, 2, 0, 1, 0, 3, 3, 2, 0, 3, 3, 3, 0, 2, 2, 1, 0, 1, 1, 2, 3, 2, 0, 3]], "r": [672, 2791, 2405, 926, 4226, 1075, 1823, 3272, 904, 3004, 1321, 3852, 1688, 3046, 3151, 2400, 3399, 4081, 4216, 4995, 4874, 4357, 819, 4785, 1569, 1001, 298, 2870, 3860, 3817], "g": [[0, 0, 0, 0, 0, 0, 0, 0, 0, 0, 0, 0, 0, 0, 0, 0, 0, 0, 0, 0, 0, 0, 0, 0, 0, 0, 0, 0, 0, 0], [0, 0, 0, 0, 0, 0, 0, 0, 0, 0, 0, 0, 0, 0, 0, 0, 0, 0, 0, 0, 0, 0, 0, 0, 0, 0, 0, 0, 0, 0], [0, 0, 0, 0, 0, 0, 0, 0, 0, 0, 0, 0, 0, 0, 0, 0, 0, 0, 0, 0, 0, 0, 0, 0, 0, 0, 0, 0, 0, 0], [0, 0, 0, 0, 0, 0, 0, 0, 0, 0, 0, 0, 0, 0, 0, 0, 0, 0, 0, 0, 0, 0, 0, 0, 0, 0, 0, 0, 0, 0], [0, 0, 0, 0, 0, 0, 0, 0, 0, 0, 0, 0, 0, 0, 0, 0, 0, 0, 0, 0, 0, 0, 0, 0, 0, 0, 0, 0, 0, 0], [0, 0, 0, 0, 0, 0, 0, 0, 0, 0, 0, 0, 0, 0, 0, 0, 0, 0, 0, 0, 0, 0, 0, 0, 0, 0, 0, 0, 0, 0], [0, 0, 0, 0, 0, 0, 0, 0, 0, 0, 0, 0, 0, 0, 0, 0, 0, 0, 0, 0, 0, 0, 0, 0, 0, 0, 0, 0, 0, 0], [0, 0, 0, 0, 0, 0, 0, 0, 0, 0, 0, 0, 0, 0, 0, 0, 0, 0, 0, 0, 0, 0, 0, 0, 0, 0, 0, 0, 0, 0], [0, 0, 0, 0, 0, 0, 0, 0, 0, 0, 0, 0, 0, 0, 0, 0, 0, 0, 0, 0, 0, 0, 0, 0, 0, 0, 0, 0, 0, 0], [0, 0, 0, 0, 0, 0, 0, 0, 0, 0, 0, 0, 0, 0, 0, 0, 0, 0, 0, 0, 0, 0, 0, 0, 0, 0, 0, 0, 0, 0], [0, 0, 0, 0, 0, 0, 0, 0, 0, 0, 0, 0, 0, 0, 0, 0, 0, 0, 0, 0, 0, 0, 0, 0, 0, 0, 0, 0, 0, 0], [0, 0, 0, 0, 0, 0, 0, 0, 0, 0, 0, 0, 0, 0, 0, 0, 0, 0, 0, 0, 0, 0, 0, 0, 0, 0, 0, 0, 0, 0], [0, 0, 0, 0, 0, 0, 0, 0, 0, 0, 0, 0, 0, 0, 0, 0, 0, 0, 0, 0, 0, 0, 0, 0, 0, 0, 0, 0, 0, 0], [0, 0, 0, 0, 0, 0, 0, 0, 0, 0, 0, 0, 0, 0, 0, 0, 0, 0, 0, 0, 0, 0, 0, 0, 0, 0, 0, 0, 0, 0], [0, 0, 0, 0, 0, 0, 0, 0, 0, 0, 0, 0, 0, 0, 0, 0, 0, 0, 0, 0, 0, 0, 0, 0, 0, 0, 0, 0, 0, 0], [0, 0, 0, 0, 0, 0, 0, 0, 0, 0, 0, 0, 0, 0, 0, 0, 0, 0, 0, 0, 0, 0, 0, 0, 0, 0, 0, 0, 0, 0], [0, 0, 0, 0, 0, 0, 0, 0, 0, 0, 0, 0, 0, 0, 0, 0, 0, 0, 0, 0, 0, 0, 0, 0, 0, 0, 0, 0, 0, 0], [0, 0, 0, 0, 0, 0, 0, 0, 0, 0, 0, 0, 0, 0, 0, 0, 0, 0, 0, 0, 0, 0, 0, 0, 0, 0, 0, 0, 0, 0], [0, 0, 0, 0, 0, 0, 0, 0, 0, 0, 0, 0, 0, 0, 0, 0, 0, 0, 0, 0, 0, 0, 0, 0, 0, 0, 0, 0, 0, 0], [0, 0, 0, 0, 0, 0, 0, 0, 0, 0, 0, 0, 0, 0, 0, 0, 0, 0, 0, 0, 0, 0, 0, 0, 0, 0, 0, 0, 0, 0], [0, 0, 0, 0, 0, 0, 0, 0, 0, 0, 0, 0, 0, 0, 0, 0, 0, 0, 0, 0, 0, 0, 0, 0, 0, 0, 0, 0, 0, 0], [0, 0, 0, 0, 0, 0, 0, 0, 0, 0, 0, 0, 0, 0, 0, 0, 0, 0, 0, 0, 0, 0, 0, 0, 0, 0, 0, 0, 0, 0], [0, 0, 0, 0, 0, 0, 0, 0, 0, 0, 0, 0, 0, 0, 0, 0, 0, 0, 0, 0, 0, 0, 0, 0, 0, 0, 0, 0, 0, 0], [0, 0, 0, 0, 0, 0, 0, 0, 0, 0, 0, 0, 0, 0, 0, 0, 0, 0, 0, 0, 0, 0, 0, 0, 0, 0, 0, 0, 0, 0], [0, 0, 0, 0, 0, 0, 0, 0, 0, 0, 0, 0, 0, 0, 0, 0, 0, 0, 0, 0, 0, 0, 0, 0, 0, 0, 0, 0, 0, 0], [0, 0, 0, 0, 0, 0, 0, 0, 0, 0, 0, 0, 0, 0, 0, 0, 0, 0, 0, 0, 0, 0, 0, 0, 0, 0, 0, 0, 0, 0], [0, 0, 0, 0, 0, 0, 0, 0, 0, 0, 0, 0, 0, 0, 0, 0, 0, 0, 0, 0, 0, 0, 0, 0, 0, 0, 0, 0, 0, 0], [0, 0, 0, 0, 0, 0, 0, 0, 0, 0, 0, 0, 0, 0, 0, 0, 0, 0, 0, 0, 0, 0, 0, 0, 0, 0, 0, 0, 0, 0], [0, 0, 0, 0, 0, 0, 0, 0, 0, 0, 0, 0, 0, 0, 0, 0, 0, 0, 0, 0, 0, 0, 0, 0, 0, 0, 0, 0, 0, 0], [0, 0, 0, 0, 0, 0, 0, 0, 0, 0, 0, 0, 0, 0, 0, 0, 0, 0, 0, 0, 0, 0, 0, 0, 0, 0, 0, 0, 0, 0]], "t": [[0.0, 26.5739313318764, 7.806432850470998, 8.917501645275618, 25.339415095074155, 8.490996092326151, 14.286010736049727, 19.94261115119352, 37.39398751794575, 36.50722919448619, 17.87382161016502, 17.7814439473127, 1.676811408853021, 40.713410746033134, 23.844864338063637, 4.602790955408948, 14.893190808732834, 30.583150678040127, 18.49400383888611, 32.91581435728726, 10.635272297487706, 31.741793566360737, 21.101455461298688, 34.951925000597925, 39.84631089200629, 22.805156433637585, 34.0122141834779, 33.67054553195518, 30.395228588134305, 28.08932097462511, 43.40708062069728, 43.40708062069728, 43.40708062069728, 43.40708062069728, 43.40708062069728, 43.40708062069728, 43.40708062069728, 43.40708062069728, 43.40708062069728, 43.40708062069728, 43.40708062069728, 43.40708062069728, 43.40708062069728, 43.40708062069728, 43.40708062069728, 19.502142566368885, 24.494788862267377, 28.960656305538407, 26.099523526673117, 49.38757705392799, 25.73848072201646, 30.155896673912313, 10.594785290843747, 19.96084814583773, 12.70752659828353, 26.34323494280943, 18.612013258105154, 10.386790174115172, 17.333468474124018, 21.716262696221683, 25.060630798557284, 33.48378168716859, 32.75576321782907, 37.94632090994656, 34.140235251234685, 13.933720716837941, 22.65591467377151, 15.707922880563716, 24.956313729441675, 33.20190666897962, 37.51241927453616, 15.208181717254352, 24.46125583951747, 27.848983438250794, 30.86829780045235, 0.0, 26.5739313318764, 7.806432850470998, 8.917501645275618, 25.339415095074155, 8.490996092326151, 14.286010736049727, 19.94261115119352, 37.39398751794575, 36.50722919448619, 17.87382161016502, 17.7814439473127, 1.676811408853021, 40.713410746033134, 23.844864338063637, 4.602790955408948, 14.893190808732834, 30.583150678040127, 18.49400383888611, 32.91581435728726, 10.635272297487706, 31.741793566360737, 21.101455461298688, 34.951925000597925, 39.84631089200629, 22.805156433637585, 34.0122141834779, 33.67054553195518, 30.395228588134305, 28.08932097462511, 43.40708062069728, 43.40708062069728, 43.40708062069728, 43.40708062069728, 43.40708062069728, 43.40708062069728, 43.40708062069728, 43.40708062069728, 43.40708062069728, 43.40708062069728, 43.40708062069728, 43.40708062069728, 43.40708062069728, 43.40708062069728, 43.40708062069728], [26.5739313318764, 0.0, 26.384102414908053, 33.47270684003662, 34.14846680565704, 25.02525158661505, 34.50976964250696, 6.898667538645435, 14.740527464573525, 10.553130695877488, 41.27933930542226, 24.473123417021867, 28.246889429371695, 48.46069785978939, 18.49208897348988, 30.850247266215753, 34.18506756959943, 22.240364277504053, 9.676858567151058, 11.495492468793362, 16.657727984438605, 5.191684325735871, 44.93034260236512, 33.79489899410133, 24.317129598253054, 11.513748077311421, 31.66017079588383, 8.042470893546279, 30.97754157444311, 17.692519789655694, 21.500284590879993, 21.500284590879993, 21.500284590879993, 21.500284590879993, 21.500284590879993, 21.500284590879993, 21.500284590879993, 21.500284590879993, 21.500284590879993, 21.500284590879993, 21.500284590879993, 21.500284590879993, 21.500284590879993, 21.500284590879993, 21.500284590879993, 34.18191354639652, 6.442150819463857, 27.00374304475807, 0.6788364012098104, 24.8799366179097, 52.15985602835875, 13.139741162832031, 35.19836047911988, 11.082911116595316, 38.348856788075096, 4.349972029334144, 34.70722947565551, 19.39368554049115, 43.86127602076894, 17.374331228080425, 10.218022385293125, 10.704437235878716, 6.734279817746566, 22.69410952736997, 31.542946154597033, 22.17344836177304, 33.28498526479478, 31.266205372542213, 37.20002292455116, 19.781354934960994, 27.45914289123026, 14.70055977510661, 20.822646573750088, 24.378721924222102, 9.317936938090707, 26.5739313318764, 0.0, 26.384102414908053, 33.47270684003662, 34.14846680565704, 25.02525158661505, 34.50976964250696, 6.898667538645435, 14.740527464573525, 10.553130695877488, 41.27933930542226, 24.473123417021867, 28.246889429371695, 48.46069785978939, 18.49208897348988, 30.850247266215753, 34.18506756959943, 22.240364277504053, 9.676858567151058, 11.495492468793362, 16.657727984438605, 5.191684325735871, 44.93034260236512, 33.79489899410133, 24.317129598253054, 11.513748077311421, 31.66017079588383, 8.042470893546279, 30.97754157444311, 17.692519789655694, 21.500284590879993, 21.500284590879993, 21.500284590879993, 21.500284590879993, 21.500284590879993, 21.500284590879993, 21.500284590879993, 21.500284590879993, 21.500284590879993, 21.500284590879993, 21.500284590879993, 21.500284590879993, 21.500284590879993, 21.500284590879993, 21.500284590879993], [7.806432850470998, 26.384102414908053, 0.0, 7.757184297727679, 32.86450226465241, 1.5542397355469302, 8.65718224338977, 19.499482548503877, 39.30313966401152, 36.89131333950231, 14.90064762557034, 10.549963106233031, 8.367952913122283, 48.41502670872717, 28.825780979522822, 11.027746644431373, 22.651622308765898, 35.66503980337521, 20.562750530859685, 29.98503988917506, 13.908186290999495, 31.230486481923503, 27.488193654566857, 41.59654213863907, 43.90436574690151, 19.360758817393904, 26.72856858493314, 32.24937844444533, 22.928577707364447, 32.471588085977146, 45.78165101223192, 45.78165101223192, 45.78165101223192, 45.78165101223192, 45.78165101223192, 45.78165101223192, 45.78165101223192, 45.78165101223192, 45.78165101223192, 45.78165101223192, 45.78165101223192, 45.78165101223192, 45.78165101223192, 45.78165101223192, 45.78165101223192, 27.28454440060656, 22.53797051492326, 35.16316267523188, 25.787782332777752, 50.786823086689864, 27.039019530636047, 33.16201628115505, 9.270146482474761, 17.137293640212256, 18.460282696708962, 24.88319385396147, 11.492953352515789, 7.0385303594955495, 19.55822650549647, 26.571514969201797, 21.888910753038367, 30.92207958703762, 33.05002505232258, 41.97835284872169, 26.88193963210173, 20.329633308221098, 30.259378833836973, 8.209487438026562, 32.712073500817574, 37.36780987825772, 42.683803042021836, 12.264997452658644, 29.91444475986555, 21.190708226641302, 28.26839199233167, 7.806432850470998, 26.384102414908053, 0.0, 7.757184297727679, 32.86450226465241, 1.5542397355469302, 8.65718224338977, 19.499482548503877, 39.30313966401152, 36.89131333950231, 14.90064762557034, 10.549963106233031, 8.367952913122283, 48.41502670872717, 28.825780979522822, 11.027746644431373, 22.651622308765898, 35.66503980337521, 20.562750530859685, 29.98503988917506, 13.908186290999495, 31.230486481923503, 27.488193654566857, 41.59654213863907, 43.90436574690151, 19.360758817393904, 26.72856858493314, 32.24937844444533, 22.928577707364447, 32.471588085977146, 45.78165101223192, 45.78165101223192, 45.78165101223192, 45.78165101223192, 45.78165101223192, 45.78165101223192, 45.78165101223192, 45.78165101223192, 45.78165101223192, 45.78165101223192, 45.78165101223192, 45.78165101223192, 45.78165101223192, 45.78165101223192, 45.78165101223192], [8.917501645275618, 33.47270684003662, 7.757184297727679, 0.0, 32.890459999139885, 9.311215732045397, 7.0348996521126015, 26.585425716461376, 45.53167686436196, 43.83819339591562, 8.957417115732829, 17.185215612676117, 7.921042482717902, 47.4845890530474, 32.75636112275586, 8.407287113016563, 20.5777822875691, 39.500649189436785, 26.52293200293292, 37.72059189365112, 18.95540089183243, 38.47038839790868, 22.094481572893592, 43.44273952731198, 48.68221735509969, 27.105162751267393, 32.59857234382091, 39.752669534526845, 28.51514573099864, 36.94996538763679, 51.76557295852821, 51.76557295852821, 51.76557295852821, 51.76557295852821, 51.76557295852821, 51.76557295852821, 51.76557295852821, 51.76557295852821, 51.76557295852821, 51.76557295852821, 51.76557295852821, 51.76557295852821, 51.76557295852821, 51.76557295852821, 51.76557295852821, 26.19005309928051, 30.09745483135413, 37.704906063821284, 32.91392356844344, 57.329344615982485, 19.289925764874873, 38.6861266365714, 1.7726049679988978, 24.802115454556215, 13.052636505053039, 32.3482922053098, 12.557476484533968, 14.538135522618356, 11.920659626331043, 30.6148176070738, 29.6227949544521, 38.624180119075575, 40.00964503453037, 46.77397374592575, 32.79433945402671, 22.742977837748203, 30.068059234097074, 11.05291732021361, 31.68879544980912, 42.04211443179148, 46.42577065161558, 19.878197901234525, 33.37056115890363, 27.999696839044454, 35.96708112214599, 8.917501645275618, 33.47270684003662, 7.757184297727679, 0.0, 32.890459999139885, 9.311215732045397, 7.0348996521126015, 26.585425716461376, 45.53167686436196, 43.83819339591562, 8.957417115732829, 17.185215612676117, 7.921042482717902, 47.4845890530474, 32.75636112275586, 8.407287113016563, 20.5777822875691, 39.500649189436785, 26.52293200293292, 37.72059189365112, 18.95540089183243, 38.47038839790868, 22.094481572893592, 43.44273952731198, 48.68221735509969, 27.105162751267393, 32.59857234382091, 39.752669534526845, 28.51514573099864, 36.94996538763679, 51.76557295852821, 51.76557295852821, 51.76557295852821, 51.76557295852821, 51.76557295852821, 51.76557295852821, 51.76557295852821, 51.76557295852821, 51.76557295852821, 51.76557295852821, 51.76557295852821, 51.76557295852821, 51.76557295852821, 51.76557295852821, 51.76557295852821], [25.339415095074155, 34.14846680565704, 32.86450226465241, 32.890459999139885, 0.0, 33.10625478193896, 39.35619406905185, 31.404308154278276, 34.76070168617755, 38.947317796604125, 40.95554227880264, 41.25397755625783, 25.50453034819853, 15.918340055226238, 16.728981112837356, 24.49764073279657, 13.5088276141518, 18.473808423263907, 25.28952888861089, 45.17199601135985, 23.089660571647244, 38.20153668159605, 22.966015242381843, 13.117463454191451, 28.64244317810635, 38.91888335238892, 56.47833307899227, 41.95605130591356, 53.554542583034745, 20.42725322741833, 37.553048452517345, 37.553048452517345, 37.553048452517345, 37.553048452517345, 37.553048452517345, 37.553048452517345, 37.553048452517345, 37.553048452517345, 37.553048452517345, 37.553048452517345, 37.553048452517345, 37.553048452517345, 37.553048452517345, 37.553048452517345, 37.553048452517345, 7.535110460265399, 37.0246843046412, 11.933049703297682, 34.18438820831854, 45.63191257349551, 40.934414183535864, 26.574901838252227, 34.09376568746956, 35.96762586555983, 24.370200355498884, 37.07238109213254, 43.94956804682554, 31.796428673684222, 33.79829808374948, 17.047541800558204, 39.934263732262195, 44.70826414263812, 36.64243774218779, 27.404555857552523, 56.52822171426318, 14.143955888746198, 2.873332330754277, 40.99275627136774, 4.462413926441061, 23.84125988216044, 22.272371783758647, 33.53886842296269, 14.704054235461399, 49.21764688260786, 42.83711487564625, 25.339415095074155, 34.14846680565704, 32.86450226465241, 32.890459999139885, 0.0, 33.10625478193896, 39.35619406905185, 31.404308154278276, 34.76070168617755, 38.947317796604125, 40.95554227880264, 41.25397755625783, 25.50453034819853, 15.918340055226238, 16.728981112837356, 24.49764073279657, 13.5088276141518, 18.473808423263907, 25.28952888861089, 45.17199601135985, 23.089660571647244, 38.20153668159605, 22.966015242381843, 13.117463454191451, 28.64244317810635, 38.91888335238892, 56.47833307899227, 41.95605130591356, 53.554542583034745, 20.42725322741833, 37.553048452517345, 37.553048452517345, 37.553048452517345, 37.553048452517345, 37.553048452517345, 37.553048452517345, 37.553048452517345, 37.553048452517345, 37.553048452517345, 37.553048452517345, 37.553048452517345, 37.553048452517345, 37.553048452517345, 37.553048452517345, 37.553048452517345], [8.490996092326151, 25.02525158661505, 1.5542397355469302, 9.311215732045397, 33.10625478193896, 0.0, 9.702832861089083, 18.160311209136903, 38.14128417185665, 35.55401319748938, 16.26348045269795, 9.408553425619997, 9.29246247424804, 48.77505100958961, 28.255509159806106, 12.114104078123201, 23.38093957429631, 35.07878020589073, 19.54240041625614, 28.43927477523223, 13.242184163528824, 29.823066741268246, 28.71632242001244, 41.419609007314115, 43.075181423814335, 17.81274581937864, 25.652484647888066, 30.769640405687685, 21.946137823976315, 31.751584232479956, 44.66788234621261, 44.66788234621261, 44.66788234621261, 44.66788234621261, 44.66788234621261, 44.66788234621261, 44.66788234621261, 44.66788234621261, 44.66788234621261, 44.66788234621261, 44.66788234621261, 44.66788234621261, 44.66788234621261, 44.66788234621261, 44.66788234621261, 27.786716035149624, 21.04864966835531, 34.86722324135842, 24.419660498953665, 49.5346700803498, 28.59091286793601, 32.188157663834396, 10.813676259173564, 15.618465024948557, 19.748442469294023, 23.41975526122396, 11.865947764980048, 5.63365309191001, 21.102293549074805, 25.991213608540285, 20.3444437192171, 29.3865226675426, 31.71447639071893, 41.150031391709376, 25.794553139467833, 20.200562643451438, 30.56271803524049, 8.392635759839735, 33.158986454461484, 36.58172135324911, 42.0921167035598, 10.772377819386124, 29.446489570581544, 19.893968713415486, 26.734277444025437, 8.490996092326151, 25.02525158661505, 1.5542397355469302, 9.311215732045397, 33.10625478193896, 0.0, 9.702832861089083, 18.160311209136903, 38.14128417185665, 35.55401319748938, 16.26348045269795, 9.408553425619997, 9.29246247424804, 48.77505100958961, 28.255509159806106, 12.114104078123201, 23.38093957429631, 35.07878020589073, 19.54240041625614, 28.43927477523223, 13.242184163528824, 29.823066741268246, 28.71632242001244, 41.419609007314115, 43.075181423814335, 17.81274581937864, 25.652484647888066, 30.769640405687685, 21.946137823976315, 31.751584232479956, 44.66788234621261, 44.66788234621261, 44.66788234621261, 44.66788234621261, 44.66788234621261, 44.66788234621261, 44.66788234621261, 44.66788234621261, 44.66788234621261, 44.66788234621261, 44.66788234621261, 44.66788234621261, 44.66788234621261, 44.66788234621261, 44.66788234621261], [14.286010736049727, 34.50976964250696, 8.65718224338977, 7.0348996521126015, 39.35619406905185, 9.702832861089083, 0.0, 27.71279771291995, 47.84016107508001, 45.06237705340261, 7.521071111089723, 13.504683091505333, 13.868854954604682, 54.27303886522188, 37.236507125045726, 15.144908679882922, 27.47277226232281, 44.075893048316104, 29.204297209782933, 36.570046603514236, 22.479550197506246, 39.14600354650716, 28.84765596817559, 49.22082560618066, 52.52850913044125, 26.087297282474516, 27.16402695795325, 39.72033134477633, 22.956919345240852, 41.029664673834276, 54.370133674743464, 54.370133674743464, 54.370133674743464, 54.370133674743464, 54.370133674743464, 54.370133674743464, 54.370133674743464, 54.370133674743464, 54.370133674743464, 54.370133674743464, 54.370133674743464, 54.370133674743464, 54.370133674743464, 54.370133674743464, 54.370133674743464, 32.92841681571562, 30.018276443499175, 43.091979330432565, 33.883681072032225, 59.17048846726889, 22.223558040658236, 41.817510961394426, 6.760832912534951, 24.430269961021224, 19.942722119001463, 32.52840832956751, 5.660431191825682, 15.202833126969603, 16.708782799012635, 35.00264915411615, 28.653502561231452, 37.73953427479214, 41.233670656556406, 50.60277379636957, 27.39247306408961, 28.07028603285723, 36.58472493370964, 5.393550512951709, 38.444639733242035, 45.97005223665626, 51.08732592507536, 19.914296834188725, 38.17924155767835, 23.754645694749243, 35.145896367392524, 14.286010736049727, 34.50976964250696, 8.65718224338977, 7.0348996521126015, 39.35619406905185, 9.702832861089083, 0.0, 27.71279771291995, 47.84016107508001, 45.06237705340261, 7.521071111089723, 13.504683091505333, 13.868854954604682, 54.27303886522188, 37.236507125045726, 15.144908679882922, 27.47277226232281, 44.075893048316104, 29.204297209782933, 36.570046603514236, 22.479550197506246, 39.14600354650716, 28.84765596817559, 49.22082560618066, 52.52850913044125, 26.087297282474516, 27.16402695795325, 39.72033134477633, 22.956919345240852, 41.029664673834276, 54.370133674743464, 54.370133674743464, 54.370133674743464, 54.370133674743464, 54.370133674743464, 54.370133674743464, 54.370133674743464, 54.370133674743464, 54.370133674743464, 54.370133674743464, 54.370133674743464, 54.370133674743464, 54.370133674743464, 54.370133674743464, 54.370133674743464], [19.94261115119352, 6.898667538645435, 19.499482548503877, 26.585425716461376, 31.404308154278276, 18.160311209136903, 27.71279771291995, 0.0, 20.571516980677046, 17.394869524660265, 34.399265268911364, 18.570809660455502, 21.61929726516193, 46.6677062194076, 17.938648966903653, 24.346298191384182, 29.08952015593494, 23.380551869687572, 6.351650915479319, 14.382931149290453, 10.750950655836009, 11.913792213985541, 39.187614712140984, 33.70437718887427, 28.108700056154913, 8.213373603285405, 28.502548889183426, 13.775085992960594, 27.002109113671715, 18.948968949469542, 27.303384309085217, 27.303384309085217, 27.303384309085217, 27.303384309085217, 27.303384309085217, 27.303384309085217, 27.303384309085217, 27.303384309085217, 27.303384309085217, 27.303384309085217, 27.303384309085217, 27.303384309085217, 27.303384309085217, 27.303384309085217, 27.303384309085217, 30.054924374903536, 5.720719934229721, 26.593867595053034, 6.328690296578115, 31.489199187604363, 45.37004395949794, 16.467120037722083, 28.306350108695288, 6.080649491521233, 32.078048373966595, 6.668926132508954, 28.23567618888725, 12.539419586326146, 37.13185836795041, 16.148662682416358, 8.619453659452645, 14.42152535691567, 13.554568210144303, 26.291341238553606, 28.445030147427243, 18.01327408034881, 30.030370386050162, 24.72242197872228, 33.817789042027016, 22.477844046353525, 29.64087653090737, 8.179728402655195, 20.111601647622486, 20.88529250539803, 12.069770690077466, 19.94261115119352, 6.898667538645435, 19.499482548503877, 26.585425716461376, 31.404308154278276, 18.160311209136903, 27.71279771291995, 0.0, 20.571516980677046, 17.394869524660265, 34.399265268911364, 18.570809660455502, 21.61929726516193, 46.6677062194076, 17.938648966903653, 24.346298191384182, 29.08952015593494, 23.380551869687572, 6.351650915479319, 14.382931149290453, 10.750950655836009, 11.913792213985541, 39.187614712140984, 33.70437718887427, 28.108700056154913, 8.213373603285405, 28.502548889183426, 13.775085992960594, 27.002109113671715, 18.948968949469542, 27.303384309085217, 27.303384309085217, 27.303384309085217, 27.303384309085217, 27.303384309085217, 27.303384309085217, 27.303384309085217, 27.303384309085217, 27.303384309085217, 27.303384309085217, 27.303384309085217, 27.303384309085217, 27.303384309085217, 27.303384309085217, 27.303384309085217], [37.39398751794575, 14.740527464573525, 39.30313966401152, 45.53167686436196, 34.76070168617755, 38.14128417185665, 47.84016107508001, 20.571516980677046, 0.0, 7.592454688005656, 54.014779846382865, 39.00596015614988, 38.95082326707944, 45.61563983728252, 18.492858740470627, 40.942854448431184, 40.111963547752495, 17.117178909380947, 19.011261089826462, 22.66971598687128, 26.76536695409045, 12.833742184400402, 51.85333683907069, 28.764855597605568, 12.46562888615662, 26.21969687911999, 45.896448932808674, 16.1135686301876, 45.54969712898775, 14.333991267274603, 6.775220460158574, 6.775220460158574, 6.775220460158574, 6.775220460158574, 6.775220460158574, 6.775220460158574, 6.775220460158574, 6.775220460158574, 6.775220460158574, 6.775220460158574, 6.775220460158574, 6.775220460158574, 6.775220460158574, 6.775220460158574, 6.775220460158574, 37.84455578707984, 21.08840466213503, 23.899978644407064, 15.413734897079737, 12.141844644221802, 62.92227171134162, 8.476640692770264, 47.30397146531327, 25.733605527672218, 47.23645443628369, 18.64786067920555, 48.775755580342576, 32.699884720598, 54.42777145570061, 19.180984503993376, 24.6722622351323, 21.07189286442887, 9.224917328005901, 11.638271482575902, 45.75129037621768, 27.819571172268713, 35.12200021281921, 45.234596052276196, 38.85531139021977, 11.962656135284343, 18.591889494242146, 28.75047405000546, 20.175575270987032, 38.86799305794929, 21.38122139966152, 37.39398751794575, 14.740527464573525, 39.30313966401152, 45.53167686436196, 34.76070168617755, 38.14128417185665, 47.84016107508001, 20.571516980677046, 0.0, 7.592454688005656, 54.014779846382865, 39.00596015614988, 38.95082326707944, 45.61563983728252, 18.492858740470627, 40.942854448431184, 40.111963547752495, 17.117178909380947, 19.011261089826462, 22.66971598687128, 26.76536695409045, 12.833742184400402, 51.85333683907069, 28.764855597605568, 12.46562888615662, 26.21969687911999, 45.896448932808674, 16.1135686301876, 45.54969712898775, 14.333991267274603, 6.775220460158574, 6.775220460158574, 6.775220460158574, 6.775220460158574, 6.775220460158574, 6.775220460158574, 6.775220460158574, 6.775220460158574, 6.775220460158574, 6.775220460158574, 6.775220460158574, 6.775220460158574, 6.775220460158574, 6.775220460158574, 6.775220460158574], [36.50722919448619, 10.553130695877488, 36.89131333950231, 43.83819339591562, 38.947317796604125, 35.55401319748938, 45.06237705340261, 17.394869524660265, 7.592454688005656, 0.0, 51.79193554406466, 34.693597115194514, 38.15685684637984, 51.28281085752936, 22.2183930214724, 40.557421833903966, 42.0081362430746, 22.849763868363468, 18.309418775654972, 15.553245711479185, 26.098916316677432, 6.53770061589169, 53.38691504220167, 34.89890304936995, 19.97985978791059, 21.02761074636828, 39.55304359512544, 8.895567569413243, 39.65170620912592, 19.113025631473793, 13.143398034710682, 13.143398034710682, 13.143398034710682, 13.143398034710682, 13.143398034710682, 13.143398034710682, 13.143398034710682, 13.143398034710682, 13.143398034710682, 13.143398034710682, 13.143398034710682, 13.143398034710682, 13.143398034710682, 13.143398034710682, 13.143398034710682, 40.776830888976626, 15.975476306886213, 29.21329206911758, 11.185991489516757, 14.567190988720194, 62.23462187586423, 12.782778099824862, 45.58174106487486, 21.315433236004854, 47.6389920967037, 13.32645421146698, 45.166639481284356, 29.92806701743228, 53.83818272932195, 22.158457314214175, 19.04278453772718, 13.86273731009198, 3.841414003521755, 18.986151987071636, 39.382500569334475, 29.534308877262585, 38.80284222074497, 41.76264969097499, 42.69081213383849, 18.32805707367869, 25.60970253776253, 25.23434725540266, 24.310577537676085, 32.909989137100254, 14.609093825155231, 36.50722919448619, 10.553130695877488, 36.89131333950231, 43.83819339591562, 38.947317796604125, 35.55401319748938, 45.06237705340261, 17.394869524660265, 7.592454688005656, 0.0, 51.79193554406466, 34.693597115194514, 38.15685684637984, 51.28281085752936, 22.2183930214724, 40.557421833903966, 42.0081362430746, 22.849763868363468, 18.309418775654972, 15.553245711479185, 26.098916316677432, 6.53770061589169, 53.38691504220167, 34.89890304936995, 19.97985978791059, 21.02761074636828, 39.55304359512544, 8.895567569413243, 39.65170620912592, 19.113025631473793, 13.143398034710682, 13.143398034710682, 13.143398034710682, 13.143398034710682, 13.143398034710682, 13.143398034710682, 13.143398034710682, 13.143398034710682, 13.143398034710682, 13.143398034710682, 13.143398034710682, 13.143398034710682, 13.143398034710682, 13.143398034710682, 13.143398034710682], [17.87382161016502, 41.27933930542226, 14.90064762557034, 8.957417115732829, 40.95554227880264, 16.26348045269795, 7.521071111089723, 34.399265268911364, 54.014779846382865, 51.79193554406466, 0.0, 21.00438910724096, 16.808277394269503, 54.80216488134757, 41.713483747569555, 16.696754787967308, 27.942429702434488, 48.45615229654933, 35.076157046198226, 43.994093517593406, 27.72463434158551, 46.08213161208128, 26.13425429720659, 52.068132844748355, 57.601644189209765, 33.449130584957956, 33.780679069633706, 46.89780773264568, 29.551310365720234, 45.88640820641399, 60.375377901977764, 60.375377901977764, 60.375377901977764, 60.375377901977764, 60.375377901977764, 60.375377901977764, 60.375377901977764, 60.375377901977764, 60.375377901977764, 60.375377901977764, 60.375377901977764, 60.375377901977764, 60.375377901977764, 60.375377901977764, 60.375377901977764, 33.867489217830936, 37.16749226972808, 46.52512350786407, 40.678375057174875, 65.6311858664539, 15.31495552625372, 47.43818275089563, 7.308816387167103, 31.62555911218703, 18.292059891035365, 39.61002234128846, 11.516110714247164, 21.896322159142454, 11.780671569392435, 39.56852140538799, 36.01852299158352, 45.119363926128855, 47.95066401782005, 55.68940932456802, 34.03101269141205, 31.633853545758114, 38.090655075825374, 12.705632527152911, 39.242424419359644, 50.96633370411504, 55.373958517321306, 26.935495479505942, 42.31574446159178, 31.03981429373774, 42.50565205337334, 17.87382161016502, 41.27933930542226, 14.90064762557034, 8.957417115732829, 40.95554227880264, 16.26348045269795, 7.521071111089723, 34.399265268911364, 54.014779846382865, 51.79193554406466, 0.0, 21.00438910724096, 16.808277394269503, 54.80216488134757, 41.713483747569555, 16.696754787967308, 27.942429702434488, 48.45615229654933, 35.076157046198226, 43.994093517593406, 27.72463434158551, 46.08213161208128, 26.13425429720659, 52.068132844748355, 57.601644189209765, 33.449130584957956, 33.780679069633706, 46.89780773264568, 29.551310365720234, 45.88640820641399, 60.375377901977764, 60.375377901977764, 60.375377901977764, 60.375377901977764, 60.375377901977764, 60.375377901977764, 60.375377901977764, 60.375377901977764, 60.375377901977764, 60.375377901977764, 60.375377901977764, 60.375377901977764, 60.375377901977764, 60.375377901977764, 60.375377901977764], [17.7814439473127, 24.473123417021867, 10.549963106233031, 17.185215612676117, 41.25397755625783, 9.408553425619997, 13.504683091505333, 18.570809660455502, 39.00596015614988, 34.693597115194514, 21.00438910724096, 0.0, 18.691388737298002, 57.12763078118301, 33.44098238077813, 21.5158667917957, 32.576479411564975, 39.95894088223627, 22.632904632792314, 23.83158826381755, 19.058315841887755, 28.29790071224933, 38.036955229944056, 48.05427306798063, 46.33423482939732, 13.994950113007068, 16.249412691001304, 27.973724017479867, 12.642466251961583, 36.002437084657466, 45.77363044979637, 45.77363044979637, 45.77363044979637, 45.77363044979637, 45.77363044979637, 45.77363044979637, 45.77363044979637, 45.77363044979637, 45.77363044979637, 45.77363044979637, 45.77363044979637, 45.77363044979637, 45.77363044979637, 45.77363044979637, 45.77363044979637, 36.59469701754253, 18.768100297085308, 41.124134663193296, 23.796565675351154, 49.235670592117145, 35.48840645963871, 34.78993294010088, 18.178708061613907, 13.409833813487804, 28.990037644749517, 21.424673031442374, 11.110534687187894, 9.577287547134429, 28.98264167174268, 31.221793261739307, 16.418203671076355, 25.196079769216396, 31.040842564022455, 44.45981542923609, 16.38806687430096, 27.518303609812303, 38.90033746339362, 8.433142929945191, 41.81166750579557, 40.281204577022706, 46.77906685682665, 10.633548394380345, 35.08307300600846, 10.819893843153324, 22.74410473980499, 17.7814439473127, 24.473123417021867, 10.549963106233031, 17.185215612676117, 41.25397755625783, 9.408553425619997, 13.504683091505333, 18.570809660455502, 39.00596015614988, 34.693597115194514, 21.00438910724096, 0.0, 18.691388737298002, 57.12763078118301, 33.44098238077813, 21.5158667917957, 32.576479411564975, 39.95894088223627, 22.632904632792314, 23.83158826381755, 19.058315841887755, 28.29790071224933, 38.036955229944056, 48.05427306798063, 46.33423482939732, 13.994950113007068, 16.249412691001304, 27.973724017479867, 12.642466251961583, 36.002437084657466, 45.77363044979637, 45.77363044979637, 45.77363044979637, 45.77363044979637, 45.77363044979637, 45.77363044979637, 45.77363044979637, 45.77363044979637, 45.77363044979637, 45.77363044979637, 45.77363044979637, 45.77363044979637, 45.77363044979637, 45.77363044979637, 45.77363044979637], [1.676811408853021, 28.246889429371695, 8.367952913122283, 7.921042482717902, 25.50453034819853, 9.29246247424804, 13.868854954604682, 21.61929726516193, 38.95082326707944, 38.15685684637984, 16.808277394269503, 18.691388737298002, 0.0, 40.64258907027887, 25.02645125426013, 3.0731359956352065, 14.357850171055793, 31.705744470876155, 20.09706953550624, 34.54070708928391, 12.219445881021953, 33.41638477764808, 19.75744915886813, 35.58773126088316, 41.13586129717807, 24.372775607753873, 34.94027506543546, 35.34479198858085, 31.230771511256098, 29.363494433230684, 44.91117795985462, 44.91117795985462, 44.91117795985462, 44.91117795985462, 44.91117795985462, 44.91117795985462, 44.91117795985462, 44.91117795985462, 44.91117795985462, 44.91117795985462, 44.91117795985462, 44.91117795985462, 44.91117795985462, 44.91117795985462, 44.91117795985462, 19.32448824577327, 26.149060089373158, 29.784594959342062, 27.774247948778864, 50.96884750080831, 24.10592774969968, 31.62180996371415, 9.499639148152502, 21.55963041859402, 11.180204666726672, 28.01301900405398, 18.546123208242424, 11.821387158727015, 15.681453710404632, 22.939684526922886, 26.655432512458763, 35.127131574563094, 34.412071242384975, 39.245073500657554, 35.07931920477487, 14.831099326396465, 22.75611078424611, 15.864310655075625, 24.826100439307115, 34.4928011153556, 38.589248382871325, 16.766456477237757, 25.529051738746258, 28.973404058087922, 32.506813277402436, 1.676811408853021, 28.246889429371695, 8.367952913122283, 7.921042482717902, 25.50453034819853, 9.29246247424804, 13.868854954604682, 21.61929726516193, 38.95082326707944, 38.15685684637984, 16.808277394269503, 18.691388737298002, 0.0, 40.64258907027887, 25.02645125426013, 3.0731359956352065, 14.357850171055793, 31.705744470876155, 20.09706953550624, 34.54070708928391, 12.219445881021953, 33.41638477764808, 19.75744915886813, 35.58773126088316, 41.13586129717807, 24.372775607753873, 34.94027506543546, 35.34479198858085, 31.230771511256098, 29.363494433230684, 44.91117795985462, 44.91117795985462, 44.91117795985462, 44.91117795985462, 44.91117795985462, 44.91117795985462, 44.91117795985462, 44.91117795985462, 44.91117795985462, 44.91117795985462, 44.91117795985462, 44.91117795985462, 44.91117795985462, 44.91117795985462, 44.91117795985462], [40.713410746033134, 48.46069785978939, 48.41502670872717, 47.4845890530474, 15.918340055226238, 48.77505100958961, 54.27303886522188, 46.6677062194076, 45.61563983728252, 51.28281085752936, 54.80216488134757, 57.12763078118301, 40.64258907027887, 0.0, 30.028968396631136, 39.139434975274895, 26.957777587095322, 28.562598333148973, 40.37522740299759, 59.83671615356974, 38.96187267493857, 51.87521301508262, 31.98328996136845, 17.08374980654351, 36.01946735434259, 54.4623791062735, 72.39126271179309, 55.84058770221946, 69.46870894549448, 32.20239524878163, 46.411024648743854, 46.411024648743854, 46.411024648743854, 46.411024648743854, 46.411024648743854, 46.411024648743854, 46.411024648743854, 46.411024648743854, 46.411024648743854, 46.411024648743854, 46.411024648743854, 46.411024648743854, 46.411024648743854, 46.411024648743854, 46.411024648743854, 21.349714561761406, 52.125896665715004, 22.083929185474762, 48.609731015195784, 54.568823013962195, 51.51403299276594, 38.50241515104672, 48.45760319892851, 51.58668945663482, 36.871696102103314, 51.84147910307968, 59.18712196295736, 47.70328437561907, 45.827343826713324, 31.115725181267628, 55.27990514645746, 59.16386365421879, 49.70398090254909, 35.532968109546914, 72.43902786004077, 30.018949288328773, 18.244067795473054, 56.418472745139596, 15.832565177724781, 33.673489597407425, 28.559442390370208, 49.39330619507936, 27.708381424562383, 65.10260503380877, 57.54547503587454, 40.713410746033134, 48.46069785978939, 48.41502670872717, 47.4845890530474, 15.918340055226238, 48.77505100958961, 54.27303886522188, 46.6677062194076, 45.61563983728252, 51.28281085752936, 54.80216488134757, 57.12763078118301, 40.64258907027887, 0.0, 30.028968396631136, 39.139434975274895, 26.957777587095322, 28.562598333148973, 40.37522740299759, 59.83671615356974, 38.96187267493857, 51.87521301508262, 31.98328996136845, 17.08374980654351, 36.01946735434259, 54.4623791062735, 72.39126271179309, 55.84058770221946, 69.46870894549448, 32.20239524878163, 46.411024648743854, 46.411024648743854, 46.411024648743854, 46.411024648743854, 46.411024648743854, 46.411024648743854, 46.411024648743854, 46.411024648743854, 46.411024648743854, 46.411024648743854, 46.411024648743854, 46.411024648743854, 46.411024648743854, 46.411024648743854, 46.411024648743854], [23.844864338063637, 18.49208897348988, 28.825780979522822, 32.75636112275586, 16.728981112837356, 28.255509159806106, 37.236507125045726, 17.938648966903653, 18.492858740470627, 22.2183930214724, 41.713483747569555, 33.44098238077813, 25.02645125426013, 30.028968396631136, 0.0, 26.053019428351515, 22.164843631306955, 6.84209190651644, 11.738286076229336, 29.954324448214585, 15.033459284709073, 21.900073958836828, 33.98188037744538, 15.774780447699017, 16.335706610667266, 26.14653659857704, 46.07134820099543, 25.827799978348782, 44.07265225176932, 4.799983377408464, 22.498452342821803, 22.498452342821803, 22.498452342821803, 22.498452342821803, 22.498452342821803, 22.498452342821803, 22.498452342821803, 22.498452342821803, 22.498452342821803, 22.498452342821803, 22.498452342821803, 22.498452342821803, 22.498452342821803, 22.498452342821803, 22.498452342821803, 19.374901939054258, 22.82420224407165, 8.701780288305157, 18.689850349437624, 30.106952809032567, 47.43897662905083, 10.060016162558343, 34.438712137228485, 23.722253418168414, 30.71665270797364, 22.123730323841606, 40.113460339310926, 24.317848053252895, 39.079286756956506, 2.26805831048554, 26.36386880118131, 29.189180884837373, 20.019987367456046, 14.517850909688189, 46.043362495326015, 10.84882083290856, 16.731153450845596, 