{"num_workers": 45, "num_roles": 3, "num_nodes": 120, "w": [[60, 60], [30, 30], [30, 30], [240, 240], [30, 30], [0, 0], [0, 0], [420, 420], [210, 210], [240, 240], [30, 30], [150, 150], [180, 180], [120, 120], [360, 360], [180, 180], [330, 330], [390, 390], [60, 60], [150, 150], [120, 120], [240, 240], [90, 90], [90, 90], [90, 90], [150, 150], [90, 90], [300, 300], [120, 120], [180, 180], [0, 0], [0, 0], [0, 0], [0, 0], [0, 0], [0, 0], [0, 0], [0, 0], [0, 0], [0, 0], [0, 0], [0, 0], [0, 0], [0, 0], [0, 0], [60, 420], [60, 420], [90, 390], [60, 390], [180, 450], [150, 240], [210, 420], [120, 450], [330, 450], [210, 450], [300, 360], [90, 390], [90, 360], [60, 390], [90, 420], [90, 420], [150, 300], [30, 390], [150, 420], [270, 390], [390, 450], [300, 360], [90, 390], [210, 450], [180, 450], [60, 420], [90, 360], [60, 390], [270, 390], [120, 450], [480, 480], [390, 390], [480, 480], [450, 450], [420, 420], [390, 390], [420, 420], [480, 480], [420, 420], [390, 390], [450, 450], [360, 360], [480, 480], [450, 450], [450, 450], [390, 390], [480, 480], [450, 450], [450, 450], [480, 480], [300, 300], [480, 480], [330, 330], [360, 360], [450, 450], [450, 450], [360, 360], [330, 330], [480, 480], [450, 450], [480, 480], [480, 480], [480, 480], [480, 480], [480, 480], [480, 480], [480, 480], [480, 480], [480, 480], [480, 480], [480, 480], [480, 480], [480, 480], [480, 480], [480, 480]], "p": [0, 0, 0, 0, 0, 0, 0, 0, 0, 0, 0, 0, 0, 0, 0, 0, 0, 0, 0, 0, 0, 0, 0, 0, 0, 0, 0, 0, 0, 0, 0, 0, 0, 0, 0, 0, 0, 0, 0, 0, 0, 0, 0, 0, 0, 61.87499172360473, 53.116272740237065, 58.49430342069749, 71.56828075601965, 49.74679332152561, 55.18549958219286, 53.10163311808331, 47.51834934616881, 45.45179638721994, 66.7919305613613, 51.18917134809914, 66.62932992469742, 70.40551597088164, 65.02125085578379, 44.49533266892943, 55.95916596229232, 73.35969803948721, 43.87286397517497, 58.69019745591403, 45.032489077264295, 64.44163768490323, 25.59458567404957, 33.31466496234871, 33.39596528068065, 24.873396660762804, 30.937495861802365, 35.20275798544082, 35.78414037800982, 22.516244538632147, 23.759174673084406, 0, 0, 0, 0, 0, 0, 0, 0, 0, 0, 0, 0, 0, 0, 0, 0, 0, 0, 0, 0, 0, 0, 0, 0, 0, 0, 0, 0, 0, 0, 0, 0, 0, 0, 0, 0, 0, 0, 0, 0, 0, 0, 0, 0, 0], "e": [[1, 1, 0], [1, 1, 0], [1, 0, 1], [1, 1, 0], [1, 1, 0], [0, 1, 1], [1, 0, 1], [1, 1, 0], [1, 1, 0], [0, 1, 0], [0, 1, 0], [0, 1, 1], [1, 1, 0], [1, 1, 0], [0, 1, 1], [0, 1, 1], [0, 1, 1], [0, 1, 1], [1, 1, 0], [0, 1, 0], [1, 1, 0], [0, 1, 0], [0, 1, 1], [1, 1, 0], [0, 1, 0], [0, 1, 1], [0, 1, 1], [1, 1, 0], [0, 1, 1], [0, 1, 0], [0, 1, 0], [0, 1, 0], [0, 1, 0], [0, 1, 1], [1, 1, 0], [0, 1, 1], [0, 1, 0], [0, 1, 0], [0, 0, 1], [1, 0, 0], [0, 0, 1], [0, 0, 1], [0, 0, 1], [1, 0, 0], [1, 0, 0]], "d": [[0, 0, 1, 0, 0, 0, 0, 0, 0, 1, 0, 0, 0, 1, 0, 0, 0, 0, 0, 0, 1, 0, 0, 2, 0, 0, 0, 0, 0, 0], [0, 0, 1, 1, 0, 1, 1, 0, 0, 1, 1, 1, 1, 1, 1, 0, 0, 1, 0, 0, 1, 2, 2, 2, 0, 0, 2, 2, 0, 0], [2, 2, 0, 0, 1, 0, 0, 2, 1, 0, 0, 0, 0, 0, 0, 1, 2, 0, 1, 1, 0, 0, 0, 0, 2, 4, 0, 0, 2, 4]], "r": [345, 3083, 3629, 3578, 4597, 3017, 3618, 2715, 491, 1142, 333, 2827, 3323, 3506, 117, 2391, 1161, 3178, 1114, 1349, 1749, 333, 2827, 1142, 4597, 345, 3323, 3578, 1349, 2715], "g": [[0, 0, 0, 0, 0, 0, 0, 0, 0, 0, 0, 0, 0, 0, 0, 0, 0, 0, 0, 0, 0, 0, 0, 0, 0, 1, 0, 0, 0, 0], [0, 0, 0, 0, 0, 0, 0, 0, 0, 0, 0, 0, 0, 0, 0, 0, 0, 0, 0, 0, 0, 0, 0, 0, 0, 0, 0, 0, 0, 0], [0, 0, 0, 0, 0, 0, 0, 0, 0, 0, 0, 0, 0, 0, 0, 0, 0, 0, 0, 0, 0, 0, 0, 0, 0, 0, 0, 0, 0, 0], [0, 0, 0, 0, 0, 0, 0, 0, 0, 0, 0, 0, 0, 0, 0, 0, 0, 0, 0, 0, 0, 0, 0, 0, 0, 0, 0, 1, 0, 0], [0, 0, 0, 0, 0, 0, 0, 0, 0, 0, 0, 0, 0, 0, 0, 0, 0, 0, 0, 0, 0, 0, 0, 0, 1, 0, 0, 0, 0, 0], [0, 0, 0, 0, 0, 0, 0, 0, 0, 0, 0, 0, 0, 0, 0, 0, 0, 0, 0, 0, 0, 0, 0, 0, 0, 0, 0, 0, 0, 0], [0, 0, 0, 0, 0, 0, 0, 0, 0, 0, 0, 0, 0, 0, 0, 0, 0, 0, 0, 0, 0, 0, 0, 0, 0, 0, 0, 0, 0, 0], [0, 0, 0, 0, 0, 0, 0, 0, 0, 0, 0, 0, 0, 0, 0, 0, 0, 0, 0, 0, 0, 0, 0, 0, 0, 0, 0, 0, 0, 1], [0, 0, 0, 0, 0, 0, 0, 0, 0, 0, 0, 0, 0, 0, 0, 0, 0, 0, 0, 0, 0, 0, 0, 0, 0, 0, 0, 0, 0, 0], [0, 0, 0, 0, 0, 0, 0, 0, 0, 0, 0, 0, 0, 0, 0, 0, 0, 0, 0, 0, 0, 0, 0, 1, 0, 0, 0, 0, 0, 0], [0, 0, 0, 0, 0, 0, 0, 0, 0, 0, 0, 0, 0, 0, 0, 0, 0, 0, 0, 0, 0, 1, 0, 0, 0, 0, 0, 0, 0, 0], [0, 0, 0, 0, 0, 0, 0, 0, 0, 0, 0, 0, 0, 0, 0, 0, 0, 0, 0, 0, 0, 0, 1, 0, 0, 0, 0, 0, 0, 0], [0, 0, 0, 0, 0, 0, 0, 0, 0, 0, 0, 0, 0, 0, 0, 0, 0, 0, 0, 0, 0, 0, 0, 0, 0, 0, 1, 0, 0, 0], [0, 0, 0, 0, 0, 0, 0, 0, 0, 0, 0, 0, 0, 0, 0, 0, 0, 0, 0, 0, 0, 0, 0, 0, 0, 0, 0, 0, 0, 0], [0, 0, 0, 0, 0, 0, 0, 0, 0, 0, 0, 0, 0, 0, 0, 0, 0, 0, 0, 0, 0, 0, 0, 0, 0, 0, 0, 0, 0, 0], [0, 0, 0, 0, 0, 0, 0, 0, 0, 0, 0, 0, 0, 0, 0, 0, 0, 0, 0, 0, 0, 0, 0, 0, 0, 0, 0, 0, 0, 0], [0, 0, 0, 0, 0, 0, 0, 0, 0, 0, 0, 0, 0, 0, 0, 0, 0, 0, 0, 0, 0, 0, 0, 0, 0, 0, 0, 0, 0, 0], [0, 0, 0, 0, 0, 0, 0, 0, 0, 0, 0, 0, 0, 0, 0, 0, 0, 0, 0, 0, 0, 0, 0, 0, 0, 0, 0, 0, 0, 0], [0, 0, 0, 0, 0, 0, 0, 0, 0, 0, 0, 0, 0, 0, 0, 0, 0, 0, 0, 0, 0, 0, 0, 0, 0, 0, 0, 0, 0, 0], [0, 0, 0, 0, 0, 0, 0, 0, 0, 0, 0, 0, 0, 0, 0, 0, 0, 0, 0, 0, 0, 0, 0, 0, 0, 0, 0, 0, 1, 0], [0, 0, 0, 0, 0, 0, 0, 0, 0, 0, 0, 0, 0, 0, 0, 0, 0, 0, 0, 0, 0, 0, 0, 0, 0, 0, 0, 0, 0, 0], [0, 0, 0, 0, 0, 0, 0, 0, 0, 0, 1, 0, 0, 0, 0, 0, 0, 0, 0, 0, 0, 0, 0, 0, 0, 0, 0, 0, 0, 0], [0, 0, 0, 0, 0, 0, 0, 0, 0, 0, 0, 1, 0, 0, 0, 0, 0, 0, 0, 0, 0, 0, 0, 0, 0, 0, 0, 0, 0, 0], [0, 0, 0, 0, 0, 0, 0, 0, 0, 1, 0, 0, 0, 0, 0, 0, 0, 0, 0, 0, 0, 0, 0, 0, 0, 0, 0, 0, 0, 0], [0, 0, 0, 0, 1, 0, 0, 0, 0, 0, 0, 0, 0, 0, 0, 0, 0, 0, 0, 0, 0, 0, 0, 0, 0, 0, 0, 0, 0, 0], [1, 0, 0, 0, 0, 0, 0, 0, 0, 0, 0, 0, 0, 0, 0, 0, 0, 0, 0, 0, 0, 0, 0, 0, 0, 0, 0, 0, 0, 0], [0, 0, 0, 0, 0, 0, 0, 0, 0, 0, 0, 0, 1, 0, 0, 0, 0, 0, 0, 0, 0, 0, 0, 0, 0, 0, 0, 0, 0, 0], [0, 0, 0, 1, 0, 0, 0, 0, 0, 0, 0, 0, 0, 0, 0, 0, 0, 0, 0, 0, 0, 0, 0, 0, 0, 0, 0, 0, 0, 0], [0, 0, 0, 0, 0, 0, 0, 0, 0, 0, 0, 0, 0, 0, 0, 0, 0, 0, 0, 1, 0, 0, 0, 0, 0, 0, 0, 0, 0, 0], [0, 0, 0, 0, 0, 0, 0, 1, 0, 0, 0, 0, 0, 0, 0, 0, 0, 0, 0, 0, 0, 0, 0, 0, 0, 0, 0, 0, 0, 0]], "t": [[0.0, 14.498280508652833, 9.181667896565235, 16.168036118760025, 9.119565941582152, 14.164990718418407, 6.315639991353959, 14.308370483400934, 11.259651127138753, 3.3803310246758707, 11.27425294947, 13.23258571926834, 4.418486187704523, 11.398186102769438, 10.266186986869771, 9.78042526638802, 11.518524293434735, 12.795632852528342, 11.512850134662802, 12.66200566108322, 13.547029721907906, 12.786566484148967, 6.531271116972746, 8.12422467091327, 13.546628174950023, 11.647985122471765, 15.897505139068311, 9.358300165652384, 11.9081027627008, 9.441068937485117, 7.3731740758457285, 7.3731740758457285, 7.3731740758457285, 7.3731740758457285, 7.3731740758457285, 7.3731740758457285, 7.3731740758457285, 7.3731740758457285, 7.3731740758457285, 7.3731740758457285, 7.3731740758457285, 7.3731740758457285, 7.3731740758457285, 7.3731740758457285, 7.3731740758457285, 13.986247906312139, 11.075684928869483, 9.700672779130455, 10.29393511823323, 8.046193694061529, 13.298742896099686, 6.166740873125028, 11.717166933521709, 4.487738131483544, 7.464370654307287, 3.9550035431653403, 13.521102724875025, 10.83908544385656, 7.8582363873187635, 9.941440851489018, 5.025389828664047, 6.221871383909707, 14.057110947755573, 9.364184245141677, 1.0731719925994845, 13.002167155923663, 3.9550035431653403, 13.521102724875025, 7.464370654307287, 8.046193694061529, 13.986247906312139, 10.83908544385656, 10.29393511823323, 1.0731719925994845, 11.717166933521709, 0.0, 14.498280508652833, 9.181667896565235, 16.168036118760025, 9.119565941582152, 14.164990718418407, 6.315639991353959, 14.308370483400934, 11.259651127138753, 3.3803310246758707, 11.27425294947, 13.23258571926834, 4.418486187704523, 11.398186102769438, 10.266186986869771, 9.78042526638802, 11.518524293434735, 12.795632852528342, 11.512850134662802, 12.66200566108322, 13.547029721907906, 12.786566484148967, 6.531271116972746, 8.12422467091327, 13.546628174950023, 11.647985122471765, 15.897505139068311, 9.358300165652384, 11.9081027627008, 9.441068937485117, 7.3731740758457285, 7.3731740758457285, 7.3731740758457285, 7.3731740758457285, 7.3731740758457285, 7.3731740758457285, 7.3731740758457285, 7.3731740758457285, 7.3731740758457285, 7.3731740758457285, 7.3731740758457285, 7.3731740758457285, 7.3731740758457285, 7.3731740758457285, 7.3731740758457285], [14.498280508652833, 0.0, 16.015046677495477, 3.701657746356185, 12.184821492532489, 21.803083699028967, 19.542715657066193, 17.070087327040397, 3.255566076962734, 13.969097934690318, 11.076123235900097, 9.466536860488638, 10.862064449716765, 20.42326964137426, 15.8259697210977, 22.735462643866065, 19.23169876235105, 26.642228514299887, 11.935001359829208, 9.796652790306508, 6.215547442817925, 7.821722273489219, 9.24259628082365, 8.786792747218847, 7.986059752703383, 13.75756734879191, 18.2335087618689, 13.613503168053317, 10.261778744756898, 23.90849568431756, 8.857442249110989, 8.857442249110989, 8.857442249110989, 8.857442249110989, 8.857442249110989, 8.857442249110989, 8.857442249110989, 8.857442249110989, 8.857442249110989, 8.857442249110989, 8.857442249110989, 8.857442249110989, 8.857442249110989, 8.857442249110989, 8.857442249110989, 1.1493466437723023, 25.566203351498025, 16.297812448359117, 5.968821560647453, 6.950252338104147, 19.502789501519132, 16.739829690224365, 5.4593957652690435, 12.241114896499768, 11.210952970625826, 12.304539692455046, 9.599908237739914, 11.967520521870366, 21.9463432673066, 5.89478235706865, 16.82229738029505, 8.52564692428383, 3.4279283858148064, 22.911276148926753, 15.167895843685296, 8.247373001273694, 12.304539692455046, 9.599908237739914, 11.210952970625826, 6.950252338104147, 1.1493466437723023, 11.967520521870366, 5.968821560647453, 15.167895843685296, 5.4593957652690435, 14.498280508652833, 0.0, 16.015046677495477, 3.701657746356185, 12.184821492532489, 21.803083699028967, 19.542715657066193, 17.070087327040397, 3.255566076962734, 13.969097934690318, 11.076123235900097, 9.466536860488638, 10.862064449716765, 20.42326964137426, 15.8259697210977, 22.735462643866065, 19.23169876235105, 26.642228514299887, 11.935001359829208, 9.796652790306508, 6.215547442817925, 7.821722273489219, 9.24259628082365, 8.786792747218847, 7.986059752703383, 13.75756734879191, 18.2335087618689, 13.613503168053317, 10.261778744756898, 23.90849568431756, 8.857442249110989, 8.857442249110989, 8.857442249110989, 8.857442249110989, 8.857442249110989, 8.857442249110989, 8.857442249110989, 8.857442249110989, 8.857442249110989, 8.857442249110989, 8.857442249110989, 8.857442249110989, 8.857442249110989, 8.857442249110989, 8.857442249110989], [9.181667896565235, 16.015046677495477, 0.0, 15.532463183064138, 3.9640257916281345, 6.044214138839807, 7.512500396406205, 22.937282809076038, 13.276029402251314, 5.846561570270452, 6.118491446918375, 8.910112996551902, 7.3776073775309525, 4.440804235142883, 19.127855683099416, 17.82666137264939, 3.279244648286813, 19.421941985621917, 5.597875520151581, 8.185550442385773, 11.420176768561491, 9.720439486440897, 12.934152982485319, 14.537400374594407, 10.215754121698598, 4.271306330661657, 24.542987605457363, 17.790648481300757, 18.847435479319667, 13.426319479637575, 7.475267278207014, 7.475267278207014, 7.475267278207014, 7.475267278207014, 7.475267278207014, 7.475267278207014, 7.475267278207014, 7.475267278207014, 7.475267278207014, 7.475267278207014, 7.475267278207014, 7.475267278207014, 7.475267278207014, 7.475267278207014, 7.475267278207014, 16.17689919034119, 15.032569466590836, 0.5214424159932671, 15.126075884587296, 9.68568837060651, 22.410343674128804, 15.345939904196891, 10.833275530233722, 12.698438764420535, 15.188074150497112, 12.161149284592634, 9.07417362690822, 5.059963619303531, 10.446438251462967, 14.62607374642073, 14.14911048996311, 9.10238752673981, 17.506880854227713, 16.907906454088554, 8.459494518766093, 18.936203106736965, 12.161149284592634, 9.07417362690822, 15.188074150497112, 9.68568837060651, 16.17689919034119, 5.059963619303531, 15.126075884587296, 8.459494518766093, 10.833275530233722, 9.181667896565235, 16.015046677495477, 0.0, 15.532463183064138, 3.9640257916281345, 6.044214138839807, 7.512500396406205, 22.937282809076038, 13.276029402251314, 5.846561570270452, 6.118491446918375, 8.910112996551902, 7.3776073775309525, 4.440804235142883, 19.127855683099416, 17.82666137264939, 3.279244648286813, 19.421941985621917, 5.597875520151581, 8.185550442385773, 11.420176768561491, 9.720439486440897, 12.934152982485319, 14.537400374594407, 10.215754121698598, 4.271306330661657, 24.542987605457363, 17.790648481300757, 18.847435479319667, 13.426319479637575, 7.475267278207014, 7.475267278207014, 7.475267278207014, 7.475267278207014, 7.475267278207014, 7.475267278207014, 7.475267278207014, 7.475267278207014, 7.475267278207014, 7.475267278207014, 7.475267278207014, 7.475267278207014, 7.475267278207014, 7.475267278207014, 7.475267278207014], [16.168036118760025, 3.701657746356185, 15.532463183064138, 0.0, 11.568557985230864, 20.863790139161928, 20.35864242986259, 20.647591066901814, 5.537238511474816, 14.879582848806908, 9.785096096221391, 7.479656591432443, 12.009407271159382, 19.957270533928142, 19.11397934373134, 25.14463712164523, 18.542678827310862, 28.786905786452408, 10.577916103105663, 8.023191171081644, 4.239882909822105, 6.0646376792450125, 11.952698127808342, 11.866869485309671, 5.878350790718701, 12.446573663501466, 21.85850907304998, 16.89913846650526, 13.867128529400109, 25.304525432294383, 9.374682714280878, 9.374682714280878, 9.374682714280878, 9.374682714280878, 9.374682714280878, 9.374682714280878, 9.374682714280878, 9.374682714280878, 9.374682714280878, 9.374682714280878, 9.374682714280878, 9.374682714280878, 9.374682714280878, 9.374682714280878, 9.374682714280878, 4.842340467783645, 27.011693315840397, 15.707374618793574, 9.28411493810942, 8.126304926127602, 22.87361296847359, 19.400201977544064, 4.884008536827183, 14.775960978105763, 14.276619773367326, 14.725345621129973, 7.5090083633803655, 10.821065920602406, 23.02654353971537, 9.09412862707756, 19.271434740977355, 9.946165250450747, 7.118927933149196, 25.1398970828767, 16.643072163796795, 11.931522611344716, 14.725345621129973, 7.5090083633803655, 14.276619773367326, 8.126304926127602, 4.842340467783645, 10.821065920602406, 9.28411493810942, 16.643072163796795, 4.884008536827183, 16.168036118760025, 3.701657746356185, 15.532463183064138, 0.0, 11.568557985230864, 20.863790139161928, 20.35864242986259, 20.647591066901814, 5.537238511474816, 14.879582848806908, 9.785096096221391, 7.479656591432443, 12.009407271159382, 19.957270533928142, 19.11397934373134, 25.14463712164523, 18.542678827310862, 28.786905786452408, 10.577916103105663, 8.023191171081644, 4.239882909822105, 6.0646376792450125, 11.952698127808342, 11.866869485309671, 5.878350790718701, 12.446573663501466, 21.85850907304998, 16.89913846650526, 13.867128529400109, 25.304525432294383, 9.374682714280878, 9.374682714280878, 9.374682714280878, 9.374682714280878, 9.374682714280878, 9.374682714280878, 9.374682714280878, 9.374682714280878, 9.374682714280878, 9.374682714280878, 9.374682714280878, 9.374682714280878, 9.374682714280878, 9.374682714280878, 9.374682714280878], [9.119565941582152, 12.184821492532489, 3.9640257916281345, 11.568557985230864, 0.0, 9.62383124136667, 10.080004069141212, 21.30069691952822, 9.64342372489806, 5.983918808093422, 2.5592530561197813, 5.262102699937028, 5.585143984093716, 8.396435918294683, 17.859192121760195, 18.741467299950983, 7.069337294111432, 21.109280994666122, 2.4803956960327715, 4.5386198957421575, 7.477661218308981, 5.828949792922467, 10.70910184472385, 12.121190719408297, 6.387374485403028, 2.7216897373552746, 22.881515121353974, 16.184317990830678, 16.342031179152816, 15.84950644867354, 4.244789637484558, 4.244789637484558, 4.244789637484558, 4.244789637484558, 4.244789637484558, 4.244789637484558, 4.244789637484558, 4.244789637484558, 4.244789637484558, 4.244789637484558, 4.244789637484558, 4.244789637484558, 4.244789637484558, 4.244789637484558, 4.244789637484558, 12.440936080106312, 17.54971010724753, 4.163755048322595, 12.086501981358623, 6.374671894621255, 21.46128059609051, 14.993049254193469, 6.897920584194555, 11.373720578251652, 13.315432912599777, 10.911190023698213, 5.478571985711561, 1.7827410858843695, 13.048842416459607, 11.581508581324623, 14.045787353761545, 6.387900729839125, 13.963222296603094, 18.096194615358083, 8.813949557850364, 16.02836816014368, 10.911190023698213, 5.478571985711561, 13.315432912599777, 6.374671894621255, 12.440936080106312, 1.7827410858843695, 12.086501981358623, 8.813949557850364, 6.897920584194555, 9.119565941582152, 12.184821492532489, 3.9640257916281345, 11.568557985230864, 0.0, 9.62383124136667, 10.080004069141212, 21.30069691952822, 9.64342372489806, 5.983918808093422, 2.5592530561197813, 5.262102699937028, 5.585143984093716, 8.396435918294683, 17.859192121760195, 18.741467299950983, 7.069337294111432, 21.109280994666122, 2.4803956960327715, 4.5386198957421575, 7.477661218308981, 5.828949792922467, 10.70910184472385, 12.121190719408297, 6.387374485403028, 2.7216897373552746, 22.881515121353974, 16.184317990830678, 16.342031179152816, 15.84950644867354, 4.244789637484558, 4.244789637484558, 4.244789637484558, 4.244789637484558, 4.244789637484558, 4.244789637484558, 4.244789637484558, 4.244789637484558, 4.244789637484558, 4.244789637484558, 4.244789637484558, 4.244789637484558, 4.244789637484558, 4.244789637484558, 4.244789637484558], [14.164990718418407, 21.803083699028967, 6.044214138839807, 20.863790139161928, 9.62383124136667, 0.0, 9.881781141331249, 28.398978619553958, 19.218392348091033, 11.184085974566566, 11.080036030568273, 13.608492587115649, 13.298014136668888, 2.936116181520913, 24.41943030122994, 21.135270909456402, 2.82271997273206, 21.56189816289439, 10.307828281975901, 12.957856558855195, 16.63104529502326, 14.81946923068776, 18.825497893498177, 20.46572740125005, 15.136718841411543, 8.462802050480404, 30.0, 23.31895422095115, 24.767413459635762, 14.852376506433595, 13.49249378191156, 13.49249378191156, 13.49249378191156, 13.49249378191156, 13.49249378191156, 13.49249378191156, 13.49249378191156, 13.49249378191156, 13.49249378191156, 13.49249378191156, 13.49249378191156, 13.49249378191156, 13.49249378191156, 13.49249378191156, 13.49249378191156, 22.059145685559763, 16.083595435869643, 5.644408126848055, 21.16698035310427, 15.706853396995022, 27.396171877266458, 20.08768969310322, 16.446081797227404, 18.215278126153514, 20.90375422617403, 17.66038020534598, 13.677892482038885, 10.045559256128938, 12.00733101331532, 20.66779311719741, 18.748743746233682, 15.136676548434627, 23.49520613410259, 19.929649699033718, 13.2263623489485, 24.955546413088562, 17.66038020534598, 13.677892482038885, 20.90375422617403, 15.706853396995022, 22.059145685559763, 10.045559256128938, 21.16698035310427, 13.2263623489485, 16.446081797227404, 14.164990718418407, 21.803083699028967, 6.044214138839807, 20.863790139161928, 9.62383124136667, 0.0, 9.881781141331249, 28.398978619553958, 19.218392348091033, 11.184085974566566, 11.080036030568273, 13.608492587115649, 13.298014136668888, 2.936116181520913, 24.41943030122994, 21.135270909456402, 2.82271997273206, 21.56189816289439, 10.307828281975901, 12.957856558855195, 16.63104529502326, 14.81946923068776, 18.825497893498177, 20.46572740125005, 15.136718841411543, 8.462802050480404, 30.0, 23.31895422095115, 24.767413459635762, 14.852376506433595, 13.49249378191156, 13.49249378191156, 13.49249378191156, 13.49249378191156, 13.49249378191156, 13.49249378191156, 13.49249378191156, 13.49249378191156, 13.49249378191156, 13.49249378191156, 13.49249378191156, 13.49249378191156, 13.49249378191156, 13.49249378191156, 13.49249378191156], [6.315639991353959, 19.542715657066193, 7.512500396406205, 20.35864242986259, 10.080004069141212, 9.881781141331249, 0.0, 20.07774941743308, 16.323367056412184, 5.575556885890876, 12.638789068244575, 15.289649221891516, 8.6888364771819, 6.962616281140614, 15.92277938273695, 11.253662493263828, 7.965150629669731, 12.081031549054051, 12.429522496385156, 14.58084755367765, 16.851351143736725, 15.526149449714076, 12.720421701128084, 14.367118226031435, 16.198956264085144, 11.583980673345733, 21.615131802702024, 15.40780111289351, 18.223618634763746, 5.920581515927183, 10.990698908283896, 10.990698908283896, 10.990698908283896, 10.990698908283896, 10.990698908283896, 10.990698908283896, 10.990698908283896, 10.990698908283896, 10.990698908283896, 10.990698908283896, 10.990698908283896, 10.990698908283896, 10.990698908283896, 10.990698908283896, 10.990698908283896, 19.266553047219173, 7.559546998505925, 7.866272394058029, 16.268079226176003, 12.607211772315756, 18.31458251368103, 11.003557017992543, 15.504138860398072, 10.778884416783656, 13.763320820552565, 10.259157645873133, 15.525493548645915, 11.759043886017656, 2.987040108487069, 15.860267141914058, 9.585707901972482, 11.053282024135362, 19.76925796398047, 10.070381202352209, 5.258630332843425, 19.258208470935642, 10.259157645873133, 15.525493548645915, 13.763320820552565, 12.607211772315756, 19.266553047219173, 11.759043886017656, 16.268079226176003, 5.258630332843425, 15.504138860398072, 6.315639991353959, 19.542715657066193, 7.512500396406205, 20.35864242986259, 10.080004069141212, 9.881781141331249, 0.0, 20.07774941743308, 16.323367056412184, 5.575556885890876, 12.638789068244575, 15.289649221891516, 8.6888364771819, 6.962616281140614, 15.92277938273695, 11.253662493263828, 7.965150629669731, 12.081031549054051, 12.429522496385156, 14.58084755367765, 16.851351143736725, 15.526149449714076, 12.720421701128084, 14.367118226031435, 16.198956264085144, 11.583980673345733, 21.615131802702024, 15.40780111289351, 18.223618634763746, 5.920581515927183, 10.990698908283896, 10.990698908283896, 10.990698908283896, 10.990698908283896, 10.990698908283896, 10.990698908283896, 10.990698908283896, 10.990698908283896, 10.990698908283896, 10.990698908283896, 10.990698908283896, 10.990698908283896, 10.990698908283896, 10.990698908283896, 10.990698908283896], [14.308370483400934, 17.070087327040397, 22.937282809076038, 20.647591066901814, 21.30069691952822, 28.398978619553958, 20.07774941743308, 0.0, 15.607058694445538, 17.241829146745616, 22.385018378208063, 22.87615708510545, 15.826369301537525, 25.692213842357347, 4.1618294989241855, 13.56189156074896, 25.670544973749195, 17.850841374067898, 23.02225617442595, 22.672400232563586, 21.027642737466465, 21.54865245373392, 10.714551347634606, 9.667986807512516, 22.183660280475, 24.006627289226554, 1.6060167657475766, 5.156578357656342, 6.813366288223624, 20.015672905107834, 17.422330066315375, 17.422330066315375, 17.422330066315375, 17.422330066315375, 17.422330066315375, 17.422330066315375, 17.422330066315375, 17.422330066315375, 17.422330066315375, 17.422330066315375, 17.422330066315375, 17.422330066315375, 17.422330066315375, 17.422330066315375, 17.422330066315375, 15.933781429910534, 20.897369852318583, 23.451130344323783, 11.497976521921611, 15.971189038871042, 4.045855039252047, 9.295765408720772, 19.030267386175233, 10.241371288565917, 7.994248072494635, 10.784530395806694, 23.15124278671114, 22.533355605140834, 20.30053036104119, 11.806676248164742, 10.685321945539762, 15.101784651031481, 13.969683258086594, 14.792562838185628, 15.323333088278204, 9.04760565452724, 10.784530395806694, 23.15124278671114, 7.994248072494635, 15.971189038871042, 15.933781429910534, 22.533355605140834, 11.497976521921611, 15.323333088278204, 19.030267386175233, 14.308370483400934, 17.070087327040397, 22.937282809076038, 20.647591066901814, 21.30069691952822, 28.398978619553958, 20.07774941743308, 0.0, 15.607058694445538, 17.241829146745616, 22.385018378208063, 22.87615708510545, 15.826369301537525, 25.692213842357347, 4.1618294989241855, 13.56189156074896, 25.670544973749195, 17.850841374067898, 23.02225617442595, 22.672400232563586, 21.027642737466465, 21.54865245373392, 10.714551347634606, 9.667986807512516, 22.183660280475, 24.006627289226554, 1.6060167657475766, 5.156578357656342, 6.813366288223624, 20.015672905107834, 17.422330066315375, 17.422330066315375, 17.422330066315375, 17.422330066315375, 17.422330066315375, 17.422330066315375, 17.422330066315375, 17.422330066315375, 17.422330066315375, 17.422330066315375, 17.422330066315375, 17.422330066315375, 17.422330066315375, 17.422330066315375, 17.422330066315375], [11.259651127138753, 3.255566076962734, 13.276029402251314, 5.537238511474816, 9.64342372489806, 19.218392348091033, 16.323367056412184, 15.607058694445538, 0.0, 10.758140454153338, 9.071351829724675, 8.20936711682797, 7.634785802126133, 17.606597980081965, 13.69169599528372, 19.750977566845723, 16.543675083730896, 23.546730028092597, 9.921513389603842, 8.309131781839117, 5.589226299614911, 6.605261389023777, 6.421370131271434, 6.390027778149877, 7.0602430412098265, 11.612135117043017, 16.944938353045384, 11.490593863854373, 9.051284765136081, 20.65743831218013, 5.876627413263492, 5.876627413263492, 5.876627413263492, 5.876627413263492, 5.876627413263492, 5.876627413263492, 5.876627413263492, 5.876627413263492, 5.876627413263492, 5.876627413263492, 5.876627413263492, 5.876627413263492, 5.876627413263492, 5.876627413263492, 5.876627413263492, 2.9921211511974724, 22.319347410136505, 13.610059934756812, 4.12329717515588, 3.8018093633242405, 17.498802860093935, 13.899378847644156, 3.8735867224502267, 9.299867177448423, 8.772114581713806, 9.29450260682053, 8.42353257248216, 9.79416813969111, 18.695687756571417, 3.80226765948641, 13.846121244621145, 5.281912567746467, 4.341267586670871, 19.842705547248364, 11.914631538702194, 7.648099866975311, 9.29450260682053, 8.42353257248216, 8.772114581713806, 3.8018093633242405, 2.9921211511974724, 9.79416813969111, 4.12329717515588, 11.914631538702194, 3.8735867224502267, 11.259651127138753, 3.255566076962734, 13.276029402251314, 5.537238511474816, 9.64342372489806, 19.218392348091033, 16.323367056412184, 15.607058694445538, 0.0, 10.758140454153338, 9.071351829724675, 8.20936711682797, 7.634785802126133, 17.606597980081965, 13.69169599528372, 19.750977566845723, 16.543675083730896, 23.546730028092597, 9.921513389603842, 8.309131781839117, 5.589226299614911, 6.605261389023777, 6.421370131271434, 6.390027778149877, 7.0602430412098265, 11.612135117043017, 16.944938353045384, 11.490593863854373, 9.051284765136081, 20.65743831218013, 5.876627413263492, 5.876627413263492, 5.876627413263492, 5.876627413263492, 5.876627413263492, 5.876627413263492, 5.876627413263492, 5.876627413263492, 5.876627413263492, 5.876627413263492, 5.876627413263492, 5.876627413263492, 5.876627413263492, 5.876627413263492, 5.876627413263492], [3.3803310246758707, 13.969097934690318, 5.846561570270452, 14.879582848806908, 5.983918808093422, 11.184085974566566, 5.575556885890876, 17.241829146745616, 10.758140454153338, 0.0, 8.34604629808618, 10.63034235147809, 3.1364279551221452, 8.605017359065702, 13.338705064938573, 12.76352704232955, 8.43050870599267, 15.221841405693288, 8.449884064287545, 9.986575573672203, 11.613161335564715, 10.509351176925573, 7.962456549607923, 9.653615140112175, 11.238168318648086, 8.370123050135978, 18.846289623749644, 12.13902197195623, 13.853388817327593, 10.551995828824957, 5.517451455359789, 5.517451455359789, 5.517451455359789, 5.517451455359789, 5.517451455359789, 5.517451455359789, 5.517451455359789, 5.517451455359789, 5.517451455359789, 5.517451455359789, 5.517451455359789, 5.517451455359789, 5.517451455359789, 5.517451455359789, 5.517451455359789, 13.715944124838696, 12.27707158026783, 6.3678638139784995, 11.072454992931684, 7.031868265618629, 16.56533949091118, 9.537471778148438, 10.082653552492452, 7.031774556718363, 9.763007076592366, 6.477717895258938, 10.90214927452743, 7.756666283898744, 8.147114640727155, 10.624727587776075, 8.402248772936364, 5.509862569805395, 14.342421105199143, 12.11831891076688, 2.8594367198227406, 14.44417693242322, 6.477717895258938, 10.90214927452743, 9.763007076592366, 7.031868265618629, 13.715944124838696, 7.756666283898744, 11.072454992931684, 2.8594367198227406, 10.082653552492452, 3.3803310246758707, 13.969097934690318, 5.846561570270452, 14.879582848806908, 5.983918808093422, 11.184085974566566, 5.575556885890876, 17.241829146745616, 10.758140454153338, 0.0, 8.34604629808618, 10.63034235147809, 3.1364279551221452, 8.605017359065702, 13.338705064938573, 12.76352704232955, 8.43050870599267, 15.221841405693288, 8.449884064287545, 9.986575573672203, 11.613161335564715, 10.509351176925573, 7.962456549607923, 9.653615140112175, 11.238168318648086, 8.370123050135978, 18.846289623749644, 12.13902197195623, 13.853388817327593, 10.551995828824957, 5.517451455359789, 5.517451455359789, 5.517451455359789, 5.517451455359789, 5.517451455359789, 5.517451455359789, 5.517451455359789, 5.517451455359789, 5.517451455359789, 5.517451455359789, 5.517451455359789, 5.517451455359789, 5.517451455359789, 5.517451455359789, 5.517451455359789], [11.27425294947, 11.076123235900097, 6.118491446918375, 9.785096096221391, 2.5592530561197813, 11.080036030568273, 12.638789068244575, 22.385018378208063, 9.071351829724675, 8.34604629808618, 0.0, 2.7963301757704406, 7.267496477651184, 10.382804235967392, 19.225788573852324, 21.01502343461168, 8.848110750877515, 23.553676419491737, 0.8617524657619161, 2.0688712316583313, 5.551116668395475, 3.746189382297547, 11.67047628101438, 12.86360111521073, 4.140250238310983, 2.702239855286031, 23.92832864791518, 17.382070803598467, 16.872292876533056, 18.401030482119715, 4.973536919203502, 4.973536919203502, 4.973536919203502, 4.973536919203502, 4.973536919203502, 4.973536919203502, 4.973536919203502, 4.973536919203502, 4.973536919203502, 4.973536919203502, 4.973536919203502, 4.973536919203502, 4.973536919203502, 4.973536919203502, 4.973536919203502, 11.549651705589335, 20.104103048265376, 6.167421731943678, 12.233141344944276, 6.606077162022709, 22.949985819199796, 16.872014117261973, 5.617337961090742, 12.889015760033304, 14.42010250320009, 12.486682771739998, 2.978529361453363, 1.075153759631623, 15.60803856472793, 11.744549855363626, 16.044614462348147, 7.292690695327795, 13.380607547968072, 20.446700133828163, 11.100922909716404, 16.1887506825095, 12.486682771739998, 2.978529361453363, 14.42010250320009, 6.606077162022709, 11.549651705589335, 1.075153759631623, 12.233141344944276, 11.100922909716404, 5.617337961090742, 11.27425294947, 11.076123235900097, 6.118491446918375, 9.785096096221391, 2.5592530561197813, 11.080036030568273, 12.638789068244575, 22.385018378208063, 9.071351829724675, 8.34604629808618, 0.0, 2.7963301757704406, 7.267496477651184, 10.382804235967392, 19.225788573852324, 21.01502343461168, 8.848110750877515, 23.553676419491737, 0.8617524657619161, 2.0688712316583313, 5.551116668395475, 3.746189382297547, 11.67047628101438, 12.86360111521073, 4.140250238310983, 2.702239855286031, 23.92832864791518, 17.382070803598467, 16.872292876533056, 18.401030482119715, 4.973536919203502, 4.973536919203502, 4.973536919203502, 4.973536919203502, 4.973536919203502, 4.973536919203502, 4.973536919203502, 4.973536919203502, 4.973536919203502, 4.973536919203502, 4.973536919203502, 4.973536919203502, 4.973536919203502, 4.973536919203502, 4.973536919203502], [13.23258571926834, 9.466536860488638, 8.910112996551902, 7.479656591432443, 5.262102699937028, 13.608492587115649, 15.289649221891516, 22.87615708510545, 8.20936711682797, 10.63034235147809, 2.7963301757704406, 0.0, 8.920319630440371, 13.123129570955719, 20.090799478343772, 23.008392770960874, 11.53763262143601, 25.821624649998405, 3.380069409786896, 0.7293175752286418, 3.3416154633885524, 1.6578320823523838, 12.307546893653768, 13.209006172371517, 1.6015548895039227, 5.154357555344106, 24.35636868442678, 18.08966136047551, 16.84979221148546, 20.957783948949455, 6.112350750623225, 6.112350750623225, 6.112350750623225, 6.112350750623225, 6.112350750623225, 6.112350750623225, 6.112350750623225, 6.112350750623225, 6.112350750623225, 6.112350750623225, 6.112350750623225, 6.112350750623225, 6.112350750623225, 6.112350750623225, 6.112350750623225, 10.161321818865764, 22.67359207120574, 8.940778426731555, 11.960407842297972, 6.9431169853940675, 23.90631071918374, 18.383771022197624, 4.345616709403562, 14.074708376446946, 15.102483890816025, 13.75241549532104, 0.29638430581368125, 3.850975955737015, 18.233795835416323, 11.515511997371892, 17.717555513847458, 8.208978510776511, 12.25550489208014, 22.5633554323432, 13.226984056832263, 15.780194386078382, 13.75241549532104, 0.29638430581368125, 15.102483890816025, 6.9431169853940675, 10.161321818865764, 3.850975955737015, 11.960407842297972, 13.226984056832263, 4.345616709403562, 13.23258571926834, 9.466536860488638, 8.910112996551902, 7.479656591432443, 5.262102699937028, 13.608492587115649, 15.289649221891516, 22.87615708510545, 8.20936711682797, 10.63034235147809, 2.7963301757704406, 0.0, 8.920319630440371, 13.123129570955719, 20.090799478343772, 23.008392770960874, 11.53763262143601, 25.821624649998405, 3.380069409786896, 0.7293175752286418, 3.3416154633885524, 1.6578320823523838, 12.307546893653768, 13.209006172371517, 1.6015548895039227, 5.154357555344106, 24.35636868442678, 18.08966136047551, 16.84979221148546, 20.957783948949455, 6.112350750623225, 6.112350750623225, 6.112350750623225, 6.112350750623225, 6.112350750623225, 6.112350750623225, 6.112350750623225, 6.112350750623225, 6.112350750623225, 6.112350750623225, 6.112350750623225, 6.112350750623225, 6.112350750623225, 6.112350750623225, 6.112350750623225], [4.418486187704523, 10.862064449716765, 7.3776073775309525, 12.009407271159382, 5.585143984093716, 13.298014136668888, 8.6888364771819, 15.826369301537525, 7.634785802126133, 3.1364279551221452, 7.267496477651184, 8.920319630440371, 0.0, 11.044434219044229, 12.284842419372353, 14.125187953566252, 10.475299910954579, 17.205499736474614, 7.681713532114026, 8.398083024614285, 9.144305582776887, 8.379002890872718, 5.556547658732736, 7.171776805067805, 9.140883637692113, 8.30383053612479, 17.421258319627235, 10.678789874847766, 11.479509586423166, 13.296373291386155, 2.9547492461738365, 2.9547492461738365, 2.9547492461738365, 2.9547492461738365, 2.9547492461738365, 2.9547492461738365, 2.9547492461738365, 2.9547492461738365, 2.9547492461738365, 2.9547492461738365, 2.9547492461738365, 2.9547492461738365, 2.9547492461738365, 2.9547492461738365, 2.9547492461738365, 10.5827198803932, 15.002292558331984, 7.8613313244827445, 8.131727165195857, 3.9703466530109197, 15.877324941000296, 9.606645578879387, 7.376673951940027, 5.789088797291938, 7.9089128171456755, 5.327976736365781, 9.213701250458284, 7.073627587546224, 11.122625984129533, 7.660151947463108, 8.829002246269452, 2.37343524317557, 11.235115215736357, 13.775457297467847, 4.684150828956607, 11.729535075732754, 5.327976736365781, 9.213701250458284, 7.9089128171456755, 3.9703466530109197, 10.5827198803932, 7.073627587546224, 8.131727165195857, 4.684150828956607, 7.376673951940027, 4.418486187704523, 10.862064449716765, 7.3776073775309525, 12.009407271159382, 5.585143984093716, 13.298014136668888, 8.6888364771819, 15.826369301537525, 7.634785802126133, 3.1364279551221452, 7.267496477651184, 8.920319630440371, 0.0, 11.044434219044229, 12.284842419372353, 14.125187953566252, 10.475299910954579, 17.205499736474614, 7.681713532114026, 8.398083024614285, 9.144305582776887, 8.379002890872718, 5.556547658732736, 7.171776805067805, 9.140883637692113, 8.30383053612479, 17.421258319627235, 10.678789874847766, 11.479509586423166, 13.296373291386155, 2.9547492461738365, 2.9547492461738365, 2.9547492461738365, 2.9547492461738365, 2.9547492461738365, 2.9547492461738365, 2.9547492461738365, 2.9547492461738365, 2.9547492461738365, 2.9547492461738365, 2.9547492461738365, 2.9547492461738365, 2.9547492461738365, 2.9547492461738365, 2.9547492461738365], [11.398186102769438, 20.42326964137426, 4.440804235142883, 19.957270533928142, 8.396435918294683, 2.936116181520913, 6.962616281140614, 25.692213842357347, 17.606597980081965, 8.605017359065702, 10.382804235967392, 13.123129570955719, 11.044434219044229, 0.0, 21.663803490460037, 18.21435852891863, 1.7696065442404363, 18.77899223955358, 9.74491511312317, 12.415819936879393, 15.812737552367864, 14.075524747921442, 16.45918367321993, 18.13172347935313, 14.521632424050026, 8.092180798249563, 27.286769664365806, 20.661667961291776, 22.39667951218074, 12.144141418094499, 11.743795740657427, 11.743795740657427, 11.743795740657427, 11.743795740657427, 11.743795740657427, 11.743795740657427, 11.743795740657427, 11.743795740657427, 11.743795740657427, 11.743795740657427, 11.743795740657427, 11.743795740657427, 11.743795740657427, 11.743795740657427, 11.743795740657427, 20.542706392440923, 13.477458622024374, 4.25362733316214, 19.11036730314378, 13.921121929828843, 24.551582785641216, 17.221907464056947, 15.274015823644474, 15.587540577035114, 18.367563825730883, 15.029672464823046, 13.252851266832332, 9.30766154259048, 9.22466344349827, 18.622377782407003, 15.867651660562544, 13.090351753034609, 21.76539182802531, 17.026301797517938, 10.422782791538861, 22.773936204205125, 15.029672464823046, 13.252851266832332, 18.367563825730883, 13.921121929828843, 20.542706392440923, 9.30766154259048, 19.11036730314378, 10.422782791538861, 15.274015823644474, 11.398186102769438, 20.42326964137426, 4.440804235142883, 19.957270533928142, 8.396435918294683, 2.936116181520913, 6.962616281140614, 25.692213842357347, 17.606597980081965, 8.605017359065702, 10.382804235967392, 13.123129570955719, 11.044434219044229, 0.0, 21.663803490460037, 18.21435852891863, 1.7696065442404363, 18.77899223955358, 9.74491511312317, 12.415819936879393, 15.812737552367864, 14.075524747921442, 16.45918367321993, 18.13172347935313, 14.521632424050026, 8.092180798249563, 27.286769664365806, 20.661667961291776, 22.39667951218074, 12.144141418094499, 11.743795740657427, 11.743795740657427, 11.743795740657427, 11.743795740657427, 11.743795740657427, 11.743795740657427, 11.743795740657427, 11.743795740657427, 11.743795740657427, 11.743795740657427, 11.743795740657427, 11.743795740657427, 11.743795740657427, 11.743795740657427, 11.743795740657427], [10.266186986869771, 15.8259697210977, 19.127855683099416, 19.11397934373134, 17.859192121760195, 24.41943030122994, 15.92277938273695, 4.1618294989241855, 13.69169599528372, 13.338705064938573, 19.225788573852324, 20.090799478343772, 12.284842419372353, 21.663803490460037, 0.0, 10.141770029019952, 21.731754970614947, 14.568737979355465, 19.784666506567458, 19.789243757853935, 18.70736917398874, 18.92922195301447, 7.807728581648206, 7.3111664227924535, 19.623281866054143, 20.580843017510876, 5.694767144495195, 2.21681648236611, 6.484538886998296, 16.010334731599585, 14.26982666777564, 14.26982666777564, 14.26982666777564, 14.26982666777564, 14.26982666777564, 14.26982666777564, 14.26982666777564, 14.26982666777564, 14.26982666777564, 14.26982666777564, 14.26982666777564, 14.26982666777564, 14.26982666777564, 14.26982666777564, 14.26982666777564, 14.768395770082778, 16.993841910191477, 19.647115330875767, 9.871897630087766, 13.16478355355784, 3.8490374261571234, 5.179169870139927, 16.634173898790742, 6.512898074360665, 5.046824071517726, 7.016217177476067, 20.378848710770217, 19.238615708598854, 16.163062845586026, 10.022458816508955, 6.545108303872341, 11.979368352756213, 13.230653689742912, 11.196118550141083, 11.252747351536417, 8.900248510783547, 7.016217177476067, 20.378848710770217, 5.046824071517726, 13.16478355355784, 14.768395770082778, 19.238615708598854, 9.871897630087766, 11.252747351536417, 16.634173898790742, 10.266186986869771, 15.8259697210977, 19.127855683099416, 19.11397934373134, 17.859192121760195, 24.41943030122994, 15.92277938273695, 4.1618294989241855, 13.69169599528372, 13.338705064938573, 19.225788573852324, 20.090799478343772, 12.284842419372353, 21.663803490460037, 0.0, 10.141770029019952, 21.