{"num_workers": 45, "num_roles": 3, "num_nodes": 120, "w": [[210, 210], [0, 0], [300, 300], [240, 240], [0, 0], [90, 90], [0, 0], [330, 330], [120, 120], [30, 30], [150, 150], [420, 420], [300, 300], [120, 120], [270, 270], [30, 30], [60, 60], [60, 60], [180, 180], [60, 60], [120, 120], [210, 210], [270, 270], [30, 30], [30, 30], [270, 270], [270, 270], [210, 210], [30, 30], [120, 120], [0, 0], [0, 0], [0, 0], [0, 0], [0, 0], [0, 0], [0, 0], [0, 0], [0, 0], [0, 0], [0, 0], [0, 0], [0, 0], [0, 0], [0, 0], [30, 390], [60, 450], [60, 360], [120, 390], [150, 420], [60, 180], [150, 180], [120, 300], [60, 360], [90, 420], [120, 180], [150, 390], [150, 330], [60, 420], [120, 240], [90, 240], [90, 180], [240, 390], [90, 450], [60, 420], [390, 450], [30, 390], [60, 420], [240, 390], [390, 450], [120, 240], [60, 360], [60, 450], [150, 420], [60, 420], [480, 480], [240, 240], [360, 360], [360, 360], [450, 450], [240, 240], [330, 330], [450, 450], [300, 300], [360, 360], [420, 420], [480, 480], [420, 420], [480, 480], [480, 480], [450, 450], [300, 300], [450, 450], [420, 420], [480, 480], [330, 330], [420, 420], [330, 330], [480, 480], [450, 450], [420, 420], [330, 330], [360, 360], [270, 270], [420, 420], [480, 480], [480, 480], [480, 480], [480, 480], [480, 480], [480, 480], [480, 480], [480, 480], [480, 480], [480, 480], [480, 480], [480, 480], [480, 480], [480, 480], [480, 480]], "p": [0, 0, 0, 0, 0, 0, 0, 0, 0, 0, 0, 0, 0, 0, 0, 0, 0, 0, 0, 0, 0, 0, 0, 0, 0, 0, 0, 0, 0, 0, 0, 0, 0, 0, 0, 0, 0, 0, 0, 0, 0, 0, 0, 0, 0, 66.4835152597121, 42.97732374265941, 41.38625780320396, 52.77179152109208, 42.224826792280055, 63.95214913874486, 61.98734848033994, 59.18205766925278, 54.05787446700387, 50.42895952950969, 40.43808810261107, 59.66623266772126, 65.69689914292312, 52.15906247246976, 50.450754353546195, 69.7389592301447, 62.82959915449517, 61.461414265883235, 66.60311757558301, 59.71678974423875, 48.4956496752884, 33.24175762985605, 26.07953123623488, 30.730707132941617, 24.2478248376442, 25.225377176773097, 27.028937233501935, 21.488661871329704, 21.112413396140028, 29.858394872119376, 0, 0, 0, 0, 0, 0, 0, 0, 0, 0, 0, 0, 0, 0, 0, 0, 0, 0, 0, 0, 0, 0, 0, 0, 0, 0, 0, 0, 0, 0, 0, 0, 0, 0, 0, 0, 0, 0, 0, 0, 0, 0, 0, 0, 0], "e": [[0, 1, 1], [0, 1, 1], [1, 0, 1], [1, 0, 1], [0, 1, 1], [1, 0, 1], [0, 1, 1], [0, 1, 1], [0, 1, 1], [1, 1, 0], [0, 1, 0], [0, 1, 0], [1, 1, 0], [1, 1, 0], [0, 1, 0], [0, 1, 0], [0, 1, 1], [1, 1, 0], [1, 1, 0], [0, 1, 1], [0, 1, 1], [1, 1, 0], [0, 1, 1], [1, 1, 0], [1, 1, 0], [1, 1, 0], [0, 1, 0], [1, 1, 0], [0, 1, 0], [0, 1, 0], [0, 1, 0], [0, 1, 1], [0, 1, 1], [1, 1, 0], [1, 1, 0], [1, 0, 0], [0, 0, 1], [0, 1, 0], [0, 1, 0], [1, 0, 0], [0, 0, 1], [1, 0, 0], [0, 0, 1], [0, 1, 0], [0, 1, 0]], "d": [[0, 0, 1, 0, 0, 0, 0, 0, 1, 0, 1, 0, 1, 1, 0, 0, 0, 1, 0, 0, 1, 0, 2, 2, 2, 0, 2, 0, 0, 0], [1, 2, 0, 1, 2, 1, 0, 2, 0, 1, 0, 1, 0, 0, 0, 2, 2, 0, 1, 0, 0, 2, 0, 0, 0, 0, 0, 4, 4, 0], [2, 0, 0, 2, 0, 2, 2, 0, 1, 2, 0, 2, 1, 0, 2, 0, 0, 0, 2, 2, 1, 4, 0, 0, 2, 4, 2, 0, 0, 4]], "r": [1547, 2168, 861, 1222, 574, 1787, 2807, 2850, 3468, 903, 2607, 4348, 2160, 1672, 4857, 4755, 2250, 1949, 2876, 4947, 3390, 1547, 1672, 1949, 3390, 4857, 3468, 2168, 574, 4947], "g": [[0, 0, 0, 0, 0, 0, 0, 0, 0, 0, 0, 0, 0, 0, 0, 0, 0, 0, 0, 0, 0, 1, 0, 0, 0, 0, 0, 0, 0, 0], [0, 0, 0, 0, 0, 0, 0, 0, 0, 0, 0, 0, 0, 0, 0, 0, 0, 0, 0, 0, 0, 0, 0, 0, 0, 0, 0, 1, 0, 0], [0, 0, 0, 0, 0, 0, 0, 0, 0, 0, 0, 0, 0, 0, 0, 0, 0, 0, 0, 0, 0, 0, 0, 0, 0, 0, 0, 0, 0, 0], [0, 0, 0, 0, 0, 0, 0, 0, 0, 0, 0, 0, 0, 0, 0, 0, 0, 0, 0, 0, 0, 0, 0, 0, 0, 0, 0, 0, 0, 0], [0, 0, 0, 0, 0, 0, 0, 0, 0, 0, 0, 0, 0, 0, 0, 0, 0, 0, 0, 0, 0, 0, 0, 0, 0, 0, 0, 0, 1, 0], [0, 0, 0, 0, 0, 0, 0, 0, 0, 0, 0, 0, 0, 0, 0, 0, 0, 0, 0, 0, 0, 0, 0, 0, 0, 0, 0, 0, 0, 0], [0, 0, 0, 0, 0, 0, 0, 0, 0, 0, 0, 0, 0, 0, 0, 0, 0, 0, 0, 0, 0, 0, 0, 0, 0, 0, 0, 0, 0, 0], [0, 0, 0, 0, 0, 0, 0, 0, 0, 0, 0, 0, 0, 0, 0, 0, 0, 0, 0, 0, 0, 0, 0, 0, 0, 0, 0, 0, 0, 0], [0, 0, 0, 0, 0, 0, 0, 0, 0, 0, 0, 0, 0, 0, 0, 0, 0, 0, 0, 0, 0, 0, 0, 0, 0, 0, 1, 0, 0, 0], [0, 0, 0, 0, 0, 0, 0, 0, 0, 0, 0, 0, 0, 0, 0, 0, 0, 0, 0, 0, 0, 0, 0, 0, 0, 0, 0, 0, 0, 0], [0, 0, 0, 0, 0, 0, 0, 0, 0, 0, 0, 0, 0, 0, 0, 0, 0, 0, 0, 0, 0, 0, 0, 0, 0, 0, 0, 0, 0, 0], [0, 0, 0, 0, 0, 0, 0, 0, 0, 0, 0, 0, 0, 0, 0, 0, 0, 0, 0, 0, 0, 0, 0, 0, 0, 0, 0, 0, 0, 0], [0, 0, 0, 0, 0, 0, 0, 0, 0, 0, 0, 0, 0, 0, 0, 0, 0, 0, 0, 0, 0, 0, 0, 0, 0, 0, 0, 0, 0, 0], [0, 0, 0, 0, 0, 0, 0, 0, 0, 0, 0, 0, 0, 0, 0, 0, 0, 0, 0, 0, 0, 0, 1, 0, 0, 0, 0, 0, 0, 0], [0, 0, 0, 0, 0, 0, 0, 0, 0, 0, 0, 0, 0, 0, 0, 0, 0, 0, 0, 0, 0, 0, 0, 0, 0, 1, 0, 0, 0, 0], [0, 0, 0, 0, 0, 0, 0, 0, 0, 0, 0, 0, 0, 0, 0, 0, 0, 0, 0, 0, 0, 0, 0, 0, 0, 0, 0, 0, 0, 0], [0, 0, 0, 0, 0, 0, 0, 0, 0, 0, 0, 0, 0, 0, 0, 0, 0, 0, 0, 0, 0, 0, 0, 0, 0, 0, 0, 0, 0, 0], [0, 0, 0, 0, 0, 0, 0, 0, 0, 0, 0, 0, 0, 0, 0, 0, 0, 0, 0, 0, 0, 0, 0, 1, 0, 0, 0, 0, 0, 0], [0, 0, 0, 0, 0, 0, 0, 0, 0, 0, 0, 0, 0, 0, 0, 0, 0, 0, 0, 0, 0, 0, 0, 0, 0, 0, 0, 0, 0, 0], [0, 0, 0, 0, 0, 0, 0, 0, 0, 0, 0, 0, 0, 0, 0, 0, 0, 0, 0, 0, 0, 0, 0, 0, 0, 0, 0, 0, 0, 1], [0, 0, 0, 0, 0, 0, 0, 0, 0, 0, 0, 0, 0, 0, 0, 0, 0, 0, 0, 0, 0, 0, 0, 0, 1, 0, 0, 0, 0, 0], [1, 0, 0, 0, 0, 0, 0, 0, 0, 0, 0, 0, 0, 0, 0, 0, 0, 0, 0, 0, 0, 0, 0, 0, 0, 0, 0, 0, 0, 0], [0, 0, 0, 0, 0, 0, 0, 0, 0, 0, 0, 0, 0, 1, 0, 0, 0, 0, 0, 0, 0, 0, 0, 0, 0, 0, 0, 0, 0, 0], [0, 0, 0, 0, 0, 0, 0, 0, 0, 0, 0, 0, 0, 0, 0, 0, 0, 1, 0, 0, 0, 0, 0, 0, 0, 0, 0, 0, 0, 0], [0, 0, 0, 0, 0, 0, 0, 0, 0, 0, 0, 0, 0, 0, 0, 0, 0, 0, 0, 0, 1, 0, 0, 0, 0, 0, 0, 0, 0, 0], [0, 0, 0, 0, 0, 0, 0, 0, 0, 0, 0, 0, 0, 0, 1, 0, 0, 0, 0, 0, 0, 0, 0, 0, 0, 0, 0, 0, 0, 0], [0, 0, 0, 0, 0, 0, 0, 0, 1, 0, 0, 0, 0, 0, 0, 0, 0, 0, 0, 0, 0, 0, 0, 0, 0, 0, 0, 0, 0, 0], [0, 1, 0, 0, 0, 0, 0, 0, 0, 0, 0, 0, 0, 0, 0, 0, 0, 0, 0, 0, 0, 0, 0, 0, 0, 0, 0, 0, 0, 0], [0, 0, 0, 0, 1, 0, 0, 0, 0, 0, 0, 0, 0, 0, 0, 0, 0, 0, 0, 0, 0, 0, 0, 0, 0, 0, 0, 0, 0, 0], [0, 0, 0, 0, 0, 0, 0, 0, 0, 0, 0, 0, 0, 0, 0, 0, 0, 0, 0, 1, 0, 0, 0, 0, 0, 0, 0, 0, 0, 0]], "t": [[0.0, 6.5833872216585325, 17.853496796671863, 15.52666337553383, 5.113971744338166, 11.798902382800806, 5.250152759246623, 7.242254236839545, 8.535642151973686, 14.454410033866827, 19.4467036746087, 8.848760266477303, 8.73850685536202, 13.0430837145245, 7.954174556526387, 12.833932240071904, 12.044018597559505, 2.919729597665194, 15.52578010895397, 18.421467590424136, 17.264685133450293, 14.58140869526883, 11.461307692761558, 19.438715703117243, 13.893448064913459, 19.35756330873007, 11.21959849857498, 13.61210964579376, 9.775422666386666, 24.360069724569648, 17.592721470083315, 17.592721470083315, 17.592721470083315, 17.592721470083315, 17.592721470083315, 17.592721470083315, 17.592721470083315, 17.592721470083315, 17.592721470083315, 17.592721470083315, 17.592721470083315, 17.592721470083315, 17.592721470083315, 17.592721470083315, 17.592721470083315, 17.601613396655875, 19.576743900087717, 22.60287400521797, 23.025683888043183, 21.954721613610648, 19.090403113427854, 19.349228900783736, 5.966239589677456, 17.61073798428311, 11.357898302974474, 10.357832494194687, 17.501472270914075, 2.2773978054163053, 22.94690819492744, 20.369394938080283, 1.562693693230823, 12.989143414620365, 19.22894839654475, 20.826628059700422, 8.740243833195851, 13.217341057812856, 17.601613396655875, 22.94690819492744, 19.22894839654475, 13.217341057812856, 20.369394938080283, 17.61073798428311, 19.576743900087717, 21.954721613610648, 8.740243833195851, 0.0, 6.5833872216585325, 17.853496796671863, 15.52666337553383, 5.113971744338166, 11.798902382800806, 5.250152759246623, 7.242254236839545, 8.535642151973686, 14.454410033866827, 19.4467036746087, 8.848760266477303, 8.73850685536202, 13.0430837145245, 7.954174556526387, 12.833932240071904, 12.044018597559505, 2.919729597665194, 15.52578010895397, 18.421467590424136, 17.264685133450293, 14.58140869526883, 11.461307692761558, 19.438715703117243, 13.893448064913459, 19.35756330873007, 11.21959849857498, 13.61210964579376, 9.775422666386666, 24.360069724569648, 17.592721470083315, 17.592721470083315, 17.592721470083315, 17.592721470083315, 17.592721470083315, 17.592721470083315, 17.592721470083315, 17.592721470083315, 17.592721470083315, 17.592721470083315, 17.592721470083315, 17.592721470083315, 17.592721470083315, 17.592721470083315, 17.592721470083315], [6.5833872216585325, 0.0, 15.844876277575231, 10.573215251852742, 9.897367868182256, 15.404492740388566, 8.347283405256215, 1.611374719084637, 1.9579984407547393, 16.081111668096522, 13.454327296373618, 8.909602637510423, 10.218648313548472, 14.298084518971159, 3.1885607001834018, 7.275632645081546, 5.4617454885160495, 7.434352556106397, 11.380774481105478, 15.836279248907362, 14.348571557384075, 8.044295510098738, 5.974762877127216, 12.973091729389713, 7.445139909828612, 12.823173239694764, 5.130904146670498, 15.045942021885562, 12.452931690344608, 21.09039798668644, 15.448637398350614, 15.448637398350614, 15.448637398350614, 15.448637398350614, 15.448637398350614, 15.448637398350614, 15.448637398350614, 15.448637398350614, 15.448637398350614, 15.448637398350614, 15.448637398350614, 15.448637398350614, 15.448637398350614, 15.448637398350614, 15.448637398350614, 15.74968785434999, 13.069552717007758, 20.41668610222271, 16.90356879775073, 15.372371615291897, 12.50715169669286, 12.813230795338535, 2.3639616764968885, 12.2882545943357, 7.824650651641091, 12.059831898406774, 14.066313128397391, 6.3344467440907435, 16.383014901255535, 15.054356105868198, 6.829186894326811, 14.90448467812662, 15.97227285477461, 16.44723996778295, 4.848278957100608, 7.4353697182141, 15.74968785434999, 16.383014901255535, 15.97227285477461, 7.4353697182141, 15.054356105868198, 12.2882545943357, 13.069552717007758, 15.372371615291897, 4.848278957100608, 6.5833872216585325, 0.0, 15.844876277575231, 10.573215251852742, 9.897367868182256, 15.404492740388566, 8.347283405256215, 1.611374719084637, 1.9579984407547393, 16.081111668096522, 13.454327296373618, 8.909602637510423, 10.218648313548472, 14.298084518971159, 3.1885607001834018, 7.275632645081546, 5.4617454885160495, 7.434352556106397, 11.380774481105478, 15.836279248907362, 14.348571557384075, 8.044295510098738, 5.974762877127216, 12.973091729389713, 7.445139909828612, 12.823173239694764, 5.130904146670498, 15.045942021885562, 12.452931690344608, 21.09039798668644, 15.448637398350614, 15.448637398350614, 15.448637398350614, 15.448637398350614, 15.448637398350614, 15.448637398350614, 15.448637398350614, 15.448637398350614, 15.448637398350614, 15.448637398350614, 15.448637398350614, 15.448637398350614, 15.448637398350614, 15.448637398350614, 15.448637398350614], [17.853496796671863, 15.844876277575231, 0.0, 8.770590930424655, 15.345815671500555, 13.436897359881627, 22.582112421719792, 14.267470380194663, 15.566312912718228, 9.006196098439206, 13.37190273061455, 24.544864000513044, 10.146061295430954, 8.207653268733925, 12.683894900456933, 21.095326461911434, 16.00012972220985, 15.495146236582741, 6.517128299511244, 1.6095270065205185, 2.642285093997552, 18.075383118245284, 11.473429571060468, 16.692373155899645, 18.55772533734854, 20.711619203904505, 18.739550207763724, 8.530617938239969, 11.392992011976611, 7.215083090657161, 0.492160649437435, 0.492160649437435, 0.492160649437435, 0.492160649437435, 0.492160649437435, 0.492160649437435, 0.492160649437435, 0.492160649437435, 0.492160649437435, 0.492160649437435, 0.492160649437435, 0.492160649437435, 0.492160649437435, 0.492160649437435, 0.492160649437435, 0.45253621141590267, 17.263963225160534, 4.755553419115771, 15.88728484374215, 20.500497426214707, 18.923887964932796, 17.579373315888763, 13.898338271948925, 9.971110159029452, 23.337993294422752, 9.676292103821297, 4.0216777788148885, 19.544238576593404, 20.302845094174465, 10.666442625848612, 16.527059088096234, 9.606435040331936, 3.6359702689949853, 7.538182969040779, 11.000428392801675, 20.791312099543536, 0.45253621141590267, 20.302845094174465, 3.6359702689949853, 20.791312099543536, 10.666442625848612, 9.971110159029452, 17.263963225160534, 20.500497426214707, 11.000428392801675, 17.853496796671863, 15.844876277575231, 0.0, 8.770590930424655, 15.345815671500555, 13.436897359881627, 22.582112421719792, 14.267470380194663, 15.566312912718228, 9.006196098439206, 13.37190273061455, 24.544864000513044, 10.146061295430954, 8.207653268733925, 12.683894900456933, 21.095326461911434, 16.00012972220985, 15.495146236582741, 6.517128299511244, 1.6095270065205185, 2.642285093997552, 18.075383118245284, 11.473429571060468, 16.692373155899645, 18.55772533734854, 20.711619203904505, 18.739550207763724, 8.530617938239969, 11.392992011976611, 7.215083090657161, 0.492160649437435, 0.492160649437435, 0.492160649437435, 0.492160649437435, 0.492160649437435, 0.492160649437435, 0.492160649437435, 0.492160649437435, 0.492160649437435, 0.492160649437435, 0.492160649437435, 0.492160649437435, 0.492160649437435, 0.492160649437435, 0.492160649437435], [15.52666337553383, 10.573215251852742, 8.770590930424655, 0.0, 15.710383393959825, 17.481926617218544, 18.80219556623055, 9.078539287020655, 9.344753063784633, 14.909338077517116, 5.410328963859734, 19.297612091108, 11.954981205076383, 13.286788166239454, 7.790465916652777, 13.474944277357164, 8.23815625191659, 14.42218601505448, 2.2622682478607863, 7.782396335522115, 6.217753556353392, 9.702553306898599, 4.625006471800341, 8.098291943811287, 10.382425009322237, 11.94219374602689, 11.389959189767747, 13.980537887685824, 14.405455127252953, 11.294178792532232, 8.279187421817483, 8.279187421817483, 8.279187421817483, 8.279187421817483, 8.279187421817483, 8.279187421817483, 8.279187421817483, 8.279187421817483, 8.279187421817483, 8.279187421817483, 8.279187421817483, 8.279187421817483, 8.279187421817483, 8.279187421817483, 8.279187421817483, 8.97814147371667, 8.637335061626587, 12.03361427666059, 8.812832607745191, 11.918181761111583, 10.163663009592327, 8.897078194982695, 9.750149801868648, 2.282633115213301, 16.59052110441455, 12.878193604021035, 5.102639996683413, 16.30641977046088, 11.933488122514767, 4.887098733862587, 14.807005259154378, 14.634558135922964, 6.800052560439898, 5.9647839549747745, 6.788722767705476, 13.019667125983187, 8.97814147371667, 11.933488122514767, 6.800052560439898, 13.019667125983187, 4.887098733862587, 2.282633115213301, 8.637335061626587, 11.918181761111583, 6.788722767705476, 15.52666337553383, 10.573215251852742, 8.770590930424655, 0.0, 15.710383393959825, 17.481926617218544, 18.80219556623055, 9.078539287020655, 9.344753063784633, 14.909338077517116, 5.410328963859734, 19.297612091108, 11.954981205076383, 13.286788166239454, 7.790465916652777, 13.474944277357164, 8.23815625191659, 14.42218601505448, 2.2622682478607863, 7.782396335522115, 6.217753556353392, 9.702553306898599, 4.625006471800341, 8.098291943811287, 10.382425009322237, 11.94219374602689, 11.389959189767747, 13.980537887685824, 14.405455127252953, 11.294178792532232, 8.279187421817483, 8.279187421817483, 8.279187421817483, 8.279187421817483, 8.279187421817483, 8.279187421817483, 8.279187421817483, 8.279187421817483, 8.279187421817483, 8.279187421817483, 8.279187421817483, 8.279187421817483, 8.279187421817483, 8.279187421817483, 8.279187421817483], [5.113971744338166, 9.897367868182256, 15.345815671500555, 15.710383393959825, 0.0, 6.711168800007851, 10.137887571174517, 9.746322615584148, 11.589906919881527, 9.954791211115056, 20.528825125422003, 13.955829879351372, 5.220297030550708, 8.860486971427981, 9.609669622838933, 16.99971969626352, 14.89624509053083, 2.569574537461521, 14.970698266977953, 16.29484925189026, 15.499991988815486, 17.704382726380597, 12.72023331572261, 21.432875420337542, 17.249774439479083, 22.40378238624713, 15.01116021493951, 9.27461670911755, 5.148645428335229, 22.398606515948156, 15.207603807505635, 15.207603807505635, 15.207603807505635, 15.207603807505635, 15.207603807505635, 15.207603807505635, 15.207603807505635, 15.207603807505635, 15.207603807505635, 15.207603807505635, 15.207603807505635, 15.207603807505635, 15.207603807505635, 15.207603807505635, 15.207603807505635, 15.002485779337874, 21.700479810162676, 19.907540314285022, 24.160305574588637, 24.495994518225345, 21.730511903421885, 21.594713826176672, 8.1261873864138, 17.978551451979246, 16.189535741599222, 6.261121056269028, 16.131722859420016, 7.3730736874084375, 25.256657619375666, 20.541037311862606, 3.7204439380086733, 8.448091684599374, 17.564180309801053, 20.01952701882996, 9.47148113967623, 17.253303223358014, 15.002485779337874, 25.256657619375666, 17.564180309801053, 17.253303223358014, 20.541037311862606, 17.978551451979246, 21.700479810162676, 24.495994518225345, 9.47148113967623, 5.113971744338166, 9.897367868182256, 15.345815671500555, 15.710383393959825, 0.0, 6.711168800007851, 10.137887571174517, 9.746322615584148, 11.589906919881527, 9.954791211115056, 20.528825125422003, 13.955829879351372, 5.220297030550708, 8.860486971427981, 9.609669622838933, 16.99971969626352, 14.89624509053083, 2.569574537461521, 14.970698266977953, 16.29484925189026, 15.499991988815486, 17.704382726380597, 12.72023331572261, 21.432875420337542, 17.249774439479083, 22.40378238624713, 15.01116021493951, 9.27461670911755, 5.148645428335229, 22.398606515948156, 15.207603807505635, 15.207603807505635, 15.207603807505635, 15.207603807505635, 15.207603807505635, 15.207603807505635, 15.207603807505635, 15.207603807505635, 15.207603807505635, 15.207603807505635, 15.207603807505635, 15.207603807505635, 15.207603807505635, 15.207603807505635, 15.207603807505635], [11.798902382800806, 15.404492740388566, 13.436897359881627, 17.481926617218544, 6.711168800007851, 0.0, 16.83688586483969, 14.71913295237751, 16.711249197949115, 5.010842610214004, 22.844474465160317, 20.647352575017987, 5.82697367543136, 5.23354871729693, 13.960790490811018, 22.67868559242063, 19.522301997897394, 9.020126807970529, 15.94564159689577, 14.847898749268897, 14.723241966465887, 22.380861032427873, 16.119280214911534, 24.714596070115704, 22.17389457042429, 26.7667717530478, 20.449662380912045, 5.033498519893157, 3.222858069059536, 20.563300351991106, 13.520082173551033, 13.520082173551033, 13.520082173551033, 13.520082173551033, 13.520082173551033, 13.520082173551033, 13.520082173551033, 13.520082173551033, 13.520082173551033, 13.520082173551033, 13.520082173551033, 13.520082173551033, 13.520082173551033, 13.520082173551033, 13.520082173551033, 12.998676414188061, 25.10843583395991, 17.14875786397812, 26.291378516710985, 28.223464235531566, 25.694500926643418, 25.141654575657455, 13.189359090648534, 19.689869116810485, 22.50025822751424, 4.603832441736851, 15.828801890768815, 14.070774064411152, 28.692489238449294, 21.762624249304185, 10.326434828768846, 3.899682191337223, 16.640095918126352, 20.02372113611167, 13.057978360161863, 22.804741375986772, 12.998676414188061, 28.692489238449294, 16.640095918126352, 22.804741375986772, 21.762624249304185, 19.689869116810485, 25.10843583395991, 28.223464235531566, 13.057978360161863, 11.798902382800806, 15.404492740388566, 13.436897359881627, 17.481926617218544, 6.711168800007851, 0.0, 16.83688586483969, 14.71913295237751, 16.711249197949115, 5.010842610214004, 22.844474465160317, 20.647352575017987, 5.82697367543136, 5.23354871729693, 13.960790490811018, 22.67868559242063, 19.522301997897394, 9.020126807970529, 15.94564159689577, 14.847898749268897, 14.723241966465887, 22.380861032427873, 16.119280214911534, 24.714596070115704, 22.17389457042429, 26.7667717530478, 20.449662380912045, 5.033498519893157, 3.222858069059536, 20.563300351991106, 13.520082173551033, 13.520082173551033, 13.520082173551033, 13.520082173551033, 13.520082173551033, 13.520082173551033, 13.520082173551033, 13.520082173551033, 13.520082173551033, 13.520082173551033, 13.520082173551033, 13.520082173551033, 13.520082173551033, 13.520082173551033, 13.520082173551033], [5.250152759246623, 8.347283405256215, 22.582112421719792, 18.80219556623055, 10.137887571174517, 16.83688586483969, 0.0, 9.73625446679986, 10.030998626461736, 19.704099679692153, 21.73488476843103, 4.323502760764498, 13.95130259649278, 18.28397297929782, 11.046493184146547, 11.688670852981176, 13.112688558715721, 8.165168191514608, 19.308443726941324, 22.96406670337929, 21.661762346554458, 14.967408639122388, 14.27577627427461, 20.813798473901404, 14.019833290810348, 19.45636384181678, 11.024523095812238, 18.860520982137505, 15.005571702794528, 28.69063967429344, 22.27444424741265, 22.27444424741265, 22.27444424741265, 22.27444424741265, 22.27444424741265, 22.27444424741265, 22.27444424741265, 22.27444424741265, 22.27444424741265, 22.27444424741265, 22.27444424741265, 22.27444424741265, 22.27444424741265, 22.27444424741265, 22.27444424741265, 22.37383696471981, 20.800316186791807, 27.331436660243, 25.09363587107046, 22.558874963212617, 19.735471739084247, 20.44890129887997, 9.194947658368509, 20.61400301788901, 8.671081640442054, 15.60256137232018, 21.678780470156084, 3.1112460122349095, 23.780365026428687, 23.388253156559866, 6.812505635389211, 18.23611740961194, 23.512443987401802, 24.539370735939077, 12.366121303268255, 12.28092432266636, 22.37383696471981, 23.780365026428687, 23.512443987401802, 12.28092432266636, 23.388253156559866, 20.61400301788901, 20.800316186791807, 22.558874963212617, 12.366121303268255, 5.250152759246623, 8.347283405256215, 22.582112421719792, 18.80219556623055, 10.137887571174517, 16.83688586483969, 0.0, 9.73625446679986, 10.030998626461736, 19.704099679692153, 21.73488476843103, 4.323502760764498, 13.95130259649278, 18.28397297929782, 11.046493184146547, 11.688670852981176, 13.112688558715721, 8.165168191514608, 19.308443726941324, 22.96406670337929, 21.661762346554458, 14.967408639122388, 14.27577627427461, 20.813798473901404, 14.019833290810348, 19.45636384181678, 11.024523095812238, 18.860520982137505, 15.005571702794528, 28.69063967429344, 22.27444424741265, 22.27444424741265, 22.27444424741265, 22.27444424741265, 22.27444424741265, 22.27444424741265, 22.27444424741265, 22.27444424741265, 22.27444424741265, 22.27444424741265, 22.27444424741265, 22.27444424741265, 22.27444424741265, 22.27444424741265, 22.27444424741265], [7.242254236839545, 1.611374719084637, 14.267470380194663, 9.078539287020655, 9.746322615584148, 14.71913295237751, 9.73625446679986, 0.0, 1.9943202366040285, 14.962541980123921, 12.312064003873202, 10.517001030313184, 9.263742668380363, 13.149763940574447, 1.586898033894649, 8.124371412631172, 5.154459646996556, 7.464214114007583, 9.793470959829415, 14.232719050016843, 12.739508748153435, 7.961150280265586, 4.547365779648389, 12.216562025124919, 7.564264366587606, 12.66373829330725, 5.7817300809985595, 13.91306421344419, 11.647104462087619, 19.4841651183894, 13.865145157203077, 13.865145157203077, 13.865145157203077, 13.865145157203077, 13.865145157203077, 13.865145157203077, 13.865145157203077, 13.865145157203077, 13.865145157203077, 13.865145157203077, 13.865145157203077, 13.865145157203077, 13.865145157203077, 13.865145157203077, 13.865145157203077, 14.182708340941549, 12.380061502564592, 18.81836005308957, 15.84321785209574, 14.923209895287837, 12.097455392946584, 12.18422168321613, 1.6232397288583076, 10.88917258706938, 9.235820219115013, 11.064041376957107, 12.456961999149572, 7.436967791253703, 15.820462362470312, 13.66903390319191, 7.14299549358492, 13.865070826251127, 14.361926495665701, 14.90270887716815, 3.268319561550812, 8.15600967916183, 14.182708340941549, 15.820462362470312, 14.361926495665701, 8.15600967916183, 13.66903390319191, 10.88917258706938, 12.380061502564592, 14.923209895287837, 3.268319561550812, 7.242254236839545, 1.611374719084637, 14.267470380194663, 9.078539287020655, 9.746322615584148, 14.71913295237751, 9.73625446679986, 0.0, 1.9943202366040285, 14.962541980123921, 12.312064003873202, 10.517001030313184, 9.263742668380363, 13.149763940574447, 1.586898033894649, 8.124371412631172, 5.154459646996556, 7.464214114007583, 9.793470959829415, 14.232719050016843, 12.739508748153435, 7.961150280265586, 4.547365779648389, 12.216562025124919, 7.564264366587606, 12.66373829330725, 5.7817300809985595, 13.91306421344419, 11.647104462087619, 19.4841651183894, 13.865145157203077, 13.865145157203077, 13.865145157203077, 13.865145157203077, 13.865145157203077, 13.865145157203077, 13.865145157203077, 13.865145157203077, 13.865145157203077, 13.865145157203077, 13.865145157203077, 13.865145157203077, 13.865145157203077, 13.865145157203077, 13.865145157203077], [8.535642151973686, 1.9579984407547393, 15.566312912718228, 9.344753063784633, 11.589906919881527, 16.711249197949115, 10.030998626461736, 1.9943202366040285, 0.0, 16.883841819292808, 11.70479471175921, 9.959430027785825, 11.245155331428005, 15.060930497349954, 3.1702254632234625, 6.183057433488843, 3.5092233826160815, 9.208788933574631, 10.473522608678403, 15.360575850555211, 13.802628963093419, 6.1644539425089775, 4.74410776613036, 11.039315087599684, 5.659957983665361, 10.92979218281779, 3.8047890856086903, 15.829873901833393, 13.640920499004945, 20.267942163492883, 15.136774682821626, 15.136774682821626, 15.136774682821626, 15.136774682821626, 15.136774682821626, 15.136774682821626, 15.136774682821626, 15.136774682821626, 15.136774682821626, 15.136774682821626, 15.136774682821626, 15.136774682821626, 15.136774682821626, 15.136774682821626, 15.136774682821626, 15.526569956317267, 11.122916864583065, 19.970189984803557, 15.083353234343504, 13.419263823308198, 10.55645000769035, 10.859447797637722, 3.5557746047399195, 10.844245950138085, 7.772586969313942, 13.034069218535727, 13.338403389477808, 8.24002496293561, 14.42503311152534, 13.565402914275516, 8.710592475183882, 15.818432098730783, 15.254339103415592, 15.301901255103138, 4.782841111844164, 6.178726930989606, 15.526569956317267, 14.42503311152534, 15.254339103415592, 6.178726930989606, 13.565402914275516, 10.844245950138085, 11.122916864583065, 13.419263823308198, 4.782841111844164, 8.535642151973686, 1.9579984407547393, 15.566312912718228, 9.344753063784633, 11.589906919881527, 16.711249197949115, 10.030998626461736, 1.9943202366040285, 0.0, 16.883841819292808, 11.70479471175921, 9.959430027785825, 11.245155331428005, 15.060930497349954, 3.1702254632234625, 6.183057433488843, 3.5092233826160815, 9.208788933574631, 10.473522608678403, 15.360575850555211, 13.802628963093419, 6.1644539425089775, 4.74410776613036, 11.039315087599684, 5.659957983665361, 10.92979218281779, 3.8047890856086903, 15.829873901833393, 13.640920499004945, 20.267942163492883, 15.136774682821626, 15.136774682821626, 15.136774682821626, 15.136774682821626, 15.136774682821626, 15.136774682821626, 15.136774682821626, 15.136774682821626, 15.136774682821626, 15.136774682821626, 15.136774682821626, 15.136774682821626, 15.136774682821626, 15.136774682821626, 15.136774682821626], [14.454410033866827, 16.081111668096522, 9.006196098439206, 14.909338077517116, 9.954791211115056, 5.010842610214004, 19.704099679692153, 14.962541980123921, 16.883841819292808, 0.0, 20.293433176611202, 22.9906810556157, 6.013682968253288, 1.8387437815199406, 13.771021895490138, 23.06665591588409, 19.006820670175493, 11.540289056657377, 12.980148011988527, 10.547520663857245, 10.790001038744284, 21.73771933880212, 14.88404425297465, 22.780170261160787, 21.777706679209633, 25.643441292762684, 20.675471870575873, 1.0595356129733535, 4.806992916506455, 15.8896687409208, 9.193358761232087, 9.193358761232087, 9.193358761232087, 9.193358761232087, 9.193358761232087, 9.193358761232087, 9.193358761232087, 9.193358761232087, 9.193358761232087, 9.193358761232087, 9.193358761232087, 9.193358761232087, 9.193358761232087, 9.193358761232087, 9.193358761232087, 8.553948492536906, 23.2547568719648, 12.269832189656112, 23.471639827524967, 26.507157343283488, 24.26653439013654, 23.395973614424122, 13.71735351007463, 16.908226629314857, 23.78388129274381, 4.188428036150498, 12.076228259654595, 16.67017223413637, 26.728941836767042, 18.54849395271823, 12.891776451211356, 1.5070776520175364, 12.49269351370323, 16.18754541352419, 12.403407680525383, 23.037772627189824, 8.553948492536906, 26.728941836767042, 12.49269351370323, 23.037772627189824, 18.54849395271823, 16.908226629314857, 23.2547568719648, 26.507157343283488, 12.403407680525383, 14.454410033866827, 16.081111668096522, 9.006196098439206, 14.909338077517116, 9.954791211115056, 5.010842610214004, 19.704099679692153, 14.962541980123921, 16.883841819292808, 0.0, 20.293433176611202, 22.9906810556157, 6.013682968253288, 1.8387437815199406, 13.771021895490138, 23.06665591588409, 19.006820670175493, 11.540289056657377, 12.980148011988527, 10.547520663857245, 10.790001038744284, 21.73771933880212, 14.88404425297465, 22.780170261160787, 21.777706679209633, 25.643441292762684, 20.675471870575873, 1.0595356129733535, 4.806992916506455, 15.8896687409208, 9.193358761232087, 9.193358761232087, 9.193358761232087, 9.193358761232087, 9.193358761232087, 9.193358761232087, 9.193358761232087, 9.193358761232087, 9.193358761232087, 9.193358761232087, 9.193358761232087, 9.193358761232087, 9.193358761232087, 9.193358761232087, 9.193358761232087], [19.4467036746087, 13.454327296373618, 13.37190273061455, 5.410328963859734, 20.528825125422003, 22.844474465160317, 21.73488476843103, 12.312064003873202, 11.70479471175921, 20.293433176611202, 0.0, 21.196765766013833, 17.219740247277745, 18.691611258324073, 11.509443130010128, 13.434423422016149, 9.01649467430411, 18.902913271997008, 7.366309158424166, 12.049634479266599, 10.732925278349544, 8.790987957340736, 8.019515482137727, 3.805152999909568, 9.82326360797551, 8.650186404384655, 12.06605999904715, 19.378488347418283, 19.72697356647283, 13.360597902821873, 12.905248697686089, 12.905248697686089, 12.905248697686089, 12.905248697686089, 12.905248697686089, 12.905248697686089, 12.905248697686089, 12.905248697686089, 12.905248697686089, 12.905248697686089, 12.905248697686089, 12.905248697686089, 12.905248697686089, 12.905248697686089, 12.905248697686089, 13.673607959410772, 4.40476933099972, 15.499318383572371, 3.6364778409667458, 7.341399380388939, 6.626820873624539, 4.890897223014309, 13.481539696888698, 3.460804750354951, 17.330759436030124, 18.245616236322395, 9.35801585210063, 19.728968277899796, 6.95237152081947, 3.6575575358012262, 19.030117079814772, 20.044464299724318, 10.441656713338785, 7.479557069511069, 11.117317825680779, 12.798114092060418, 13.673607959410772, 6.95237152081947, 10.441656713338785, 12.798114092060418, 3.6575575358012262, 3.460804750354951, 4.40476933099972, 7.341399380388939, 11.117317825680779, 19.4467036746087, 13.454327296373618, 13.37190273061455, 5.410328963859734, 20.528825125422003, 22.844474465160317, 21.73488476843103, 12.312064003873202, 11.70479471175921, 20.293433176611202, 0.0, 21.196765766013833, 17.219740247277745, 18.691611258324073, 11.509443130010128, 13.434423422016149, 9.01649467430411, 18.902913271997008, 7.366309158424166, 12.049634479266599, 10.732925278349544, 8.790987957340736, 8.019515482137727, 3.805152999909568, 9.82326360797551, 8.650186404384655, 12.06605999904715, 19.378488347418283, 19.72697356647283, 13.360597902821873, 12.905248697686089, 12.905248697686089, 12.905248697686089, 12.905248697686089, 12.905248697686089, 12.905248697686089, 12.905248697686089, 12.905248697686089, 12.905248697686089, 12.905248697686089, 12.905248697686089, 12.905248697686089, 12.905248697686089, 12.905248697686089, 12.905248697686089], [8.848760266477303, 8.909602637510423, 24.544864000513044, 19.297612091108, 13.955829879351372, 20.647352575017987, 4.323502760764498, 10.517001030313184, 9.959430027785825, 22.9906810556157, 21.196765766013833, 0.0, 17.030935253944183, 21.420409850391028, 12.070446869908224, 9.133408519094687, 12.186540941364992, 11.681126787907004, 20.27272249349763, 24.66380573110509, 23.213983029703243, 13.287249258779784, 14.679071220947103, 19.54846266844718, 12.222211918425506, 17.254961729620543, 9.3582585232198, 22.067398234653975, 18.48476160991894, 30.0, 24.178070008372412, 24.178070008372412, 24.178070008372412, 24.178070008372412, 24.178070008372412, 24.178070008372412, 24.178070008372412, 24.178070008372412, 24.178070008372412, 24.178070008372412, 24.178070008372412, 24.178070008372412, 24.178070008372412, 24.178070008372412, 24.178070008372412, 24.40483637847868, 19.412619990322934, 29.20412748961811, 24.240361122481275, 20.60996562252636, 17.93979258437171, 18.978107578595537, 10.64731957531861, 20.766952451332354, 5.269211269636359, 18.808442868198384, 22.973592387441887, 6.5829974729220835, 21.96492415196287, 23.444753072429666, 10.339702185498547, 21.582004583842654, 24.876716934245973, 25.243242643903727, 13.66889182347287, 9.821579670742898, 24.40483637847868, 21.96492415196287, 24.876716934245973, 9.821579670742898, 23.444753072429666, 20.766952451332354, 19.412619990322934, 20.60996562252636, 13.66889182347287, 8.848760266477303, 8.909602637510423, 24.544864000513044, 19.297612091108, 13.955829879351372, 20.647352575017987, 4.323502760764498, 10.517001030313184, 9.959430027785825, 22.9906810556157, 21.196765766013833, 0.0, 17.030935253944183, 21.420409850391028, 12.070446869908224, 9.133408519094687, 12.186540941364992, 11.681126787907004, 20.27272249349763, 24.66380573110509, 23.213983029703243, 13.287249258779784, 14.679071220947103, 19.54846266844718, 12.222211918425506, 17.254961729620543, 9.3582585232198, 22.067398234653975, 18.48476160991894, 30.0, 24.178070008372412, 24.178070008372412, 24.178070008372412, 24.178070008372412, 24.178070008372412, 24.178070008372412, 24.178070008372412, 24.178070008372412, 24.178070008372412, 24.178070008372412, 24.178070008372412, 24.178070008372412, 24.178070008372412, 24.178070008372412, 24.178070008372412], [8.73850685536202, 10.218648313548472, 10.146061295430954, 11.954981205076383, 5.220297030550708, 5.82697367543136, 13.95130259649278, 9.263742668380363, 11.245155331428005, 6.013682968253288, 17.219740247277745, 17.030935253944183, 0.0, 4.389733862159694, 8.301120222314873, 17.375755562806724, 13.815943361225987, 5.925281487609386, 10.703329329254796, 11.16548808272089, 10.50906598521672, 16.656914756686383, 10.292307342732038, 18.917767970789665, 16.520287625891513, 20.96635348968579, 15.044867119769686, 5.047926413993638, 2.6044264590895208, 17.258899403572943, 10.02937548337055, 10.02937548337055, 10.02937548337055, 10.02937548337055, 10.02937548337055, 10.02937548337055, 10.02937548337055, 10.02937548337055, 10.02937548337055, 10.02937548337055, 10.02937548337055, 10.02937548337055, 10.02937548337055, 10.02937548337055, 10.02937548337055, 9.793291051130062, 19.300376616759664, 14.68732448197142, 20.74550775553152, 22.40012927167484, 19.86888720585386, 19.323471402810238, 7.875579886065901, 14.217531635275241, 17.81701741072979, 1.855121227282914, 11.304564714233557, 10.859827715001598, 22.889820628155057, 16.5091216023882, 7.204743229057305, 4.716837074737054, 12.56875045527285, 15.3765440171706, 7.262938541386713, 17.41945466815519, 9.793291051130062, 22.889820628155057, 12.56875045527285, 17.41945466815519, 16.5091216023882, 14.217531635275241, 19.300376616759664, 22.40012927167484, 7.262938541386713, 8.73850685536202, 10.218648313548472, 10.146061295430954, 11.954981205076383, 5.220297030550708, 5.82697367543136, 13.95130259649278, 9.263742668380363, 11.245155331428005, 6.013682968253288, 17.219740247277745, 17.030935253944183, 0.0, 4.389733862159694, 8.301120222314873, 17.375755562806724, 13.815943361225987, 5.925281487609386, 10.703329329254796, 11.16548808272089, 10.50906598521672, 16.656914756686383, 10.292307342732038, 18.917767970789665, 16.520287625891513, 20.96635348968579, 15.044867119769686, 5.047926413993638, 2.6044264590895208, 17.258899403572943, 10.02937548337055, 10.02937548337055, 10.02937548337055, 10.02937548337055, 10.02937548337055, 10.02937548337055, 10.02937548337055, 10.02937548337055, 10.02937548337055, 10.02937548337055, 10.02937548337055, 10.02937548337055, 10.02937548337055, 10.02937548337055, 10.02937548337055], [13.0430837145245, 14.298084518971159, 8.207653268733925, 13.286788166239454, 8.860486971427981, 5.23354871729693, 18.28397297929782, 13.149763940574447, 15.060930497349954, 1.8387437815199406, 18.691611258324073, 21.420409850391028, 4.389733862159694, 0.0, 11.939865291970507, 21.2439389099409, 17.16912879688205, 10.160749124957025, 11.447457089138613, 9.64453969278743, 9.643866385496583, 19.904575523337492, 13.06828583104838, 21.066812658917097, 19.93956238818942, 23.840867840815836, 18.848281273544252, 0.7799699170124197, 3.838468711668647, 15.334340455691828, 8.306063848525357, 8.306063848525357, 8.306063848525357, 8.306063848525357, 8.306063848525357, 8.306063848525357, 8.306063848525357, 8.306063848525357, 8.306063848525357, 8.306063848525357, 8.306063848525357, 8.306063848525357, 8.306063848525357, 8.306063848525357, 8.306063848525357, 7.767475152874595, 21.5302116782403, 12.016408081931512, 21.9476852541214, 24.769616227947473, 22.49003612310777, 21.65631747758471, 11.934556839808991, 15.349294334594921, 22.035602466786425, 2.6905756299231736, 10.842905611030385, 15.211287442029835, 25.028876605784035, 17.128678864655424, 11.48825003283961, 1.4527588251680303, 11.488387729697335, 15.018685071647202, 10.564737673116207, 21.208217847636, 7.767475152874595, 25.028876605784035, 11.488387729697335, 21.208217847636, 17.128678864655424, 15.349294334594921, 21.5302116782403, 24.769616227947473, 10.564737673116207, 13.0430837145245, 14.298084518971159, 8.207653268733925, 13.286788166239454, 8.860486971427981, 5.23354871729693, 18.28397297929782, 13.149763940574447, 15.060930497349954, 1.8387437815199406, 18.691611258324073, 21.420409850391028, 4.389733862159694, 0.0, 11.939865291970507, 21.2439389099409, 17.16912879688205, 10.160749124957025, 11.447457089138613, 9.64453969278743, 9.643866385496583, 19.904575523337492, 13.06828583104838, 21.066812658917097, 19.93956238818942, 23.840867840815836, 18.848281273544252, 0.7799699170124197, 3.838468711668647, 15.334340455691828, 8.306063848525357, 8.306063848525357, 8.306063848525357, 8.306063848525357, 8.306063848525357, 8.306063848525357, 8.306063848525357, 8.306063848525357, 8.306063848525357, 8.306063848525357, 8.306063848525357, 8.306063848525357, 8.306063848525357, 8.306063848525357, 8.306063848525357], [7.954174556526387, 3.1885607001834018, 12.683894900456933, 7.790465916652777, 9.609669622838933, 13.960790490811018, 11.046493184146547, 1.586898033894649, 3.1702254632234625, 13.771021895490138, 11.509443130010128, 12.070446869908224, 8.301120222314873, 11.939865291970507, 0.0, 9.325961897374006, 5.565719597892066, 7.585689048058138, 8.315905551393893, 12.648231518307782, 11.161491475425787, 8.429007065217812, 3.5071386924924703, 11.88352497938738, 8.226109347290484, 12.94983344853964, 6.91484881541097, 12.713545356196182, 10.801612798991393, 17.946327372389252, 12.27974305606617, 12.27974305606617, 12.27974305606617, 12.27974305606617, 12.27974305606617, 12.27974305606617, 12.27974305606617, 12.27974305606617, 12.27974305606617, 12.27974305606617, 12.27974305606617, 12.27974305606617, 12.27974305606617, 12.27974305606617, 12.27974305606617, 12.603408976598256, 12.120050291025061, 17.23192966747154, 15.110905613027317, 14.888491001510534, 12.142355182296287, 11.994235832725064, 2.001965159101097, 9.74154533102144, 10.760436217156393, 10.02929880026044, 10.90963028445828, 8.524456265172871, 15.656735150593045, 12.521372438719595, 7.548372094673315, 12.758680499549728, 12.80830938152191, 13.499144169291073, 1.692670240218811, 9.268955080146577, 12.603408976598256, 15.656735150593045, 12.80830938152191, 9.268955080146577, 12.521372438719595, 9.74154533102144, 12.120050291025061, 14.888491001510534, 1.692670240218811, 7.954174556526387, 3.1885607001834018, 12.683894900456933, 7.790465916652777, 9.609669622838933, 13.960790490811018, 11.046493184146547, 1.586898033894649, 3.1702254632234625, 13.771021895490138, 11.509443130010128, 