{"num_workers": 45, "num_roles": 3, "num_nodes": 120, "w": [[330, 330], [60, 60], [90, 90], [30, 30], [30, 30], [420, 420], [150, 150], [30, 30], [0, 0], [150, 150], [270, 270], [270, 270], [30, 30], [120, 120], [120, 120], [150, 150], [210, 210], [30, 30], [30, 30], [60, 60], [90, 90], [0, 0], [60, 60], [30, 30], [210, 210], [150, 150], [60, 60], [120, 120], [390, 390], [120, 120], [0, 0], [0, 0], [0, 0], [0, 0], [0, 0], [0, 0], [0, 0], [0, 0], [0, 0], [0, 0], [0, 0], [0, 0], [0, 0], [0, 0], [0, 0], [30, 360], [120, 450], [90, 420], [60, 420], [120, 240], [90, 150], [360, 420], [240, 390], [90, 150], [210, 330], [90, 360], [180, 420], [90, 420], [60, 210], [90, 390], [240, 300], [180, 300], [150, 300], [330, 420], [120, 420], [210, 360], [90, 420], [180, 300], [360, 420], [90, 150], [210, 360], [90, 390], [90, 360], [90, 420], [60, 210], [480, 480], [360, 360], [390, 390], [180, 180], [330, 330], [480, 480], [390, 390], [480, 480], [300, 300], [390, 390], [480, 480], [450, 450], [210, 210], [210, 210], [390, 390], [480, 480], [270, 270], [450, 450], [360, 360], [120, 120], [420, 420], [90, 90], [450, 450], [330, 330], [360, 360], [450, 450], [240, 240], [420, 420], [420, 420], [210, 210], [480, 480], [480, 480], [480, 480], [480, 480], [480, 480], [480, 480], [480, 480], [480, 480], [480, 480], [480, 480], [480, 480], [480, 480], [480, 480], [480, 480], [480, 480]], "p": [0, 0, 0, 0, 0, 0, 0, 0, 0, 0, 0, 0, 0, 0, 0, 0, 0, 0, 0, 0, 0, 0, 0, 0, 0, 0, 0, 0, 0, 0, 0, 0, 0, 0, 0, 0, 0, 0, 0, 0, 0, 0, 0, 0, 0, 57.119323534815564, 51.998529676297494, 44.3931653985517, 40.405288712248414, 62.118488985262104, 46.311680839096454, 40.143856227560484, 54.33296877575148, 58.23827805307988, 42.33178687609116, 48.72421357842673, 58.77405322634342, 71.67536555360161, 46.87185932215356, 40.09891373505962, 74.58674241622734, 61.778757655609496, 61.31459021300861, 51.78122889727141, 64.1644381327991, 65.00911995734324, 22.19658269927585, 30.889378827804748, 20.071928113780242, 29.11913902653994, 32.50455997867162, 20.04945686752981, 24.362106789213364, 35.837682776800804, 23.43592966107678, 0, 0, 0, 0, 0, 0, 0, 0, 0, 0, 0, 0, 0, 0, 0, 0, 0, 0, 0, 0, 0, 0, 0, 0, 0, 0, 0, 0, 0, 0, 0, 0, 0, 0, 0, 0, 0, 0, 0, 0, 0, 0, 0, 0, 0], "e": [[0, 1, 1], [0, 1, 1], [0, 1, 1], [0, 1, 1], [1, 1, 0], [1, 1, 0], [1, 1, 0], [0, 1, 1], [0, 1, 0], [1, 1, 0], [0, 1, 0], [1, 1, 0], [0, 1, 0], [0, 1, 1], [0, 1, 0], [0, 1, 0], [1, 1, 0], [0, 1, 1], [0, 1, 1], [0, 1, 0], [1, 1, 0], [1, 1, 0], [1, 1, 0], [0, 1, 1], [1, 1, 0], [0, 1, 0], [0, 1, 1], [1, 1, 0], [0, 1, 1], [0, 1, 1], [0, 1, 1], [0, 1, 0], [0, 1, 1], [0, 1, 0], [1, 1, 0], [0, 1, 1], [0, 0, 1], [1, 0, 0], [1, 0, 0], [1, 0, 0], [0, 0, 1], [0, 0, 1], [1, 0, 0], [1, 0, 0], [1, 0, 0]], "d": [[1, 1, 0, 1, 0, 0, 1, 1, 0, 0, 1, 1, 0, 1, 1, 1, 1, 0, 1, 0, 1, 0, 2, 2, 0, 2, 2, 2, 0, 2], [0, 0, 1, 0, 0, 1, 0, 0, 0, 0, 0, 0, 1, 0, 0, 0, 0, 0, 0, 1, 0, 2, 0, 0, 0, 0, 0, 0, 2, 0], [1, 1, 0, 2, 1, 0, 1, 1, 1, 1, 1, 1, 0, 1, 1, 2, 2, 1, 1, 0, 2, 0, 4, 2, 2, 4, 2, 2, 0, 2]], "r": [4046, 1952, 4933, 3437, 1695, 2774, 2632, 1126, 1788, 4546, 1087, 4054, 4664, 2871, 1160, 4545, 392, 4923, 1379, 2588, 1156, 4933, 392, 2632, 1788, 1156, 1160, 1087, 4664, 2871], "g": [[0, 0, 0, 0, 0, 0, 0, 0, 0, 0, 0, 0, 0, 0, 0, 0, 0, 0, 0, 0, 0, 0, 0, 0, 0, 0, 0, 0, 0, 0], [0, 0, 0, 0, 0, 0, 0, 0, 0, 0, 0, 0, 0, 0, 0, 0, 0, 0, 0, 0, 0, 0, 0, 0, 0, 0, 0, 0, 0, 0], [0, 0, 0, 0, 0, 0, 0, 0, 0, 0, 0, 0, 0, 0, 0, 0, 0, 0, 0, 0, 0, 1, 0, 0, 0, 0, 0, 0, 0, 0], [0, 0, 0, 0, 0, 0, 0, 0, 0, 0, 0, 0, 0, 0, 0, 0, 0, 0, 0, 0, 0, 0, 0, 0, 0, 0, 0, 0, 0, 0], [0, 0, 0, 0, 0, 0, 0, 0, 0, 0, 0, 0, 0, 0, 0, 0, 0, 0, 0, 0, 0, 0, 0, 0, 0, 0, 0, 0, 0, 0], [0, 0, 0, 0, 0, 0, 0, 0, 0, 0, 0, 0, 0, 0, 0, 0, 0, 0, 0, 0, 0, 0, 0, 0, 0, 0, 0, 0, 0, 0], [0, 0, 0, 0, 0, 0, 0, 0, 0, 0, 0, 0, 0, 0, 0, 0, 0, 0, 0, 0, 0, 0, 0, 1, 0, 0, 0, 0, 0, 0], [0, 0, 0, 0, 0, 0, 0, 0, 0, 0, 0, 0, 0, 0, 0, 0, 0, 0, 0, 0, 0, 0, 0, 0, 0, 0, 0, 0, 0, 0], [0, 0, 0, 0, 0, 0, 0, 0, 0, 0, 0, 0, 0, 0, 0, 0, 0, 0, 0, 0, 0, 0, 0, 0, 1, 0, 0, 0, 0, 0], [0, 0, 0, 0, 0, 0, 0, 0, 0, 0, 0, 0, 0, 0, 0, 0, 0, 0, 0, 0, 0, 0, 0, 0, 0, 0, 0, 0, 0, 0], [0, 0, 0, 0, 0, 0, 0, 0, 0, 0, 0, 0, 0, 0, 0, 0, 0, 0, 0, 0, 0, 0, 0, 0, 0, 0, 0, 1, 0, 0], [0, 0, 0, 0, 0, 0, 0, 0, 0, 0, 0, 0, 0, 0, 0, 0, 0, 0, 0, 0, 0, 0, 0, 0, 0, 0, 0, 0, 0, 0], [0, 0, 0, 0, 0, 0, 0, 0, 0, 0, 0, 0, 0, 0, 0, 0, 0, 0, 0, 0, 0, 0, 0, 0, 0, 0, 0, 0, 1, 0], [0, 0, 0, 0, 0, 0, 0, 0, 0, 0, 0, 0, 0, 0, 0, 0, 0, 0, 0, 0, 0, 0, 0, 0, 0, 0, 0, 0, 0, 1], [0, 0, 0, 0, 0, 0, 0, 0, 0, 0, 0, 0, 0, 0, 0, 0, 0, 0, 0, 0, 0, 0, 0, 0, 0, 0, 1, 0, 0, 0], [0, 0, 0, 0, 0, 0, 0, 0, 0, 0, 0, 0, 0, 0, 0, 0, 0, 0, 0, 0, 0, 0, 0, 0, 0, 0, 0, 0, 0, 0], [0, 0, 0, 0, 0, 0, 0, 0, 0, 0, 0, 0, 0, 0, 0, 0, 0, 0, 0, 0, 0, 0, 1, 0, 0, 0, 0, 0, 0, 0], [0, 0, 0, 0, 0, 0, 0, 0, 0, 0, 0, 0, 0, 0, 0, 0, 0, 0, 0, 0, 0, 0, 0, 0, 0, 0, 0, 0, 0, 0], [0, 0, 0, 0, 0, 0, 0, 0, 0, 0, 0, 0, 0, 0, 0, 0, 0, 0, 0, 0, 0, 0, 0, 0, 0, 0, 0, 0, 0, 0], [0, 0, 0, 0, 0, 0, 0, 0, 0, 0, 0, 0, 0, 0, 0, 0, 0, 0, 0, 0, 0, 0, 0, 0, 0, 0, 0, 0, 0, 0], [0, 0, 0, 0, 0, 0, 0, 0, 0, 0, 0, 0, 0, 0, 0, 0, 0, 0, 0, 0, 0, 0, 0, 0, 0, 1, 0, 0, 0, 0], [0, 0, 1, 0, 0, 0, 0, 0, 0, 0, 0, 0, 0, 0, 0, 0, 0, 0, 0, 0, 0, 0, 0, 0, 0, 0, 0, 0, 0, 0], [0, 0, 0, 0, 0, 0, 0, 0, 0, 0, 0, 0, 0, 0, 0, 0, 1, 0, 0, 0, 0, 0, 0, 0, 0, 0, 0, 0, 0, 0], [0, 0, 0, 0, 0, 0, 1, 0, 0, 0, 0, 0, 0, 0, 0, 0, 0, 0, 0, 0, 0, 0, 0, 0, 0, 0, 0, 0, 0, 0], [0, 0, 0, 0, 0, 0, 0, 0, 1, 0, 0, 0, 0, 0, 0, 0, 0, 0, 0, 0, 0, 0, 0, 0, 0, 0, 0, 0, 0, 0], [0, 0, 0, 0, 0, 0, 0, 0, 0, 0, 0, 0, 0, 0, 0, 0, 0, 0, 0, 0, 1, 0, 0, 0, 0, 0, 0, 0, 0, 0], [0, 0, 0, 0, 0, 0, 0, 0, 0, 0, 0, 0, 0, 0, 1, 0, 0, 0, 0, 0, 0, 0, 0, 0, 0, 0, 0, 0, 0, 0], [0, 0, 0, 0, 0, 0, 0, 0, 0, 0, 1, 0, 0, 0, 0, 0, 0, 0, 0, 0, 0, 0, 0, 0, 0, 0, 0, 0, 0, 0], [0, 0, 0, 0, 0, 0, 0, 0, 0, 0, 0, 0, 1, 0, 0, 0, 0, 0, 0, 0, 0, 0, 0, 0, 0, 0, 0, 0, 0, 0], [0, 0, 0, 0, 0, 0, 0, 0, 0, 0, 0, 0, 0, 1, 0, 0, 0, 0, 0, 0, 0, 0, 0, 0, 0, 0, 0, 0, 0, 0]], "t": [[0.0, 11.530798048286284, 28.084731841137963, 6.076419666681187, 15.958205912986143, 20.5548242150566, 10.622039528070063, 21.85362254355045, 11.358626657720166, 4.531256578401854, 13.366206172646352, 8.794282693835772, 25.73155010520761, 21.344252583605634, 19.572364539748264, 11.850761494637272, 22.605832969157248, 25.17639635922606, 23.47280711909123, 16.684396480809358, 15.47423446405799, 13.780949329779718, 11.008345588428408, 21.92619692133604, 9.626390636168717, 2.2443514219453227, 29.876108480063145, 7.153720999971421, 8.82816979046373, 7.664537290364785, 19.751908678517193, 19.751908678517193, 19.751908678517193, 19.751908678517193, 19.751908678517193, 19.751908678517193, 19.751908678517193, 19.751908678517193, 19.751908678517193, 19.751908678517193, 19.751908678517193, 19.751908678517193, 19.751908678517193, 19.751908678517193, 19.751908678517193, 13.245934458164037, 16.481643390211804, 15.422613640494678, 13.170944608567943, 17.991863941921444, 17.068494596397905, 16.243146584574166, 24.463216106441084, 23.27190342025988, 8.827972048880019, 25.420905594743008, 28.66810671713693, 11.573730356235872, 29.753814944589983, 19.35207839069114, 21.9479189939011, 22.79005808625727, 11.278460671902648, 17.083355914335392, 16.425235777258866, 14.680024340348904, 15.422613640494678, 22.79005808625727, 16.243146584574166, 23.27190342025988, 14.680024340348904, 19.35207839069114, 25.420905594743008, 11.573730356235872, 29.753814944589983, 0.0, 11.530798048286284, 28.084731841137963, 6.076419666681187, 15.958205912986143, 20.5548242150566, 10.622039528070063, 21.85362254355045, 11.358626657720166, 4.531256578401854, 13.366206172646352, 8.794282693835772, 25.73155010520761, 21.344252583605634, 19.572364539748264, 11.850761494637272, 22.605832969157248, 25.17639635922606, 23.47280711909123, 16.684396480809358, 15.47423446405799, 13.780949329779718, 11.008345588428408, 21.92619692133604, 9.626390636168717, 2.2443514219453227, 29.876108480063145, 7.153720999971421, 8.82816979046373, 7.664537290364785, 19.751908678517193, 19.751908678517193, 19.751908678517193, 19.751908678517193, 19.751908678517193, 19.751908678517193, 19.751908678517193, 19.751908678517193, 19.751908678517193, 19.751908678517193, 19.751908678517193, 19.751908678517193, 19.751908678517193, 19.751908678517193, 19.751908678517193], [11.530798048286284, 0.0, 16.5712480692638, 5.471654546296062, 8.912946348935153, 14.534981948229865, 10.28067775002897, 11.09376685867998, 1.7931432365080218, 7.0110745525106495, 6.271503506502221, 9.751014987337445, 14.377519192770414, 11.951014811608381, 13.96644223990137, 11.940952863150727, 14.075552388991241, 14.160820668185973, 12.071671455571767, 5.304410533058894, 3.9510203913728983, 10.396463706341056, 1.0362628878681241, 10.434437985622434, 6.574088409333569, 10.013543853763109, 19.48062346746406, 10.830227495173677, 11.597379445874564, 7.830368693662602, 11.324207898500129, 11.324207898500129, 11.324207898500129, 11.324207898500129, 11.324207898500129, 11.324207898500129, 11.324207898500129, 11.324207898500129, 11.324207898500129, 11.324207898500129, 11.324207898500129, 11.324207898500129, 11.324207898500129, 11.324207898500129, 11.324207898500129, 4.015162535433433, 7.779429569489737, 7.31533687899837, 2.9955747936605808, 17.335436515700277, 5.5670157961013995, 5.599088142539247, 13.06048668667034, 12.789650984321687, 9.643522482705976, 15.11155311166892, 17.78614887139012, 4.564869630719862, 18.456441057198678, 9.79620695094494, 15.137897784447823, 11.681479533314697, 11.30757483371684, 6.832975431504393, 6.956303941386371, 4.936064354406542, 7.31533687899837, 11.681479533314697, 5.599088142539247, 12.789650984321687, 4.936064354406542, 9.79620695094494, 15.11155311166892, 4.564869630719862, 18.456441057198678, 11.530798048286284, 0.0, 16.5712480692638, 5.471654546296062, 8.912946348935153, 14.534981948229865, 10.28067775002897, 11.09376685867998, 1.7931432365080218, 7.0110745525106495, 6.271503506502221, 9.751014987337445, 14.377519192770414, 11.951014811608381, 13.96644223990137, 11.940952863150727, 14.075552388991241, 14.160820668185973, 12.071671455571767, 5.304410533058894, 3.9510203913728983, 10.396463706341056, 1.0362628878681241, 10.434437985622434, 6.574088409333569, 10.013543853763109, 19.48062346746406, 10.830227495173677, 11.597379445874564, 7.830368693662602, 11.324207898500129, 11.324207898500129, 11.324207898500129, 11.324207898500129, 11.324207898500129, 11.324207898500129, 11.324207898500129, 11.324207898500129, 11.324207898500129, 11.324207898500129, 11.324207898500129, 11.324207898500129, 11.324207898500129, 11.324207898500129, 11.324207898500129], [28.084731841137963, 16.5712480692638, 0.0, 22.042515762643927, 17.722189819165465, 20.175897035657158, 23.23942574738201, 8.184201458733478, 16.849513678755507, 23.5792300778245, 17.877974494441347, 23.84558007953635, 3.3455180998374128, 13.457882253942572, 20.5734514866552, 25.208177454837887, 15.571448190889788, 7.59669252531495, 5.996311201168497, 11.448540144391004, 12.67319563618567, 20.784200016272784, 17.20942544034848, 6.169231194245258, 20.605040735307277, 26.563455150805492, 11.564437762059933, 26.319735010100565, 26.459757269290716, 23.29006329882918, 13.954848592798546, 13.954848592798546, 13.954848592798546, 13.954848592798546, 13.954848592798546, 13.954848592798546, 13.954848592798546, 13.954848592798546, 13.954848592798546, 13.954848592798546, 13.954848592798546, 13.954848592798546, 13.954848592798546, 13.954848592798546, 13.954848592798546, 15.614912303018272, 15.479855053142874, 15.42713855422782, 15.233781164899437, 27.782537938545758, 11.164187368948783, 12.443948710732876, 4.020153057628763, 8.37204989488265, 24.429502217073043, 10.729895532083193, 8.630989968441432, 17.700235890978306, 6.014517362720775, 12.007759152156575, 19.12944562076318, 7.939170926333822, 23.896751810012944, 13.107673820257403, 14.489234903784352, 14.336882448177798, 15.42713855422782, 7.939170926333822, 12.443948710732876, 8.37204989488265, 14.336882448177798, 12.007759152156575, 10.729895532083193, 17.700235890978306, 6.014517362720775, 28.084731841137963, 16.5712480692638, 0.0, 22.042515762643927, 17.722189819165465, 20.175897035657158, 23.23942574738201, 8.184201458733478, 16.849513678755507, 23.5792300778245, 17.877974494441347, 23.84558007953635, 3.3455180998374128, 13.457882253942572, 20.5734514866552, 25.208177454837887, 15.571448190889788, 7.59669252531495, 5.996311201168497, 11.448540144391004, 12.67319563618567, 20.784200016272784, 17.20942544034848, 6.169231194245258, 20.605040735307277, 26.563455150805492, 11.564437762059933, 26.319735010100565, 26.459757269290716, 23.29006329882918, 13.954848592798546, 13.954848592798546, 13.954848592798546, 13.954848592798546, 13.954848592798546, 13.954848592798546, 13.954848592798546, 13.954848592798546, 13.954848592798546, 13.954848592798546, 13.954848592798546, 13.954848592798546, 13.954848592798546, 13.954848592798546, 13.954848592798546], [6.076419666681187, 5.471654546296062, 22.042515762643927, 0.0, 11.131113599311355, 16.41264504433712, 9.028751992577886, 16.169890086399388, 5.556781494400172, 1.545285616695971, 8.2665002890759, 7.628352903409768, 19.78677735598231, 15.88167841752824, 15.56938271407597, 10.097524117336691, 17.490535896675723, 19.216031464289845, 17.408960697853487, 10.70438780966795, 9.403457590449216, 10.963923131107, 4.937067357429077, 15.899248854292933, 6.087320061511172, 4.597564313513367, 24.14471467546455, 6.985588231805425, 8.336348945756964, 4.877054398941694, 15.01567124496112, 15.01567124496112, 15.01567124496112, 15.01567124496112, 15.01567124496112, 15.01567124496112, 15.01567124496112, 15.01567124496112, 15.01567124496112, 15.01567124496112, 15.01567124496112, 15.01567124496112, 15.01567124496112, 15.01567124496112, 15.01567124496112, 7.8090849980238035, 11.093832659378386, 10.591935387431551, 7.452191397108965, 16.36897813855089, 10.992670341451614, 10.520901241386513, 18.490535057308445, 17.722597582641225, 6.947945228274426, 19.69212942259702, 22.76151160519748, 6.648463139686854, 23.720398593284383, 14.1277738386768, 17.515251792147396, 16.79493804354251, 10.031156378643654, 11.258443629564471, 10.796585279175993, 9.194596908560092, 10.591935387431551, 16.79493804354251, 10.520901241386513, 17.722597582641225, 9.194596908560092, 14.1277738386768, 19.69212942259702, 6.648463139686854, 23.720398593284383, 6.076419666681187, 5.471654546296062, 22.042515762643927, 0.0, 11.131113599311355, 16.41264504433712, 9.028751992577886, 16.169890086399388, 5.556781494400172, 1.545285616695971, 8.2665002890759, 7.628352903409768, 19.78677735598231, 15.88167841752824, 15.56938271407597, 10.097524117336691, 17.490535896675723, 19.216031464289845, 17.408960697853487, 10.70438780966795, 9.403457590449216, 10.963923131107, 4.937067357429077, 15.899248854292933, 6.087320061511172, 4.597564313513367, 24.14471467546455, 6.985588231805425, 8.336348945756964, 4.877054398941694, 15.01567124496112, 15.01567124496112, 15.01567124496112, 15.01567124496112, 15.01567124496112, 15.01567124496112, 15.01567124496112, 15.01567124496112, 15.01567124496112, 15.01567124496112, 15.01567124496112, 15.01567124496112, 15.01567124496112, 15.01567124496112, 15.01567124496112], [15.958205912986143, 8.912946348935153, 17.722189819165465, 11.131113599311355, 0.0, 5.6314507962325075, 18.89807875702736, 16.25064480535523, 10.705268552687556, 12.242671130061893, 2.9086925776911037, 18.02027885660648, 17.12756287451077, 5.9728783425838765, 5.068832927990341, 7.87301225230218, 6.6780157681068015, 11.630401587351265, 11.748724950358971, 10.73614584547629, 8.69838758027526, 19.309263526444756, 8.2045499078769, 13.115969087453653, 15.220063628430777, 13.754067234977743, 14.744246614659351, 10.690198625475764, 10.06521631324567, 8.486640468356008, 18.946697311227084, 18.946697311227084, 18.946697311227084, 18.946697311227084, 18.946697311227084, 18.946697311227084, 18.946697311227084, 18.946697311227084, 18.946697311227084, 18.946697311227084, 18.946697311227084, 18.946697311227084, 18.946697311227084, 18.946697311227084, 18.946697311227084, 12.590213151111927, 2.320085213832501, 15.695239672490558, 11.397111718679579, 10.32525683253625, 8.83618944132935, 12.537805952429286, 15.793544824233477, 18.117535043859423, 8.39110696831138, 10.521392799261008, 14.379257251298117, 13.477356807651995, 16.51990623473306, 16.821155802450598, 6.441090312394511, 10.009591455130437, 19.948342494392396, 4.9593062801625525, 3.5394735195144995, 12.983531438757863, 15.695239672490558, 10.009591455130437, 12.537805952429286, 18.117535043859423, 12.983531438757863, 16.821155802450598, 10.521392799261008, 13.477356807651995, 16.51990623473306, 15.958205912986143, 8.912946348935153, 17.722189819165465, 11.131113599311355, 0.0, 5.6314507962325075, 18.89807875702736, 16.25064480535523, 10.705268552687556, 12.242671130061893, 2.9086925776911037, 18.02027885660648, 17.12756287451077, 5.9728783425838765, 5.068832927990341, 7.87301225230218, 6.6780157681068015, 11.630401587351265, 11.748724950358971, 10.73614584547629, 8.69838758027526, 19.309263526444756, 8.2045499078769, 13.115969087453653, 15.220063628430777, 13.754067234977743, 14.744246614659351, 10.690198625475764, 10.06521631324567, 8.486640468356008, 18.946697311227084, 18.946697311227084, 18.946697311227084, 18.946697311227084, 18.946697311227084, 18.946697311227084, 18.946697311227084, 18.946697311227084, 18.946697311227084, 18.946697311227084, 18.946697311227084, 18.946697311227084, 18.946697311227084, 18.946697311227084, 18.946697311227084], [20.5548242150566, 14.534981948229865, 20.175897035657158, 16.41264504433712, 5.6314507962325075, 0.0, 24.500866200340027, 20.63834629928906, 16.32508103304165, 17.345436780702524, 8.463092140437661, 23.56440281722583, 20.43937991439217, 6.718170323450185, 1.073438071311268, 9.975474561857173, 5.028203640331021, 12.89448647424168, 14.34500422999199, 15.733373066791405, 13.860459657098335, 24.930136459209955, 13.835644824691087, 16.880437940402647, 20.83648887180484, 18.310493296511677, 13.615664124288442, 14.222907768740574, 13.047922715278318, 12.892049686981649, 24.081218146336713, 24.081218146336713, 24.081218146336713, 24.081218146336713, 24.081218146336713, 24.081218146336713, 24.081218146336713, 24.081218146336713, 24.081218146336713, 24.081218146336713, 24.081218146336713, 24.081218146336713, 24.081218146336713, 24.081218146336713, 24.081218146336713, 18.122259393965543, 7.130888227381529, 21.13307949351115, 16.920044037144844, 8.539321305983414, 13.606692250690251, 17.72404512194529, 19.236382798397972, 22.448001912360176, 12.016634307480613, 10.477049613193511, 14.408771180627046, 19.096169969780497, 17.270669533249368, 21.820295254612418, 1.7939252107447672, 12.289708200187768, 25.55258955323052, 9.450096809900101, 8.341002755574921, 18.39645512429123, 21.13307949351115, 12.289708200187768, 17.72404512194529, 22.448001912360176, 18.39645512429123, 21.820295254612418, 10.477049613193511, 19.096169969780497, 17.270669533249368, 20.5548242150566, 14.534981948229865, 20.175897035657158, 16.41264504433712, 5.6314507962325075, 0.0, 24.500866200340027, 20.63834629928906, 16.32508103304165, 17.345436780702524, 8.463092140437661, 23.56440281722583, 20.43937991439217, 6.718170323450185, 1.073438071311268, 9.975474561857173, 5.028203640331021, 12.89448647424168, 14.34500422999199, 15.733373066791405, 13.860459657098335, 24.930136459209955, 13.835644824691087, 16.880437940402647, 20.83648887180484, 18.310493296511677, 13.615664124288442, 14.222907768740574, 13.047922715278318, 12.892049686981649, 24.081218146336713, 24.081218146336713, 24.081218146336713, 24.081218146336713, 24.081218146336713, 24.081218146336713, 24.081218146336713, 24.081218146336713, 24.081218146336713, 24.081218146336713, 24.081218146336713, 24.081218146336713, 24.081218146336713, 24.081218146336713, 24.081218146336713], [10.622039528070063, 10.28067775002897, 23.23942574738201, 9.028751992577886, 18.89807875702736, 24.500866200340027, 0.0, 15.391898168177466, 8.645465978733233, 9.098452145082131, 16.038163939914593, 1.8283050528719587, 20.163988855175308, 22.168519814527077, 23.80367219275748, 19.122745700114738, 24.35387686720248, 23.349665669049855, 20.5928748835718, 12.76791158941673, 13.009413558352156, 3.5460830537285, 10.766268005121892, 17.49165196794942, 3.711804504826739, 11.169954401925315, 29.0858975813519, 15.580954087513955, 17.120794594856683, 13.894552987509787, 11.105218149018581, 11.105218149018581, 11.105218149018581, 11.105218149018581, 11.105218149018581, 11.105218149018581, 11.105218149018581, 11.105218149018581, 11.105218149018581, 11.105218149018581, 11.105218149018581, 11.105218149018581, 11.105218149018581, 11.105218149018581, 11.105218149018581, 8.198751314681111, 18.033988281579482, 7.879896810805485, 9.11838681793383, 25.392181430982156, 14.458660452157991, 11.044268191006346, 19.224149675793367, 16.160686527764142, 15.939695979385037, 24.91022780814812, 26.981422907918915, 6.24616668817725, 26.884691444116804, 11.831872047709691, 25.28400545083166, 20.888380125026117, 1.05264637843785, 17.002493636718285, 17.23573935412863, 9.145957061884346, 7.879896810805485, 20.888380125026117, 11.044268191006346, 16.160686527764142, 9.145957061884346, 11.831872047709691, 24.91022780814812, 6.24616668817725, 26.884691444116804, 10.622039528070063, 10.28067775002897, 23.23942574738201, 9.028751992577886, 18.89807875702736, 24.500866200340027, 0.0, 15.391898168177466, 8.645465978733233, 9.098452145082131, 16.038163939914593, 1.8283050528719587, 20.163988855175308, 22.168519814527077, 23.80367219275748, 19.122745700114738, 24.35387686720248, 23.349665669049855, 20.5928748835718, 12.76791158941673, 13.009413558352156, 3.5460830537285, 10.766268005121892, 17.49165196794942, 3.711804504826739, 11.169954401925315, 29.0858975813519, 15.580954087513955, 17.120794594856683, 13.894552987509787, 11.105218149018581, 11.105218149018581, 11.105218149018581, 11.105218149018581, 11.105218149018581, 11.105218149018581, 11.105218149018581, 11.105218149018581, 11.105218149018581, 11.105218149018581, 11.105218149018581, 11.105218149018581, 11.105218149018581, 11.105218149018581, 11.105218149018581], [21.85362254355045, 11.09376685867998, 8.184201458733478, 16.169890086399388, 16.25064480535523, 20.63834629928906, 15.391898168177466, 0.0, 10.613809650962652, 17.596699600233173, 15.053948144881934, 16.229808964459753, 4.89574380636078, 14.717745466817211, 20.614361353095404, 22.218772338535533, 17.356853095863286, 11.620139274147018, 8.35674903348976, 6.0628012761548655, 8.13074199368177, 12.690701393196125, 12.022717942435222, 4.370346956489096, 13.22821057599606, 20.748771506477514, 17.351318497178536, 21.881423676694734, 22.500425116090163, 18.834013683150232, 5.883344284825986, 5.883344284825986, 5.883344284825986, 5.883344284825986, 5.883344284825986, 5.883344284825986, 5.883344284825986, 5.883344284825986, 5.883344284825986, 5.883344284825986, 5.883344284825986, 5.883344284825986, 5.883344284825986, 5.883344284825986, 5.883344284825986, 8.632114476051594, 14.005834463754013, 7.514133311618762, 8.728965269159378, 26.457560177196893, 7.458959849567022, 5.649700924204277, 4.300843530578581, 1.8718335389389784, 20.475682989659845, 14.512990583520113, 14.54622196026104, 10.521474766383886, 13.141681781483008, 3.824715092717553, 20.258102707485932, 9.979501175608425, 15.953378882441655, 11.381046972396488, 12.734870627739685, 7.2033490500816475, 7.514133311618762, 9.979501175608425, 5.649700924204277, 1.8718335389389784, 7.2033490500816475, 3.824715092717553, 14.512990583520113, 10.521474766383886, 13.141681781483008, 21.85362254355045, 11.09376685867998, 8.184201458733478, 16.169890086399388, 16.25064480535523, 20.63834629928906, 15.391898168177466, 0.0, 10.613809650962652, 17.596699600233173, 15.053948144881934, 16.229808964459753, 4.89574380636078, 14.717745466817211, 20.614361353095404, 22.218772338535533, 17.356853095863286, 11.620139274147018, 8.35674903348976, 6.0628012761548655, 8.13074199368177, 12.690701393196125, 12.022717942435222, 4.370346956489096, 13.22821057599606, 20.748771506477514, 17.351318497178536, 21.881423676694734, 22.500425116090163, 18.834013683150232, 5.883344284825986, 5.883344284825986, 5.883344284825986, 5.883344284825986, 5.883344284825986, 5.883344284825986, 5.883344284825986, 5.883344284825986, 5.883344284825986, 5.883344284825986, 5.883344284825986, 5.883344284825986, 5.883344284825986, 5.883344284825986, 5.883344284825986], [11.358626657720166, 1.7931432365080218, 16.849513678755507, 5.556781494400172, 10.705268552687556, 16.32508103304165, 8.645465978733233, 10.613809650962652, 0.0, 6.993699716836711, 8.052887756864115, 8.287247014762835, 14.379554481662021, 13.52312827399893, 15.759581804084114, 13.376034775336832, 15.733981096559006, 15.213818929149607, 12.850998342542622, 5.40163487567301, 4.719414071573549, 8.605139637459775, 2.6513293557518116, 10.683262634760894, 4.980568188915014, 10.13769711832456, 20.727116878105356, 11.758108539888006, 12.708983893399836, 8.897233348379451, 10.00696274655022, 10.00696274655022, 10.00696274655022, 10.00696274655022, 10.00696274655022, 10.00696274655022, 10.00696274655022, 10.00696274655022, 10.00696274655022, 10.00696274655022, 10.00696274655022, 10.00696274655022, 10.00696274655022, 10.00696274655022, 10.00696274655022, 2.5400465205555114, 9.51690993764617, 5.788000306196478, 1.9036656024820018, 18.96462857576828, 6.331404904753687, 4.964331191344535, 13.128414670260806, 12.17548636174541, 10.84670062789962, 16.431097894839912, 18.864573333924795, 2.7720914953821354, 19.273951625507653, 8.75435495599944, 16.90633150023968, 12.719381242039846, 9.653078882207186, 8.358955717321157, 8.630497438323754, 3.7629597500057335, 5.788000306196478, 12.719381242039846, 4.964331191344535, 12.17548636174541, 3.7629597500057335, 8.75435495599944, 16.431097894839912, 2.7720914953821354, 19.273951625507653, 11.358626657720166, 1.7931432365080218, 16.849513678755507, 5.556781494400172, 10.705268552687556, 16.32508103304165, 8.645465978733233, 10.613809650962652, 0.0, 6.993699716836711, 8.052887756864115, 8.287247014762835, 14.379554481662021, 13.52312827399893, 15.759581804084114, 13.376034775336832, 15.733981096559006, 15.213818929149607, 12.850998342542622, 5.40163487567301, 4.719414071573549, 8.605139637459775, 2.6513293557518116, 10.683262634760894, 4.980568188915014, 10.13769711832456, 20.727116878105356, 11.758108539888006, 12.708983893399836, 8.897233348379451, 10.00696274655022, 10.00696274655022, 10.00696274655022, 10.00696274655022, 10.00696274655022, 10.00696274655022, 10.00696274655022, 10.00696274655022, 10.00696274655022, 10.00696274655022, 10.00696274655022, 10.00696274655022, 10.00696274655022, 10.00696274655022, 10.00696274655022], [4.531256578401854, 7.0110745525106495, 23.5792300778245, 1.545285616695971, 12.242671130061893, 17.345436780702524, 9.098452145082131, 17.596699600233173, 6.993699716836711, 0.0, 9.444456797567604, 7.504076608942515, 21.295140223270856, 17.224009387180867, 16.454138592631384, 10.217860704622156, 18.727382857018252, 20.721863031022433, 18.949048864716218, 12.219317171899752, 10.947433900496758, 11.458160670890749, 6.479275970555943, 17.430905616580738, 6.662869224328239, 3.1612161959893443, 25.58122902996118, 6.495165386559796, 8.023167415300247, 5.050788832878943, 16.14630915751834, 16.14630915751834, 16.14630915751834, 16.14630915751834, 16.14630915751834, 16.14630915751834, 16.14630915751834, 16.14630915751834, 16.14630915751834, 16.14630915751834, 16.14630915751834, 16.14630915751834, 16.14630915751834, 16.14630915751834, 16.14630915751834, 9.12367711731913, 12.395303292610837, 11.721866051525861, 8.86773857100246, 16.570298769578056, 12.53792671983586, 11.949081188618248, 20.006718417059396, 19.11062960050405, 6.970085349820692, 21.124593174078427, 24.251419487661856, 7.7583777338521385, 25.250608409077675, 15.406278126754486, 18.5423126938549, 18.311460052044694, 10.035820056322345, 12.712187086550474, 12.180324732489412, 10.536085245862253, 11.721866051525861, 18.311460052044694, 11.949081188618248, 19.11062960050405, 10.536085245862253, 15.406278126754486, 21.124593174078427, 7.7583777338521385, 25.250608409077675, 4.531256578401854, 7.0110745525106495, 23.5792300778245, 1.545285616695971, 12.242671130061893, 17.345436780702524, 9.098452145082131, 17.596699600233173, 6.993699716836711, 0.0, 9.444456797567604, 7.504076608942515, 21.295140223270856, 17.224009387180867, 16.454138592631384, 10.217860704622156, 18.727382857018252, 20.721863031022433, 18.949048864716218, 12.219317171899752, 10.947433900496758, 11.458160670890749, 6.479275970555943, 17.430905616580738, 6.662869224328239, 3.1612161959893443, 25.58122902996118, 6.495165386559796, 8.023167415300247, 5.050788832878943, 16.14630915751834, 16.14630915751834, 16.14630915751834, 16.14630915751834, 16.14630915751834, 16.14630915751834, 16.14630915751834, 16.14630915751834, 16.14630915751834, 16.14630915751834, 16.14630915751834, 16.14630915751834, 16.14630915751834, 16.14630915751834, 16.14630915751834], [13.366206172646352, 6.271503506502221, 17.877974494441347, 8.2665002890759, 2.9086925776911037, 8.463092140437661, 16.038163939914593, 15.053948144881934, 8.052887756864115, 9.444456797567604, 0.0, 15.123193544449007, 16.742488844715577, 8.021911055558263, 7.787160894610175, 7.400509251715606, 9.292393773634995, 12.767993871089965, 12.125909782800322, 9.141787158289313, 7.015368062444951, 16.61088796956366, 5.455698194742571, 12.572462406705577, 12.381603654212027, 11.216485962478004, 16.721978508631903, 8.912634015788353, 8.707823081610323, 6.2487226190533, 16.967121559483274, 16.967121559483274, 16.967121559483274, 16.967121559483274, 16.967121559483274, 16.967121559483274, 16.967121559483274, 16.967121559483274, 16.967121559483274, 16.967121559483274, 16.967121559483274, 16.967121559483274, 16.967121559483274, 16.967121559483274, 16.967121559483274, 10.151425459322478, 3.1994542606439653, 13.376402929889137, 8.997036437584278, 11.558429558219915, 7.653580840165195, 10.629971717818464, 15.365594800420647, 16.91859477676731, 6.759122797091753, 12.32152817366009, 15.922232165310282, 10.808369216906137, 17.646639776384156, 15.022768234533984, 9.34948740162483, 10.734613567631287, 17.090071726884155, 4.817783725017802, 3.588743471298028, 10.745627758024805, 13.376402929889137, 10.734613567631287, 10.629971717818464, 16.91859477676731, 10.745627758024805, 15.022768234533984, 12.32152817366009, 10.808369216906137, 17.646639776384156, 13.366206172646352, 6.271503506502221, 17.877974494441347, 8.2665002890759, 2.9086925776911037, 8.463092140437661, 16.038163939914593, 15.053948144881934, 8.052887756864115, 9.444456797567604, 0.0, 15.123193544449007, 16.742488844715577, 8.021911055558263, 7.787160894610175, 7.400509251715606, 9.292393773634995, 12.767993871089965, 12.125909782800322, 9.141787158289313, 7.015368062444951, 16.61088796956366, 5.455698194742571, 12.572462406705577, 12.381603654212027, 11.216485962478004, 16.721978508631903, 8.912634015788353, 8.707823081610323, 6.2487226190533, 16.967121559483274, 16.967121559483274, 16.967121559483274, 16.967121559483274, 16.967121559483274, 16.967121559483274, 16.967121559483274, 16.967121559483274, 16.967121559483274, 16.967121559483274, 16.967121559483274, 16.967121559483274, 16.967121559483274, 16.967121559483274, 16.967121559483274], [8.794282693835772, 9.751014987337445, 23.84558007953635, 7.628352903409768, 18.02027885660648, 23.56440281722583, 1.8283050528719587, 16.229808964459753, 8.287247014762835, 7.504076608942515, 15.123193544449007, 0.0, 20.8814227720511, 21.700514022956217, 22.815128404956244, 17.65534436958307, 23.76448516695104, 23.372807241490385, 20.77278760804536, 12.955168933784885, 12.8957576018049, 5.212283981813105, 10.07575775149145, 17.92679559804207, 3.3989858941478315, 9.395350356170141, 28.987761808802432, 13.936380471889452, 15.51200273585841, 12.429480423911269, 12.403701452522839, 12.403701452522839, 12.403701452522839, 12.403701452522839, 12.403701452522839, 12.403701452522839, 12.403701452522839, 12.403701452522839, 12.403701452522839, 12.403701452522839, 12.403701452522839, 12.403701452522839, 12.403701452522839, 12.403701452522839, 12.403701452522839, 8.392835227317923, 17.35670553252163, 8.767014495015296, 9.129836082992425, 23.972311017294395, 14.432987459030409, 11.454607136507809, 19.859074987610864, 17.160943335159246, 14.434944409934388, 24.71581339848578, 27.02357247688771, 6.307362585197745, 27.145156718111455, 12.849846004246752, 24.451446752780395, 20.886432212653272, 2.581642769632958, 16.577262259336187, 16.661347203960254, 9.539756272885459, 8.767014495015296, 20.886432212653272, 11.454607136507809, 17.160943335159246, 9.539756272885459, 12.849846004246752, 24.71581339848578, 6.307362585197745, 27.145156718111455, 8.794282693835772, 9.751014987337445, 23.84558007953635, 7.628352903409768, 18.02027885660648, 23.56440281722583, 1.8283050528719587, 16.229808964459753, 8.287247014762835, 7.504076608942515, 15.123193544449007, 0.0, 20.8814227720511, 21.700514022956217, 22.815128404956244, 17.65534436958307, 23.76448516695104, 23.372807241490385, 20.77278760804536, 12.955168933784885, 12.8957576018049, 5.212283981813105, 10.07575775149145, 17.92679559804207, 3.3989858941478315, 9.395350356170141, 28.987761808802432, 13.936380471889452, 15.51200273585841, 12.429480423911269, 12.403701452522839, 12.403701452522839, 12.403701452522839, 12.403701452522839, 12.403701452522839, 12.403701452522839, 12.403701452522839, 12.403701452522839, 12.403701452522839, 12.403701452522839, 12.403701452522839, 12.403701452522839, 12.403701452522839, 12.403701452522839, 12.403701452522839], [25.73155010520761, 14.377519192770414, 3.3455180998374128, 19.78677735598231, 17.12756287451077, 20.43937991439217, 20.163988855175308, 4.89574380636078, 14.379554481662021, 21.295140223270856, 16.742488844715577, 20.8814227720511, 0.0, 13.864680081784723, 20.66940350853098, 24.142151051213705, 16.283200500212537, 8.959973651388978, 6.254626443299865, 9.08503524175451, 10.678184491647752, 17.570910935598675, 15.140085411883923, 4.190086820487904, 17.732072159808958, 24.371639112999006, 13.959043816319575, 24.682456813428743, 25.017004502850785, 21.611067592614475, 10.612065825516483, 10.612065825516483, 10.612065825516483, 10.612065825516483, 10.612065825516483, 10.612065825516483, 10.612065825516483, 10.612065825516483, 10.612065825516483, 10.612065825516483, 10.612065825516483, 10.612065825516483, 10.612065825516483, 10.612065825516483, 10.612065825516483, 12.847742034033145, 14.811244853061622, 12.29766060585192, 12.632614201449446, 27.423133770614086, 9.375369648188679, 9.668260818440979, 1.3821288470978779, 5.045639641753467, 22.965705629615424, 12.162467741713593, 11.008217943943965, 14.885422049316983, 8.919351567579906, 8.715577064258023, 19.650712693231757, 8.321704001243111, 20.773167886081467, 12.22763834857594, 13.665877230047116, 11.493618824723693, 12.29766060585192, 8.321704001243111, 9.668260818440979, 5.045639641753467, 11.493618824723693, 8.715577064258023, 12.162467741713593, 14.885422049316983, 8.919351567579906, 25.73155010520761, 14.377519192770414, 3.3455180998374128, 19.78677735598231, 17.12756287451077, 20.43937991439217, 20.163988855175308, 4.89574380636078, 14.379554481662021, 21.295140223270856, 16.742488844715577, 20.8814227720511, 0.0, 13.864680081784723, 20.66940350853098, 24.142151051213705, 16.283200500212537, 8.959973651388978, 6.254626443299865, 9.08503524175451, 10.678184491647752, 17.570910935598675, 15.140085411883923, 4.190086820487904, 17.732072159808958, 24.371639112999006, 13.959043816319575, 24.682456813428743, 25.017004502850785, 21.611067592614475, 10.612065825516483, 10.612065825516483, 10.612065825516483, 10.612065825516483, 10.612065825516483, 10.612065825516483, 10.612065825516483, 10.612065825516483, 10.612065825516483, 10.612065825516483, 10.612065825516483, 10.612065825516483, 10.612065825516483, 10.612065825516483, 10.612065825516483], [21.344252583605634, 11.951014811608381, 13.457882253942572, 15.88167841752824, 5.9728783425838765, 6.718170323450185, 22.168519814527077, 14.717745466817211, 13.52312827399893, 17.224009387180867, 8.021911055558263, 21.700514022956217, 13.864680081784723, 0.0, 7.167411692837033, 13.720853734375314, 2.6569097501707004, 6.291460413437966, 7.67535095826269, 10.909299982896275, 9.584148610047208, 21.667789251562517, 11.694441167099717, 10.615297242015117, 18.490747607258786, 19.22356549580802, 8.787453662586898, 16.620349184395767, 16.03808218183416, 14.213698844944986, 19.033814705212148, 19.033814705212148, 19.033814705212148, 19.033814705212148, 19.033814705212148, 19.033814705212148, 19.033814705212148, 19.033814705212148, 19.033814705212148, 19.033814705212148, 19.033814705212148, 19.033814705212148, 19.033814705212148, 19.033814705212148, 19.033814705212148, 14.520406265842617, 4.8626191197864195, 16.96548520883654, 13.369978953125251, 14.682720514540163, 8.667151296610564, 13.095848536135811, 12.731093430006167, 16.421787539367966, 14.336033874187216, 4.571754391066269, 8.513538058928471, 16.0716298881112, 10.965097915487856, 16.61549106182816, 5.786095869032117, 5.60152777839394, 23.171998710112277, 5.170904225289823, 5.126526650989204, 14.307908235149585, 16.96548520883654, 5.60152777839394, 13.095848536135811, 16.421787539367966, 14.307908235149585, 16.61549106182816, 4.571754391066269, 16.0716298881112, 10.965097915487856, 21.344252583605634, 11.951014811608381, 13.457882253942572, 15.88167841752824, 5.9728783425838765, 6.718170323450185, 22.168519814527077, 14.717745466817211, 13.52312827399893, 17.224009387180867, 8.021911055558263, 21.700514022956217, 13.864680081784723, 0.0, 7.167411692837033, 13.720853734375314, 2.6569097501707004, 6.291460413437966, 7.67535095826269, 10.909299982896275, 9.584148610047208, 21.667789251562517, 11.694441167099717, 10.615297242015117, 18.490747607258786, 19.22356549580802, 8.787453662586898, 16.620349184395767, 16.03808218183416, 14.213698844944986, 19.033814705212148, 19.033814705212148, 19.033814705212148, 19.033814705212148, 19.033814705212148, 19.033814705212148, 19.033814705212148, 19.033814705212148, 19.033814705212148, 19.033814705212148, 19.033814705212148, 19.033814705212148, 19.033814705212148, 19.033814705212148, 19.033814705212148], [19.572364539748264, 13.96644223990137, 20.5734514866552, 15.56938271407597, 5.068832927990341, 1.073438071311268, 23.80367219275748, 20.614361353095404, 15.759581804084114, 16.454138592631384, 7.787160894610175, 22.815128404956244, 20.66940350853098, 7.167411692837033, 0.0, 8.90253866582984, 5.788961548027246, 13.432359210691546, 14.670441797505964, 15.506490468567174, 13.566675852530691, 24.35736250167333, 13.21927990648044, 16.99062851561209, 20.163789616085314, 17.328843534641535, 14.494938715981554, 13.174716219046234, 11.982808007533873, 11.917182030768537, 23.824950990855335, 23.824950990855335, 23.824950990855335, 23.824950990855335, 23.824950990855335, 23.824950990855335, 23.824950990855335, 23.824950990855335, 23.824950990855335, 23.824950990855335, 23.824950990855335, 23.824950990855335, 23.824950990855335, 23.824950990855335, 23.824950990855335, 17.653601120798943, 6.8325325971202915, 20.729259969931842, 16.457632050225214, 7.716267441933305, 13.437902879849258, 17.43481584966398, 19.432179301779914, 22.445624350407687, 10.98309611703631, 11.176768454996651, 15.14854634531235, 18.530762249701887, 17.93063224308514, 21.611468518034027, 2.8362754785757156, 12.64522219885482, 24.8562780050071, 9.298843072705301, 8.087710432461384, 18.00407819559487, 20.729259969931842, 12.64522219885482, 17.43481584966398, 22.445624350407687, 18.00407819559487, 21.611468518034027, 11.176768454996651, 18.530762249701887, 17.93063224308514, 19.572364539748264, 13.96644223990137, 20.5734514866552, 15.56938271407597, 5.068832927990341, 1.073438071311268, 23.80