{"num_workers": 45, "num_roles": 3, "num_nodes": 120, "w": [[300, 300], [0, 0], [60, 60], [120, 120], [330, 330], [60, 60], [120, 120], [0, 0], [30, 30], [0, 0], [30, 30], [30, 30], [120, 120], [60, 60], [210, 210], [60, 60], [210, 210], [210, 210], [30, 30], [90, 90], [0, 0], [0, 0], [60, 60], [30, 30], [240, 240], [240, 240], [120, 120], [300, 300], [90, 90], [210, 210], [0, 0], [0, 0], [0, 0], [0, 0], [0, 0], [0, 0], [0, 0], [0, 0], [0, 0], [0, 0], [0, 0], [0, 0], [0, 0], [0, 0], [0, 0], [240, 270], [210, 330], [60, 420], [60, 450], [60, 180], [180, 300], [150, 360], [90, 450], [30, 360], [90, 330], [30, 270], [150, 420], [60, 420], [150, 360], [60, 90], [90, 300], [60, 300], [30, 330], [60, 120], [30, 270], [150, 210], [60, 450], [150, 360], [60, 420], [60, 180], [90, 300], [60, 90], [210, 330], [30, 330], [60, 120], [480, 480], [120, 120], [150, 150], [240, 240], [420, 420], [300, 300], [210, 210], [390, 390], [300, 300], [270, 270], [480, 480], [420, 420], [360, 360], [450, 450], [360, 360], [450, 450], [480, 480], [480, 480], [300, 300], [360, 360], [450, 450], [450, 450], [330, 330], [420, 420], [420, 420], [330, 330], [360, 360], [360, 360], [480, 480], [330, 330], [480, 480], [480, 480], [480, 480], [480, 480], [480, 480], [480, 480], [480, 480], [480, 480], [480, 480], [480, 480], [480, 480], [480, 480], [480, 480], [480, 480], [480, 480]], "p": [0, 0, 0, 0, 0, 0, 0, 0, 0, 0, 0, 0, 0, 0, 0, 0, 0, 0, 0, 0, 0, 0, 0, 0, 0, 0, 0, 0, 0, 0, 0, 0, 0, 0, 0, 0, 0, 0, 0, 0, 0, 0, 0, 0, 0, 65.25740248188534, 68.55104180050678, 74.44666723825426, 69.83577798561245, 60.69376468171261, 62.6693806317748, 44.84078930531101, 43.78618059086349, 60.79719505972838, 42.874735473601696, 74.89397702880314, 55.09956506044899, 40.276106095564316, 43.14061994559852, 57.334023403094164, 70.68092468767469, 63.524315694031344, 72.35810245136575, 53.03422004536027, 71.82677441593194, 43.36609448261985, 34.917888992806226, 21.57030997279926, 37.22333361912713, 30.346882340856304, 35.340462343837345, 28.667011701547082, 34.27552090025339, 36.179051225682876, 26.517110022680136, 0, 0, 0, 0, 0, 0, 0, 0, 0, 0, 0, 0, 0, 0, 0, 0, 0, 0, 0, 0, 0, 0, 0, 0, 0, 0, 0, 0, 0, 0, 0, 0, 0, 0, 0, 0, 0, 0, 0, 0, 0, 0, 0, 0, 0], "e": [[1, 0, 1], [0, 1, 1], [1, 1, 0], [1, 0, 1], [1, 1, 0], [1, 0, 1], [0, 1, 1], [1, 0, 1], [0, 1, 0], [0, 1, 0], [0, 1, 1], [0, 1, 0], [0, 1, 1], [0, 1, 1], [1, 1, 0], [0, 1, 1], [0, 1, 1], [0, 1, 1], [0, 1, 0], [1, 1, 0], [1, 1, 0], [0, 1, 0], [0, 1, 0], [0, 1, 1], [1, 1, 0], [1, 1, 0], [1, 1, 0], [0, 1, 0], [0, 1, 0], [0, 1, 0], [1, 1, 0], [0, 1, 0], [0, 1, 0], [1, 1, 0], [0, 1, 1], [0, 1, 0], [0, 1, 1], [1, 1, 0], [1, 1, 0], [0, 0, 1], [0, 0, 1], [0, 1, 0], [1, 0, 0], [0, 0, 1], [1, 0, 0]], "d": [[0, 1, 1, 1, 0, 1, 1, 1, 1, 1, 0, 1, 1, 1, 1, 1, 0, 1, 1, 1, 0, 2, 2, 2, 0, 2, 2, 2, 2, 2], [0, 2, 0, 1, 0, 0, 0, 0, 1, 0, 0, 0, 0, 1, 2, 0, 0, 2, 0, 0, 0, 2, 2, 0, 0, 0, 4, 4, 4, 0], [2, 0, 0, 0, 2, 0, 0, 0, 0, 0, 2, 0, 0, 0, 0, 0, 2, 0, 0, 0, 2, 0, 0, 0, 4, 0, 0, 0, 0, 0]], "r": [1652, 3208, 2706, 3241, 1176, 3535, 866, 1627, 1586, 789, 637, 4464, 3709, 4891, 3628, 2486, 1013, 1643, 4769, 4703, 163, 3241, 4891, 2706, 1176, 2486, 3628, 3208, 1643, 4769], "g": [[0, 0, 0, 0, 0, 0, 0, 0, 0, 0, 0, 0, 0, 0, 0, 0, 0, 0, 0, 0, 0, 0, 0, 0, 0, 0, 0, 0, 0, 0], [0, 0, 0, 0, 0, 0, 0, 0, 0, 0, 0, 0, 0, 0, 0, 0, 0, 0, 0, 0, 0, 0, 0, 0, 0, 0, 0, 1, 0, 0], [0, 0, 0, 0, 0, 0, 0, 0, 0, 0, 0, 0, 0, 0, 0, 0, 0, 0, 0, 0, 0, 0, 0, 1, 0, 0, 0, 0, 0, 0], [0, 0, 0, 0, 0, 0, 0, 0, 0, 0, 0, 0, 0, 0, 0, 0, 0, 0, 0, 0, 0, 1, 0, 0, 0, 0, 0, 0, 0, 0], [0, 0, 0, 0, 0, 0, 0, 0, 0, 0, 0, 0, 0, 0, 0, 0, 0, 0, 0, 0, 0, 0, 0, 0, 1, 0, 0, 0, 0, 0], [0, 0, 0, 0, 0, 0, 0, 0, 0, 0, 0, 0, 0, 0, 0, 0, 0, 0, 0, 0, 0, 0, 0, 0, 0, 0, 0, 0, 0, 0], [0, 0, 0, 0, 0, 0, 0, 0, 0, 0, 0, 0, 0, 0, 0, 0, 0, 0, 0, 0, 0, 0, 0, 0, 0, 0, 0, 0, 0, 0], [0, 0, 0, 0, 0, 0, 0, 0, 0, 0, 0, 0, 0, 0, 0, 0, 0, 0, 0, 0, 0, 0, 0, 0, 0, 0, 0, 0, 0, 0], [0, 0, 0, 0, 0, 0, 0, 0, 0, 0, 0, 0, 0, 0, 0, 0, 0, 0, 0, 0, 0, 0, 0, 0, 0, 0, 0, 0, 0, 0], [0, 0, 0, 0, 0, 0, 0, 0, 0, 0, 0, 0, 0, 0, 0, 0, 0, 0, 0, 0, 0, 0, 0, 0, 0, 0, 0, 0, 0, 0], [0, 0, 0, 0, 0, 0, 0, 0, 0, 0, 0, 0, 0, 0, 0, 0, 0, 0, 0, 0, 0, 0, 0, 0, 0, 0, 0, 0, 0, 0], [0, 0, 0, 0, 0, 0, 0, 0, 0, 0, 0, 0, 0, 0, 0, 0, 0, 0, 0, 0, 0, 0, 0, 0, 0, 0, 0, 0, 0, 0], [0, 0, 0, 0, 0, 0, 0, 0, 0, 0, 0, 0, 0, 0, 0, 0, 0, 0, 0, 0, 0, 0, 0, 0, 0, 0, 0, 0, 0, 0], [0, 0, 0, 0, 0, 0, 0, 0, 0, 0, 0, 0, 0, 0, 0, 0, 0, 0, 0, 0, 0, 0, 1, 0, 0, 0, 0, 0, 0, 0], [0, 0, 0, 0, 0, 0, 0, 0, 0, 0, 0, 0, 0, 0, 0, 0, 0, 0, 0, 0, 0, 0, 0, 0, 0, 0, 1, 0, 0, 0], [0, 0, 0, 0, 0, 0, 0, 0, 0, 0, 0, 0, 0, 0, 0, 0, 0, 0, 0, 0, 0, 0, 0, 0, 0, 1, 0, 0, 0, 0], [0, 0, 0, 0, 0, 0, 0, 0, 0, 0, 0, 0, 0, 0, 0, 0, 0, 0, 0, 0, 0, 0, 0, 0, 0, 0, 0, 0, 0, 0], [0, 0, 0, 0, 0, 0, 0, 0, 0, 0, 0, 0, 0, 0, 0, 0, 0, 0, 0, 0, 0, 0, 0, 0, 0, 0, 0, 0, 1, 0], [0, 0, 0, 0, 0, 0, 0, 0, 0, 0, 0, 0, 0, 0, 0, 0, 0, 0, 0, 0, 0, 0, 0, 0, 0, 0, 0, 0, 0, 1], [0, 0, 0, 0, 0, 0, 0, 0, 0, 0, 0, 0, 0, 0, 0, 0, 0, 0, 0, 0, 0, 0, 0, 0, 0, 0, 0, 0, 0, 0], [0, 0, 0, 0, 0, 0, 0, 0, 0, 0, 0, 0, 0, 0, 0, 0, 0, 0, 0, 0, 0, 0, 0, 0, 0, 0, 0, 0, 0, 0], [0, 0, 0, 1, 0, 0, 0, 0, 0, 0, 0, 0, 0, 0, 0, 0, 0, 0, 0, 0, 0, 0, 0, 0, 0, 0, 0, 0, 0, 0], [0, 0, 0, 0, 0, 0, 0, 0, 0, 0, 0, 0, 0, 1, 0, 0, 0, 0, 0, 0, 0, 0, 0, 0, 0, 0, 0, 0, 0, 0], [0, 0, 1, 0, 0, 0, 0, 0, 0, 0, 0, 0, 0, 0, 0, 0, 0, 0, 0, 0, 0, 0, 0, 0, 0, 0, 0, 0, 0, 0], [0, 0, 0, 0, 1, 0, 0, 0, 0, 0, 0, 0, 0, 0, 0, 0, 0, 0, 0, 0, 0, 0, 0, 0, 0, 0, 0, 0, 0, 0], [0, 0, 0, 0, 0, 0, 0, 0, 0, 0, 0, 0, 0, 0, 0, 1, 0, 0, 0, 0, 0, 0, 0, 0, 0, 0, 0, 0, 0, 0], [0, 0, 0, 0, 0, 0, 0, 0, 0, 0, 0, 0, 0, 0, 1, 0, 0, 0, 0, 0, 0, 0, 0, 0, 0, 0, 0, 0, 0, 0], [0, 1, 0, 0, 0, 0, 0, 0, 0, 0, 0, 0, 0, 0, 0, 0, 0, 0, 0, 0, 0, 0, 0, 0, 0, 0, 0, 0, 0, 0], [0, 0, 0, 0, 0, 0, 0, 0, 0, 0, 0, 0, 0, 0, 0, 0, 0, 1, 0, 0, 0, 0, 0, 0, 0, 0, 0, 0, 0, 0], [0, 0, 0, 0, 0, 0, 0, 0, 0, 0, 0, 0, 0, 0, 0, 0, 0, 0, 1, 0, 0, 0, 0, 0, 0, 0, 0, 0, 0, 0]], "t": [[0.0, 7.757472314466444, 21.434822012876435, 14.807239913225496, 9.28055222765122, 20.65747538773136, 9.883583550012661, 19.575177612526524, 15.906561757564722, 9.3269689390258, 18.204084560080734, 10.88492970037747, 15.16461128180434, 14.037905248409166, 16.591027816751104, 8.118807408506852, 11.523594469313704, 11.904223206631613, 1.6470202537606662, 8.264911047028452, 21.489707648777586, 8.57015345780614, 3.1723463732927866, 5.673940149322157, 19.300735757814792, 3.6708519298771494, 12.73979664243399, 18.281311671292816, 6.9241025111131895, 15.853946137204103, 19.682650114892443, 19.682650114892443, 19.682650114892443, 19.682650114892443, 19.682650114892443, 19.682650114892443, 19.682650114892443, 19.682650114892443, 19.682650114892443, 19.682650114892443, 19.682650114892443, 19.682650114892443, 19.682650114892443, 19.682650114892443, 19.682650114892443, 20.626277595194296, 3.4445110468614737, 9.326574585313718, 4.9946509483645745, 16.53123011384457, 4.298085364978256, 9.573800229832234, 16.212529413959217, 13.088495731483468, 18.73895973098867, 1.3847792188054429, 16.241212883968945, 8.350550098592509, 19.465105252197088, 5.879499217703279, 3.4053937516923782, 9.099374533134467, 20.20674842645455, 10.902492395205362, 5.785303049901854, 12.566941221240572, 4.9946509483645745, 19.465105252197088, 9.326574585313718, 16.53123011384457, 3.4053937516923782, 5.879499217703279, 3.4445110468614737, 20.20674842645455, 10.902492395205362, 0.0, 7.757472314466444, 21.434822012876435, 14.807239913225496, 9.28055222765122, 20.65747538773136, 9.883583550012661, 19.575177612526524, 15.906561757564722, 9.3269689390258, 18.204084560080734, 10.88492970037747, 15.16461128180434, 14.037905248409166, 16.591027816751104, 8.118807408506852, 11.523594469313704, 11.904223206631613, 1.6470202537606662, 8.264911047028452, 21.489707648777586, 8.57015345780614, 3.1723463732927866, 5.673940149322157, 19.300735757814792, 3.6708519298771494, 12.73979664243399, 18.281311671292816, 6.9241025111131895, 15.853946137204103, 19.682650114892443, 19.682650114892443, 19.682650114892443, 19.682650114892443, 19.682650114892443, 19.682650114892443, 19.682650114892443, 19.682650114892443, 19.682650114892443, 19.682650114892443, 19.682650114892443, 19.682650114892443, 19.682650114892443, 19.682650114892443, 19.682650114892443], [7.757472314466444, 0.0, 14.061929121090001, 7.698897532898977, 6.158085803519948, 13.200975168702719, 13.828832209659577, 12.705652251948047, 8.495725600349429, 13.60157826354501, 14.05118520826749, 3.7122451871910123, 7.852160448181962, 10.718547567006501, 8.932674243834215, 5.597752259235731, 9.946699964644889, 6.060235037084273, 7.685770665588395, 4.58905180976547, 14.49224608495443, 9.771066568851996, 10.771275758347466, 10.06289715786737, 11.926374450644287, 7.131304508571936, 5.491390710195282, 13.093933075003196, 0.9201302324782784, 8.107252490529314, 12.017221357671838, 12.017221357671838, 12.017221357671838, 12.017221357671838, 12.017221357671838, 12.017221357671838, 12.017221357671838, 12.017221357671838, 12.017221357671838, 12.017221357671838, 12.017221357671838, 12.017221357671838, 12.017221357671838, 12.017221357671838, 12.017221357671838, 13.473883059065665, 8.79879328546177, 1.7257897548847971, 10.152431786851453, 8.800604416110577, 5.8399625670524715, 5.871589908211604, 9.111108594393574, 5.331144170729483, 11.362678645553071, 7.468908778789923, 11.20691480352559, 12.378369812559463, 11.836784962542694, 1.9659329060873623, 7.934360802709983, 11.144824050381569, 12.566882389170745, 7.813917377725204, 9.775995014503936, 16.595253089409596, 10.152431786851453, 11.836784962542694, 1.7257897548847971, 8.800604416110577, 7.934360802709983, 1.9659329060873623, 8.79879328546177, 12.566882389170745, 7.813917377725204, 7.757472314466444, 0.0, 14.061929121090001, 7.698897532898977, 6.158085803519948, 13.200975168702719, 13.828832209659577, 12.705652251948047, 8.495725600349429, 13.60157826354501, 14.05118520826749, 3.7122451871910123, 7.852160448181962, 10.718547567006501, 8.932674243834215, 5.597752259235731, 9.946699964644889, 6.060235037084273, 7.685770665588395, 4.58905180976547, 14.49224608495443, 9.771066568851996, 10.771275758347466, 10.06289715786737, 11.926374450644287, 7.131304508571936, 5.491390710195282, 13.093933075003196, 0.9201302324782784, 8.107252490529314, 12.017221357671838, 12.017221357671838, 12.017221357671838, 12.017221357671838, 12.017221357671838, 12.017221357671838, 12.017221357671838, 12.017221357671838, 12.017221357671838, 12.017221357671838, 12.017221357671838, 12.017221357671838, 12.017221357671838, 12.017221357671838, 12.017221357671838], [21.434822012876435, 14.061929121090001, 0.0, 6.65808990869809, 17.93077904782021, 9.949025825140694, 23.29135519717755, 12.923403380887368, 5.5710256185735485, 27.28723198862046, 20.3483737203655, 10.564131393965127, 6.274678680291425, 12.702573472194983, 8.476738420517755, 18.153560600097467, 21.126220846582527, 10.102015728647228, 21.667686573093853, 17.00158619230815, 12.984970114436312, 22.78793670967248, 24.586570865315526, 24.004649435082683, 10.28129799370906, 19.38351788351972, 8.702064164435573, 17.86511558605102, 14.71468862008131, 7.736238342407849, 3.2569439402858142, 3.2569439402858142, 3.2569439402858142, 3.2569439402858142, 3.2569439402858142, 3.2569439402858142, 3.2569439402858142, 3.2569439402858142, 3.2569439402858142, 3.2569439402858142, 3.2569439402858142, 3.2569439402858142, 3.2569439402858142, 3.2569439402858142, 3.2569439402858142, 1.5512495466180123, 22.860587925207856, 13.011321919238911, 24.181234064354687, 7.670456611683059, 18.009318074567155, 13.19172104701028, 5.3044795747429525, 9.389660118767399, 2.705391413086082, 20.74203504741532, 17.337782906183467, 26.077045649594027, 8.273929733979614, 15.668766954218738, 20.280328506122913, 24.273245692562217, 8.179990197661413, 18.62563205243441, 23.671951560275904, 30.0, 24.181234064354687, 8.273929733979614, 13.011321919238911, 7.670456611683059, 20.280328506122913, 15.668766954218738, 22.860587925207856, 8.179990197661413, 18.62563205243441, 21.434822012876435, 14.061929121090001, 0.0, 6.65808990869809, 17.93077904782021, 9.949025825140694, 23.29135519717755, 12.923403380887368, 5.5710256185735485, 27.28723198862046, 20.3483737203655, 10.564131393965127, 6.274678680291425, 12.702573472194983, 8.476738420517755, 18.153560600097467, 21.126220846582527, 10.102015728647228, 21.667686573093853, 17.00158619230815, 12.984970114436312, 22.78793670967248, 24.586570865315526, 24.004649435082683, 10.28129799370906, 19.38351788351972, 8.702064164435573, 17.86511558605102, 14.71468862008131, 7.736238342407849, 3.2569439402858142, 3.2569439402858142, 3.2569439402858142, 3.2569439402858142, 3.2569439402858142, 3.2569439402858142, 3.2569439402858142, 3.2569439402858142, 3.2569439402858142, 3.2569439402858142, 3.2569439402858142, 3.2569439402858142, 3.2569439402858142, 3.2569439402858142, 3.2569439402858142], [14.807239913225496, 7.698897532898977, 6.65808990869809, 0.0, 12.601979202913125, 10.608754753641948, 17.21552466604488, 12.17792635218726, 1.5699895712819987, 21.251194252361103, 17.532657453003416, 4.026322397140638, 0.8147777755467458, 8.126269903921862, 6.577914354675204, 12.533490749503294, 16.215854691545662, 3.710900708788928, 15.124709587060487, 11.368023784008129, 13.212636524006912, 17.098793329431047, 17.969836067096246, 17.76137571315993, 10.008590081181058, 12.750200000052747, 2.210249499375886, 15.533271019377539, 8.237172651057438, 5.102413133849649, 5.667716318213313, 5.667716318213313, 5.667716318213313, 5.667716318213313, 5.667716318213313, 5.667716318213313, 5.667716318213313, 5.667716318213313, 5.667716318213313, 5.667716318213313, 5.667716318213313, 5.667716318213313, 5.667716318213313, 5.667716318213313, 5.667716318213313, 5.838468873243709, 16.43002174752929, 7.010823085251953, 17.83637945169586, 5.719808696933405, 11.365874118791549, 6.825371912118385, 1.4223205098471339, 4.416307002958709, 4.009082268892669, 14.086465130405262, 14.315054591768561, 20.02813025777886, 8.636593797577826, 9.126907815810632, 13.649533676651536, 18.547695264413772, 9.101620368331892, 13.725551289372122, 17.469200198872205, 24.158092674074545, 17.83637945169586, 8.636593797577826, 7.010823085251953, 5.719808696933405, 13.649533676651536, 9.126907815810632, 16.43002174752929, 9.101620368331892, 13.725551289372122, 14.807239913225496, 7.698897532898977, 6.65808990869809, 0.0, 12.601979202913125, 10.608754753641948, 17.21552466604488, 12.17792635218726, 1.5699895712819987, 21.251194252361103, 17.532657453003416, 4.026322397140638, 0.8147777755467458, 8.126269903921862, 6.577914354675204, 12.533490749503294, 16.215854691545662, 3.710900708788928, 15.124709587060487, 11.368023784008129, 13.212636524006912, 17.098793329431047, 17.969836067096246, 17.76137571315993, 10.008590081181058, 12.750200000052747, 2.210249499375886, 15.533271019377539, 8.237172651057438, 5.102413133849649, 5.667716318213313, 5.667716318213313, 5.667716318213313, 5.667716318213313, 5.667716318213313, 5.667716318213313, 5.667716318213313, 5.667716318213313, 5.667716318213313, 5.667716318213313, 5.667716318213313, 5.667716318213313, 5.667716318213313, 5.667716318213313, 5.667716318213313], [9.28055222765122, 6.158085803519948, 17.93077904782021, 12.601979202913125, 0.0, 13.257867628262124, 18.213758406268823, 11.246743404543983, 12.801706892893684, 9.858330625663854, 9.007403540420698, 9.214493718711983, 12.431066190694532, 16.876536691632026, 10.368185598214144, 1.1617610714841724, 3.8055078777039757, 12.008634889205897, 8.093351937255273, 1.5979869494008494, 13.203808322988035, 4.990268077598165, 11.098596448994964, 7.573102387970757, 11.82040067431281, 10.962551434687587, 10.542714812058023, 9.026284561754537, 6.478313768421057, 10.432073053481876, 15.144682719113208, 15.144682719113208, 15.144682719113208, 15.144682719113208, 15.144682719113208, 15.144682719113208, 15.144682719113208, 15.144682719113208, 15.144682719113208, 15.144682719113208, 15.144682719113208, 15.144682719113208, 15.144682719113208, 15.144682719113208, 15.144682719113208, 17.784611308422328, 7.807622425774871, 5.801070528018398, 8.238091434119488, 10.799038616200134, 10.176827927321527, 11.991925938183101, 13.860462837434884, 8.602360665925861, 15.432110183359995, 9.92657308767891, 6.992205223141981, 8.745555033322772, 12.733017955626194, 6.7108048475592454, 11.4371583666168, 6.467247635395811, 13.454425859724864, 1.8118127539855888, 7.11717469879025, 12.201503745351712, 8.238091434119488, 12.733017955626194, 5.801070528018398, 10.799038616200134, 11.4371583666168, 6.7108048475592454, 7.807622425774871, 13.454425859724864, 1.8118127539855888, 9.28055222765122, 6.158085803519948, 17.93077904782021, 12.601979202913125, 0.0, 13.257867628262124, 18.213758406268823, 11.246743404543983, 12.801706892893684, 9.858330625663854, 9.007403540420698, 9.214493718711983, 12.431066190694532, 16.876536691632026, 10.368185598214144, 1.1617610714841724, 3.8055078777039757, 12.008634889205897, 8.093351937255273, 1.5979869494008494, 13.203808322988035, 4.990268077598165, 11.098596448994964, 7.573102387970757, 11.82040067431281, 10.962551434687587, 10.542714812058023, 9.026284561754537, 6.478313768421057, 10.432073053481876, 15.144682719113208, 15.144682719113208, 15.144682719113208, 15.144682719113208, 15.144682719113208, 15.144682719113208, 15.144682719113208, 15.144682719113208, 15.144682719113208, 15.144682719113208, 15.144682719113208, 15.144682719113208, 15.144682719113208, 15.144682719113208, 15.144682719113208], [20.65747538773136, 13.200975168702719, 9.949025825140694, 10.608754753641948, 13.257867628262124, 0.0, 26.434971910044247, 3.3745592637147452, 9.206156450474069, 23.025068496920458, 11.55987388336491, 11.761157298702464, 9.800589835143063, 18.724259122288718, 4.505387338054851, 14.066543726798725, 15.03838898121919, 13.705682327205981, 20.117550497413124, 13.227041664105224, 3.0383487287091517, 18.067543112263024, 23.347741281704696, 20.75327408651243, 1.4376418592098474, 20.287124923023864, 10.777782623371344, 8.892967858076135, 14.11953902781651, 5.843942030467981, 6.932901921625314, 6.932901921625314, 6.932901921625314, 6.932901921625314, 6.932901921625314, 6.932901921625314, 6.932901921625314, 6.932901921625314, 6.932901921625314, 6.932901921625314, 6.932901921625314, 6.932901921625314, 6.932901921625314, 6.932901921625314, 6.932901921625314, 10.987997123741135, 20.52813162504089, 11.48995101483572, 21.310201573773952, 5.087266290708176, 18.935825205574304, 16.33644328594733, 10.498276050051553, 8.373962412419587, 9.258294999407383, 20.59825331551623, 9.175079719095574, 21.96239803976309, 1.9958070356036002, 15.159771560295646, 21.11726418604802, 19.462332321542977, 1.788838879193842, 12.964841929496858, 20.312808476136063, 24.98578512957744, 21.310201573773952, 1.9958070356036002, 11.48995101483572, 5.087266290708176, 21.11726418604802, 15.159771560295646, 20.52813162504089, 1.788838879193842, 12.964841929496858, 20.65747538773136, 13.200975168702719, 9.949025825140694, 10.608754753641948, 13.257867628262124, 0.0, 26.434971910044247, 3.3745592637147452, 9.206156450474069, 23.025068496920458, 11.55987388336491, 11.761157298702464, 9.800589835143063, 18.724259122288718, 4.505387338054851, 14.066543726798725, 15.03838898121919, 13.705682327205981, 20.117550497413124, 13.227041664105224, 3.0383487287091517, 18.067543112263024, 23.347741281704696, 20.75327408651243, 1.4376418592098474, 20.287124923023864, 10.777782623371344, 8.892967858076135, 14.11953902781651, 5.843942030467981, 6.932901921625314, 6.932901921625314, 6.932901921625314, 6.932901921625314, 6.932901921625314, 6.932901921625314, 6.932901921625314, 6.932901921625314, 6.932901921625314, 6.932901921625314, 6.932901921625314, 6.932901921625314, 6.932901921625314, 6.932901921625314, 6.932901921625314], [9.883583550012661, 13.828832209659577, 23.29135519717755, 17.21552466604488, 18.213758406268823, 26.434971910044247, 0.0, 26.447626719419066, 18.750012656723698, 18.651465063296232, 27.166209140946687, 14.7122478039437, 17.922644409679155, 11.36841764004821, 21.93655536588935, 17.119490054622375, 21.110325607799744, 13.505545391861535, 11.527210839821151, 16.818089516927706, 28.147971639775793, 18.44196218194425, 10.841448460397093, 15.37281570375124, 25.324080682129974, 7.251251762929654, 16.019110133719835, 26.678913416313737, 12.971776796271621, 20.705397548397016, 22.882687569912658, 22.882687569912658, 22.882687569912658, 22.882687569912658, 22.882687569912658, 22.882687569912658, 22.882687569912658, 22.882687569912658, 22.882687569912658, 22.882687569912658, 22.882687569912658, 22.882687569912658, 22.882687569912658, 22.882687569912658, 22.882687569912658, 21.98673958930095, 13.197664676639814, 15.486669932228011, 14.539563945041017, 21.477683368625947, 8.173330410561974, 10.424188791833418, 18.261677047729698, 18.061010778867725, 20.98137349447209, 8.707160440666977, 24.69218709106829, 17.872671956024064, 24.751381077307474, 12.153034525739873, 6.851901914753499, 18.965423372430763, 25.404662205057132, 19.99982044571106, 15.563235537963351, 21.713572138845063, 14.539563945041017, 24.751381077307474, 15.486669932228011, 21.477683368625947, 6.851901914753499, 12.153034525739873, 13.197664676639814, 25.404662205057132, 19.99982044571106, 9.883583550012661, 13.828832209659577, 23.29135519717755, 17.21552466604488, 18.213758406268823, 26.434971910044247, 0.0, 26.447626719419066, 18.750012656723698, 18.651465063296232, 27.166209140946687, 14.7122478039437, 17.922644409679155, 11.36841764004821, 21.93655536588935, 17.119490054622375, 21.110325607799744, 13.505545391861535, 11.527210839821151, 16.818089516927706, 28.147971639775793, 18.44196218194425, 10.841448460397093, 15.37281570375124, 25.324080682129974, 7.251251762929654, 16.019110133719835, 26.678913416313737, 12.971776796271621, 20.705397548397016, 22.882687569912658, 22.882687569912658, 22.882687569912658, 22.882687569912658, 22.882687569912658, 22.882687569912658, 22.882687569912658, 22.882687569912658, 22.882687569912658, 22.882687569912658, 22.882687569912658, 22.882687569912658, 22.882687569912658, 22.882687569912658, 22.882687569912658], [19.575177612526524, 12.705652251948047, 12.923403380887368, 12.17792635218726, 11.246743404543983, 3.3745592637147452, 26.447626719419066, 0.0, 11.018229459400548, 20.682076076193244, 8.2067870865207, 12.23624802293427, 11.427254174736873, 20.036256519884255, 5.60349906128026, 12.217426401840124, 12.37062585467167, 14.682267722090204, 18.794824233587047, 11.582600547553799, 1.9593362502290874, 15.740172282718955, 21.98915128471083, 18.81571137565625, 2.6422361125112883, 19.804754849488518, 11.737024576608775, 5.536210936933012, 13.608990878251996, 7.075559607849963, 9.735693308354541, 9.735693308354541, 9.735693308354541, 9.735693308354541, 9.735693308354541, 9.735693308354541, 9.735693308354541, 9.735693308354541, 9.735693308354541, 9.735693308354541, 9.735693308354541, 9.735693308354541, 9.735693308354541, 9.735693308354541, 9.735693308354541, 13.781219965214243, 18.914453042709276, 10.99839137023641, 19.479294743924118, 6.49495391763978, 18.54376405599681, 16.892585097858593, 12.427003146562795, 8.839759698212465, 11.78121192268464, 19.738035855561296, 6.042138207023163, 19.696576644006154, 4.65455448635044, 14.5681107806434, 20.5669307018114, 17.050881005372144, 4.879273558610274, 10.580508229387725, 18.356492309458226, 22.371128328254272, 19.479294743924118, 4.65455448635044, 10.99839137023641, 6.49495391763978, 20.5669307018114, 14.5681107806434, 18.914453042709276, 4.879273558610274, 10.580508229387725, 19.575177612526524, 12.705652251948047, 12.923403380887368, 12.17792635218726, 11.246743404543983, 3.3745592637147452, 26.447626719419066, 0.0, 11.018229459400548, 20.682076076193244, 8.2067870865207, 12.23624802293427, 11.427254174736873, 20.036256519884255, 5.60349906128026, 12.217426401840124, 12.37062585467167, 14.682267722090204, 18.794824233587047, 11.582600547553799, 1.9593362502290874, 15.740172282718955, 21.98915128471083, 18.81571137565625, 2.6422361125112883, 19.804754849488518, 11.737024576608775, 5.536210936933012, 13.608990878251996, 7.075559607849963, 9.735693308354541, 9.735693308354541, 9.735693308354541, 9.735693308354541, 9.735693308354541, 9.735693308354541, 9.735693308354541, 9.735693308354541, 9.735693308354541, 9.735693308354541, 9.735693308354541, 9.735693308354541, 9.735693308354541, 9.735693308354541, 9.735693308354541], [15.906561757564722, 8.495725600349429, 5.5710256185735485, 1.5699895712819987, 12.801706892893684, 9.206156450474069, 18.750012656723698, 11.018229459400548, 0.0, 21.84808271869321, 16.913746764703472, 5.0216665913212575, 0.8315913954156556, 9.610067523985334, 5.439101839894819, 12.874660137659436, 16.264379861290948, 5.248580462054962, 16.100273522446468, 11.707287725120104, 11.9152947358466, 17.498859156206276, 19.045323325389425, 18.48295048628265, 8.716871052343834, 14.06536775466414, 3.17508620598487, 14.767671806568803, 9.144391591990289, 4.028541460505905, 4.1435562086934175, 4.1435562086934175, 4.1435562086934175, 4.1435562086934175, 4.1435562086934175, 4.1435562086934175, 4.1435562086934175, 4.1435562086934175, 4.1435562086934175, 4.1435562086934175, 4.1435562086934175, 4.1435562086934175, 4.1435562086934175, 4.1435562086934175, 4.1435562086934175, 5.0569421644319075, 17.294085977190974, 7.526613276148081, 18.631522910694073, 4.525983003813628, 12.665395030398376, 8.338094507013142, 1.4331651262744238, 4.242347266018577, 2.8677291679165067, 15.272362677783835, 13.713748315399076, 20.63039819966895, 7.216152631495175, 10.106100334384974, 14.966260867661367, 18.971197028082674, 7.635419291046633, 13.749173843063527, 18.162952477590135, 24.654269859808576, 18.631522910694073, 7.216152631495175, 7.526613276148081, 4.525983003813628, 14.966260867661367, 10.106100334384974, 17.294085977190974, 7.635419291046633, 13.749173843063527, 15.906561757564722, 8.495725600349429, 5.5710256185735485, 1.5699895712819987, 12.801706892893684, 9.206156450474069, 18.750012656723698, 11.018229459400548, 0.0, 21.84808271869321, 16.913746764703472, 5.0216665913212575, 0.8315913954156556, 9.610067523985334, 5.439101839894819, 12.874660137659436, 16.264379861290948, 5.248580462054962, 16.100273522446468, 11.707287725120104, 11.9152947358466, 17.498859156206276, 19.045323325389425, 18.48295048628265, 8.716871052343834, 14.06536775466414, 3.17508620598487, 14.767671806568803, 9.144391591990289, 4.028541460505905, 4.1435562086934175, 4.1435562086934175, 4.1435562086934175, 4.1435562086934175, 4.1435562086934175, 4.1435562086934175, 4.1435562086934175, 4.1435562086934175, 4.1435562086934175, 4.1435562086934175, 4.1435562086934175, 4.1435562086934175, 4.1435562086934175, 4.1435562086934175, 4.1435562086934175], [9.3269689390258, 13.60157826354501, 27.28723198862046, 21.251194252361103, 9.858330625663854, 23.025068496920458, 18.651465063296232, 20.682076076193244, 21.84808271869321, 0.0, 15.53500203806712, 17.311921281184993, 21.30504603366253, 22.805592852849752, 20.192351934818735, 9.294204253248717, 8.536765958324334, 19.404859321356962, 7.847556871156936, 10.383469011559196, 22.590154583877702, 4.961247843340686, 7.854042745309833, 3.8410477669079466, 21.593810808288673, 12.969254472655033, 19.04383302989218, 16.963985969909867, 13.23964528838913, 20.120823560054212, 24.742568132631224, 24.742568132631224, 24.742568132631224, 24.742568132631224, 24.742568132631224, 24.742568132631224, 24.742568132631224, 24.742568132631224, 24.742568132631224, 24.742568132631224, 24.742568132631224, 24.742568132631224, 24.742568132631224, 24.742568132631224, 24.742568132631224, 26.902848168460665, 5.9550696954241715, 14.322256665711963, 4.337412490677266, 20.55968397540689, 13.306232638913649, 17.922110349933142, 22.641273559991753, 17.924631526841434, 24.656051718174762, 10.711065701869774, 15.25724238850247, 1.2235708231351723, 22.58863248972859, 12.618805564193938, 12.72068571401415, 3.648265738482209, 23.306637182329645, 10.113340020292936, 3.9644117428527217, 3.260512153086389, 4.337412490677266, 22.58863248972859, 14.322256665711963, 20.55968397540689, 12.72068571401415, 12.618805564193938, 5.9550696954241715, 23.306637182329645, 10.113340020292936, 9.3269689390258, 13.60157826354501, 27.28723198862046, 21.251194252361103, 9.858330625663854, 23.025068496920458, 18.651465063296232, 20.682076076193244, 21.84808271869321, 0.0, 15.53500203806712, 17.311921281184993, 21.30504603366253, 22.805592852849752, 20.192351934818735, 9.294204253248717, 8.536765958324334, 19.404859321356962, 7.847556871156936, 10.383469011559196, 22.590154583877702, 4.961247843340686, 7.854042745309833, 3.8410477669079466, 21.593810808288673, 12.969254472655033, 19.04383302989218, 16.963985969909867, 13.23964528838913, 20.120823560054212, 24.742568132631224, 24.742568132631224, 24.742568132631224, 24.742568132631224, 24.742568132631224, 24.742568132631224, 24.742568132631224, 24.742568132631224, 24.742568132631224, 24.742568132631224, 24.742568132631224, 24.742568132631224, 24.742568132631224, 24.742568132631224, 24.742568132631224], [18.204084560080734, 14.05118520826749, 20.3483737203655, 17.532657453003416, 9.007403540420698, 11.55987388336491, 27.166209140946687, 8.2067870865207, 16.913746764703472, 15.53500203806712, 0.0, 15.69079547258918, 16.984190937036136, 24.07889923914168, 11.961097040330092, 10.149325050047171, 7.302602533179214, 18.643773734300993, 16.878240148013496, 10.348120465209202, 9.458877446048746, 11.233705514699858, 19.60808391743823, 15.121016225139476, 10.548657753048216, 19.926060347480547, 16.16163766190334, 2.670693008086051, 14.698379915256004, 13.056634983861851, 17.094099802931673, 17.094099802931673, 17.094099802931673, 17.094099802931673, 17.094099802931673, 17.094099802931673, 17.094099802931673, 17.094099802931673, 17.094099802931673, 17.094099802931673, 17.094099802931673, 17.094099802931673, 17.094099802931673, 17.094099802931673, 17.094099802931673, 20.889347781901268, 16.164731912955116, 12.844957758937316, 16.02479579622404, 12.854270521421768, 19.041766581599973, 19.721410939682848, 18.313587317827487, 13.188119697303451, 18.611811201518204, 18.92432479339528, 3.2178421814867124, 14.88305658849223, 12.458191724153737, 15.255880843227459, 20.433960105071712, 12.059095894959938, 12.87391531059776, 7.304289783636342, 14.663059294067395, 16.25060665239929, 16.02479579622404, 12.458191724153737, 12.844957758937316, 12.854270521421768, 20.433960105071712, 15.255880843227459, 16.164731912955116, 12.87391531059776, 7.304289783636342, 18.204084560080734, 14.05118520826749, 20.3483737203655, 17.532657453003416, 9.007403540420698, 11.55987388336491, 27.166209140946687, 8.2067870865207, 16.913746764703472, 15.53500203806712, 0.0, 15.69079547258918, 16.984190937036136, 24.07889923914168, 11.961097040330092, 10.149325050047171, 7.302602533179214, 18.643773734300993, 16.878240148013496, 10.348120465209202, 9.458877446048746, 11.233705514699858, 19.60808391743823, 15.121016225139476, 10.548657753048216, 19.926060347480547, 16.16163766190334, 2.670693008086051, 14.698379915256004, 13.056634983861851, 17.094099802931673, 17.094099802931673, 17.094099802931673, 17.094099802931673, 17.094099802931673, 17.094099802931673, 17.094099802931673, 17.094099802931673, 17.094099802931673, 17.094099802931673, 17.094099802931673, 17.094099802931673, 17.094099802931673, 17.094099802931673, 17.094099802931673], [10.88492970037747, 3.7122451871910123, 10.564131393965127, 4.026322397140638, 9.214493718711983, 11.761157298702464, 14.7122478039437, 12.23624802293427, 5.0216665913212575, 17.311921281184993, 15.69079547258918, 0.0, 4.2896655581180525, 8.395885740715796, 7.256106815457931, 8.93188946614572, 12.985235983029483, 2.9729887762057876, 11.118968615844114, 7.802410226974733, 13.734841975432838, 13.354070100953397, 14.026627646117817, 13.763756182374301, 10.733313832039991, 9.213118395244125, 1.8629509916613194, 14.160466934629989, 4.210898745951707, 5.993175294560073, 8.913483403541365, 8.913483403541365, 8.913483403541365, 8.913483403541365, 8.913483403541365, 8.913483403541365, 8.913483403541365, 8.913483403541365, 8.913483403541365, 8.913483403541365, 8.913483403541365, 8.913483403541365, 8.913483403541365, 8.913483403541365, 8.913483403541365, 9.853263066380126, 12.403699727433487, 3.413485719360137, 13.81661942405538, 6.7654367008821765, 7.8016372464819845, 4.661004645008864, 5.448085205170899, 3.4388152978923747, 7.861870201881448, 10.272232610935204, 12.557644293781182, 16.08850809085536, 10.039847143012267, 5.11536528361823, 10.108427337165065, 14.766309412080995, 10.693606154746352, 10.607128333727438, 13.484303743593, 20.284889188071862, 13.81661942405538, 10.039847143012267, 3.413485719360137, 6.7654367008821765, 10.108427337165065, 5.11536528361823, 12.403699727433487, 10.693606154746352, 10.607128333727438, 10.88492970037747, 3.7122451871910123, 10.564131393965127, 4.026322397140638, 9.214493718711983, 11.761157298702464, 14.7122478039437, 12.23624802293427, 5.0216665913212575, 17.311921281184993, 15.69079547258918, 0.0, 4.2896655581180525, 8.395885740715796, 7.256106815457931, 8.93188946614572, 12.985235983029483, 2.9729887762057876, 11.118968615844114, 7.802410226974733, 13.734841975432838, 13.354070100953397, 14.026627646117817, 13.763756182374301, 10.733313832039991, 9.213118395244125, 1.8629509916613194, 14.160466934629989, 4.210898745951707, 5.993175294560073, 8.913483403541365, 8.913483403541365, 8.913483403541365, 8.913483403541365, 8.913483403541365, 8.913483403541365, 8.913483403541365, 8.913483403541365, 8.913483403541365, 8.913483403541365, 8.913483403541365, 8.913483403541365, 8.913483403541365, 8.913483403541365, 8.913483403541365], [15.16461128180434, 7.852160448181962, 6.274678680291425, 0.8147777755467458, 12.431066190694532, 9.800589835143063, 17.922644409679155, 11.427254174736873, 0.8315913954156556, 21.30504603366253, 16.984190937036136, 4.2896655581180525, 0.0, 8.939963967662806, 5.8237598616914985, 12.437245641982237, 15.973189783993533, 4.425598518124803, 15.401528430042672, 11.268423760003069, 12.425873838732668, 17.04039115098864, 18.31297303360729, 17.884967217496772, 9.221209309288465, 13.259915639869035, 2.427391570350502, 14.923543152782432, 8.461157113939905, 4.359607157713674, 4.975029414723386, 4.975029414723386, 4.975029414723386, 4.975029414723386, 4.975029414723386, 4.975029414723386, 4.975029414723386, 4.975029414723386, 4.975029414723386, 4.975029414723386, 4.975029414723386, 4.975029414723386, 4.975029414723386, 4.975029414723386, 4.975029414723386, 5.624990326713504, 16.638123442690244, 6.994376617960883, 18.003677685974264, 4.948216107283826, 11.863097574843877, 7.5080628486330685, 1.4403543299361163, 4.013382553240138, 3.5744789053806296, 14.50261008296767, 13.770536511414056, 20.084314436331624, 7.825497711490497, 9.399111412818312, 14.16075123998571, 18.503315950626867, 8.287109238528583, 13.467008652772952, 17.57628948654354, 24.157034133056577, 18.003677685974264, 7.825497711490497, 6.994376617960883, 4.948216107283826, 14.16075123998571, 9.399111412818312, 16.638123442690244, 8.287109238528583, 13.467008652772952, 15.16461128180434, 7.852160448181962, 6.274678680291425, 0.8147777755467458, 12.431066190694532, 9.800589835143063, 17.922644409679155, 11.427254174736873, 0.8315913954156556, 21.30504603366253, 16.984190937036136, 4.2896655581180525, 0.0, 8.939963967662806, 5.8237598616914985, 12.437245641982237, 15.973189783993533, 4.425598518124803, 15.401528430042672, 11.268423760003069, 12.425873838732668, 17.04039115098864, 18.31297303360729, 17.884967217496772, 9.221209309288465, 13.259915639869035, 2.427391570350502, 14.923543152782432, 8.461157113939905, 4.359607157713674, 4.975029414723386, 4.975029414723386, 4.975029414723386, 4.975029414723386, 4.975029414723386, 4.975029414723386, 4.975029414723386, 4.975029414723386, 4.975029414723386, 4.975029414723386, 4.975029414723386, 4.975029414723386, 4.975029414723386, 4.975029414723386, 4.975029414723386], [14.037905248409166, 10.718547567006501, 12.702573472194983, 8.126269903921862, 16.876536691632026, 18.724259122288718, 11.36841764004821, 20.036256519884255, 9.610067523985334, 22.805592852849752, 24.07889923914168, 8.395885740715796, 8.939963967662806, 0.0, 14.529951664724738, 16.265352438961223, 20.661376628956507, 5.496707750002194, 15.16117222984707, 15.303592889702614, 21.23761893552748, 19.995816696140487, 16.91246790959284, 18.9662526447617, 18.049423224942434, 10.58745565545301, 8.332927981746515, 22.533257705416332, 10.502260302422139, 13.053007921909552, 13.256469720621872, 13.256469720621872, 13.256469720621872, 13.256469720621872, 13.256469720621872, 13.256469720621872, 13.256469720621872, 13.256469720621872, 13.256469720621872, 13.256469720621872, 13.256469720621872, 13.256469720621872, 13.256469720621872, 13.256469720621872, 13.256469720621872, 11.23644309085088, 16.97368278129752, 11.412111785444237, 18.613995600378146, 13.74197192385681, 9.740962397958494, 5.021369089072296, 8.541126064423986, 11.365837382124775, 10.896837082132787, 12.782368996952812, 20.95352702477448, 21.654363750210248, 16.760089249287866, 10.64859628957652, 11.264175194552427, 21.19657093460194, 17.225997730397967, 18.503567091710277, 18.860219884111725, 26.038433524486056, 18.613995600378146, 16.760089249287866, 11.412111785444237, 13.74197192385681, 11.264175194552427, 10.64859628957652, 16.97368278129752, 17.225997730397967, 18.503567091710277, 14.037905248409166, 10.718547567006501, 12.702573472194983, 8.126269903921862, 16.876536691632026, 18.724259122288718, 11.36841764004821, 20.036256519884255, 9.610067523985334, 22.805592852849752, 24.07889923914168, 8.395885740715796, 8.939963967662806, 0.0, 14.529951664724738, 16.265352438961223, 20.661376628956507, 5.496707750002194, 15.16117222984707, 15.303592889702614, 21.23761893552748, 19.995816696140487, 16.91246790959284, 18.9662526447617, 18.049423224942434, 10.58745565545301, 8.332927981746515, 22.533257705416332, 10.502260302422139, 13.053007921909552, 13.256469720621872, 13.256469720621872, 13.256469720621872, 13.256469720621872, 13.256469720621872, 13.256469720621872, 13.256469720621872, 13.256469720621872, 13.256469720621872, 13.256469720621872, 13.256469720621872, 13.256469720621872, 13.256469720621872, 13.256469720621872, 13.256469720621872], [16.591027816751104, 8.932674243834215, 8.476738420517755, 6.577914354675204, 10.368185598214144, 4.505387338054851, 21.93655536588935, 5.60349906128026, 5.439101839894819, 20.192351934818735, 11.961097040330092, 7.256106815457931, 5.8237598616914985, 14.529951664724738, 0.0, 10.916773135901618, 13.051510603683488, 9.316528608560986, 16.23425136224795, 9.894432956779594, 6.712264582587026, 15.357762417585402, 19.443451515593978, 17.44896364870321, 3.5544405302738387, 15.916865161954187, 6.359024388934051, 9.599276194078673, 9.837260521221157, 1.4827829256017067, 5.277569823154058, 5.277569823154058, 5.277569823154058, 5.277569823154058, 5.277569823154058, 5.277569823154058, 5.277569823154058, 5.277569823154058, 5.277569823154058, 5.277569823154058, 5.277569823154058, 5.277569823154058, 5.277569823154058, 5.277569823154058, 5.277569823154058, 8.929196104663445, 16.88983765081835, 7.275720651849266, 17.874646724712473, 0.9353871020949263, 14.543295824579314, 11.847981302796748, 6.862850660030748, 3.8808501213103064, 6.663725744438643, 16.398254621877115, 8.882363952882832, 19.044344471897173, 2.9089476977091144, 10.897215595188452, 16.766992485975997, 16.82996293347503, 3.634343093659038, 10.641652757762348, 17.041220391460854, 22.54658816294167, 17.874646724712473, 2.9089476977091144, 7.275720651849266, 0.9353871020949263, 16.766992485975997, 10.897215595188452, 16.88983765081835, 3.634343093659038, 10.641652757762348, 16.591027816751104, 8.932674243834215, 8.476738420517755, 6.577914354675204, 10.368185598214144, 4.505387338054851, 21.93655536588935, 5.60349906128026