{"num_workers": 45, "num_roles": 3, "num_nodes": 120, "w": [[120, 120], [60, 60], [360, 360], [120, 120], [60, 60], [120, 120], [30, 30], [60, 60], [120, 120], [30, 30], [90, 90], [180, 180], [300, 300], [180, 180], [120, 120], [90, 90], [30, 30], [210, 210], [120, 120], [180, 180], [60, 60], [240, 240], [210, 210], [60, 60], [180, 180], [30, 30], [60, 60], [60, 60], [120, 120], [30, 30], [0, 0], [0, 0], [0, 0], [0, 0], [0, 0], [0, 0], [0, 0], [0, 0], [0, 0], [0, 0], [0, 0], [0, 0], [0, 0], [0, 0], [0, 0], [90, 240], [30, 360], [30, 420], [90, 360], [90, 450], [150, 420], [30, 420], [150, 390], [270, 450], [60, 300], [240, 420], [210, 360], [330, 390], [30, 360], [210, 450], [60, 450], [270, 330], [90, 420], [270, 450], [30, 330], [30, 330], [30, 330], [330, 390], [30, 330], [90, 420], [90, 450], [270, 330], [270, 450], [270, 450], [30, 420], [420, 420], [480, 480], [450, 450], [420, 420], [300, 300], [480, 480], [480, 480], [210, 210], [420, 420], [210, 210], [360, 360], [420, 420], [450, 450], [480, 480], [360, 360], [480, 480], [240, 240], [450, 450], [450, 450], [420, 420], [300, 300], [390, 390], [390, 390], [390, 390], [450, 450], [390, 390], [360, 360], [450, 450], [210, 210], [480, 480], [480, 480], [480, 480], [480, 480], [480, 480], [480, 480], [480, 480], [480, 480], [480, 480], [480, 480], [480, 480], [480, 480], [480, 480], [480, 480], [480, 480], [480, 480]], "p": [0, 0, 0, 0, 0, 0, 0, 0, 0, 0, 0, 0, 0, 0, 0, 0, 0, 0, 0, 0, 0, 0, 0, 0, 0, 0, 0, 0, 0, 0, 0, 0, 0, 0, 0, 0, 0, 0, 0, 0, 0, 0, 0, 0, 0, 66.23831930380214, 60.23900430033271, 52.40561844663766, 58.78709621967164, 50.915700687087075, 70.50966584782151, 42.60690711224928, 55.28106868462678, 68.56697673107993, 58.017299686752324, 46.727559800512616, 63.735737322610916, 50.08771452897961, 68.06538644407867, 46.3376030616571, 62.71601731719588, 69.96891080943183, 74.56287658086596, 41.95488323668947, 51.30273168240901, 61.83369731787008, 30.91684865893504, 25.043857264489805, 25.651365841204505, 37.28143829043298, 25.457850343543537, 34.984455404715916, 20.977441618344734, 34.28348836553997, 21.30345355612464, 0, 0, 0, 0, 0, 0, 0, 0, 0, 0, 0, 0, 0, 0, 0, 0, 0, 0, 0, 0, 0, 0, 0, 0, 0, 0, 0, 0, 0, 0, 0, 0, 0, 0, 0, 0, 0, 0, 0, 0, 0, 0, 0, 0, 0], "e": [[1, 1, 0], [0, 1, 1], [1, 1, 0], [0, 1, 1], [1, 1, 0], [1, 1, 0], [1, 0, 1], [0, 1, 1], [1, 0, 1], [1, 1, 0], [0, 1, 1], [1, 1, 0], [1, 1, 0], [1, 1, 0], [0, 1, 1], [0, 1, 0], [0, 1, 1], [0, 1, 0], [0, 1, 0], [1, 1, 0], [0, 1, 1], [1, 1, 0], [0, 1, 1], [0, 1, 0], [0, 1, 1], [0, 1, 1], [0, 1, 1], [1, 1, 0], [0, 1, 0], [1, 1, 0], [0, 1, 0], [1, 1, 0], [0, 1, 1], [0, 0, 1], [1, 0, 0], [1, 0, 0], [0, 1, 0], [0, 1, 0], [0, 0, 1], [0, 1, 0], [0, 0, 1], [0, 1, 0], [0, 0, 1], [0, 1, 0], [1, 0, 0]], "d": [[1, 0, 0, 0, 0, 0, 0, 1, 0, 1, 1, 0, 0, 0, 0, 0, 0, 1, 1, 1, 0, 0, 0, 2, 2, 0, 0, 2, 0, 0], [0, 2, 2, 2, 2, 1, 2, 1, 2, 0, 0, 2, 2, 2, 1, 2, 2, 0, 0, 1, 2, 4, 4, 2, 0, 4, 4, 0, 4, 4], [0, 0, 0, 0, 0, 2, 0, 1, 0, 0, 0, 0, 0, 0, 2, 0, 0, 0, 0, 1, 0, 0, 0, 2, 0, 0, 0, 0, 0, 0]], "r": [486, 1288, 3804, 1793, 1164, 1789, 3260, 1453, 2135, 3562, 1296, 4581, 2687, 1736, 2610, 4421, 2772, 3358, 2768, 884, 524, 524, 2687, 884, 3358, 1164, 2772, 2768, 2135, 3260], "g": [[0, 0, 0, 0, 0, 0, 0, 0, 0, 0, 0, 0, 0, 0, 0, 0, 0, 0, 0, 0, 0, 0, 0, 0, 0, 0, 0, 0, 0, 0], [0, 0, 0, 0, 0, 0, 0, 0, 0, 0, 0, 0, 0, 0, 0, 0, 0, 0, 0, 0, 0, 0, 0, 0, 0, 0, 0, 0, 0, 0], [0, 0, 0, 0, 0, 0, 0, 0, 0, 0, 0, 0, 0, 0, 0, 0, 0, 0, 0, 0, 0, 0, 0, 0, 0, 0, 0, 0, 0, 0], [0, 0, 0, 0, 0, 0, 0, 0, 0, 0, 0, 0, 0, 0, 0, 0, 0, 0, 0, 0, 0, 0, 0, 0, 0, 0, 0, 0, 0, 0], [0, 0, 0, 0, 0, 0, 0, 0, 0, 0, 0, 0, 0, 0, 0, 0, 0, 0, 0, 0, 0, 0, 0, 0, 0, 1, 0, 0, 0, 0], [0, 0, 0, 0, 0, 0, 0, 0, 0, 0, 0, 0, 0, 0, 0, 0, 0, 0, 0, 0, 0, 0, 0, 0, 0, 0, 0, 0, 0, 0], [0, 0, 0, 0, 0, 0, 0, 0, 0, 0, 0, 0, 0, 0, 0, 0, 0, 0, 0, 0, 0, 0, 0, 0, 0, 0, 0, 0, 0, 1], [0, 0, 0, 0, 0, 0, 0, 0, 0, 0, 0, 0, 0, 0, 0, 0, 0, 0, 0, 0, 0, 0, 0, 0, 0, 0, 0, 0, 0, 0], [0, 0, 0, 0, 0, 0, 0, 0, 0, 0, 0, 0, 0, 0, 0, 0, 0, 0, 0, 0, 0, 0, 0, 0, 0, 0, 0, 0, 1, 0], [0, 0, 0, 0, 0, 0, 0, 0, 0, 0, 0, 0, 0, 0, 0, 0, 0, 0, 0, 0, 0, 0, 0, 0, 0, 0, 0, 0, 0, 0], [0, 0, 0, 0, 0, 0, 0, 0, 0, 0, 0, 0, 0, 0, 0, 0, 0, 0, 0, 0, 0, 0, 0, 0, 0, 0, 0, 0, 0, 0], [0, 0, 0, 0, 0, 0, 0, 0, 0, 0, 0, 0, 0, 0, 0, 0, 0, 0, 0, 0, 0, 0, 0, 0, 0, 0, 0, 0, 0, 0], [0, 0, 0, 0, 0, 0, 0, 0, 0, 0, 0, 0, 0, 0, 0, 0, 0, 0, 0, 0, 0, 0, 1, 0, 0, 0, 0, 0, 0, 0], [0, 0, 0, 0, 0, 0, 0, 0, 0, 0, 0, 0, 0, 0, 0, 0, 0, 0, 0, 0, 0, 0, 0, 0, 0, 0, 0, 0, 0, 0], [0, 0, 0, 0, 0, 0, 0, 0, 0, 0, 0, 0, 0, 0, 0, 0, 0, 0, 0, 0, 0, 0, 0, 0, 0, 0, 0, 0, 0, 0], [0, 0, 0, 0, 0, 0, 0, 0, 0, 0, 0, 0, 0, 0, 0, 0, 0, 0, 0, 0, 0, 0, 0, 0, 0, 0, 0, 0, 0, 0], [0, 0, 0, 0, 0, 0, 0, 0, 0, 0, 0, 0, 0, 0, 0, 0, 0, 0, 0, 0, 0, 0, 0, 0, 0, 0, 1, 0, 0, 0], [0, 0, 0, 0, 0, 0, 0, 0, 0, 0, 0, 0, 0, 0, 0, 0, 0, 0, 0, 0, 0, 0, 0, 0, 1, 0, 0, 0, 0, 0], [0, 0, 0, 0, 0, 0, 0, 0, 0, 0, 0, 0, 0, 0, 0, 0, 0, 0, 0, 0, 0, 0, 0, 0, 0, 0, 0, 1, 0, 0], [0, 0, 0, 0, 0, 0, 0, 0, 0, 0, 0, 0, 0, 0, 0, 0, 0, 0, 0, 0, 0, 0, 0, 1, 0, 0, 0, 0, 0, 0], [0, 0, 0, 0, 0, 0, 0, 0, 0, 0, 0, 0, 0, 0, 0, 0, 0, 0, 0, 0, 0, 1, 0, 0, 0, 0, 0, 0, 0, 0], [0, 0, 0, 0, 0, 0, 0, 0, 0, 0, 0, 0, 0, 0, 0, 0, 0, 0, 0, 0, 1, 0, 0, 0, 0, 0, 0, 0, 0, 0], [0, 0, 0, 0, 0, 0, 0, 0, 0, 0, 0, 0, 1, 0, 0, 0, 0, 0, 0, 0, 0, 0, 0, 0, 0, 0, 0, 0, 0, 0], [0, 0, 0, 0, 0, 0, 0, 0, 0, 0, 0, 0, 0, 0, 0, 0, 0, 0, 0, 1, 0, 0, 0, 0, 0, 0, 0, 0, 0, 0], [0, 0, 0, 0, 0, 0, 0, 0, 0, 0, 0, 0, 0, 0, 0, 0, 0, 1, 0, 0, 0, 0, 0, 0, 0, 0, 0, 0, 0, 0], [0, 0, 0, 0, 1, 0, 0, 0, 0, 0, 0, 0, 0, 0, 0, 0, 0, 0, 0, 0, 0, 0, 0, 0, 0, 0, 0, 0, 0, 0], [0, 0, 0, 0, 0, 0, 0, 0, 0, 0, 0, 0, 0, 0, 0, 0, 1, 0, 0, 0, 0, 0, 0, 0, 0, 0, 0, 0, 0, 0], [0, 0, 0, 0, 0, 0, 0, 0, 0, 0, 0, 0, 0, 0, 0, 0, 0, 0, 1, 0, 0, 0, 0, 0, 0, 0, 0, 0, 0, 0], [0, 0, 0, 0, 0, 0, 0, 0, 1, 0, 0, 0, 0, 0, 0, 0, 0, 0, 0, 0, 0, 0, 0, 0, 0, 0, 0, 0, 0, 0], [0, 0, 0, 0, 0, 0, 1, 0, 0, 0, 0, 0, 0, 0, 0, 0, 0, 0, 0, 0, 0, 0, 0, 0, 0, 0, 0, 0, 0, 0]], "t": [[0.0, 9.54553050248255, 18.315367567304815, 6.334373564911739, 14.911690725552262, 16.439156397871624, 14.489996887980446, 18.85089874647642, 19.993676713468464, 5.68496625122126, 18.625279943683395, 4.829905457825031, 6.196883911676289, 16.53502635063084, 14.856406504427529, 13.211632747265028, 18.516325415751776, 3.9055309789433985, 14.807617839406408, 7.969768204065898, 9.68018145840237, 14.63910585686722, 3.2680314225581006, 13.181425686675324, 11.040136634615168, 11.688345914726117, 16.22358017277094, 16.504278085411357, 15.741428628965672, 11.404842336108988, 11.081479971007548, 11.081479971007548, 11.081479971007548, 11.081479971007548, 11.081479971007548, 11.081479971007548, 11.081479971007548, 11.081479971007548, 11.081479971007548, 11.081479971007548, 11.081479971007548, 11.081479971007548, 11.081479971007548, 11.081479971007548, 11.081479971007548, 19.015837211998225, 12.284914617533172, 15.493504313156217, 7.305240040638533, 15.766850001596813, 16.76778194327069, 16.190264372573523, 21.444505021479557, 19.153962309433396, 20.151384173648328, 9.981164176361135, 14.430195045012745, 10.362139909751548, 1.160063713239067, 4.354468800989123, 3.7853788217647333, 24.203052030632012, 3.1215663972684364, 18.52461079287488, 20.001023984874777, 5.671113632662408, 5.671113632662408, 10.362139909751548, 20.001023984874777, 3.1215663972684364, 15.766850001596813, 24.203052030632012, 18.52461079287488, 19.153962309433396, 16.190264372573523, 0.0, 9.54553050248255, 18.315367567304815, 6.334373564911739, 14.911690725552262, 16.439156397871624, 14.489996887980446, 18.85089874647642, 19.993676713468464, 5.68496625122126, 18.625279943683395, 4.829905457825031, 6.196883911676289, 16.53502635063084, 14.856406504427529, 13.211632747265028, 18.516325415751776, 3.9055309789433985, 14.807617839406408, 7.969768204065898, 9.68018145840237, 14.63910585686722, 3.2680314225581006, 13.181425686675324, 11.040136634615168, 11.688345914726117, 16.22358017277094, 16.504278085411357, 15.741428628965672, 11.404842336108988, 11.081479971007548, 11.081479971007548, 11.081479971007548, 11.081479971007548, 11.081479971007548, 11.081479971007548, 11.081479971007548, 11.081479971007548, 11.081479971007548, 11.081479971007548, 11.081479971007548, 11.081479971007548, 11.081479971007548, 11.081479971007548, 11.081479971007548], [9.54553050248255, 0.0, 20.77560918112516, 11.697978675446953, 5.783673715431256, 8.898641111545984, 14.70546872919501, 9.41662594913046, 14.533378570806859, 8.969929551310347, 21.225247993049024, 13.904165986793343, 11.452838501547287, 18.638953165538467, 21.632008074804872, 4.6593016751787255, 13.356324410501648, 13.018720078682978, 6.553750880343705, 3.695875127863329, 3.263233156157564, 21.727824619773852, 12.49151359009793, 11.234007095324055, 6.238223287573721, 17.94527871479647, 17.798119779377007, 21.993546235432685, 17.01800521986362, 16.25942698829717, 13.646109191754185, 13.646109191754185, 13.646109191754185, 13.646109191754185, 13.646109191754185, 13.646109191754185, 13.646109191754185, 13.646109191754185, 13.646109191754185, 13.646109191754185, 13.646109191754185, 13.646109191754185, 13.646109191754185, 13.646109191754185, 13.646109191754185, 14.094010693798596, 9.275378120888877, 10.066028577779583, 15.804636208863116, 21.915820219792128, 20.290363140390447, 13.545691188015748, 19.135276227038396, 9.912411646829026, 16.929493858015785, 17.851602878180916, 20.45659434892188, 4.134418453107485, 8.847793007073186, 13.688989154229915, 12.689618465436823, 21.711666518532766, 6.451230810898637, 9.0141123918168, 10.607124581521072, 14.448470736954743, 14.448470736954743, 4.134418453107485, 10.607124581521072, 6.451230810898637, 21.915820219792128, 21.711666518532766, 9.0141123918168, 9.912411646829026, 13.545691188015748, 9.54553050248255, 0.0, 20.77560918112516, 11.697978675446953, 5.783673715431256, 8.898641111545984, 14.70546872919501, 9.41662594913046, 14.533378570806859, 8.969929551310347, 21.225247993049024, 13.904165986793343, 11.452838501547287, 18.638953165538467, 21.632008074804872, 4.6593016751787255, 13.356324410501648, 13.018720078682978, 6.553750880343705, 3.695875127863329, 3.263233156157564, 21.727824619773852, 12.49151359009793, 11.234007095324055, 6.238223287573721, 17.94527871479647, 17.798119779377007, 21.993546235432685, 17.01800521986362, 16.25942698829717, 13.646109191754185, 13.646109191754185, 13.646109191754185, 13.646109191754185, 13.646109191754185, 13.646109191754185, 13.646109191754185, 13.646109191754185, 13.646109191754185, 13.646109191754185, 13.646109191754185, 13.646109191754185, 13.646109191754185, 13.646109191754185, 13.646109191754185], [18.315367567304815, 20.77560918112516, 0.0, 11.98591158761945, 21.61511726007645, 18.70739612403165, 6.527650189144845, 25.031135998702812, 15.63747882713296, 23.66783591789734, 0.4918772237648822, 16.27821021892511, 24.510384315981543, 2.144392358360678, 9.876041621252945, 19.84641557548015, 14.726588034534972, 20.61815327496097, 19.65560275354894, 22.642730118249634, 17.761572297586586, 10.711680833447197, 16.896142534821802, 10.495872215910135, 15.304113668202477, 9.0250225778869, 3.1404368151812774, 6.762369208586278, 3.9828892062377257, 7.409352136668663, 7.525576560083535, 7.525576560083535, 7.525576560083535, 7.525576560083535, 7.525576560083535, 7.525576560083535, 7.525576560083535, 7.525576560083535, 7.525576560083535, 7.525576560083535, 7.525576560083535, 7.525576560083535, 7.525576560083535, 7.525576560083535, 7.525576560083535, 14.374487857421055, 12.438639100285316, 14.989434980441859, 14.50729849960642, 8.337742400537136, 2.457757663407701, 10.33094421084552, 9.979936809602895, 24.21641942101227, 11.388125423929665, 12.672919982619028, 7.988272544654842, 17.217347914792292, 19.230990363631406, 17.13579162131083, 20.901039700644755, 11.531075425269835, 18.95342975350156, 25.45420671890406, 25.52348167598222, 15.4195665658352, 15.4195665658352, 17.217347914792292, 25.52348167598222, 18.95342975350156, 8.337742400537136, 11.531075425269835, 25.45420671890406, 24.21641942101227, 10.33094421084552, 18.315367567304815, 20.77560918112516, 0.0, 11.98591158761945, 21.61511726007645, 18.70739612403165, 6.527650189144845, 25.031135998702812, 15.63747882713296, 23.66783591789734, 0.4918772237648822, 16.27821021892511, 24.510384315981543, 2.144392358360678, 9.876041621252945, 19.84641557548015, 14.726588034534972, 20.61815327496097, 19.65560275354894, 22.642730118249634, 17.761572297586586, 10.711680833447197, 16.896142534821802, 10.495872215910135, 15.304113668202477, 9.0250225778869, 3.1404368151812774, 6.762369208586278, 3.9828892062377257, 7.409352136668663, 7.525576560083535, 7.525576560083535, 7.525576560083535, 7.525576560083535, 7.525576560083535, 7.525576560083535, 7.525576560083535, 7.525576560083535, 7.525576560083535, 7.525576560083535, 7.525576560083535, 7.525576560083535, 7.525576560083535, 7.525576560083535, 7.525576560083535], [6.334373564911739, 11.697978675446953, 11.98591158761945, 0.0, 15.398131723631908, 15.098974874909958, 8.840392036007543, 19.515339073739813, 16.620841910510862, 11.824865793773899, 12.29150767745818, 5.419817093865668, 12.52556795743692, 10.252409246159756, 9.953486073536343, 13.40560074031784, 15.131144909042565, 8.930267258843275, 14.382968642906327, 12.079581302897179, 9.911311604285943, 10.029846118769305, 5.357289607550584, 8.884420479948625, 9.412707134364549, 6.3073348668395415, 10.03421429151781, 10.75890681292691, 9.639527682422901, 5.234920981822338, 4.974373947429033, 4.974373947429033, 4.974373947429033, 4.974373947429033, 4.974373947429033, 4.974373947429033, 4.974373947429033, 4.974373947429033, 4.974373947429033, 4.974373947429033, 4.974373947429033, 4.974373947429033, 4.974373947429033, 4.974373947429033, 4.974373947429033, 15.415887391532436, 8.930404523888544, 12.799264206887742, 5.4441175627919876, 10.390715172611928, 10.463632017364798, 11.672343313584335, 16.233246062558596, 19.353672272498766, 15.46790343375571, 6.496711404028322, 8.946099834808999, 10.03768069934472, 7.292680098194497, 6.037432337840396, 9.130302731787712, 18.918185185827017, 7.4813764825585505, 19.49732512123682, 20.472780365480286, 5.060864559762136, 5.060864559762136, 10.03768069934472, 20.472780365480286, 7.4813764825585505, 10.390715172611928, 18.918185185827017, 19.49732512123682, 19.353672272498766, 11.672343313584335, 6.334373564911739, 11.697978675446953, 11.98591158761945, 0.0, 15.398131723631908, 15.098974874909958, 8.840392036007543, 19.515339073739813, 16.620841910510862, 11.824865793773899, 12.29150767745818, 5.419817093865668, 12.52556795743692, 10.252409246159756, 9.953486073536343, 13.40560074031784, 15.131144909042565, 8.930267258843275, 14.382968642906327, 12.079581302897179, 9.911311604285943, 10.029846118769305, 5.357289607550584, 8.884420479948625, 9.412707134364549, 6.3073348668395415, 10.03421429151781, 10.75890681292691, 9.639527682422901, 5.234920981822338, 4.974373947429033, 4.974373947429033, 4.974373947429033, 4.974373947429033, 4.974373947429033, 4.974373947429033, 4.974373947429033, 4.974373947429033, 4.974373947429033, 4.974373947429033, 4.974373947429033, 4.974373947429033, 4.974373947429033, 4.974373947429033, 4.974373947429033], [14.911690725552262, 5.783673715431256, 21.61511726007645, 15.398131723631908, 0.0, 4.511582137179554, 15.096090417910638, 4.1271241285595135, 10.922606349518901, 14.720012383521428, 22.101495765680756, 18.80056611723563, 17.221379148097096, 19.513695007702204, 24.826123339580622, 2.004447292078141, 10.186980596146583, 18.594783754579623, 2.214504595710545, 9.238768449961999, 5.571729128301371, 25.093140201383946, 17.54171820287998, 11.13334332092259, 6.581014899554659, 21.141817809656175, 18.47609225578013, 24.444195938541057, 17.63500217798692, 18.94043833527572, 15.607166413901126, 15.607166413901126, 15.607166413901126, 15.607166413901126, 15.607166413901126, 15.607166413901126, 15.607166413901126, 15.607166413901126, 15.607166413901126, 15.607166413901126, 15.607166413901126, 15.607166413901126, 15.607166413901126, 15.607166413901126, 15.607166413901126, 10.981093995567877, 9.180856637097856, 7.539680366155628, 20.29305079134069, 24.74077702416216, 21.787981036622213, 12.28655203231213, 17.188382295734762, 4.2422878098500325, 14.637647277060674, 21.88252390926051, 23.318451787012425, 5.365375675283489, 14.377146471404117, 18.74879142167389, 18.305418088213894, 19.388706051560536, 11.95349703092947, 4.137370715257519, 5.16693578324983, 19.16180906928564, 19.16180906928564, 5.365375675283489, 5.16693578324983, 11.95349703092947, 24.74077702416216, 19.388706051560536, 4.137370715257519, 4.2422878098500325, 12.28655203231213, 14.911690725552262, 5.783673715431256, 21.61511726007645, 15.398131723631908, 0.0, 4.511582137179554, 15.096090417910638, 4.1271241285595135, 10.922606349518901, 14.720012383521428, 22.101495765680756, 18.80056611723563, 17.221379148097096, 19.513695007702204, 24.826123339580622, 2.004447292078141, 10.186980596146583, 18.594783754579623, 2.214504595710545, 9.238768449961999, 5.571729128301371, 25.093140201383946, 17.54171820287998, 11.13334332092259, 6.581014899554659, 21.141817809656175, 18.47609225578013, 24.444195938541057, 17.63500217798692, 18.94043833527572, 15.607166413901126, 15.607166413901126, 15.607166413901126, 15.607166413901126, 15.607166413901126, 15.607166413901126, 15.607166413901126, 15.607166413901126, 15.607166413901126, 15.607166413901126, 15.607166413901126, 15.607166413901126, 15.607166413901126, 15.607166413901126, 15.607166413901126], [16.439156397871624, 8.898641111545984, 18.70739612403165, 15.098974874909958, 4.511582137179554, 0.0, 12.262517349660687, 6.513525240595133, 6.413786525886815, 17.63936504979292, 19.199173588195993, 19.48636505652883, 20.0093810021706, 16.719365591309817, 23.541128521789634, 4.331194732673805, 5.766830573273111, 20.3261812561946, 2.5176195306860034, 12.594491277631468, 6.905518702402851, 23.948410709635407, 18.484400550679485, 8.424926190827096, 5.7447229473807, 20.01053759949987, 15.605989636907708, 22.565719527455617, 14.772566319365778, 17.50158367372169, 13.858050552555653, 13.858050552555653, 13.858050552555653, 13.858050552555653, 13.858050552555653, 13.858050552555653, 13.858050552555653, 13.858050552555653, 13.858050552555653, 13.858050552555653, 13.858050552555653, 13.858050552555653, 13.858050552555653, 13.858050552555653, 13.858050552555653, 6.55389857566141, 6.898463420982376, 3.748419215092974, 20.43852422872078, 23.14947921583609, 19.312412348569694, 8.648536208542016, 12.982385710286108, 5.534970790095337, 10.370131197900294, 21.483043410629538, 21.810035087885918, 6.102481325145223, 16.200631501156685, 19.643765605407008, 20.13592882328487, 15.028113174941469, 13.896961716016456, 7.131852694743663, 6.84299397656565, 19.613175928354394, 19.613175928354394, 6.102481325145223, 6.84299397656565, 13.896961716016456, 23.14947921583609, 15.028113174941469, 7.131852694743663, 5.534970790095337, 8.648536208542016, 16.439156397871624, 8.898641111545984, 18.70739612403165, 15.098974874909958, 4.511582137179554, 0.0, 12.262517349660687, 6.513525240595133, 6.413786525886815, 17.63936504979292, 19.199173588195993, 19.48636505652883, 20.0093810021706, 16.719365591309817, 23.541128521789634, 4.331194732673805, 5.766830573273111, 20.3261812561946, 2.5176195306860034, 12.594491277631468, 6.905518702402851, 23.948410709635407, 18.484400550679485, 8.424926190827096, 5.7447229473807, 20.01053759949987, 15.605989636907708, 22.565719527455617, 14.772566319365778, 17.50158367372169, 13.858050552555653, 13.858050552555653, 13.858050552555653, 13.858050552555653, 13.858050552555653, 13.858050552555653, 13.858050552555653, 13.858050552555653, 13.858050552555653, 13.858050552555653, 13.858050552555653, 13.858050552555653, 13.858050552555653, 13.858050552555653, 13.858050552555653], [14.489996887980446, 14.70546872919501, 6.527650189144845, 8.840392036007543, 15.096090417910638, 12.262517349660687, 0.0, 18.51764936673053, 10.206367161349819, 19.138173064336087, 7.016842146131131, 14.177869014577801, 20.49503394500033, 4.468970444909517, 12.696730125543189, 13.35677243927461, 8.999909626902177, 17.661945059364303, 13.12819911705494, 17.045707742794665, 11.547085666773604, 13.331124868540359, 14.189547380430179, 3.968508920955958, 8.896055660145018, 9.912867185890098, 3.387915239498756, 10.839123351970557, 2.5451971774944018, 7.196502640096626, 4.102039766061863, 4.102039766061863, 4.102039766061863, 4.102039766061863, 4.102039766061863, 4.102039766061863, 4.102039766061863, 4.102039766061863, 4.102039766061863, 4.102039766061863, 4.102039766061863, 4.102039766061863, 4.102039766061863, 4.102039766061863, 4.102039766061863, 8.867974000931065, 5.935855932038858, 8.603329775938363, 13.424655397115421, 11.808503284419192, 7.104200255653137, 4.456373685406573, 7.482156915238609, 17.736667043695682, 7.268657423634908, 12.849233472806358, 10.711538257756366, 10.902300566273768, 15.142198783014592, 14.857666082423032, 17.801570847999688, 10.106468683832054, 14.193668328905957, 18.928841720003668, 19.040527182365878, 13.634704956018625, 13.634704956018625, 10.902300566273768, 19.040527182365878, 14.193668328905957, 11.808503284419192, 10.106468683832054, 18.928841720003668, 17.736667043695682, 4.456373685406573, 14.489996887980446, 14.70546872919501, 6.527650189144845, 8.840392036007543, 15.096090417910638, 12.262517349660687, 0.0, 18.51764936673053, 10.206367161349819, 19.138173064336087, 7.016842146131131, 14.177869014577801, 20.49503394500033, 4.468970444909517, 12.696730125543189, 13.35677243927461, 8.999909626902177, 17.661945059364303, 13.12819911705494, 17.045707742794665, 11.547085666773604, 13.331124868540359, 14.189547380430179, 3.968508920955958, 8.896055660145018, 9.912867185890098, 3.387915239498756, 10.839123351970557, 2.5451971774944018, 7.196502640096626, 4.102039766061863, 4.102039766061863, 4.102039766061863, 4.102039766061863, 4.102039766061863, 4.102039766061863, 4.102039766061863, 4.102039766061863, 4.102039766061863, 4.102039766061863, 4.102039766061863, 4.102039766061863, 4.102039766061863, 4.102039766061863, 4.102039766061863], [18.85089874647642, 9.41662594913046, 25.031135998702812, 19.515339073739813, 4.1271241285595135, 6.513525240595133, 18.51764936673053, 0.0, 12.285163476481806, 18.012209498129323, 25.52236759141662, 22.878556521248655, 20.54491132605631, 22.98446918383483, 28.850386320496323, 6.109774769089507, 12.024514041875037, 22.4266645368351, 5.486733435952041, 12.418775184788794, 9.694325175403723, 29.1431053173595, 21.586851162104175, 14.570423789439086, 10.499020895797932, 25.183564818749918, 21.899971851870966, 28.319082998723484, 21.058524809475493, 22.911393838450127, 19.474855130941762, 19.474855130941762, 19.474855130941762, 19.474855130941762, 19.474855130941762, 19.474855130941762, 19.474855130941762, 19.474855130941762, 19.474855130941762, 19.474855130941762, 19.474855130941762, 19.474855130941762, 19.474855130941762, 19.474855130941762, 19.474855130941762, 12.770430289268512, 12.76013370856679, 10.228961080826563, 24.414637088117487, 28.697062552221585, 25.426718251486, 15.145212372702714, 19.360533564719987, 1.4150110262665865, 16.722926746733382, 26.00414860593395, 27.290564804015638, 9.47769937752344, 18.23380186137672, 22.795275609769472, 22.104564201263983, 21.209493264528994, 15.816217810953333, 0.9531464130189979, 1.2254458790944036, 23.264818610214796, 23.264818610214796, 9.47769937752344, 1.2254458790944036, 15.816217810953333, 28.697062552221585, 21.209493264528994, 0.9531464130189979, 1.4150110262665865, 15.145212372702714, 18.85089874647642, 9.41662594913046, 25.031135998702812, 19.515339073739813, 4.1271241285595135, 6.513525240595133, 18.51764936673053, 0.0, 12.285163476481806, 18.012209498129323, 25.52236759141662, 22.878556521248655, 20.54491132605631, 22.98446918383483, 28.850386320496323, 6.109774769089507, 12.024514041875037, 22.4266645368351, 5.486733435952041, 12.418775184788794, 9.694325175403723, 29.1431053173595, 21.586851162104175, 14.570423789439086, 10.499020895797932, 25.183564818749918, 21.899971851870966, 28.319082998723484, 21.058524809475493, 22.911393838450127, 19.474855130941762, 19.474855130941762, 19.474855130941762, 19.474855130941762, 19.474855130941762, 19.474855130941762, 19.474855130941762, 19.474855130941762, 19.474855130941762, 19.474855130941762, 19.474855130941762, 19.474855130941762, 19.474855130941762, 19.474855130941762, 19.474855130941762], [19.993676713468464, 14.533378570806859, 15.63747882713296, 16.620841910510862, 10.922606349518901, 6.413786525886815, 10.206367161349819, 12.285163476481806, 0.0, 22.543174687738837, 16.10022840823841, 21.818476793774963, 24.68440651541934, 14.054507207860572, 22.857065772229895, 10.422142180658579, 1.501824110601665, 23.842041066725972, 8.831821614242749, 18.1254417432735, 11.751969839749009, 23.452315288328247, 21.206368484488493, 7.831821807407707, 9.22524880387855, 19.818030316160982, 12.924390029128926, 21.009223394549323, 12.217548587842204, 17.083526973884286, 13.455001737768294, 13.455001737768294, 13.455001737768294, 13.455001737768294, 13.455001737768294, 13.455001737768294, 13.455001737768294, 13.455001737768294, 13.455001737768294, 13.455001737768294, 13.455001737768294, 13.455001737768294, 13.455001737768294, 13.455001737768294, 13.455001737768294, 1.3394686962399782, 7.849510935429848, 4.655566282662816, 22.007792091192606, 22.014792158172575, 16.985752466118594, 5.756583125695052, 7.430418590517384, 11.00278808764171, 4.866831154961936, 22.234689346717577, 20.89629912525818, 10.781544287645833, 20.089480970364534, 22.221028656583073, 23.774198883432334, 8.954982125112888, 18.10494252892159, 13.080193649955381, 12.185319820806315, 21.64147741431558, 21.64147741431558, 10.781544287645833, 12.185319820806315, 18.10494252892159, 22.014792158172575, 8.954982125112888, 13.080193649955381, 11.00278808764171, 5.756583125695052, 19.993676713468464, 14.533378570806859, 15.63747882713296, 16.620841910510862, 10.922606349518901, 6.413786525886815, 10.206367161349819, 12.285163476481806, 0.0, 22.543174687738837, 16.10022840823841, 21.818476793774963, 24.68440651541934, 14.054507207860572, 22.857065772229895, 10.422142180658579, 1.501824110601665, 23.842041066725972, 8.831821614242749, 18.1254417432735, 11.751969839749009, 23.452315288328247, 21.206368484488493, 7.831821807407707, 9.22524880387855, 19.818030316160982, 12.924390029128926, 21.009223394549323, 12.217548587842204, 17.083526973884286, 13.455001737768294, 13.455001737768294, 13.455001737768294, 13.455001737768294, 13.455001737768294, 13.455001737768294, 13.455001737768294, 13.455001737768294, 13.455001737768294, 13.455001737768294, 13.455001737768294, 13.455001737768294, 13.455001737768294, 13.455001737768294, 13.455001737768294], [5.68496625122126, 8.969929551310347, 23.66783591789734, 11.824865793773899, 14.720012383521428, 17.63936504979292, 19.138173064336087, 18.012209498129323, 22.543174687738837, 0.0, 24.01050281071543, 10.018154079895197, 2.533079486011517, 21.773169902911782, 20.477946200389823, 13.578052940650522, 21.17672204035177, 6.383507660443085, 15.447549663277545, 5.5935543369614935, 10.896457652440393, 20.214194018857444, 8.523540699593195, 16.976778364949425, 13.346404757582164, 17.37168497797103, 21.326089164197334, 22.188722934272338, 20.751109063804762, 17.008244097495204, 16.226098337074223, 16.226098337074223, 16.226098337074223, 16.226098337074223, 16.226098337074223, 16.226098337074223, 16.226098337074223, 16.226098337074223, 16.226098337074223, 16.226098337074223, 16.226098337074223, 16.226098337074223, 16.226098337074223, 16.226098337074223, 16.226098337074223, 21.813035096948923, 15.563395697540832, 17.888070637240205, 12.669933478027126, 21.438830804203707, 22.282431809748424, 19.89144641491362, 25.463230208333528, 18.714615746219458, 23.765647167238406, 15.47066743280196, 20.111893246181683, 11.835409272631765, 4.584409392932841, 9.285789365222703, 5.873324643980584, 28.212862661043708, 4.955744184982317, 17.428957594290768, 19.235782157248437, 10.998967142681717, 10.998967142681717, 11.835409272631765, 19.235782157248437, 4.955744184982317, 21.438830804203707, 28.212862661043708, 17.428957594290768, 18.714615746219458, 19.89144641491362, 5.68496625122126, 8.969929551310347, 23.66783591789734, 11.824865793773899, 14.720012383521428, 17.63936504979292, 19.138173064336087, 18.012209498129323, 22.543174687738837, 0.0, 24.01050281071543, 10.018154079895197, 2.533079486011517, 21.773169902911782, 20.477946200389823, 13.578052940650522, 21.17672204035177, 6.383507660443085, 15.447549663277545, 5.5935543369614935, 10.896457652440393, 20.214194018857444, 8.523540699593195, 16.976778364949425, 13.346404757582164, 17.37168497797103, 21.326089164197334, 22.188722934272338, 20.751109063804762, 17.008244097495204, 16.226098337074223, 16.226098337074223, 16.226098337074223, 16.226098337074223, 16.226098337074223, 16.226098337074223, 16.226098337074223, 16.226098337074223, 16.226098337074223, 16.226098337074223, 16.226098337074223, 16.226098337074223, 16.226098337074223, 16.226098337074223, 16.226098337074223], [18.625279943683395, 21.225247993049024, 0.4918772237648822, 12.29150767745818, 22.101495765680756, 19.199173588195993, 7.016842146131131, 25.52236759141662, 16.10022840823841, 24.01050281071543, 0.0, 16.483538864435488, 24.816563884609533, 2.61302943106923, 9.755177932525557, 20.329017035030144, 15.200898012351065, 20.86216011920614, 20.14501998014869, 23.058523700615492, 18.22323074307802, 10.59850671275186, 17.13897551572087, 10.984690391470666, 15.780695536564856, 9.093303378988184, 3.6290667412507167, 6.565730588326629, 4.471739418362742, 7.607256301151394, 7.912915449121401, 7.912915449121401, 7.912915449121401, 7.912915449121401, 7.912915449121401, 7.912915449121401, 7.912915449121401, 7.912915449121401, 7.912915449121401, 7.912915449121401, 7.912915449121401, 7.912915449121401, 7.912915449121401, 7.912915449121401, 7.912915449121401, 14.841991424045412, 12.923801943709428, 15.480743311205707, 14.65386339845437, 8.176484234775586, 2.4259236145784473, 10.815617072146752, 10.348751404695522, 24.708291211494704, 11.815333250267829, 12.743123852796344, 7.911012973727754, 17.686291837778985, 19.554878349599033, 17.348406392020227, 21.15388479212792, 11.822861240929997, 19.321018216545895, 25.94431780780687, 26.015345893574843, 15.608730181027601, 15.608730181027601, 17.686291837778985, 26.015345893574843, 19.321018216545895, 8.176484234775586, 11.822861240929997, 25.94431780780687, 24.708291211494704, 10.815617072146752, 18.625279943683395, 21.225247993049024, 0.4918772237648822, 12.29150767745818, 22.101495765680756, 19.199173588195993, 7.016842146131131, 25.52236759141662, 16.10022840823841, 24.01050281071543, 0.0, 16.483538864435488, 24.816563884609533, 2.61302943106923, 9.755177932525557, 20.329017035030144, 15.200898012351065, 20.86216011920614, 20.14501998014869, 23.058523700615492, 18.22323074307802, 10.59850671275186, 17.13897551572087, 10.984690391470666, 15.780695536564856, 9.093303378988184, 3.6290667412507167, 6.565730588326629, 4.471739418362742, 7.607256301151394, 7.912915449121401, 7.912915449121401, 7.912915449121401, 7.912915449121401, 7.912915449121401, 7.912915449121401, 7.912915449121401, 7.912915449121401, 7.912915449121401, 7.912915449121401, 7.912915449121401, 7.912915449121401, 7.912915449121401, 7.912915449121401, 7.912915449121401], [4.829905457825031, 13.904165986793343, 16.27821021892511, 5.419817093865668, 18.80056611723563, 19.48636505652883, 14.177869014577801, 22.878556521248655, 21.818476793774963, 10.018154079895197, 16.483538864435488, 0.0, 9.592295566553721, 14.884519147695066, 10.696690148404645, 16.93186840791897, 20.3179835240719, 4.654224398884453, 18.285022709689137, 12.761839482013675, 13.27549933831065, 10.329677141699449, 1.565689721547143, 14.2152602124167, 13.76347297193875, 8.132358392160166, 14.90726854432573, 12.937146295737026, 14.655378832625477, 8.876283442305446, 10.156771215637542, 10.156771215637542, 10.156771215637542, 10.156771215637542, 10.156771215637542, 10.156771215637542, 10.156771215637542, 10.156771215637542, 10.156771215637542, 10.156771215637542, 10.156771215637542, 10.156771215637542, 10.156771215637542, 10.156771215637542, 10.156771215637542, 20.66310191279476, 13.995932502857842, 17.722270983991628, 2.6745292108221133, 11.888018221004673, 14.289181353940828, 17.066032879823915, 21.621198202289953, 22.993986190490144, 20.885341540650888, 5.52906234043948, 10.719445808818284, 13.730967066283485, 5.938784311626805, 0.9041344402201388, 5.0696892333878445, 24.28231164641778, 7.772266815460692, 22.66641744502965, 23.965681017733264, 1.0384812374147736, 1.0384812374147736, 13.730967066283485, 23.965681017733264, 7.772266815460692, 11.888018221004673, 24.28231164641778, 22.66641744502965, 22.993986190490144, 17.066032879823915, 4.829905457825031, 13.904165986793343, 16.27821021892511, 5.419817093865668, 18.80056611723563, 19.48636505652883, 14.177869014577801, 22.878556521248655, 21.818476793774963, 10.018154079895197, 16.483538864435488, 0.0, 9.592295566553721, 14.884519147695066, 10.696690148404645, 16.93186840791897, 20.3179835240719, 4.654224398884453, 18.285022709689137, 12.761839482013675, 13.27549933831065, 10.329677141699449, 1.565689721547143, 14.2152602124167, 13.76347297193875, 8.132358392160166, 14.90726854432573, 12.937146295737026, 14.655378832625477, 8.876283442305446, 10.156771215637542, 10.156771215637542, 10.156771215637542, 10.156771215637542, 10.156771215637542, 10.156771215637542, 10.156771215637542, 10.156771215637542, 10.156771215637542, 10.156771215637542, 10.156771215637542, 10.156771215637542, 10.156771215637542, 10.156771215637542, 10.156771215637542], [6.196883911676289, 11.452838501547287, 24.510384315981543, 12.52556795743692, 17.221379148097096, 20.0093810021706, 20.49503394500033, 20.54491132605631, 24.68440651541934, 2.533079486011517, 24.816563884609533, 9.592295566553721, 0.0, 22.72824987518563, 20.283278871876693, 16.02294713839143, 23.28287134592545, 5.2265831226450015, 17.87642243427032, 8.126486431728807, 13.182689112273689, 19.920285753732152, 8.282700897123078, 18.70083196350366, 15.45922651373753, 17.476975551421894, 22.394519981382825, 22.3330575462495, 21.887762112448325, 17.510250253272925, 17.250997657574406, 17.250997657574406, 17.250997657574406, 17.250997657574406, 17.250997657574406, 17.250997657574406, 17.250997657574406, 17.250997657574406, 17.250997657574406, 17.250997657574406, 17.250997657574406, 17.250997657574406, 17.250997657574406, 17.250997657574406, 17.250997657574406, 23.887700855386413, 17.447341519469617, 20.034603323989362, 12.254511844891397, 21.412414543857743, 22.921979604486303, 21.67331102847755, 27.1490288031751, 21.23957054129353, 25.6003159029257, 15.117316961861352, 20.16923402180061, 14.094321432195153, 5.369553323940399, 8.746525579899282, 4.716506405526923, 29.911325774346203, 6.669996903002929, 19.9613943963903, 21.76831598211983, 10.626457766996523, 10.626457766996523, 14.094321432195153, 21.76831598211983, 6.669996903002929, 21.412414543857743, 29.911325774346203, 19.9613943963903, 21.23957054129353, 21.67331102847755, 6.196883911676289, 11.452838501547287, 24.510384315981543, 12.52556795743692, 17.221379148097096, 20.0093810021706, 20.49503394500033, 20.54491132605631, 24.68440651541934, 2.533079486011517, 24.816563884609533, 9.592295566553721, 0.0, 22.72824987518563, 20.283278871876693, 16.02294713839143, 23.28287134592545, 5.2265831226450015, 17.87642243427032, 8.126486431728807, 13.182689112273689, 19.920285753732152, 8.282700897123078, 18.70083196350366, 15.45922651373753, 17.476975551421894, 22.394519981382825, 22.3330575462495, 21.887762112448325, 17.510250253272925, 17.250997657574406, 17.250997657574406, 17.250997657574406, 17.250997657574406, 17.250997657574406, 17.250997657574406, 17.250997657574406, 17.250997657574406, 17.250997657574406, 17.250997657574406, 17.250997657574406, 17.250997657574406, 17.250997657574406, 17.250997657574406, 17.250997657574406], [16.53502635063084, 18.638953165538467, 2.144392358360678, 10.252409246159756, 19.513695007702204, 16.719365591309817, 4.468970444909517, 22.98446918383483, 14.054507207860572, 21.773169902911782, 2.61302943106923, 14.884519147695066, 22.72824987518563, 0.0, 9.960067692439418, 17.72718429583641, 13.03284156618497, 19.05898001393041, 17.580321539169994, 20.55936771706044, 15.617467267111959, 10.739586496255452, 15.35757637755636, 8.420684915931387, 13.169316865530549, 8.310935036366983, 1.1450865255221103, 7.301586143311583, 1.9512135507265518, 6.197528894369375, 5.552388508714542, 5.552388508714542, 5.552388508714542, 5.552388508714542, 5.552388508714542, 5.552388508714542, 5.552388508714542, 5.552388508714542, 5.552388508714542, 5.552388508714542, 5.552388508714542, 5.552388508714542, 5.552388508714542, 5.552388508714542, 5.552388508714542, 12.753087028390338, 10.332898278997696, 13.032185279356622, 13.360252939678112, 8.65109433029273, 2.9642573563905303, 8.533054029642894, 9.168360601263595, 22.203971325902568, 10.140435730346356, 11.86553856225037, 7.94803765670456, 15.074124877024262, 17.40251282472706, 15.70881027888537, 19.30923384852766, 11.138965140075525, 16.99293523410209, 23.386101460656132, 23.508414407293284, 14.094869549705644, 14.094869549705644, 15.074124877024262, 23.508414407293284, 16.99293523410209, 8.65109433029273, 11.138965140075525, 23.386101460656132, 22.203971325902568, 8.533054029642894, 16.53502635063084, 18.638953165538467, 2.144392358360678, 10.252409246159756, 19.513695007702204, 16.719365591309817, 4.468970444909517, 22.98446918383483, 14.054507207860572, 21.773169902911782, 2.61302943106923, 14.884519147695066, 22.72824987518563, 0.0, 9.960067692439418, 17.72718429583641, 13.03284156618497, 19.05898001393041, 17.580321539169994, 20.55936771706044, 15.617467267111959, 10.739586496255452, 15.35757637755636, 8.420684915931387, 13.169316865530549, 8.310935036366983, 1.1450865255221103, 7.301586143311583, 1.9512135507265518, 6.197528894369375, 5.552388508714542, 5.552388508714542, 5.552388508714542, 5.552388508714542, 5.552388508714542, 5.552388508714542, 5.552388508714542, 5.552388508714542, 5.552388508714542, 5.552388508714542, 5.552388508714542, 5.552388508714542, 5.552388508714542, 5.552388508714542, 5.552388508714542], [14.856406504427529, 21.632008074804872, 9.876041621252945, 9.953486073536343, 24.826123339580622, 23.541128521789634, 12.696730125543189, 28.850386320496323, 22.857065772229895, 20.477946200389823, 9.755177932525557, 10.696690148404645, 20.283278871876693, 9.960067692439418, 0.0, 22.825817418029754, 21.568243444683414, 15.279842398710263, 23.452377146913317, 21.894567917375685, 19.579526987103744, 0.8556932758566373, 12.036055302967174, 15.504299905418353, 18.366912635521327, 3.709485367025213, 10.79803274022602, 3.416802794250771, 11.204109183955593, 6.0409874342990015, 9.732026069407139, 9.732026069407139, 9.732026069407139, 9.732026069407139, 9.732026069407139, 9.732026069407139, 9.732026069407139, 9.732026069407139, 9.732026069407139, 9.732026069407139, 9.732026069407139, 9.732026069407139, 9.732026069407139, 9.732026069407139, 9.732026069407139, 21.518389708887117, 16.664962402006008, 20.38960385153521, 8.065375531489044, 1.7396050031099368, 7.43709954917333, 17.106371366640992, 19.085075758274765, 28.46943012571346, 19.7192047981385, 5.219530591662326, 2.030660769410834, 19.51737634160989, 16.009733176856475, 11.564335730772374, 15.730381654875853, 21.09041254204319, 17.017673794293252, 28.963305279730644, 29.68315460975918, 9.659563054814518, 9.659563054814518, 19.51737634160989, 29.68315460975918, 17.017673794293252, 1.7396050031099368, 21.09041254204319, 28.963305279730644, 28.46943012571346, 17.106371366640992, 14.856406504427529, 21.632008074804872, 9.876041621252945, 9.953486073536343, 24.826123339580622, 23.541128521789634, 12.696730125543189, 28.85