{"num_workers": 45, "num_roles": 3, "num_nodes": 120, "w": [[0, 0], [180, 180], [30, 30], [150, 150], [120, 120], [210, 210], [390, 390], [60, 60], [180, 180], [0, 0], [0, 0], [30, 30], [240, 240], [210, 210], [30, 30], [180, 180], [150, 150], [30, 30], [90, 90], [0, 0], [300, 300], [240, 240], [300, 300], [30, 30], [30, 30], [270, 270], [60, 60], [300, 300], [60, 60], [210, 210], [0, 0], [0, 0], [0, 0], [0, 0], [0, 0], [0, 0], [0, 0], [0, 0], [0, 0], [0, 0], [0, 0], [0, 0], [0, 0], [0, 0], [0, 0], [300, 360], [180, 360], [180, 390], [360, 420], [60, 450], [30, 330], [120, 420], [60, 210], [90, 390], [240, 450], [60, 300], [150, 420], [30, 360], [180, 330], [30, 300], [60, 390], [60, 390], [300, 420], [270, 360], [60, 360], [330, 420], [120, 420], [60, 210], [180, 330], [30, 300], [240, 450], [60, 390], [360, 420], [60, 360], [180, 360], [180, 180], [330, 330], [270, 270], [390, 390], [450, 450], [420, 420], [450, 450], [450, 450], [300, 300], [150, 150], [270, 270], [360, 360], [390, 390], [420, 420], [180, 180], [420, 420], [480, 480], [360, 360], [420, 420], [360, 360], [360, 360], [300, 300], [450, 450], [480, 480], [480, 480], [360, 360], [330, 330], [360, 360], [270, 270], [240, 240], [480, 480], [480, 480], [480, 480], [480, 480], [480, 480], [480, 480], [480, 480], [480, 480], [480, 480], [480, 480], [480, 480], [480, 480], [480, 480], [480, 480], [480, 480]], "p": [0, 0, 0, 0, 0, 0, 0, 0, 0, 0, 0, 0, 0, 0, 0, 0, 0, 0, 0, 0, 0, 0, 0, 0, 0, 0, 0, 0, 0, 0, 0, 0, 0, 0, 0, 0, 0, 0, 0, 0, 0, 0, 0, 0, 0, 49.96086354752727, 60.69893594197393, 74.98993763412642, 72.73075573248319, 53.06830516840939, 42.15186582532119, 49.58670612129985, 63.154093099567326, 40.16730288753308, 41.48826669774106, 74.34780969172877, 49.99949197251007, 50.95563400001496, 65.75481638423203, 67.77899120474771, 66.87003669141689, 74.75513647960054, 66.97886093476427, 64.82720762073812, 57.601980856860514, 62.60438532246747, 24.793353060649924, 31.577046549783663, 32.877408192116015, 33.889495602373856, 20.74413334887053, 33.43501834570844, 36.365377866241595, 28.800990428430257, 30.349467970986964, 0, 0, 0, 0, 0, 0, 0, 0, 0, 0, 0, 0, 0, 0, 0, 0, 0, 0, 0, 0, 0, 0, 0, 0, 0, 0, 0, 0, 0, 0, 0, 0, 0, 0, 0, 0, 0, 0, 0, 0, 0, 0, 0, 0, 0], "e": [[1, 1, 0], [1, 1, 0], [1, 1, 0], [1, 1, 0], [1, 0, 1], [1, 1, 0], [1, 0, 1], [1, 0, 1], [0, 1, 0], [1, 1, 0], [0, 1, 1], [0, 1, 0], [0, 1, 0], [1, 1, 0], [1, 1, 0], [1, 1, 0], [0, 1, 1], [1, 1, 0], [0, 1, 1], [1, 1, 0], [0, 1, 1], [0, 1, 0], [0, 1, 0], [0, 1, 0], [1, 1, 0], [0, 1, 1], [0, 1, 1], [1, 1, 0], [0, 1, 0], [0, 1, 1], [0, 1, 0], [0, 1, 1], [0, 1, 1], [0, 1, 1], [1, 1, 0], [0, 0, 1], [0, 1, 0], [1, 0, 0], [0, 0, 1], [0, 1, 0], [0, 1, 0], [0, 0, 1], [0, 0, 1], [0, 1, 0], [0, 0, 1]], "d": [[1, 1, 1, 1, 1, 0, 1, 1, 0, 0, 1, 0, 1, 1, 1, 1, 1, 1, 0, 1, 1, 2, 2, 2, 2, 0, 2, 2, 2, 2], [0, 0, 0, 0, 0, 0, 0, 0, 0, 0, 0, 0, 0, 0, 0, 0, 0, 0, 0, 0, 0, 0, 0, 0, 0, 0, 0, 0, 0, 0], [2, 0, 2, 0, 0, 2, 0, 0, 2, 2, 0, 2, 2, 2, 2, 0, 2, 2, 2, 0, 0, 0, 0, 4, 4, 4, 0, 0, 0, 0]], "r": [4829, 506, 2234, 385, 778, 3218, 4512, 569, 2498, 849, 2812, 3866, 826, 2692, 3866, 2474, 4511, 4060, 2170, 267, 176, 4512, 569, 2692, 3866, 849, 2474, 385, 267, 506], "g": [[0, 0, 0, 0, 0, 0, 0, 0, 0, 0, 0, 0, 0, 0, 0, 0, 0, 0, 0, 0, 0, 0, 0, 0, 0, 0, 0, 0, 0, 0], [0, 0, 0, 0, 0, 0, 0, 0, 0, 0, 0, 0, 0, 0, 0, 0, 0, 0, 0, 0, 0, 0, 0, 0, 0, 0, 0, 0, 0, 1], [0, 0, 0, 0, 0, 0, 0, 0, 0, 0, 0, 0, 0, 0, 0, 0, 0, 0, 0, 0, 0, 0, 0, 0, 0, 0, 0, 0, 0, 0], [0, 0, 0, 0, 0, 0, 0, 0, 0, 0, 0, 0, 0, 0, 0, 0, 0, 0, 0, 0, 0, 0, 0, 0, 0, 0, 0, 1, 0, 0], [0, 0, 0, 0, 0, 0, 0, 0, 0, 0, 0, 0, 0, 0, 0, 0, 0, 0, 0, 0, 0, 0, 0, 0, 0, 0, 0, 0, 0, 0], [0, 0, 0, 0, 0, 0, 0, 0, 0, 0, 0, 0, 0, 0, 0, 0, 0, 0, 0, 0, 0, 0, 0, 0, 0, 0, 0, 0, 0, 0], [0, 0, 0, 0, 0, 0, 0, 0, 0, 0, 0, 0, 0, 0, 0, 0, 0, 0, 0, 0, 0, 1, 0, 0, 0, 0, 0, 0, 0, 0], [0, 0, 0, 0, 0, 0, 0, 0, 0, 0, 0, 0, 0, 0, 0, 0, 0, 0, 0, 0, 0, 0, 1, 0, 0, 0, 0, 0, 0, 0], [0, 0, 0, 0, 0, 0, 0, 0, 0, 0, 0, 0, 0, 0, 0, 0, 0, 0, 0, 0, 0, 0, 0, 0, 0, 0, 0, 0, 0, 0], [0, 0, 0, 0, 0, 0, 0, 0, 0, 0, 0, 0, 0, 0, 0, 0, 0, 0, 0, 0, 0, 0, 0, 0, 0, 1, 0, 0, 0, 0], [0, 0, 0, 0, 0, 0, 0, 0, 0, 0, 0, 0, 0, 0, 0, 0, 0, 0, 0, 0, 0, 0, 0, 0, 0, 0, 0, 0, 0, 0], [0, 0, 0, 0, 0, 0, 0, 0, 0, 0, 0, 0, 0, 0, 0, 0, 0, 0, 0, 0, 0, 0, 0, 0, 0, 0, 0, 0, 0, 0], [0, 0, 0, 0, 0, 0, 0, 0, 0, 0, 0, 0, 0, 0, 0, 0, 0, 0, 0, 0, 0, 0, 0, 0, 0, 0, 0, 0, 0, 0], [0, 0, 0, 0, 0, 0, 0, 0, 0, 0, 0, 0, 0, 0, 0, 0, 0, 0, 0, 0, 0, 0, 0, 1, 0, 0, 0, 0, 0, 0], [0, 0, 0, 0, 0, 0, 0, 0, 0, 0, 0, 0, 0, 0, 0, 0, 0, 0, 0, 0, 0, 0, 0, 0, 1, 0, 0, 0, 0, 0], [0, 0, 0, 0, 0, 0, 0, 0, 0, 0, 0, 0, 0, 0, 0, 0, 0, 0, 0, 0, 0, 0, 0, 0, 0, 0, 1, 0, 0, 0], [0, 0, 0, 0, 0, 0, 0, 0, 0, 0, 0, 0, 0, 0, 0, 0, 0, 0, 0, 0, 0, 0, 0, 0, 0, 0, 0, 0, 0, 0], [0, 0, 0, 0, 0, 0, 0, 0, 0, 0, 0, 0, 0, 0, 0, 0, 0, 0, 0, 0, 0, 0, 0, 0, 0, 0, 0, 0, 0, 0], [0, 0, 0, 0, 0, 0, 0, 0, 0, 0, 0, 0, 0, 0, 0, 0, 0, 0, 0, 0, 0, 0, 0, 0, 0, 0, 0, 0, 0, 0], [0, 0, 0, 0, 0, 0, 0, 0, 0, 0, 0, 0, 0, 0, 0, 0, 0, 0, 0, 0, 0, 0, 0, 0, 0, 0, 0, 0, 1, 0], [0, 0, 0, 0, 0, 0, 0, 0, 0, 0, 0, 0, 0, 0, 0, 0, 0, 0, 0, 0, 0, 0, 0, 0, 0, 0, 0, 0, 0, 0], [0, 0, 0, 0, 0, 0, 1, 0, 0, 0, 0, 0, 0, 0, 0, 0, 0, 0, 0, 0, 0, 0, 0, 0, 0, 0, 0, 0, 0, 0], [0, 0, 0, 0, 0, 0, 0, 1, 0, 0, 0, 0, 0, 0, 0, 0, 0, 0, 0, 0, 0, 0, 0, 0, 0, 0, 0, 0, 0, 0], [0, 0, 0, 0, 0, 0, 0, 0, 0, 0, 0, 0, 0, 1, 0, 0, 0, 0, 0, 0, 0, 0, 0, 0, 0, 0, 0, 0, 0, 0], [0, 0, 0, 0, 0, 0, 0, 0, 0, 0, 0, 0, 0, 0, 1, 0, 0, 0, 0, 0, 0, 0, 0, 0, 0, 0, 0, 0, 0, 0], [0, 0, 0, 0, 0, 0, 0, 0, 0, 1, 0, 0, 0, 0, 0, 0, 0, 0, 0, 0, 0, 0, 0, 0, 0, 0, 0, 0, 0, 0], [0, 0, 0, 0, 0, 0, 0, 0, 0, 0, 0, 0, 0, 0, 0, 1, 0, 0, 0, 0, 0, 0, 0, 0, 0, 0, 0, 0, 0, 0], [0, 0, 0, 1, 0, 0, 0, 0, 0, 0, 0, 0, 0, 0, 0, 0, 0, 0, 0, 0, 0, 0, 0, 0, 0, 0, 0, 0, 0, 0], [0, 0, 0, 0, 0, 0, 0, 0, 0, 0, 0, 0, 0, 0, 0, 0, 0, 0, 0, 1, 0, 0, 0, 0, 0, 0, 0, 0, 0, 0], [0, 1, 0, 0, 0, 0, 0, 0, 0, 0, 0, 0, 0, 0, 0, 0, 0, 0, 0, 0, 0, 0, 0, 0, 0, 0, 0, 0, 0, 0]], "t": [[0.0, 7.364256192862126, 11.217094481424178, 7.313429487672961, 4.340192444179491, 14.20518700197647, 3.3027937655064754, 3.717531153581784, 10.200120634030158, 6.599580556964421, 19.07379236810927, 9.014346350695172, 18.838418055266423, 12.751545768024704, 18.744201455775944, 12.245940471747078, 11.659881573749184, 8.11696625607282, 21.161273442066634, 9.572289033601802, 16.202892459726527, 6.1149845297481935, 10.481045556764613, 7.29787173154639, 7.198018477617618, 14.995538649099785, 14.422402941246302, 20.113755626906087, 7.640514551993402, 5.643651558480603, 10.622544483020695, 10.622544483020695, 10.622544483020695, 10.622544483020695, 10.622544483020695, 10.622544483020695, 10.622544483020695, 10.622544483020695, 10.622544483020695, 10.622544483020695, 10.622544483020695, 10.622544483020695, 10.622544483020695, 10.622544483020695, 10.622544483020695, 3.2400339481886378, 6.245731687503314, 16.236285878809333, 4.003940118793701, 7.546757981112719, 2.143677423920831, 10.085209915972715, 14.708966333794734, 4.494570426107155, 14.495994913913277, 9.617179667317425, 9.46665941952547, 6.785022935576853, 12.944493384914114, 15.908370135674105, 12.664568439917074, 4.778440561799692, 18.21041581348323, 3.4971593497660334, 16.3051825278067, 12.071925396570666, 10.085209915972715, 14.708966333794734, 12.944493384914114, 15.908370135674105, 14.495994913913277, 12.664568439917074, 4.003940118793701, 16.3051825278067, 6.245731687503314, 0.0, 7.364256192862126, 11.217094481424178, 7.313429487672961, 4.340192444179491, 14.20518700197647, 3.3027937655064754, 3.717531153581784, 10.200120634030158, 6.599580556964421, 19.07379236810927, 9.014346350695172, 18.838418055266423, 12.751545768024704, 18.744201455775944, 12.245940471747078, 11.659881573749184, 8.11696625607282, 21.161273442066634, 9.572289033601802, 16.202892459726527, 6.1149845297481935, 10.481045556764613, 7.29787173154639, 7.198018477617618, 14.995538649099785, 14.422402941246302, 20.113755626906087, 7.640514551993402, 5.643651558480603, 10.622544483020695, 10.622544483020695, 10.622544483020695, 10.622544483020695, 10.622544483020695, 10.622544483020695, 10.622544483020695, 10.622544483020695, 10.622544483020695, 10.622544483020695, 10.622544483020695, 10.622544483020695, 10.622544483020695, 10.622544483020695, 10.622544483020695], [7.364256192862126, 0.0, 8.014894501541331, 10.935316937194957, 9.453528049248167, 13.81596481966632, 9.739681150251375, 9.430111742709805, 2.982708602271874, 7.7585423219467256, 12.00475118329756, 7.647269192758733, 16.47643564234911, 15.464015331783685, 11.599801313705582, 6.586265206400525, 4.409875292723461, 4.438643735925042, 14.031033491071073, 3.4628759392406745, 10.770700804401374, 4.907944630437471, 4.50589578164373, 11.907994087034556, 1.5560957990562494, 9.899514174518819, 8.694975614566806, 12.749710588233144, 14.92750423150085, 8.073358027279367, 12.709601739835664, 12.709601739835664, 12.709601739835664, 12.709601739835664, 12.709601739835664, 12.709601739835664, 12.709601739835664, 12.709601739835664, 12.709601739835664, 12.709601739835664, 12.709601739835664, 12.709601739835664, 12.709601739835664, 12.709601739835664, 12.709601739835664, 5.945411358466769, 3.746614122153829, 12.668597419590522, 11.167665546802148, 6.735860959392426, 9.493689452507844, 7.533701230813937, 8.721597619712188, 2.896775162366618, 9.010349485873542, 16.81567815440708, 2.9355889422625663, 2.8796867023783057, 11.88680563369223, 17.08233614289647, 9.414525433077731, 11.40346844981661, 18.18953635979915, 7.312937996866103, 12.284577695118932, 4.773880182533999, 7.533701230813937, 8.721597619712188, 11.88680563369223, 17.08233614289647, 9.010349485873542, 9.414525433077731, 11.167665546802148, 12.284577695118932, 3.746614122153829, 7.364256192862126, 0.0, 8.014894501541331, 10.935316937194957, 9.453528049248167, 13.81596481966632, 9.739681150251375, 9.430111742709805, 2.982708602271874, 7.7585423219467256, 12.00475118329756, 7.647269192758733, 16.47643564234911, 15.464015331783685, 11.599801313705582, 6.586265206400525, 4.409875292723461, 4.438643735925042, 14.031033491071073, 3.4628759392406745, 10.770700804401374, 4.907944630437471, 4.50589578164373, 11.907994087034556, 1.5560957990562494, 9.899514174518819, 8.694975614566806, 12.749710588233144, 14.92750423150085, 8.073358027279367, 12.709601739835664, 12.709601739835664, 12.709601739835664, 12.709601739835664, 12.709601739835664, 12.709601739835664, 12.709601739835664, 12.709601739835664, 12.709601739835664, 12.709601739835664, 12.709601739835664, 12.709601739835664, 12.709601739835664, 12.709601739835664, 12.709601739835664], [11.217094481424178, 8.014894501541331, 0.0, 8.699586238021448, 9.742840171082124, 21.772117673945584, 11.2532515418814, 14.728085583681018, 7.2788792946039615, 15.05345867113118, 16.27380023579161, 15.566947890184915, 24.401264815302223, 22.689266125353903, 15.648737302401551, 3.919109251797734, 9.9755602065918, 12.448205536478415, 17.793828568215496, 11.070111374011509, 17.724052233493918, 12.482945385600438, 11.965814234200863, 18.065591285190635, 6.531058571363057, 17.165195291381515, 15.643794686929587, 14.56450900582853, 18.070629993781566, 6.925601187585672, 20.064638112788888, 20.064638112788888, 20.064638112788888, 20.064638112788888, 20.064638112788888, 20.064638112788888, 20.064638112788888, 20.064638112788888, 20.064638112788888, 20.064638112788888, 20.064638112788888, 20.064638112788888, 20.064638112788888, 20.064638112788888, 20.064638112788888, 12.074465936026993, 5.425747436063896, 20.420991688031595, 13.244097265847476, 3.8991575262562046, 12.97397445535197, 1.2316362970895185, 5.55667269304246, 8.400506898536939, 16.108910043435927, 20.159940818620537, 10.38867341635975, 10.774790877940577, 4.438452647527246, 24.825417449546023, 1.5072727776073815, 15.986037699205395, 26.151009623989296, 8.369385887230123, 19.904130744252512, 9.929066534122521, 1.2316362970895185, 5.55667269304246, 4.438452647527246, 24.825417449546023, 16.108910043435927, 1.5072727776073815, 13.244097265847476, 19.904130744252512, 5.425747436063896, 11.217094481424178, 8.014894501541331, 0.0, 8.699586238021448, 9.742840171082124, 21.772117673945584, 11.2532515418814, 14.728085583681018, 7.2788792946039615, 15.05345867113118, 16.27380023579161, 15.566947890184915, 24.401264815302223, 22.689266125353903, 15.648737302401551, 3.919109251797734, 9.9755602065918, 12.448205536478415, 17.793828568215496, 11.070111374011509, 17.724052233493918, 12.482945385600438, 11.965814234200863, 18.065591285190635, 6.531058571363057, 17.165195291381515, 15.643794686929587, 14.56450900582853, 18.070629993781566, 6.925601187585672, 20.064638112788888, 20.064638112788888, 20.064638112788888, 20.064638112788888, 20.064638112788888, 20.064638112788888, 20.064638112788888, 20.064638112788888, 20.064638112788888, 20.064638112788888, 20.064638112788888, 20.064638112788888, 20.064638112788888, 20.064638112788888, 20.064638112788888], [7.313429487672961, 10.935316937194957, 8.699586238021448, 0.0, 3.0869487327900056, 21.416050535940993, 4.809608441661642, 10.72317329868972, 12.572719447233505, 13.770642362302286, 22.556011055783614, 15.808829270362104, 25.714215523764782, 19.942868980881624, 22.053719925542378, 11.85023444287123, 15.044254808943297, 13.942429598996233, 24.438089152613024, 14.262161080710381, 21.571546761960896, 12.53312848675624, 15.314181512365977, 14.266694027939032, 9.72209280875732, 20.565712183911256, 19.545573637990497, 22.106241080828564, 11.054988317555566, 2.865898180151471, 17.92380772614783, 17.92380772614783, 17.92380772614783, 17.92380772614783, 17.92380772614783, 17.92380772614783, 17.92380772614783, 17.92380772614783, 17.92380772614783, 17.92380772614783, 17.92380772614783, 17.92380772614783, 17.92380772614783, 17.92380772614783, 17.92380772614783, 10.213407151302217, 7.4146987021927515, 22.628583493485863, 6.419895886036927, 5.405893120890196, 7.66354947199845, 7.5435451184093285, 14.034897765767568, 8.742091217138416, 19.796793997462245, 13.0395086087507, 13.83507307767245, 12.171841111683609, 7.698065029687063, 23.216918742863736, 9.585783799386864, 10.782529723537873, 25.4997361071752, 4.2351715598746, 22.49632218141061, 15.275135827006473, 7.5435451184093285, 14.034897765767568, 7.698065029687063, 23.216918742863736, 19.796793997462245, 9.585783799386864, 6.419895886036927, 22.49632218141061, 7.4146987021927515, 7.313429487672961, 10.935316937194957, 8.699586238021448, 0.0, 3.0869487327900056, 21.416050535940993, 4.809608441661642, 10.72317329868972, 12.572719447233505, 13.770642362302286, 22.556011055783614, 15.808829270362104, 25.714215523764782, 19.942868980881624, 22.053719925542378, 11.85023444287123, 15.044254808943297, 13.942429598996233, 24.438089152613024, 14.262161080710381, 21.571546761960896, 12.53312848675624, 15.314181512365977, 14.266694027939032, 9.72209280875732, 20.565712183911256, 19.545573637990497, 22.106241080828564, 11.054988317555566, 2.865898180151471, 17.92380772614783, 17.92380772614783, 17.92380772614783, 17.92380772614783, 17.92380772614783, 17.92380772614783, 17.92380772614783, 17.92380772614783, 17.92380772614783, 17.92380772614783, 17.92380772614783, 17.92380772614783, 17.92380772614783, 17.92380772614783, 17.92380772614783], [4.340192444179491, 9.453528049248167, 9.742840171082124, 3.0869487327900056, 0.0, 18.539638638798113, 1.8257147452480018, 7.639805197860544, 11.670894592901245, 10.914394979084715, 21.43197469060943, 13.16441326767511, 23.05859807172055, 16.862981113405116, 20.996940551515983, 12.100712729139524, 13.819032389483539, 11.695498554787022, 23.42251073581467, 12.48144886741139, 19.623166607842098, 10.016766782949803, 13.502467605207581, 11.179915009950117, 8.570561596541388, 18.51932974878172, 17.683250021082866, 21.60788031727525, 8.578228340157697, 2.8252553191941896, 14.886632316476701, 14.886632316476701, 14.886632316476701, 14.886632316476701, 14.886632316476701, 14.886632316476701, 14.886632316476701, 14.886632316476701, 14.886632316476701, 14.886632316476701, 14.886632316476701, 14.886632316476701, 14.886632316476701, 14.886632316476701, 14.886632316476701, 7.428294248788163, 6.564056048608759, 20.2168068900927, 3.712627749163303, 5.885163894770237, 4.5912431325121785, 8.511274268135576, 14.493902008504847, 6.809764267027206, 17.860627262577385, 10.647075472637201, 12.17074858961244, 10.048133957254644, 10.00018675990452, 20.186055599245933, 10.944185041532426, 7.7534714833531995, 22.545991079314536, 2.1477936331373955, 20.180469880512085, 14.131555260403907, 8.511274268135576, 14.493902008504847, 10.00018675990452, 20.186055599245933, 17.860627262577385, 10.944185041532426, 3.712627749163303, 20.180469880512085, 6.564056048608759, 4.340192444179491, 9.453528049248167, 9.742840171082124, 3.0869487327900056, 0.0, 18.539638638798113, 1.8257147452480018, 7.639805197860544, 11.670894592901245, 10.914394979084715, 21.43197469060943, 13.16441326767511, 23.05859807172055, 16.862981113405116, 20.996940551515983, 12.100712729139524, 13.819032389483539, 11.695498554787022, 23.42251073581467, 12.48144886741139, 19.623166607842098, 10.016766782949803, 13.502467605207581, 11.179915009950117, 8.570561596541388, 18.51932974878172, 17.683250021082866, 21.60788031727525, 8.578228340157697, 2.8252553191941896, 14.886632316476701, 14.886632316476701, 14.886632316476701, 14.886632316476701, 14.886632316476701, 14.886632316476701, 14.886632316476701, 14.886632316476701, 14.886632316476701, 14.886632316476701, 14.886632316476701, 14.886632316476701, 14.886632316476701, 14.886632316476701, 14.886632316476701], [14.20518700197647, 13.81596481966632, 21.772117673945584, 21.416050535940993, 18.539638638798113, 0.0, 17.353285830861275, 11.634301240694215, 15.666812468420291, 7.645409846184345, 16.936416740592627, 6.208700852749634, 5.692203725797548, 5.9956351980504055, 17.146342966747174, 20.12142573485785, 14.19055521521236, 9.404416718669852, 18.712079801968866, 11.487035588790585, 10.355864804964625, 9.455041610577265, 11.0587348281762, 9.430111925985495, 15.245712764019405, 9.2815627061032, 10.571917584402346, 20.77778755436503, 16.874599147867606, 19.19782704011858, 4.968819169936371, 4.968819169936371, 4.968819169936371, 4.968819169936371, 4.968819169936371, 4.968819169936371, 4.968819169936371, 4.968819169936371, 4.968819169936371, 4.968819169936371, 4.968819169936371, 4.968819169936371, 4.968819169936371, 4.968819169936371, 4.968819169936371, 11.2120987789352, 16.703034128605665, 6.389275045877887, 17.08864934724881, 19.580862471628528, 14.751934487120392, 21.133314393129766, 21.820672609633124, 13.807897443226445, 10.043125759488598, 17.426412802270477, 12.16345884527533, 10.997993136545139, 25.254854374795524, 4.122498553184702, 23.20889947185836, 13.095653869190985, 4.378892907519207, 17.25077113693426, 7.32206107733361, 14.620271141807368, 21.133314393129766, 21.820672609633124, 25.254854374795524, 4.122498553184702, 10.043125759488598, 23.20889947185836, 17.08864934724881, 7.32206107733361, 16.703034128605665, 14.20518700197647, 13.81596481966632, 21.772117673945584, 21.416050535940993, 18.539638638798113, 0.0, 17.353285830861275, 11.634301240694215, 15.666812468420291, 7.645409846184345, 16.936416740592627, 6.208700852749634, 5.692203725797548, 5.9956351980504055, 17.146342966747174, 20.12142573485785, 14.19055521521236, 9.404416718669852, 18.712079801968866, 11.487035588790585, 10.355864804964625, 9.455041610577265, 11.0587348281762, 9.430111925985495, 15.245712764019405, 9.2815627061032, 10.571917584402346, 20.77778755436503, 16.874599147867606, 19.19782704011858, 4.968819169936371, 4.968819169936371, 4.968819169936371, 4.968819169936371, 4.968819169936371, 4.968819169936371, 4.968819169936371, 4.968819169936371, 4.968819169936371, 4.968819169936371, 4.968819169936371, 4.968819169936371, 4.968819169936371, 4.968819169936371, 4.968819169936371], [3.3027937655064754, 9.739681150251375, 11.2532515418814, 4.809608441661642, 1.8257147452480018, 17.353285830861275, 0.0, 6.081164009736798, 12.255680848760665, 9.828005160999243, 21.723404191693643, 12.31534773580404, 22.114404367239963, 15.284303983201713, 21.33503003398501, 13.264298637817106, 14.149151582237986, 11.284655590257382, 23.766132941742942, 12.446740878538483, 19.345869002532076, 9.378865012729019, 13.42043598344764, 9.53588106518264, 9.119214685735932, 18.173751644863145, 17.494863080061595, 22.271306752293977, 6.866059911877921, 4.4635261471385315, 13.445379865219103, 13.445379865219103, 13.445379865219103, 13.445379865219103, 13.445379865219103, 13.445379865219103, 13.445379865219103, 13.445379865219103, 13.445379865219103, 13.445379865219103, 13.445379865219103, 13.445379865219103, 13.445379865219103, 13.445379865219103, 13.445379865219103, 6.542798245339959, 7.416831287680314, 19.53399106132161, 1.995183040531613, 7.354786842316528, 2.89675562523371, 10.02696485984904, 15.706745564832405, 6.898716493704647, 17.611846143703538, 8.951226036148025, 12.23262114394039, 9.799083434847653, 11.79675153899906, 18.741415700347183, 12.52939204930161, 5.9731341834857465, 21.232093400365365, 2.999801355361763, 19.586740746691053, 14.508201158129337, 10.02696485984904, 15.706745564832405, 11.79675153899906, 18.741415700347183, 17.611846143703538, 12.52939204930161, 1.995183040531613, 19.586740746691053, 7.416831287680314, 3.3027937655064754, 9.739681150251375, 11.2532515418814, 4.809608441661642, 1.8257147452480018, 17.353285830861275, 0.0, 6.081164009736798, 12.255680848760665, 9.828005160999243, 21.723404191693643, 12.31534773580404, 22.114404367239963, 15.284303983201713, 21.33503003398501, 13.264298637817106, 14.149151582237986, 11.284655590257382, 23.766132941742942, 12.446740878538483, 19.345869002532076, 9.378865012729019, 13.42043598344764, 9.53588106518264, 9.119214685735932, 18.173751644863145, 17.494863080061595, 22.271306752293977, 6.866059911877921, 4.4635261471385315, 13.445379865219103, 13.445379865219103, 13.445379865219103, 13.445379865219103, 13.445379865219103, 13.445379865219103, 13.445379865219103, 13.445379865219103, 13.445379865219103, 13.445379865219103, 13.445379865219103, 13.445379865219103, 13.445379865219103, 13.445379865219103, 13.445379865219103], [3.717531153581784, 9.430111742709805, 14.728085583681018, 10.72317329868972, 7.639805197860544, 11.634301240694215, 6.081164009736798, 0.0, 12.412820269539008, 4.772486530186408, 20.031543228521258, 7.708906269414649, 16.815691701898036, 9.22507755048087, 19.818920819738942, 15.259274625448084, 13.191644471945127, 8.291795873799975, 22.153371564164964, 10.515398100168838, 15.961750532705848, 6.033575332373224, 11.185810469880053, 3.5969333546187903, 9.799423116636946, 14.647155665225633, 14.50536539591853, 21.822696794193487, 6.355495900638631, 9.340180016727821, 7.399701763497043, 7.399701763497043, 7.399701763497043, 7.399701763497043, 7.399701763497043, 7.399701763497043, 7.399701763497043, 7.399701763497043, 7.399701763497043, 7.399701763497043, 7.399701763497043, 7.399701763497043, 7.399701763497043, 7.399701763497043, 7.399701763497043, 3.524789426657958, 9.481906901425733, 14.956129431497004, 5.471521265067426, 11.191163057895581, 3.235092274507115, 13.64633210801637, 17.666855858192434, 6.989457200799272, 14.423011643335851, 7.856254583681826, 10.659175286110525, 7.702034291028081, 16.659134399976267, 12.67962801404811, 16.20650795622373, 2.198657415613653, 15.281117207585876, 7.197950747746757, 15.254401635256615, 13.663198791492656, 13.64633210801637, 17.666855858192434, 16.659134399976267, 12.67962801404811, 14.423011643335851, 16.20650795622373, 5.471521265067426, 15.254401635256615, 9.481906901425733, 3.717531153581784, 9.430111742709805, 14.728085583681018, 10.72317329868972, 7.639805197860544, 11.634301240694215, 6.081164009736798, 0.0, 12.412820269539008, 4.772486530186408, 20.031543228521258, 7.708906269414649, 16.815691701898036, 9.22507755048087, 19.818920819738942, 15.259274625448084, 13.191644471945127, 8.291795873799975, 22.153371564164964, 10.515398100168838, 15.961750532705848, 6.033575332373224, 11.185810469880053, 3.5969333546187903, 9.799423116636946, 14.647155665225633, 14.50536539591853, 21.822696794193487, 6.355495900638631, 9.340180016727821, 7.399701763497043, 7.399701763497043, 7.399701763497043, 7.399701763497043, 7.399701763497043, 7.399701763497043, 7.399701763497043, 7.399701763497043, 7.399701763497043, 7.399701763497043, 7.399701763497043, 7.399701763497043, 7.399701763497043, 7.399701763497043, 7.399701763497043], [10.200120634030158, 2.982708602271874, 7.2788792946039615, 12.572719447233505, 11.670894592901245, 15.666812468420291, 12.255680848760665, 12.412820269539008, 0.0, 10.442607990693611, 9.989512486532526, 9.75683585074763, 17.461379463316526, 18.024059055510573, 9.481002101809404, 4.525606242224722, 2.7524476029190224, 6.419058577354284, 11.870972533753283, 4.222430969923049, 10.446218811894857, 7.5638592185007045, 4.915910379818446, 14.818176599438024, 3.136878001612786, 9.906985364272206, 8.365159390193202, 10.017872237418713, 17.820347681699403, 9.758926810515362, 15.242050496381433, 15.242050496381433, 15.242050496381433, 15.242050496381433, 15.242050496381433, 15.242050496381433, 15.242050496381433, 15.242050496381433, 15.242050496381433, 15.242050496381433, 15.242050496381433, 15.242050496381433, 15.242050496381433, 15.242050496381433, 15.242050496381433, 8.923104668277121, 5.202825636806258, 13.323297901411829, 13.846562438653905, 7.5593197847178715, 12.343273776309289, 7.269255619652054, 6.199507425275969, 5.711345207953842, 8.836214318282645, 19.741135596485417, 3.5250498248117865, 5.40120818737541, 11.629644653690391, 19.242040850109213, 8.404089775799612, 14.375897266312561, 19.966219803172248, 9.54144311790385, 12.729776012958569, 2.823283935819111, 7.269255619652054, 6.199507425275969, 11.629644653690391, 19.242040850109213, 8.836214318282645, 8.404089775799612, 13.846562438653905, 12.729776012958569, 5.202825636806258, 10.200120634030158, 2.982708602271874, 7.2788792946039615, 12.572719447233505, 11.670894592901245, 15.666812468420291, 12.255680848760665, 12.412820269539008, 0.0, 10.442607990693611, 9.989512486532526, 9.75683585074763, 17.461379463316526, 18.024059055510573, 9.481002101809404, 4.525606242224722, 2.7524476029190224, 6.419058577354284, 11.870972533753283, 4.222430969923049, 10.446218811894857, 7.5638592185007045, 4.915910379818446, 14.818176599438024, 3.136878001612786, 9.906985364272206, 8.365159390193202, 10.017872237418713, 17.820347681699403, 9.758926810515362, 15.242050496381433, 15.242050496381433, 15.242050496381433, 15.242050496381433, 15.242050496381433, 15.242050496381433, 15.242050496381433, 15.242050496381433, 15.242050496381433, 15.242050496381433, 15.242050496381433, 15.242050496381433, 15.242050496381433, 15.242050496381433, 15.242050496381433], [6.599580556964421, 7.7585423219467256, 15.05345867113118, 13.770642362302286, 10.914394979084715, 7.645409846184345, 9.828005160999243, 4.772486530186408, 10.442607990693611, 0.0, 16.152960914849313, 2.956791657285825, 12.31410353487245, 7.731132909410584, 16.04740870992532, 14.327368633186886, 10.250858412225359, 4.584830201382844, 18.254086788611886, 7.2275262803345335, 11.396440198374702, 2.8805472604010043, 7.559071980758309, 4.951812214649948, 8.829826462804446, 10.058478074950044, 10.151057230432345, 18.625853779597566, 11.017002370583148, 11.603785412780518, 5.02553626091539, 5.02553626091539, 5.02553626091539, 5.02553626091539, 5.02553626091539, 5.02553626091539, 5.02553626091539, 5.02553626091539, 5.02553626091539, 5.02553626091539, 5.02553626091539, 5.02553626091539, 5.02553626091539, 5.02553626091539, 5.02553626091539, 3.5767012004710876, 9.683910544362956, 10.18915389491205, 9.857435902999784, 12.317652445819014, 7.455829565860259, 14.22215306237671, 16.47144403270137, 6.680032743142636, 9.977973394765064, 12.27187879917603, 7.631641745565355, 5.041723152792055, 18.056729826346594, 9.90169114061019, 16.55160747275064, 6.815678030357294, 11.796781641897947, 9.616557574891912, 10.484259668735948, 10.749127576089656, 14.22215306237671, 16.47144403270137, 18.056729826346594, 9.90169114061019, 9.977973394765064, 16.55160747275064, 9.857435902999784, 10.484259668735948, 9.683910544362956, 6.599580556964421, 7.7585423219467256, 15.05345867113118, 13.770642362302286, 10.914394979084715, 7.645409846184345, 9.828005160999243, 4.772486530186408, 10.442607990693611, 0.0, 16.152960914849313, 2.956791657285825, 12.31410353487245, 7.731132909410584, 16.04740870992532, 14.327368633186886, 10.250858412225359, 4.584830201382844, 18.254086788611886, 7.2275262803345335, 11.396440198374702, 2.8805472604010043, 7.559071980758309, 4.951812214649948, 8.829826462804446, 10.058478074950044, 10.151057230432345, 18.625853779597566, 11.017002370583148, 11.603785412780518, 5.02553626091539, 5.02553626091539, 5.02553626091539, 5.02553626091539, 5.02553626091539, 5.02553626091539, 5.02553626091539, 5.02553626091539, 5.02553626091539, 5.02553626091539, 5.02553626091539, 5.02553626091539, 5.02553626091539, 5.02553626091539, 5.02553626091539], [19.07379236810927, 12.00475118329756, 16.27380023579161, 22.556011055783614, 21.43197469060943, 16.936416740592627, 21.723404191693643, 20.031543228521258, 9.989512486532526, 16.152960914849313, 0.0, 13.72710212977146, 15.25252846334363, 21.807765643810402, 0.6908207201059454, 12.432080510426426, 7.6129706444019165, 11.781956129179068, 2.121862303155831, 9.588407457988, 6.72222210436941, 14.014218051169308, 8.846170611095882, 21.099377820177345, 12.914899731449962, 7.659335474598593, 6.494512737772119, 4.608961823166356, 26.22036488159938, 19.725509216557796, 19.308555272656534, 19.308555272656534, 19.308555272656534, 19.308555272656534, 19.308555272656534, 19.308555272656534, 19.308555272656534, 19.308555272656534, 19.308555272656534, 19.308555272656534, 19.308555272656534, 19.308555272656534, 19.308555272656534, 19.308555272656534, 19.308555272656534, 16.688181997126872, 15.154917569455023, 11.24954874813023, 23.029801347343138, 17.49341902751746, 21.097135510069055, 16.690106261422546, 11.98765599763058, 14.826753337442808, 6.9497655508593725, 27.8786156841031, 9.611797484406544, 12.45412592007101, 20.673291340584754, 21.056913666247176, 16.883422672025958, 22.22165195349685, 20.14201999824239, 19.28449521756369, 10.220760426233387, 7.315044000174963, 16.690106261422546, 11.98765599763058, 20.673291340584754, 21.056913666247176, 6.9497655508593725, 16.883422672025958, 23.029801347343138, 10.220760426233387, 15.154917569455023, 19.07379236810927, 12.00475118329756, 16.27380023579161, 22.556011055783614, 21.43197469060943, 16.936416740592627, 21.723404191693643, 20.031543228521258, 9.989512486532526, 16.152960914849313, 0.0, 13.72710212977146, 15.25252846334363, 21.807765643810402, 0.6908207201059454, 12.432080510426426, 7.6129706444019165, 11.781956129179068, 2.121862303155831, 9.588407457988, 6.72222210436941, 14.014218051169308, 8.846170611095882, 21.099377820177345, 12.914899731449962, 7.659335474598593, 6.494512737772119, 4.608961823166356, 26.22036488159938, 19.725509216557796, 19.308555272656534, 19.308555272656534, 19.308555272656534, 19.308555272656534, 19.308555272656534, 19.308555272656534, 19.308555272656534, 19.308555272656534, 19.308555272656534, 19.308555272656534, 19.308555272656534, 19.308555272656534, 19.308555272656534, 19.308555272656534, 19.308555272656534], [9.014346350695172, 7.647269192758733, 15.566947890184915, 15.808829270362104, 13.16441326767511, 6.208700852749634, 12.31534773580404, 7.708906269414649, 9.75683585074763, 2.956791657285825, 13.72710212977146, 0.0, 9.909512996406306, 8.587779024372884, 13.702367228562473, 14.088028012534654, 8.808192177566228, 3.340368282291408, 15.78593757594599, 5.808759701071923, 8.520620794990133, 3.35961262304248, 5.744578199785101, 7.570114944192838, 9.046265067610184, 7.17520302477975, 7.457016570745438, 16.651470686044807, 13.97357098693752, 13.359883563560842, 5.8532511849898, 5.8532511849898, 5.8532511849898, 5.8532511849898, 5.8532511849898, 5.8532511849898, 5.8532511849898, 5.8532511849898, 5.8532511849898, 5.8532511849898, 5.8532511849898, 5.8532511849898, 5.8532511849898, 5.8532511849898, 5.8532511849898, 5.779320704710554, 10.520604825592773, 7.321314450655614, 12.59073604806138, 13.446151853353193, 10.19633412251579, 14.926474912228139, 15.956129000097013, 7.687750810545913, 7.2091959654705295, 15.199090042620973, 6.403461414047673, 4.798655487474833, 19.078627412619632, 9.497852639860193, 17.010279557249863, 9.772420279563216, 10.586602041535546, 11.574600621992893, 7.553050526809242, 9.290382682139162, 14.926474912228139, 15.956129000097013, 19.078627412619632, 9.497852639860193, 7.2091959654705295, 17.010279557249863, 12.59073604806138, 7.553050526809242, 10.520604825592773, 9.014346350695172, 7.647269192758733, 15.566947890184915, 15.808829270362104, 13.16441326767511, 6.208700852749634, 12.31534773580404, 7.708906269414649, 9.75683585074763, 2.956791657285825, 13.72710212977146, 0.0, 9.909512996406306, 8.587779024372884, 13.702367228562473, 14.088028012534654, 8.808192177566228, 3.340368282291408, 15.78593757594599, 5.808759701071923, 8.520620794990133, 3.35961262304248, 5.744578199785101, 7.570114944192838, 9.046265067610184, 7.17520302477975, 7.457016570745438, 16.651470686044807, 13.97357098693752, 13.359883563560842, 5.8532511849898, 5.8532511849898, 5.8532511849898, 5.8532511849898, 5.8532511849898, 5.8532511849898, 5.8532511849898, 5.8532511849898, 5.8532511849898, 5.8532511849898, 5.8532511849898, 5.8532511849898, 5.8532511849898, 5.8532511849898, 5.8532511849898], [18.838418055266423, 16.47643564234911, 24.401264815302223, 25.714215523764782, 23.05859807172055, 5.692203725797548, 22.114404367239963, 16.815691701898036, 17.461379463316526, 12.31410353487245, 15.25252846334363, 9.909512996406306, 0.0, 11.47125789501563, 15.669105192222023, 21.95810326076797, 15.27001240548854, 12.21637455180412, 16.57259224277955, 13.356628451891936, 8.721880006975535, 13.199508096096919, 12.548914453417765, 15.01440049859588, 18.026472853614806, 8.314176284153689, 10.036854144122655, 19.684431376262385, 22.421496274228176, 23.214229703867517, 10.649524515100877, 10.649524515100877, 10.649524515100877, 10.649524515100877, 10.649524515100877, 10.649524515100877, 10.649524515100877, 10.649524515100877, 10.649524515100877, 10.649524515100877, 10.649524515100877, 10.649524515100877, 10.649524515100877, 10.649524515100877, 10.649524515100877, 15.638943343341072, 19.932349688667856, 4.342280624785202, 22.142877182262893, 22.9624131651582, 19.74949559665178, 24.006630621396678, 23.15633865191429, 17.360080890720024, 9.431322974015048, 23.07415100867792, 14.052470377181757, 14.050125953578203, 28.357744903819537, 8.307039614581434, 25.708088881242805, 18.493933711863864, 5.800264056429138, 21.479081986642484, 5.24183878927146, 15.57628513032592, 24.006630621396678, 23.15633865191429, 28.357744903819537, 8.307039614581434, 9.431322974015048, 25.708088881242805, 22.142877182262893, 5.24183878927146, 19.932349688667856, 18.838418055266423, 16.47643564234911, 24.401264815302223, 25.714215523764782, 23.05859807172055, 5.692203725797548, 22.114404367239963, 16.815691701898036, 17.461379463316526, 12.31410353487245, 15.25252846334363, 9.909512996406306, 0.0, 11.47125789501563, 15.669105192222023, 21.95810326076797, 15.27001240548854, 12.21637455180412, 16.57259224277955, 13.356628451891936, 8.721880006975535, 13.199508096096919, 12.548914453417765, 15.01440049859588, 18.026472853614806, 8.314176284153689, 10.036854144122655, 19.684431376262385, 22.421496274228176, 23.214229703867517, 10.649524515100877, 10.649524515100877, 10.649524515100877, 10.649524515100877, 10.649524515100877, 10.649524515100877, 10.649524515100877, 10.649524515100877, 10.649524515100877, 10.649524515100877, 10.649524515100877, 10.649524515100877, 10.649524515100877, 10.649524515100877, 10.649524515100877], [12.751545768024704, 15.464015331783685, 22.689266125353903, 19.942868980881624, 16.862981113405116, 5.9956351980504055, 15.284303983201713, 9.22507755048087, 18.024059055510573, 7.731132909410584, 21.807765643810402, 8.587779024372884, 11.47125789501563, 0.0, 21.89249996825484, 22.046304495506778, 17.376112479636053, 11.729902063393508, 23.75243418987733, 14.34291037187387, 15.639118254878882, 10.556407941460192, 14.332284354757686, 5.802765531936195, 16.56002186061603, 14.399328047142337, 15.315997206336002, 25.122626772432323, 12.621133249381117, 18.35946834297612, 2.785009164668781, 2.785009164668781, 2.785009164668781, 2.785009164668781, 2.785009164668781, 2.785009164668781, 2.785009164668781, 2.785009164668781, 2.785009164668781, 2.785009164668781, 2.785009164668781, 2.785009164668781, 2.785009164668781, 2.785009164668781, 2.785009164668781, 10.70003604355865, 17.27236990011293, 12.205704011025984, 14.365327214896322, 19.674621407412566, 12.396310183884669, 21.790197585260756, 24.1437527091425, 14.28972918410089, 14.893971216687001, 12.62170516893699, 14.887809854163976, 12.6635044803679, 25.374248132308274, 4.111710502851673, 24.194775697166587, 9.740498168184487, 7.361314828177248, 16.22342257545071, 13.046303883086091, 17.863273642469547, 21.790197585260756, 24.1437527091425, 25.374248132308274, 4.111710502851673, 14.893971216687001, 24.194775697166587, 14.365327214896322, 13.046303883086091, 17.27236990011293, 12.751545768024704, 15.464015331783685, 22.689266125353903, 19.942868980881624, 16.862981113405116, 5.9956351980504055, 15.284303983201713, 9.22507755048087, 18.024059055510573, 7.731132909410584, 21.807765643810402, 8.587779024372884, 11.47125789501563, 0.0, 21.89249996825484, 22.046304495506778, 17.376112479636053, 11.729902063393508, 23.75243418987733, 14.34291037187387, 15.639118254878882, 10.556407941460192, 14.332284354757686, 5.802765531936195, 16.56002186061603, 14.399328047142337, 15.315997206336002, 25.122626772432323, 12.621133249381117, 18.35946834297612, 2.785009164668781, 2.785009164668781, 2.785009164668781, 2.785009164668781, 2.785009164668781, 2.785009164668781, 2.785009164668781, 2.785009164668781, 2.785009164668781, 2.785009164668781, 2.785009164668781, 2.785009164668781, 2.785009164668781, 2.785009164668781, 2.785009164668781], [18.744201455775944, 11.599801313705582, 15.648737302401551, 22.053719925542378, 20.996940551515983, 17.146342966747174, 21.33503003398501, 19.818920819738942, 9.481002101809404, 16.04740870992532, 0.6908207201059454, 13.702367228562473, 15.669105192222023, 21.89249996825484, 0.0, 11.792312813920576, 7.192092325802985, 11.61347032618246, 2.4312717908999963, 9.329276273057651, 7.049934332402654, 13.823888074554665, 8.642540952947295, 20.998993879522658, 12.453607344090278, 7.900529971087851, 6.620694893125769, 4.068646457714951, 25.964027599636307, 19.234310020443715, 19.35356968665747, 19.35356968665747, 19.35356968665747, 19.35356968665747, 19.35356968665747, 19.35356968665747, 19.35356968665747, 19.35356968665747, 19.35356968665747, 19.35356968665747, 19.35356968665747, 19.35356968665747, 19.35356968665747, 19.35356968665747, 19.35356968665747, 16.43771932499721, 14.667069395539508, 11.597063963010054, 22.680676725599902, 16.948915579425996, 20.78838423171827, 16.087635113245963, 11.308265128315638, 14.447451044069965, 7.113532887725426, 27.65237602509629, 9.305785347960516, 12.19089548881393, 20.03845947021444, 21.268816571616593, 16.23560994106426, 22.001905493920987, 20.452625571071813, 18.849245400178827, 10.576138263505381, 6.86542007547625, 16.087635113245963, 11.308265128315638, 20.03845947021444, 21.268816571616593, 7.113532887725426, 16.23560994106426, 22.680676725599902, 10.576138263505381, 14.667069395539508, 18.744201455775944, 11.599801313705582, 15.648737302401551, 22.053719925542378, 20.996940551515983, 17.146342966747174, 21.33503003398501, 19.818920819738942, 9.481002101809404, 16.04740870992532, 0.6908207201059454, 13.702367228562473, 15.669105192222023, 21.89249996825484, 0.0, 11.792312813920576, 7.19