{"num_workers": 45, "num_roles": 3, "num_nodes": 120, "w": [[150, 150], [120, 120], [300, 300], [240, 240], [120, 120], [30, 30], [270, 270], [90, 90], [330, 330], [330, 330], [180, 180], [60, 60], [120, 120], [30, 30], [150, 150], [30, 30], [0, 0], [420, 420], [0, 0], [120, 120], [270, 270], [270, 270], [90, 90], [270, 270], [240, 240], [30, 30], [90, 90], [30, 30], [300, 300], [210, 210], [0, 0], [0, 0], [0, 0], [0, 0], [0, 0], [0, 0], [0, 0], [0, 0], [0, 0], [0, 0], [0, 0], [0, 0], [0, 0], [0, 0], [0, 0], [270, 360], [270, 420], [210, 270], [90, 450], [180, 270], [30, 420], [150, 420], [60, 420], [90, 120], [90, 450], [120, 420], [150, 390], [60, 330], [60, 420], [90, 420], [90, 360], [120, 270], [90, 150], [90, 180], [180, 330], [30, 360], [90, 360], [90, 450], [90, 120], [210, 270], [120, 420], [120, 270], [180, 270], [90, 420], [30, 360], [360, 360], [270, 270], [480, 480], [300, 300], [180, 180], [120, 120], [420, 420], [270, 270], [420, 420], [480, 480], [300, 300], [300, 300], [240, 240], [420, 420], [270, 270], [360, 360], [450, 450], [450, 450], [390, 390], [210, 210], [360, 360], [300, 300], [450, 450], [330, 330], [360, 360], [480, 480], [480, 480], [480, 480], [390, 390], [420, 420], [480, 480], [480, 480], [480, 480], [480, 480], [480, 480], [480, 480], [480, 480], [480, 480], [480, 480], [480, 480], [480, 480], [480, 480], [480, 480], [480, 480], [480, 480]], "p": [0, 0, 0, 0, 0, 0, 0, 0, 0, 0, 0, 0, 0, 0, 0, 0, 0, 0, 0, 0, 0, 0, 0, 0, 0, 0, 0, 0, 0, 0, 0, 0, 0, 0, 0, 0, 0, 0, 0, 0, 0, 0, 0, 0, 0, 40.12962277117725, 66.33074461135709, 51.47805624491285, 70.98231842795644, 61.02441079333708, 56.64189059055827, 54.034535553290475, 40.097638501650586, 65.13947491381924, 60.84010409552867, 47.075292245832244, 49.58928845867869, 42.28771793004625, 49.79819236464995, 62.09847294472419, 59.70926709498947, 58.292450108894855, 57.006331424782815, 69.79636610064236, 60.372576173289474, 55.00943570553242, 29.854633547494736, 30.420052047764337, 32.56973745690962, 25.739028122456425, 23.537646122916122, 29.146225054447427, 30.51220539666854, 31.049236472362097, 27.50471785276621, 0, 0, 0, 0, 0, 0, 0, 0, 0, 0, 0, 0, 0, 0, 0, 0, 0, 0, 0, 0, 0, 0, 0, 0, 0, 0, 0, 0, 0, 0, 0, 0, 0, 0, 0, 0, 0, 0, 0, 0, 0, 0, 0, 0, 0], "e": [[1, 0, 1], [1, 1, 0], [0, 1, 1], [0, 1, 1], [0, 1, 1], [1, 0, 1], [1, 1, 0], [1, 1, 0], [0, 1, 0], [0, 1, 0], [1, 1, 0], [1, 1, 0], [0, 1, 1], [1, 1, 0], [1, 1, 0], [0, 1, 1], [0, 1, 1], [0, 1, 1], [0, 1, 0], [1, 1, 0], [1, 1, 0], [0, 1, 0], [1, 1, 0], [1, 1, 0], [0, 1, 0], [0, 1, 0], [0, 1, 0], [1, 1, 0], [0, 1, 1], [1, 1, 0], [0, 1, 1], [0, 1, 1], [1, 1, 0], [0, 1, 1], [1, 0, 0], [0, 1, 0], [0, 1, 0], [0, 0, 1], [0, 0, 1], [0, 0, 1], [0, 1, 0], [1, 0, 0], [0, 0, 1], [0, 1, 0], [0, 0, 1]], "d": [[1, 1, 0, 1, 1, 1, 1, 1, 0, 1, 0, 1, 1, 0, 1, 1, 1, 1, 1, 1, 0, 2, 2, 0, 0, 0, 2, 2, 2, 0], [0, 1, 0, 1, 1, 0, 0, 1, 0, 1, 0, 1, 1, 0, 1, 1, 0, 0, 0, 0, 0, 2, 2, 0, 0, 0, 0, 2, 2, 0], [1, 0, 3, 0, 0, 0, 1, 0, 3, 0, 3, 0, 0, 3, 0, 0, 0, 0, 1, 1, 3, 0, 0, 6, 6, 6, 0, 0, 0, 6]], "r": [2324, 468, 4893, 556, 1724, 1750, 171, 326, 3176, 3495, 3361, 1624, 3794, 3999, 2276, 3065, 4230, 3935, 1733, 2509, 3117, 3065, 3495, 3176, 4893, 3361, 4230, 1724, 2276, 3117], "g": [[0, 0, 0, 0, 0, 0, 0, 0, 0, 0, 0, 0, 0, 0, 0, 0, 0, 0, 0, 0, 0, 0, 0, 0, 0, 0, 0, 0, 0, 0], [0, 0, 0, 0, 0, 0, 0, 0, 0, 0, 0, 0, 0, 0, 0, 0, 0, 0, 0, 0, 0, 0, 0, 0, 0, 0, 0, 0, 0, 0], [0, 0, 0, 0, 0, 0, 0, 0, 0, 0, 0, 0, 0, 0, 0, 0, 0, 0, 0, 0, 0, 0, 0, 0, 1, 0, 0, 0, 0, 0], [0, 0, 0, 0, 0, 0, 0, 0, 0, 0, 0, 0, 0, 0, 0, 0, 0, 0, 0, 0, 0, 0, 0, 0, 0, 0, 0, 0, 0, 0], [0, 0, 0, 0, 0, 0, 0, 0, 0, 0, 0, 0, 0, 0, 0, 0, 0, 0, 0, 0, 0, 0, 0, 0, 0, 0, 0, 1, 0, 0], [0, 0, 0, 0, 0, 0, 0, 0, 0, 0, 0, 0, 0, 0, 0, 0, 0, 0, 0, 0, 0, 0, 0, 0, 0, 0, 0, 0, 0, 0], [0, 0, 0, 0, 0, 0, 0, 0, 0, 0, 0, 0, 0, 0, 0, 0, 0, 0, 0, 0, 0, 0, 0, 0, 0, 0, 0, 0, 0, 0], [0, 0, 0, 0, 0, 0, 0, 0, 0, 0, 0, 0, 0, 0, 0, 0, 0, 0, 0, 0, 0, 0, 0, 0, 0, 0, 0, 0, 0, 0], [0, 0, 0, 0, 0, 0, 0, 0, 0, 0, 0, 0, 0, 0, 0, 0, 0, 0, 0, 0, 0, 0, 0, 1, 0, 0, 0, 0, 0, 0], [0, 0, 0, 0, 0, 0, 0, 0, 0, 0, 0, 0, 0, 0, 0, 0, 0, 0, 0, 0, 0, 0, 1, 0, 0, 0, 0, 0, 0, 0], [0, 0, 0, 0, 0, 0, 0, 0, 0, 0, 0, 0, 0, 0, 0, 0, 0, 0, 0, 0, 0, 0, 0, 0, 0, 1, 0, 0, 0, 0], [0, 0, 0, 0, 0, 0, 0, 0, 0, 0, 0, 0, 0, 0, 0, 0, 0, 0, 0, 0, 0, 0, 0, 0, 0, 0, 0, 0, 0, 0], [0, 0, 0, 0, 0, 0, 0, 0, 0, 0, 0, 0, 0, 0, 0, 0, 0, 0, 0, 0, 0, 0, 0, 0, 0, 0, 0, 0, 0, 0], [0, 0, 0, 0, 0, 0, 0, 0, 0, 0, 0, 0, 0, 0, 0, 0, 0, 0, 0, 0, 0, 0, 0, 0, 0, 0, 0, 0, 0, 0], [0, 0, 0, 0, 0, 0, 0, 0, 0, 0, 0, 0, 0, 0, 0, 0, 0, 0, 0, 0, 0, 0, 0, 0, 0, 0, 0, 0, 1, 0], [0, 0, 0, 0, 0, 0, 0, 0, 0, 0, 0, 0, 0, 0, 0, 0, 0, 0, 0, 0, 0, 1, 0, 0, 0, 0, 0, 0, 0, 0], [0, 0, 0, 0, 0, 0, 0, 0, 0, 0, 0, 0, 0, 0, 0, 0, 0, 0, 0, 0, 0, 0, 0, 0, 0, 0, 1, 0, 0, 0], [0, 0, 0, 0, 0, 0, 0, 0, 0, 0, 0, 0, 0, 0, 0, 0, 0, 0, 0, 0, 0, 0, 0, 0, 0, 0, 0, 0, 0, 0], [0, 0, 0, 0, 0, 0, 0, 0, 0, 0, 0, 0, 0, 0, 0, 0, 0, 0, 0, 0, 0, 0, 0, 0, 0, 0, 0, 0, 0, 0], [0, 0, 0, 0, 0, 0, 0, 0, 0, 0, 0, 0, 0, 0, 0, 0, 0, 0, 0, 0, 0, 0, 0, 0, 0, 0, 0, 0, 0, 0], [0, 0, 0, 0, 0, 0, 0, 0, 0, 0, 0, 0, 0, 0, 0, 0, 0, 0, 0, 0, 0, 0, 0, 0, 0, 0, 0, 0, 0, 1], [0, 0, 0, 0, 0, 0, 0, 0, 0, 0, 0, 0, 0, 0, 0, 1, 0, 0, 0, 0, 0, 0, 0, 0, 0, 0, 0, 0, 0, 0], [0, 0, 0, 0, 0, 0, 0, 0, 0, 1, 0, 0, 0, 0, 0, 0, 0, 0, 0, 0, 0, 0, 0, 0, 0, 0, 0, 0, 0, 0], [0, 0, 0, 0, 0, 0, 0, 0, 1, 0, 0, 0, 0, 0, 0, 0, 0, 0, 0, 0, 0, 0, 0, 0, 0, 0, 0, 0, 0, 0], [0, 0, 1, 0, 0, 0, 0, 0, 0, 0, 0, 0, 0, 0, 0, 0, 0, 0, 0, 0, 0, 0, 0, 0, 0, 0, 0, 0, 0, 0], [0, 0, 0, 0, 0, 0, 0, 0, 0, 0, 1, 0, 0, 0, 0, 0, 0, 0, 0, 0, 0, 0, 0, 0, 0, 0, 0, 0, 0, 0], [0, 0, 0, 0, 0, 0, 0, 0, 0, 0, 0, 0, 0, 0, 0, 0, 1, 0, 0, 0, 0, 0, 0, 0, 0, 0, 0, 0, 0, 0], [0, 0, 0, 0, 1, 0, 0, 0, 0, 0, 0, 0, 0, 0, 0, 0, 0, 0, 0, 0, 0, 0, 0, 0, 0, 0, 0, 0, 0, 0], [0, 0, 0, 0, 0, 0, 0, 0, 0, 0, 0, 0, 0, 0, 1, 0, 0, 0, 0, 0, 0, 0, 0, 0, 0, 0, 0, 0, 0, 0], [0, 0, 0, 0, 0, 0, 0, 0, 0, 0, 0, 0, 0, 0, 0, 0, 0, 0, 0, 0, 1, 0, 0, 0, 0, 0, 0, 0, 0, 0]], "t": [[0.0, 28.684455479404978, 12.273211060542192, 24.15953294929639, 7.435249125114855, 7.361791775524664, 17.432528577319403, 17.852902820612805, 18.53012823430816, 20.84011079060043, 13.774137582903935, 19.520703629353232, 22.775636726188594, 21.108852185820066, 17.823962906298608, 14.00126960733161, 14.977340228835786, 13.576402142114064, 12.081077838989257, 17.858876621091213, 16.576338406066128, 25.29008019287478, 26.150663611305887, 6.181406170683385, 9.210245848415669, 12.61568868399603, 15.91213378912229, 25.04138047106868, 3.203187204258556, 15.684985161583313, 10.219834325746456, 10.219834325746456, 10.219834325746456, 10.219834325746456, 10.219834325746456, 10.219834325746456, 10.219834325746456, 10.219834325746456, 10.219834325746456, 10.219834325746456, 10.219834325746456, 10.219834325746456, 10.219834325746456, 10.219834325746456, 10.219834325746456, 19.668891922933124, 30.0, 21.7025685609737, 24.649180136626867, 21.453994063109267, 9.282696017929693, 16.958819360954777, 23.2398870644777, 29.432289755987725, 11.604676161931001, 20.635567863252184, 26.230240668498453, 12.99036009606694, 16.428606108259533, 14.378272418894426, 29.10446305850748, 11.301749299560173, 29.06781891683508, 14.900602438451049, 18.82436776718975, 29.350371453221324, 29.10446305850748, 11.604676161931001, 29.432289755987725, 21.7025685609737, 20.635567863252184, 11.301749299560173, 21.453994063109267, 14.378272418894426, 29.350371453221324, 0.0, 28.684455479404978, 12.273211060542192, 24.15953294929639, 7.435249125114855, 7.361791775524664, 17.432528577319403, 17.852902820612805, 18.53012823430816, 20.84011079060043, 13.774137582903935, 19.520703629353232, 22.775636726188594, 21.108852185820066, 17.823962906298608, 14.00126960733161, 14.977340228835786, 13.576402142114064, 12.081077838989257, 17.858876621091213, 16.576338406066128, 25.29008019287478, 26.150663611305887, 6.181406170683385, 9.210245848415669, 12.61568868399603, 15.91213378912229, 25.04138047106868, 3.203187204258556, 15.684985161583313, 10.219834325746456, 10.219834325746456, 10.219834325746456, 10.219834325746456, 10.219834325746456, 10.219834325746456, 10.219834325746456, 10.219834325746456, 10.219834325746456, 10.219834325746456, 10.219834325746456, 10.219834325746456, 10.219834325746456, 10.219834325746456, 10.219834325746456], [28.684455479404978, 0.0, 16.420374581601546, 5.151167131893729, 23.177631743057685, 24.723440986086207, 21.938223994446204, 24.83262382836853, 23.426802579028905, 22.214952081939536, 21.238420393048106, 19.424435614052076, 13.97845848281658, 11.346929440413481, 20.397324257332937, 14.8114073405822, 14.111277869016655, 20.427227802306795, 19.647187405082168, 11.108390081208565, 21.59038384181816, 13.536203743667983, 2.5744431147542732, 25.569391180451017, 22.95777579840685, 23.38073503780111, 14.879799621834296, 7.250548542802775, 25.483396092782957, 21.70049632302272, 22.28691257767411, 22.28691257767411, 22.28691257767411, 22.28691257767411, 22.28691257767411, 22.28691257767411, 22.28691257767411, 22.28691257767411, 22.28691257767411, 22.28691257767411, 22.28691257767411, 22.28691257767411, 22.28691257767411, 22.28691257767411, 22.28691257767411, 17.720304957365887, 2.5763360725829387, 15.261993896405771, 17.422957102943975, 7.553788747896041, 19.404912614297206, 12.506825463061254, 12.77541848675028, 3.605049920405044, 19.1653391651338, 13.807354364975033, 3.9675959317876024, 16.009725243985816, 16.768368309081723, 21.609672986422904, 0.8741281321077473, 17.701358991802792, 4.968912289994141, 14.984214148104705, 15.113424187799387, 2.378422763872978, 0.8741281321077473, 19.1653391651338, 3.605049920405044, 15.261993896405771, 13.807354364975033, 17.701358991802792, 7.553788747896041, 21.609672986422904, 2.378422763872978, 28.684455479404978, 0.0, 16.420374581601546, 5.151167131893729, 23.177631743057685, 24.723440986086207, 21.938223994446204, 24.83262382836853, 23.426802579028905, 22.214952081939536, 21.238420393048106, 19.424435614052076, 13.97845848281658, 11.346929440413481, 20.397324257332937, 14.8114073405822, 14.111277869016655, 20.427227802306795, 19.647187405082168, 11.108390081208565, 21.59038384181816, 13.536203743667983, 2.5744431147542732, 25.569391180451017, 22.95777579840685, 23.38073503780111, 14.879799621834296, 7.250548542802775, 25.483396092782957, 21.70049632302272, 22.28691257767411, 22.28691257767411, 22.28691257767411, 22.28691257767411, 22.28691257767411, 22.28691257767411, 22.28691257767411, 22.28691257767411, 22.28691257767411, 22.28691257767411, 22.28691257767411, 22.28691257767411, 22.28691257767411, 22.28691257767411, 22.28691257767411], [12.273211060542192, 16.420374581601546, 0.0, 11.937861790717447, 7.957779987570636, 9.760609465076724, 13.712401112539563, 15.293795865162487, 14.804093594581593, 15.712205806173987, 10.352449391380372, 12.990482096750789, 13.089817247725474, 10.183183581680627, 12.942177555037555, 2.392040214773737, 3.247740759380456, 9.435609704214894, 7.213740403449978, 5.953539715417202, 12.815212287792336, 15.316425954573845, 13.901704311156996, 10.188780560947583, 8.790471651354094, 10.788827355325687, 6.506810828643715, 13.263831158709761, 9.070081908806134, 11.512554989868123, 8.122394145137605, 8.122394145137605, 8.122394145137605, 8.122394145137605, 8.122394145137605, 8.122394145137605, 8.122394145137605, 8.122394145137605, 8.122394145137605, 8.122394145137605, 8.122394145137605, 8.122394145137605, 8.122394145137605, 8.122394145137605, 8.122394145137605, 12.077615952459563, 17.749081275134788, 13.26828919534311, 16.297876569125787, 9.230521193258861, 3.0389188108114924, 5.276748536446066, 13.052776624566864, 17.248392527235602, 5.389918949977789, 10.832432031914102, 14.190169831513357, 2.539539707213793, 8.214057931142571, 11.148985685825078, 16.864149315467962, 2.084856570831977, 17.008847408489416, 4.338816719116898, 10.279344116752752, 17.103011360742038, 16.864149315467962, 5.389918949977789, 17.248392527235602, 13.26828919534311, 10.832432031914102, 2.084856570831977, 9.230521193258861, 11.148985685825078, 17.103011360742038, 12.273211060542192, 16.420374581601546, 0.0, 11.937861790717447, 7.957779987570636, 9.760609465076724, 13.712401112539563, 15.293795865162487, 14.804093594581593, 15.712205806173987, 10.352449391380372, 12.990482096750789, 13.089817247725474, 10.183183581680627, 12.942177555037555, 2.392040214773737, 3.247740759380456, 9.435609704214894, 7.213740403449978, 5.953539715417202, 12.815212287792336, 15.316425954573845, 13.901704311156996, 10.188780560947583, 8.790471651354094, 10.788827355325687, 6.506810828643715, 13.263831158709761, 9.070081908806134, 11.512554989868123, 8.122394145137605, 8.122394145137605, 8.122394145137605, 8.122394145137605, 8.122394145137605, 8.122394145137605, 8.122394145137605, 8.122394145137605, 8.122394145137605, 8.122394145137605, 8.122394145137605, 8.122394145137605, 8.122394145137605, 8.122394145137605, 8.122394145137605], [24.15953294929639, 5.151167131893729, 11.937861790717447, 0.0, 19.320677172630127, 20.99660047112035, 20.16086812503574, 19.826294965386193, 18.4736047769082, 17.472371445672188, 18.6101435296244, 14.566325175349151, 9.588759458554668, 6.433274930866653, 18.72582178544126, 10.744501190000628, 9.273898778424247, 17.702859250791512, 16.446471845564865, 7.584787859453, 19.6189650405146, 9.835903264362141, 3.4098036321890426, 21.697231668970065, 19.447792847799267, 18.22976823485794, 12.062274532184224, 3.573209045798478, 20.962810940156988, 16.59556463956169, 17.198355768736636, 17.198355768736636, 17.198355768736636, 17.198355768736636, 17.198355768736636, 17.198355768736636, 17.198355768736636, 17.198355768736636, 17.198355768736636, 17.198355768736636, 17.198355768736636, 17.198355768736636, 17.198355768736636, 17.198355768736636, 17.198355768736636, 12.864095891019115, 5.860564946449328, 14.708532086630914, 13.38404997303471, 2.708310779466468, 14.97604532179452, 7.5021105275908875, 8.48536848036991, 5.325000789019408, 14.114686430383841, 8.97382662918576, 5.604625886500177, 12.06074426836498, 11.634420639671237, 19.134711032975957, 5.880339314444157, 12.948107877221311, 5.327991432836503, 9.945427973322422, 13.529335142400503, 5.205839466945487, 5.880339314444157, 14.114686430383841, 5.325000789019408, 14.708532086630914, 8.97382662918576, 12.948107877221311, 2.708310779466468, 19.134711032975957, 5.205839466945487, 24.15953294929639, 5.151167131893729, 11.937861790717447, 0.0, 19.320677172630127, 20.99660047112035, 20.16086812503574, 19.826294965386193, 18.4736047769082, 17.472371445672188, 18.6101435296244, 14.566325175349151, 9.588759458554668, 6.433274930866653, 18.72582178544126, 10.744501190000628, 9.273898778424247, 17.702859250791512, 16.446471845564865, 7.584787859453, 19.6189650405146, 9.835903264362141, 3.4098036321890426, 21.697231668970065, 19.447792847799267, 18.22976823485794, 12.062274532184224, 3.573209045798478, 20.962810940156988, 16.59556463956169, 17.198355768736636, 17.198355768736636, 17.198355768736636, 17.198355768736636, 17.198355768736636, 17.198355768736636, 17.198355768736636, 17.198355768736636, 17.198355768736636, 17.198355768736636, 17.198355768736636, 17.198355768736636, 17.198355768736636, 17.198355768736636, 17.198355768736636], [7.435249125114855, 23.177631743057685, 7.957779987570636, 19.320677172630127, 0.0, 1.8119353983727533, 10.317207368168123, 20.058091333400053, 20.139943184008196, 21.789019503581585, 6.485601993692058, 19.566916881523998, 20.84122079324211, 18.127768835049604, 10.51024197660243, 8.578085932685944, 11.204188331570375, 6.1775784330831165, 4.696870980226731, 12.072137841835156, 9.405335618716094, 23.164252025939486, 20.6040393438763, 2.393199338178643, 2.0405497440542577, 14.641228734667601, 9.02480628742885, 21.092861283964904, 5.3369987717471385, 16.79971421133421, 11.513327946843546, 11.513327946843546, 11.513327946843546, 11.513327946843546, 11.513327946843546, 11.513327946843546, 11.513327946843546, 11.513327946843546, 11.513327946843546, 11.513327946843546, 11.513327946843546, 11.513327946843546, 11.513327946843546, 11.513327946843546, 11.513327946843546, 19.067271290591272, 24.900272015899073, 14.317215346355619, 23.718676144391004, 16.68770548221528, 5.420787729704571, 13.229938042277913, 20.916478603465166, 24.621700513979587, 10.757015174886758, 18.566665673816175, 20.174310630839525, 7.2640011000886435, 15.223766407413988, 7.175355045139773, 23.445737934387203, 8.34874209537145, 24.582251688839428, 12.036011576088748, 11.52066711971885, 24.282620681093803, 23.445737934387203, 10.757015174886758, 24.621700513979587, 14.317215346355619, 18.566665673816175, 8.34874209537145, 16.68770548221528, 7.175355045139773, 24.282620681093803, 7.435249125114855, 23.177631743057685, 7.957779987570636, 19.320677172630127, 0.0, 1.8119353983727533, 10.317207368168123, 20.058091333400053, 20.139943184008196, 21.789019503581585, 6.485601993692058, 19.566916881523998, 20.84122079324211, 18.127768835049604, 10.51024197660243, 8.578085932685944, 11.204188331570375, 6.1775784330831165, 4.696870980226731, 12.072137841835156, 9.405335618716094, 23.164252025939486, 20.6040393438763, 2.393199338178643, 2.0405497440542577, 14.641228734667601, 9.02480628742885, 21.092861283964904, 5.3369987717471385, 16.79971421133421, 11.513327946843546, 11.513327946843546, 11.513327946843546, 11.513327946843546, 11.513327946843546, 11.513327946843546, 11.513327946843546, 11.513327946843546, 11.513327946843546, 11.513327946843546, 11.513327946843546, 11.513327946843546, 11.513327946843546, 11.513327946843546, 11.513327946843546], [7.361791775524664, 24.723440986086207, 9.760609465076724, 20.99660047112035, 1.8119353983727533, 0.0, 10.073526657359762, 21.5312941305858, 21.69090672088858, 23.424286314117644, 6.506664868110572, 21.2720494779166, 22.649199952155385, 19.93590074468393, 10.533354778212495, 10.276125082764255, 13.00813126243544, 6.46547138323731, 5.585788211160231, 13.646602546624015, 9.228291766467699, 24.975706725024942, 22.154831000109503, 1.2403905790636323, 2.109842570159189, 16.074632952478588, 10.264889828419799, 22.851392490782516, 6.004771071989312, 18.37926029341981, 12.98075007180887, 12.98075007180887, 12.98075007180887, 12.98075007180887, 12.98075007180887, 12.98075007180887, 12.98075007180887, 12.98075007180887, 12.98075007180887, 12.98075007180887, 12.98075007180887, 12.98075007180887, 12.98075007180887, 12.98075007180887, 12.98075007180887, 20.816518719030498, 26.51340140346599, 14.962721002368436, 25.499645290802825, 18.38747430661356, 7.21859693461568, 15.027884890651501, 22.728327078677562, 26.27917094628929, 12.450761891019075, 20.374644744773747, 21.603772481175856, 8.94058676954149, 16.98972010830931, 7.05325838414483, 24.957727039376888, 10.145934635034257, 26.280410753818803, 13.846664611370295, 12.346443010564228, 25.903232909581504, 24.957727039376888, 12.450761891019075, 26.27917094628929, 14.962721002368436, 20.374644744773747, 10.145934635034257, 18.38747430661356, 7.05325838414483, 25.903232909581504, 7.361791775524664, 24.723440986086207, 9.760609465076724, 20.99660047112035, 1.8119353983727533, 0.0, 10.073526657359762, 21.5312941305858, 21.69090672088858, 23.424286314117644, 6.506664868110572, 21.2720494779166, 22.649199952155385, 19.93590074468393, 10.533354778212495, 10.276125082764255, 13.00813126243544, 6.46547138323731, 5.585788211160231, 13.646602546624015, 9.228291766467699, 24.975706725024942, 22.154831000109503, 1.2403905790636323, 2.109842570159189, 16.074632952478588, 10.264889828419799, 22.851392490782516, 6.004771071989312, 18.37926029341981, 12.98075007180887, 12.98075007180887, 12.98075007180887, 12.98075007180887, 12.98075007180887, 12.98075007180887, 12.98075007180887, 12.98075007180887, 12.98075007180887, 12.98075007180887, 12.98075007180887, 12.98075007180887, 12.98075007180887, 12.98075007180887, 12.98075007180887], [17.432528577319403, 21.938223994446204, 13.712401112539563, 20.16086812503574, 10.317207368168123, 10.073526657359762, 0.0, 28.723887724134926, 28.405973996572243, 29.424378075647386, 3.908173107714339, 26.675171125328905, 25.775382701481092, 22.19574772997747, 1.5626013911353296, 12.257168208742176, 16.122917330076938, 4.5545705897297015, 6.863865487139192, 13.083472007266849, 0.9532601965686387, 27.56160180764943, 19.693894306065804, 11.279783974573906, 8.324498610701252, 23.680264882735397, 8.539769647656271, 23.19194859445052, 15.65420375664112, 25.051866740119447, 20.597052186141035, 20.597052186141035, 20.597052186141035, 20.597052186141035, 20.597052186141035, 20.597052186141035, 20.597052186141035, 20.597052186141035, 20.597052186141035, 20.597052186141035, 20.597052186141035, 20.597052186141035, 20.597052186141035, 20.597052186141035, 20.597052186141035, 25.653544144280307, 24.312601439934937, 7.501686801730142, 29.43070135639827, 18.26560623267724, 13.26452732419944, 17.493046790209387, 25.367205585987474, 24.65288119094956, 18.712059453857396, 23.69330550585034, 18.06314441292547, 11.303826206488546, 21.86372873511186, 3.151239422042002, 21.812231542430528, 15.406838225822042, 25.234052397486817, 17.77226405393799, 6.830263806196587, 23.84237083237139, 21.812231542430528, 18.712059453857396, 24.65288119094956, 7.501686801730142, 23.69330550585034, 15.406838225822042, 18.26560623267724, 3.151239422042002, 23.84237083237139, 17.432528577319403, 21.938223994446204, 13.712401112539563, 20.16086812503574, 10.317207368168123, 10.073526657359762, 0.0, 28.723887724134926, 28.405973996572243, 29.424378075647386, 3.908173107714339, 26.675171125328905, 25.775382701481092, 22.19574772997747, 1.5626013911353296, 12.257168208742176, 16.122917330076938, 4.5545705897297015, 6.863865487139192, 13.083472007266849, 0.9532601965686387, 27.56160180764943, 19.693894306065804, 11.279783974573906, 8.324498610701252, 23.680264882735397, 8.539769647656271, 23.19194859445052, 15.65420375664112, 25.051866740119447, 20.597052186141035, 20.597052186141035, 20.597052186141035, 20.597052186141035, 20.597052186141035, 20.597052186141035, 20.597052186141035, 20.597052186141035, 20.597052186141035, 20.597052186141035, 20.597052186141035, 20.597052186141035, 20.597052186141035, 20.597052186141035, 20.597052186141035], [17.852902820612805, 24.83262382836853, 15.293795865162487, 19.826294965386193, 20.058091333400053, 21.5312941305858, 28.723887724134926, 0.0, 1.6306231120169714, 4.220805137614116, 25.03119514804037, 5.684700349713595, 11.686908712470418, 13.488083301519028, 28.125517525352144, 17.36038826690999, 14.090203299913208, 24.223019488698817, 21.893801809760962, 19.313946488466367, 27.78748923663954, 13.579612591041649, 23.183784012924793, 21.086725573013293, 21.86489308581977, 5.478779646921124, 21.699678321601564, 17.93796627617364, 16.34123621592878, 3.8267571950274046, 8.55281559171694, 8.55281559171694, 8.55281559171694, 8.55281559171694, 8.55281559171694, 8.55281559171694, 8.55281559171694, 8.55281559171694, 8.55281559171694, 8.55281559171694, 8.55281559171694, 8.55281559171694, 8.55281559171694, 8.55281559171694, 8.55281559171694, 7.287661873709064, 24.534584777565687, 28.278297485686792, 10.501851492099226, 18.16710568409914, 15.529999118035088, 14.141473336485245, 12.857485732094453, 23.261032145203053, 10.024489470715856, 11.10036572959212, 24.922879242902077, 17.833176295624273, 8.580701964878166, 25.854449221737056, 25.63410971572496, 13.384741455421578, 22.0741323458197, 12.270976314874101, 25.42053753665487, 23.95876374462533, 25.63410971572496, 10.024489470715856, 23.261032145203053, 28.278297485686792, 11.10036572959212, 13.384741455421578, 18.16710568409914, 25.854449221737056, 23.95876374462533, 17.852902820612805, 24.83262382836853, 15.293795865162487, 19.826294965386193, 20.058091333400053, 21.5312941305858, 28.723887724134926, 0.0, 1.6306231120169714, 4.220805137614116, 25.03119514804037, 5.684700349713595, 11.686908712470418, 13.488083301519028, 28.125517525352144, 17.36038826690999, 14.090203299913208, 24.223019488698817, 21.893801809760962, 19.313946488466367, 27.78748923663954, 13.579612591041649, 23.183784012924793, 21.086725573013293, 21.86489308581977, 5.478779646921124, 21.699678321601564, 17.93796627617364, 16.34123621592878, 3.8267571950274046, 8.55281559171694, 8.55281559171694, 8.55281559171694, 8.55281559171694, 8.55281559171694, 8.55281559171694, 8.55281559171694, 8.55281559171694, 8.55281559171694, 8.55281559171694, 8.55281559171694, 8.55281559171694, 8.55281559171694, 8.55281559171694, 8.55281559171694], [18.53012823430816, 23.426802579028905, 14.804093594581593, 18.4736047769082, 20.139943184008196, 21.69090672088858, 28.405973996572243, 1.6306231120169714, 0.0, 2.720775525887717, 24.797044357790558, 4.1183977992349545, 10.108041089040729, 12.083900291991354, 27.727280753872037, 16.74596059854118, 13.292849609967474, 23.956148812453943, 21.633790066032958, 18.42483076603359, 27.48125928916409, 11.958587431321684, 21.85432280870364, 21.335046579364214, 21.867601196313583, 5.927458881743704, 21.088957798944335, 16.453977205136862, 16.775217786029017, 3.380614946550928, 8.774697554264236, 8.774697554264236, 8.774697554264236, 8.774697554264236, 8.774697554264236, 8.774697554264236, 8.774697554264236, 8.774697554264236, 8.774697554264236, 8.774697554264236, 8.774697554264236, 8.774697554264236, 8.774697554264236, 8.774697554264236, 8.774697554264236, 5.768826860733612, 23.048773617261432, 27.5519463305223, 8.882721846255745, 16.93241744331615, 15.355802723627336, 13.139212842809922, 11.291728983313675, 21.75471781336252, 9.726059760021952, 9.640458021689458, 23.670770468753222, 17.329182890493723, 7.533703580796191, 25.618739464014997, 24.239713151381633, 13.000192198464994, 20.542708663004134, 11.452976982627131, 24.76113804447767, 22.48234528483025, 24.239713151381633, 9.726059760021952, 21.75471781336252, 27.5519463305223, 9.640458021689458, 13.000192198464994, 16.93241744331615, 25.618739464014997, 22.48234528483025, 18.53012823430816, 23.426802579028905, 14.804093594581593, 18.4736047769082, 20.139943184008196, 21.69090672088858, 28.405973996572243, 1.6306231120169714, 0.0, 2.720775525887717, 24.797044357790558, 4.1183977992349545, 10.108041089040729, 12.083900291991354, 27.727280753872037, 16.74596059854118, 13.292849609967474, 23.956148812453943, 21.633790066032958, 18.42483076603359, 27.48125928916409, 11.958587431321684, 21.85432280870364, 21.335046579364214, 21.867601196313583, 5.927458881743704, 21.088957798944335, 16.453977205136862, 16.775217786029017, 3.380614946550928, 8.774697554264236, 8.774697554264236, 8.774697554264236, 8.774697554264236, 8.774697554264236, 8.774697554264236, 8.774697554264236, 8.774697554264236, 8.774697554264236, 8.774697554264236, 8.774697554264236, 8.774697554264236, 8.774697554264236, 8.774697554264236, 8.774697554264236], [20.84011079060043, 22.214952081939536, 15.712205806173987, 17.472371445672188, 21.789019503581585, 23.424286314117644, 29.424378075647386, 4.220805137614116, 2.720775525887717, 0.0, 25.968465350774245, 3.067446335880485, 8.39435733530422, 11.050264171364235, 28.622905353535963, 17.4039668050636, 13.699899792186757, 25.085264327579157, 22.794839922897285, 18.537575364613325, 28.523757691652158, 9.878261697224866, 20.882172664421564, 23.178593414709177, 23.397810735066127, 8.260382890506099, 21.68799737615998, 15.047702712778225, 18.86320937042277, 5.191598201602278, 10.793007914890516, 10.793007914890516, 10.793007914890516, 10.793007914890516, 10.793007914890516, 10.793007914890516, 10.793007914890516, 10.793007914890516, 10.793007914890516, 10.793007914890516, 10.793007914890516, 10.793007914890516, 10.793007914890516, 10.793007914890516, 10.793007914890516, 4.6777037436711115, 21.57221632088399, 27.88117276841198, 6.433618299626363, 16.281785724497013, 16.727342104739524, 13.132738528490485, 9.620407968546937, 20.21067607492351, 11.085161656756615, 8.500200472363053, 22.891679056575903, 18.164040317042765, 7.726286358197655, 26.781601978254443, 23.057126531489363, 14.11899601729024, 18.90698478669251, 11.88447590406621, 25.235501515729982, 21.04343409925024, 23.057126531489363, 11.085161656756615, 20.21067607492351, 27.88117276841198, 8.500200472363053, 14.11899601729024, 16.281785724497013, 26.781601978254443, 21.04343409925024, 20.84011079060043, 22.214952081939536, 15.712205806173987, 17.472371445672188, 21.789019503581585, 23.424286314117644, 29.424378075647386, 4.220805137614116, 2.720775525887717, 0.0, 25.968465350774245, 3.067446335880485, 8.39435733530422, 11.050264171364235, 28.622905353535963, 17.4039668050636, 13.699899792186757, 25.085264327579157, 22.794839922897285, 18.537575364613325, 28.523757691652158, 9.878261697224866, 20.882172664421564, 23.178593414709177, 23.397810735066127, 8.260382890506099, 21.68799737615998, 15.047702712778225, 18.86320937042277, 5.191598201602278, 10.793007914890516, 10.793007914890516, 10.793007914890516, 10.793007914890516, 10.793007914890516, 10.793007914890516, 10.793007914890516, 10.793007914890516, 10.793007914890516, 10.793007914890516, 10.793007914890516, 10.793007914890516, 10.793007914890516, 10.793007914890516, 10.793007914890516], [13.774137582903935, 21.238420393048106, 10.352449391380372, 18.6101435296244, 6.485601993692058, 6.506664868110572, 3.908173107714339, 25.03119514804037, 24.797044357790558, 25.968465350774245, 0.0, 23.32604249826199, 23.0089632999058, 19.618374179529713, 4.050080409397796, 9.310870640479818, 13.097323961574327, 0.9633705570158807, 3.174275710718192, 11.098833560239367, 2.964786735767652, 24.984701530369964, 18.797910247749662, 7.745676029950727, 4.566588957297522, 19.89338395666527, 6.550139840584793, 21.279657069582786, 11.809306118177238, 21.42373731457856, 16.785636630156986, 16.785636630156986, 16.785636630156986, 16.785636630156986, 16.785636630156986, 16.785636630156986, 16.785636630156986, 16.785636630156986, 16.785636630156986, 16.785636630156986, 16.785636630156986, 16.785636630156986, 16.785636630156986, 16.785636630156986, 16.785636630156986, 22.42592888100936, 23.411113372610057, 8.86355291300287, 26.48675772008538, 16.38050662016711, 9.507111271805478, 14.709852071975742, 22.738690237032994, 23.52148324023498, 15.071699492657002, 20.834422131518647, 17.60553771385463, 8.154495109786652, 18.566209362399604, 0.8232559706498136, 21.268609908624065, 11.856032055904118, 23.883053114987337, 14.5996600650015, 6.786972235481866, 22.8735586376951, 21.268609908624065, 15.071699492657002, 23.52148324023498, 8.86355291300287, 20.834422131518647, 11.856032055904118, 16.38050662016711, 0.8232559706498136, 22.8735586376951, 13.774137582903935, 21.238420393048106, 10.352449391380372, 18.6101435296244, 6.485601993692058, 6.506664868110572, 3.908173107714339, 25.03119514804037, 24.797044357790558, 25.968465350774245, 0.0, 23.32604249826199, 23.0089632999058, 19.618374179529713, 4.050080409397796, 9.310870640479818, 13.097323961574327, 0.9633705570158807, 3.174275710718192, 11.098833560239367, 2.964786735767652, 24.984701530369964, 18.797910247749662, 7.745676029950727, 4.566588957297522, 19.89338395666527, 6.550139840584793, 21.279657069582786, 11.809306118177238, 21.42373731457856, 16.785636630156986, 16.785636630156986, 16.785636630156986, 16.785636630156986, 16.785636630156986, 16.785636630156986, 16.785636630156986, 16.785636630156986, 16.785636630156986, 16.785636630156986, 16.785636630156986, 16.785636630156986, 16.785636630156986, 16.785636630156986, 16.785636630156986], [19.520703629353232, 19.424435614052076, 12.990482096750789, 14.566325175349151, 19.566916881523998, 21.2720494779166, 26.675171125328905, 5.684700349713595, 4.1183977992349545, 3.067446335880485, 23.32604249826199, 0.0, 6.002303584387455, 8.134296162236044, 25.811682074364462, 14.53589866957707, 10.762679135913228, 22.4201456846263, 20.164190685943307, 15.498279723193047, 25.791277142803526, 7.9858180575038205, 17.970671160801373, 21.150184698798117, 21.04861836874772, 7.4882517698630595, 18.771782322968544, 12.371794418234048, 17.209706226963124, 4.240858843618539, 9.301196749558914, 9.301196749558914, 9.301196749558914, 9.301196749558914, 9.301196749558914, 9.301196749558914, 9.301196749558914, 9.301196749558914, 9.301196749558914, 9.301196749558914, 9.301196749558914, 9.301196749558914, 9.301196749558914, 9.301196749558914, 9.301196749558914, 1.705743363330306, 18.958776005718306, 24.868641251612402, 5.509871301193241, 13.257905728155862, 14.319464643890193, 10.089596851242767, 7.176235096412148, 17.650464616539384, 8.821833748909025, 5.619534061919085, 19.91329355361339, 15.375395662097608, 4.823612161419327, 24.129649800411098, 20.251245355369388, 11.562592007145486, 16.426872642013446, 8.979458339491348, 22.26590190950442, 18.40083460219279, 20.251245355369388, 8.821833748909025, 17.650464616539384, 24.868641251612402, 5.619534061919085, 11.562592007145486, 13.257905728155862, 24.129649800411098, 18.40083460219279, 19.520703629353232, 19.424435614052076, 12.990482096750789, 14.566325175349151, 19.566916881523998, 21.2720494779166, 26.675171125328905, 5.684700349713595, 4.1183977992349545, 3.067446335880485, 23.32604249826199, 0.0, 6.002303584387455, 8.134296162236044, 25.811682074364462, 14.53589866957707, 10.762679135913228, 22.4201456846263, 20.164190685943307, 15.498279723193047, 25.791277142803526, 7.9858180575038205, 17.970671160801373, 21.150184698798117, 21.04861836874772, 7.4882517698630595, 18.771782322968544, 12.371794418234048, 17.209706226963124, 4.240858843618539, 9.301196749558914, 9.301196749558914, 9.301196749558914, 9.301196749558914, 9.301196749558914, 9.301196749558914, 9.301196749558914, 9.301196749558914, 9.301196749558914, 9.301196749558914, 9.301196749558914, 9.301196749558914, 9.301196749558914, 9.301196749558914, 9.301196749558914], [22.775636726188594, 13.97845848281658, 13.089817247725474, 9.588759458554668, 20.84122079324211, 22.649199952155385, 25.775382701481092, 11.686908712470418, 10.108041089040729, 8.39435733530422, 23.0089632999058, 6.002303584387455, 0.0, 3.7986053768547534, 24.63728103544532, 13.698160046366773, 9.980879153744878, 22.048857924630337, 20.046473931570617, 13.08931195071081, 24.99659134811687, 2.5245477149303235, 12.93672784715357, 22.854690531626478, 21.868875085989558, 12.420226754940249, 17.293934002287134, 6.735950101262261, 19.966743696116048, 9.588369890634203, 13.09889589890474, 13.09889589890474, 13.09889589890474, 13.09889589890474, 13.09889589890474, 13.09889589890474, 13.09889589890474, 13.09889589890474, 13.09889589890474, 13.09889589890474, 13.09889589890474, 13.09889589890474, 13.09889589890474, 13.09889589890474, 13.09889589890474, 4.485301195195894, 13.188588197962082, 22.345378979219767, 3.9706719849459713, 9.153679520304111, 15.441227156160723, 8.311763072611031, 1.2276147374426596, 11.817355710966092, 11.175542181380209, 2.2745647993567166, 15.184014102802555, 14.893091471459254, 6.378365182705364, 23.74142891996735, 14.83862368480185, 12.528402396797896, 10.518379006625214, 8.816810015101137, 20.223618500627314, 12.672364660481241, 14.83862368480185, 11.175542181380209, 11.817355710966092, 22.345378979219767, 2.2745647993567166, 12.528402396797896, 9.153679520304111, 23.74142891996735, 12.672364660481241, 22.775636726188594, 13.97845848281658, 13.089817247725474, 9.588759458554668, 20.84122079324211, 22.649199952155385, 25.775382701481092, 11.686908712470418, 10.108041089040729, 8.39435733530422, 23.0089632999058, 6.002303584387455, 0.0, 3.7986053768547534, 24.63728103544532, 13.698160046366773, 9.980879153744878, 22.048857924630337, 20.046473931570617, 13.08931195071081, 24.99659134811687, 2.5245477149303235, 12.93672784715357, 22.854690531626478, 21.868875085989558, 12.420226754940249, 17.293934002287134, 6.735950101262261, 19.966743696116048, 9.588369890634203, 13.09889589890474, 13.09889589890474, 13.09889589890474, 13.09889589890474, 13.09889589890474, 13.09889589890474, 13.09889589890474, 13.09889589890474, 13.09889589890474, 13.09889589890474, 13.09889589890474, 13.09889589890474, 13.09889589890474, 13.09889589890474, 13.09889589890474], [21.108852185820066, 11.346929440413481, 10.183183581680627, 6.433274930866653, 18.127768835049604, 19.93590074468393, 22.19574772997747, 13.488083301519028, 12.083900291991354, 11.050264171364235, 19.618374179529713, 8.134296162236044, 3.7986053768547534, 0.0, 21.004484564477515, 10.360830940339298, 6.93982366108708, 18.655003622682983, 16.773583938230605, 9.343793933215645, 21.448862365558664, 5.376697366261194, 9.84049511395401, 20.295724176100094, 18.92316518807953, 12.624298467309268, 13.668528548281175, 4.682013545421504, 18.085518972189462, 10.495984729677865, 12.361870102604431, 12.361870102604431, 12.361870102604431, 12.361870102604431, 12.361870102604431, 12.361870102604431, 12.361870102604431, 12.361870102604431, 12.361870102604431, 12.361870102604431, 12.361870102604431, 12.361870102604431, 12.361870102604431, 12.361870102604431, 12.361870102604431, 6.4311108537181, 11.169767404419037, 18.549858315047906, 7.7565085046882905, 5.461895971708547, 12.879361887865457, 4.998915337637551, 3.176945546645903, 10.010157594569193, 9.739773431080494, 2.553234326830097, 11.862273434477911, 11.638372096154377, 5.8470217986826984, 20.319400579836003, 12.156054707109384, 10.109456483869135, 9.039540303957917, 6.298184237956996, 16.47144717038392, 10.564098271272702, 12.156054707109384, 9.739773431080494, 10.010157594569193, 18.549858315047906, 2.553234326830097, 10.109456483869135, 5.461895971708547, 20.319400579836003, 10.564098271272702, 21.108852185820066, 11.346929440413481, 10.183183581680627, 6.433274930866653, 18.127768835049604, 19.93590074468393, 22.19574772997747, 13.488083301519028, 12.083900291991354, 11.050264171364235, 19.618374179529713, 8.134296162236044, 3.7986053768547534, 0.0, 21.004484564477515, 10.360830940339298, 6.93982366108708, 18.655003622682983, 16.773583938230605, 9.343793933215645, 21.448862365558664, 5.376697366261194, 9.84049511395401, 20.295724176100094, 18.92316518807953, 12.624298467309268, 13.668528548281175, 4.682013545421504, 18.085518972189462, 10.495984729677865, 12.361870102604431, 12.361870102604431, 12.361870102604431, 12.361870102604431, 12.361870102604431, 12.361870102604431, 12.361870102604431, 12.361870102604431, 12.361870102604431, 12.361870102604431, 12.361870102604431, 12.361870102604431, 12.361870102604431, 12.361870102604431, 12.361870102604431], [17.823962906298608, 20.397324257332937, 12.942177555037555, 18.72582178544126, 10.51024197660243, 10.533354778212495, 1.5626013911353296, 28.125517525352144, 27.727280753872037, 28.622905353535963, 4.050080409397796, 25.811682074364462, 24.63728103544532, 21.004484564477515, 0.0, 11.297943385016593, 15.147931058778411, 4.392141759904689, 6.524603461152166, 11.78823021501238, 1.6317358837543061, 26.351581855874684, 18.17271936064769, 11.76775116219769, 8.616416944703985, 23.21173973407125, 7.343988650068039, 21.81692220828267, 15.807332644682694, 24.40067959131092, 20.177470137214577, 20.177470137214577, 20.177470137214577, 20.177470137214577, 20.177470137214577, 20.177470137214577, 20.177470137214577, 20.177470137214577, 20.177470137214577, 20.177470137214577, 20.177470137214577, 20.177470137214577, 20.177470137214577, 20.177470137214577, 20.177470137214577, 24.723358794935237, 22.784646141786503, 5.989750865485139, 28.352849022410652, 16.90454514758255, 12.824610440203463, 16.403640648705917, 24.181076419078945, 23.14752336139744, 18.10184301067859, 22.598783840268503, 16.512441994351924, 10.459148022106758, 20.988708627851253, 3.4957961505500585, 20.261991678076, 14.747412890908313, 23.75536255737858, 16.854477861538527, 5.305546743393078, 22.321195762441487, 20.261991678076, 18.10184301067859, 23.14752336139744, 5.989750865485139, 22.598783840268503, 14.747412890908313, 16.90454514758255, 3.4957961505500585, 22.321195762441487, 17.823962906298608, 20.397324257332937, 12.942177555037555, 18.72582178544126, 10.51024197660243, 10.533354778212495, 1.5626013911353296, 28.125517525352144, 27.727280753872