{"num_workers": 45, "num_roles": 3, "num_nodes": 120, "w": [[300, 300], [0, 0], [390, 390], [180, 180], [30, 30], [120, 120], [210, 210], [90, 90], [30, 30], [360, 360], [300, 300], [330, 330], [30, 30], [210, 210], [30, 30], [90, 90], [60, 60], [30, 30], [0, 0], [180, 180], [30, 30], [120, 120], [0, 0], [30, 30], [60, 60], [30, 30], [30, 30], [0, 0], [90, 90], [180, 180], [0, 0], [0, 0], [0, 0], [0, 0], [0, 0], [0, 0], [0, 0], [0, 0], [0, 0], [0, 0], [0, 0], [0, 0], [0, 0], [0, 0], [0, 0], [30, 360], [60, 420], [240, 390], [360, 420], [30, 330], [120, 240], [60, 150], [150, 270], [210, 270], [60, 420], [30, 420], [60, 420], [180, 300], [120, 390], [90, 390], [150, 300], [90, 330], [150, 270], [240, 420], [210, 420], [210, 360], [120, 240], [90, 390], [60, 420], [60, 150], [30, 360], [150, 270], [240, 390], [30, 420], [60, 420], [390, 390], [390, 390], [450, 450], [480, 480], [390, 390], [480, 480], [390, 390], [240, 240], [180, 180], [390, 390], [480, 480], [450, 450], [90, 90], [240, 240], [180, 180], [300, 300], [480, 480], [270, 270], [360, 360], [360, 360], [390, 390], [240, 240], [390, 390], [210, 210], [240, 240], [450, 450], [450, 450], [210, 210], [360, 360], [360, 360], [480, 480], [480, 480], [480, 480], [480, 480], [480, 480], [480, 480], [480, 480], [480, 480], [480, 480], [480, 480], [480, 480], [480, 480], [480, 480], [480, 480], [480, 480]], "p": [0, 0, 0, 0, 0, 0, 0, 0, 0, 0, 0, 0, 0, 0, 0, 0, 0, 0, 0, 0, 0, 0, 0, 0, 0, 0, 0, 0, 0, 0, 0, 0, 0, 0, 0, 0, 0, 0, 0, 0, 0, 0, 0, 0, 0, 73.65379893928744, 50.23170747394298, 64.83344672940693, 51.29205202721695, 53.8925516018648, 59.17258976566984, 73.2018884931835, 64.48828292317822, 68.41633087129509, 70.55677361089722, 70.12077285279318, 54.596487205722596, 44.402764817720126, 62.15069290472225, 49.477751006620956, 48.205687955858416, 74.27576014772181, 43.849740113754294, 58.16322481634384, 42.91038697509578, 68.67818777148048, 29.58629488283492, 24.738875503310478, 27.298243602861298, 36.60094424659175, 36.82689946964372, 21.924870056877147, 32.416723364703465, 35.06038642639659, 35.27838680544861, 0, 0, 0, 0, 0, 0, 0, 0, 0, 0, 0, 0, 0, 0, 0, 0, 0, 0, 0, 0, 0, 0, 0, 0, 0, 0, 0, 0, 0, 0, 0, 0, 0, 0, 0, 0, 0, 0, 0, 0, 0, 0, 0, 0, 0], "e": [[1, 0, 1], [1, 0, 1], [0, 1, 1], [0, 1, 1], [0, 1, 1], [1, 0, 1], [0, 1, 1], [0, 1, 1], [0, 1, 1], [1, 1, 0], [1, 1, 0], [1, 1, 0], [1, 1, 0], [0, 1, 0], [0, 1, 1], [0, 1, 0], [0, 1, 0], [1, 1, 0], [1, 1, 0], [0, 1, 1], [1, 1, 0], [1, 1, 0], [0, 1, 0], [0, 1, 0], [0, 1, 0], [0, 1, 1], [1, 1, 0], [1, 1, 0], [1, 1, 0], [0, 1, 1], [0, 1, 0], [0, 1, 0], [1, 1, 0], [0, 1, 1], [0, 1, 0], [0, 1, 0], [0, 1, 1], [0, 0, 1], [1, 0, 0], [0, 1, 0], [0, 1, 0], [0, 0, 1], [1, 0, 0], [1, 0, 0], [0, 0, 1]], "d": [[0, 0, 0, 0, 1, 0, 1, 1, 0, 0, 0, 0, 0, 0, 1, 0, 0, 0, 0, 0, 0, 0, 2, 0, 2, 0, 0, 0, 0, 0], [0, 0, 1, 2, 0, 0, 0, 0, 0, 0, 2, 2, 2, 0, 0, 2, 2, 1, 0, 0, 2, 0, 0, 4, 0, 0, 2, 2, 4, 0], [1, 2, 1, 1, 0, 1, 0, 0, 2, 2, 1, 1, 1, 2, 0, 1, 1, 1, 1, 1, 1, 2, 0, 2, 0, 2, 2, 2, 2, 4]], "r": [4737, 1478, 4720, 345, 864, 4520, 724, 652, 2698, 785, 2060, 1093, 4017, 1454, 1917, 2183, 4333, 2326, 2448, 715, 2602, 4520, 1917, 1093, 724, 4737, 2326, 4720, 2060, 785], "g": [[0, 0, 0, 0, 0, 0, 0, 0, 0, 0, 0, 0, 0, 0, 0, 0, 0, 0, 0, 0, 0, 0, 0, 0, 0, 1, 0, 0, 0, 0], [0, 0, 0, 0, 0, 0, 0, 0, 0, 0, 0, 0, 0, 0, 0, 0, 0, 0, 0, 0, 0, 0, 0, 0, 0, 0, 0, 0, 0, 0], [0, 0, 0, 0, 0, 0, 0, 0, 0, 0, 0, 0, 0, 0, 0, 0, 0, 0, 0, 0, 0, 0, 0, 0, 0, 0, 0, 1, 0, 0], [0, 0, 0, 0, 0, 0, 0, 0, 0, 0, 0, 0, 0, 0, 0, 0, 0, 0, 0, 0, 0, 0, 0, 0, 0, 0, 0, 0, 0, 0], [0, 0, 0, 0, 0, 0, 0, 0, 0, 0, 0, 0, 0, 0, 0, 0, 0, 0, 0, 0, 0, 0, 0, 0, 0, 0, 0, 0, 0, 0], [0, 0, 0, 0, 0, 0, 0, 0, 0, 0, 0, 0, 0, 0, 0, 0, 0, 0, 0, 0, 0, 1, 0, 0, 0, 0, 0, 0, 0, 0], [0, 0, 0, 0, 0, 0, 0, 0, 0, 0, 0, 0, 0, 0, 0, 0, 0, 0, 0, 0, 0, 0, 0, 0, 1, 0, 0, 0, 0, 0], [0, 0, 0, 0, 0, 0, 0, 0, 0, 0, 0, 0, 0, 0, 0, 0, 0, 0, 0, 0, 0, 0, 0, 0, 0, 0, 0, 0, 0, 0], [0, 0, 0, 0, 0, 0, 0, 0, 0, 0, 0, 0, 0, 0, 0, 0, 0, 0, 0, 0, 0, 0, 0, 0, 0, 0, 0, 0, 0, 0], [0, 0, 0, 0, 0, 0, 0, 0, 0, 0, 0, 0, 0, 0, 0, 0, 0, 0, 0, 0, 0, 0, 0, 0, 0, 0, 0, 0, 0, 1], [0, 0, 0, 0, 0, 0, 0, 0, 0, 0, 0, 0, 0, 0, 0, 0, 0, 0, 0, 0, 0, 0, 0, 0, 0, 0, 0, 0, 1, 0], [0, 0, 0, 0, 0, 0, 0, 0, 0, 0, 0, 0, 0, 0, 0, 0, 0, 0, 0, 0, 0, 0, 0, 1, 0, 0, 0, 0, 0, 0], [0, 0, 0, 0, 0, 0, 0, 0, 0, 0, 0, 0, 0, 0, 0, 0, 0, 0, 0, 0, 0, 0, 0, 0, 0, 0, 0, 0, 0, 0], [0, 0, 0, 0, 0, 0, 0, 0, 0, 0, 0, 0, 0, 0, 0, 0, 0, 0, 0, 0, 0, 0, 0, 0, 0, 0, 0, 0, 0, 0], [0, 0, 0, 0, 0, 0, 0, 0, 0, 0, 0, 0, 0, 0, 0, 0, 0, 0, 0, 0, 0, 0, 1, 0, 0, 0, 0, 0, 0, 0], [0, 0, 0, 0, 0, 0, 0, 0, 0, 0, 0, 0, 0, 0, 0, 0, 0, 0, 0, 0, 0, 0, 0, 0, 0, 0, 0, 0, 0, 0], [0, 0, 0, 0, 0, 0, 0, 0, 0, 0, 0, 0, 0, 0, 0, 0, 0, 0, 0, 0, 0, 0, 0, 0, 0, 0, 0, 0, 0, 0], [0, 0, 0, 0, 0, 0, 0, 0, 0, 0, 0, 0, 0, 0, 0, 0, 0, 0, 0, 0, 0, 0, 0, 0, 0, 0, 1, 0, 0, 0], [0, 0, 0, 0, 0, 0, 0, 0, 0, 0, 0, 0, 0, 0, 0, 0, 0, 0, 0, 0, 0, 0, 0, 0, 0, 0, 0, 0, 0, 0], [0, 0, 0, 0, 0, 0, 0, 0, 0, 0, 0, 0, 0, 0, 0, 0, 0, 0, 0, 0, 0, 0, 0, 0, 0, 0, 0, 0, 0, 0], [0, 0, 0, 0, 0, 0, 0, 0, 0, 0, 0, 0, 0, 0, 0, 0, 0, 0, 0, 0, 0, 0, 0, 0, 0, 0, 0, 0, 0, 0], [0, 0, 0, 0, 0, 1, 0, 0, 0, 0, 0, 0, 0, 0, 0, 0, 0, 0, 0, 0, 0, 0, 0, 0, 0, 0, 0, 0, 0, 0], [0, 0, 0, 0, 0, 0, 0, 0, 0, 0, 0, 0, 0, 0, 1, 0, 0, 0, 0, 0, 0, 0, 0, 0, 0, 0, 0, 0, 0, 0], [0, 0, 0, 0, 0, 0, 0, 0, 0, 0, 0, 1, 0, 0, 0, 0, 0, 0, 0, 0, 0, 0, 0, 0, 0, 0, 0, 0, 0, 0], [0, 0, 0, 0, 0, 0, 1, 0, 0, 0, 0, 0, 0, 0, 0, 0, 0, 0, 0, 0, 0, 0, 0, 0, 0, 0, 0, 0, 0, 0], [1, 0, 0, 0, 0, 0, 0, 0, 0, 0, 0, 0, 0, 0, 0, 0, 0, 0, 0, 0, 0, 0, 0, 0, 0, 0, 0, 0, 0, 0], [0, 0, 0, 0, 0, 0, 0, 0, 0, 0, 0, 0, 0, 0, 0, 0, 0, 1, 0, 0, 0, 0, 0, 0, 0, 0, 0, 0, 0, 0], [0, 0, 1, 0, 0, 0, 0, 0, 0, 0, 0, 0, 0, 0, 0, 0, 0, 0, 0, 0, 0, 0, 0, 0, 0, 0, 0, 0, 0, 0], [0, 0, 0, 0, 0, 0, 0, 0, 0, 0, 1, 0, 0, 0, 0, 0, 0, 0, 0, 0, 0, 0, 0, 0, 0, 0, 0, 0, 0, 0], [0, 0, 0, 0, 0, 0, 0, 0, 0, 1, 0, 0, 0, 0, 0, 0, 0, 0, 0, 0, 0, 0, 0, 0, 0, 0, 0, 0, 0, 0]], "t": [[0.0, 13.577041809899907, 22.444904818096116, 7.084003792535931, 20.442771347881113, 14.91420121284995, 2.536175310373056, 19.15117633063067, 12.460350920025805, 15.062899365591244, 18.649406352800746, 20.38706146561143, 16.44557249255737, 21.19703997617799, 17.531153956625907, 18.23185873527343, 16.16020566843332, 16.80050721613417, 18.446402349398515, 7.308765404390653, 18.809984881659823, 16.400288335653094, 13.204862686984246, 2.692273389631682, 14.622868149049095, 9.969496435665242, 7.963752792636564, 13.756754031450868, 15.487290137253822, 17.91486328576509, 21.113799584159253, 21.113799584159253, 21.113799584159253, 21.113799584159253, 21.113799584159253, 21.113799584159253, 21.113799584159253, 21.113799584159253, 21.113799584159253, 21.113799584159253, 21.113799584159253, 21.113799584159253, 21.113799584159253, 21.113799584159253, 21.113799584159253, 14.84421228448218, 18.056381021804125, 14.322586447103408, 3.690697185051455, 15.607815359640242, 10.757088441249875, 10.138453767686409, 8.78540153572473, 7.992475604936806, 0.7842116567425663, 6.531402223944284, 13.31870581979032, 17.45004043650581, 23.335801251699635, 11.641257460915819, 22.18455797076817, 17.4641412030228, 6.337750621207287, 24.031989400793094, 20.819164526839604, 23.815661736547398, 10.757088441249875, 11.641257460915819, 13.31870581979032, 10.138453767686409, 14.84421228448218, 6.337750621207287, 14.322586447103408, 6.531402223944284, 0.7842116567425663, 0.0, 13.577041809899907, 22.444904818096116, 7.084003792535931, 20.442771347881113, 14.91420121284995, 2.536175310373056, 19.15117633063067, 12.460350920025805, 15.062899365591244, 18.649406352800746, 20.38706146561143, 16.44557249255737, 21.19703997617799, 17.531153956625907, 18.23185873527343, 16.16020566843332, 16.80050721613417, 18.446402349398515, 7.308765404390653, 18.809984881659823, 16.400288335653094, 13.204862686984246, 2.692273389631682, 14.622868149049095, 9.969496435665242, 7.963752792636564, 13.756754031450868, 15.487290137253822, 17.91486328576509, 21.113799584159253, 21.113799584159253, 21.113799584159253, 21.113799584159253, 21.113799584159253, 21.113799584159253, 21.113799584159253, 21.113799584159253, 21.113799584159253, 21.113799584159253, 21.113799584159253, 21.113799584159253, 21.113799584159253, 21.113799584159253, 21.113799584159253], [13.577041809899907, 0.0, 17.245862341191234, 18.979400541331472, 10.682396718466741, 12.019089733185217, 13.93682887154765, 9.813216749023608, 13.575701138462628, 9.929646209692876, 13.220975429657296, 9.15877391213334, 11.337043349206315, 15.601590072849609, 5.5954927943244215, 4.655343189935581, 2.696264377197433, 10.811211574672281, 7.812790244484777, 10.972812794818847, 12.261474222877775, 4.618519396258507, 14.51575818897068, 16.261572033920373, 7.04816404420601, 10.866087517537789, 6.644012431162098, 6.542377951226937, 2.260715500626869, 13.800151604277366, 17.406415570264087, 17.406415570264087, 17.406415570264087, 17.406415570264087, 17.406415570264087, 17.406415570264087, 17.406415570264087, 17.406415570264087, 17.406415570264087, 17.406415570264087, 17.406415570264087, 17.406415570264087, 17.406415570264087, 17.406415570264087, 17.406415570264087, 15.5389431861535, 15.77535171857447, 0.8009342636968734, 15.465577676491884, 15.30358545435272, 6.000012586705847, 3.5863137074497535, 12.054711344348076, 5.585254719492097, 12.852321248762959, 9.197880892615805, 13.721043071602718, 3.909262415474837, 10.705266028983228, 8.256152523930405, 12.191920418844274, 8.524160900486645, 7.679960555888748, 10.75209897231608, 8.502202343677688, 10.238671561062809, 6.000012586705847, 8.256152523930405, 13.721043071602718, 3.5863137074497535, 15.5389431861535, 7.679960555888748, 0.8009342636968734, 9.197880892615805, 12.852321248762959, 13.577041809899907, 0.0, 17.245862341191234, 18.979400541331472, 10.682396718466741, 12.019089733185217, 13.93682887154765, 9.813216749023608, 13.575701138462628, 9.929646209692876, 13.220975429657296, 9.15877391213334, 11.337043349206315, 15.601590072849609, 5.5954927943244215, 4.655343189935581, 2.696264377197433, 10.811211574672281, 7.812790244484777, 10.972812794818847, 12.261474222877775, 4.618519396258507, 14.51575818897068, 16.261572033920373, 7.04816404420601, 10.866087517537789, 6.644012431162098, 6.542377951226937, 2.260715500626869, 13.800151604277366, 17.406415570264087, 17.406415570264087, 17.406415570264087, 17.406415570264087, 17.406415570264087, 17.406415570264087, 17.406415570264087, 17.406415570264087, 17.406415570264087, 17.406415570264087, 17.406415570264087, 17.406415570264087, 17.406415570264087, 17.406415570264087, 17.406415570264087], [22.444904818096116, 17.245862341191234, 0.0, 22.414514163480106, 8.307288936386522, 28.97798801708026, 24.518349511727937, 8.283977260180107, 29.59519123239484, 27.09252567490177, 4.196137927024964, 10.879096976711867, 6.450054068109624, 1.6455161325787089, 21.83970640321055, 17.571252297568503, 18.154115382754686, 28.056044743778436, 24.362705081619083, 15.157740262414963, 4.986713125068311, 13.326816242497744, 10.33985980134755, 24.09427176382611, 10.335454646849678, 12.487913321093677, 21.06729239533837, 23.72144814217276, 18.546462356786904, 4.532919372213782, 2.342848310696352, 2.342848310696352, 2.342848310696352, 2.342848310696352, 2.342848310696352, 2.342848310696352, 2.342848310696352, 2.342848310696352, 2.342848310696352, 2.342848310696352, 2.342848310696352, 2.342848310696352, 2.342848310696352, 2.342848310696352, 2.342848310696352, 9.139051051734056, 5.142696997390021, 17.527510723568195, 21.099380458335325, 7.987314958745509, 13.46099820109224, 18.607006633966954, 26.873128864574273, 18.31266271121373, 21.75767432217454, 16.167408840112227, 30.0, 16.902400072712727, 14.145166261696605, 11.397871995928574, 8.260774098721267, 8.939272337400878, 20.695704448708554, 22.610596666652782, 13.068705598548332, 19.600062631646104, 13.46099820109224, 11.397871995928574, 30.0, 18.607006633966954, 9.139051051734056, 20.695704448708554, 17.527510723568195, 16.167408840112227, 21.75767432217454, 22.444904818096116, 17.245862341191234, 0.0, 22.414514163480106, 8.307288936386522, 28.97798801708026, 24.518349511727937, 8.283977260180107, 29.59519123239484, 27.09252567490177, 4.196137927024964, 10.879096976711867, 6.450054068109624, 1.6455161325787089, 21.83970640321055, 17.571252297568503, 18.154115382754686, 28.056044743778436, 24.362705081619083, 15.157740262414963, 4.986713125068311, 13.326816242497744, 10.33985980134755, 24.09427176382611, 10.335454646849678, 12.487913321093677, 21.06729239533837, 23.72144814217276, 18.546462356786904, 4.532919372213782, 2.342848310696352, 2.342848310696352, 2.342848310696352, 2.342848310696352, 2.342848310696352, 2.342848310696352, 2.342848310696352, 2.342848310696352, 2.342848310696352, 2.342848310696352, 2.342848310696352, 2.342848310696352, 2.342848310696352, 2.342848310696352, 2.342848310696352], [7.084003792535931, 18.979400541331472, 22.414514163480106, 0.0, 23.024291269002706, 21.998067600370213, 9.088367941740103, 21.735267480147304, 19.41951602187415, 22.08690285443241, 19.444764357429595, 23.72054752371143, 17.648017214753168, 21.57417038963699, 23.713631098854734, 23.462858376096875, 21.674497150831158, 23.819708300327136, 24.968892861992053, 8.966555318156596, 20.123079938877357, 20.58336431457132, 12.083830174232082, 5.495179100333254, 17.540245610050068, 11.022215617983536, 14.553080734986485, 20.512473738294624, 21.136732804963298, 18.220897138883632, 20.531905808029666, 20.531905808029666, 20.531905808029666, 20.531905808029666, 20.531905808029666, 20.531905808029666, 20.531905808029666, 20.531905808029666, 20.531905808029666, 20.531905808029666, 20.531905808029666, 20.531905808029666, 20.531905808029666, 20.531905808029666, 20.531905808029666, 13.439641617107222, 17.36579634909187, 19.77662596071613, 3.6974081844682147, 14.524709526372133, 14.373506157093509, 15.997282454539137, 15.788377156318512, 13.687008274821816, 7.376460219403462, 9.981662480422921, 20.29899123597817, 22.576271217750413, 27.253991975345826, 13.99932755673506, 24.650717582516073, 20.19433675052004, 12.860490619911538, 29.728688762109794, 24.71785546416104, 28.937793810736423, 14.373506157093509, 13.99932755673506, 20.29899123597817, 15.997282454539137, 13.439641617107222, 12.860490619911538, 19.77662596071613, 9.981662480422921, 7.376460219403462, 7.084003792535931, 18.979400541331472, 22.414514163480106, 0.0, 23.024291269002706, 21.998067600370213, 9.088367941740103, 21.735267480147304, 19.41951602187415, 22.08690285443241, 19.444764357429595, 23.72054752371143, 17.648017214753168, 21.57417038963699, 23.713631098854734, 23.462858376096875, 21.674497150831158, 23.819708300327136, 24.968892861992053, 8.966555318156596, 20.123079938877357, 20.58336431457132, 12.083830174232082, 5.495179100333254, 17.540245610050068, 11.022215617983536, 14.553080734986485, 20.512473738294624, 21.136732804963298, 18.220897138883632, 20.531905808029666, 20.531905808029666, 20.531905808029666, 20.531905808029666, 20.531905808029666, 20.531905808029666, 20.531905808029666, 20.531905808029666, 20.531905808029666, 20.531905808029666, 20.531905808029666, 20.531905808029666, 20.531905808029666, 20.531905808029666, 20.531905808029666], [20.442771347881113, 10.682396718466741, 8.307288936386522, 23.024291269002706, 0.0, 22.677297991925247, 21.868780040259313, 1.3064890352653487, 24.147036211899106, 20.493136059340085, 5.942069209011853, 2.5730117860311785, 6.145464661746923, 6.868865699161849, 14.232905611134145, 9.656755737205685, 10.735758245692825, 21.14671445610852, 16.746580437144914, 14.184357703277687, 4.464656560135181, 6.108227767451764, 12.73416876269218, 22.743535415507207, 5.8202282459744366, 12.018866602431784, 16.246775898210174, 17.135815941389463, 11.314117173822225, 7.490982733011541, 9.64249584526373, 9.64249584526373, 9.64249584526373, 9.64249584526373, 9.64249584526373, 9.64249584526373, 9.64249584526373, 9.64249584526373, 9.64249584526373, 9.64249584526373, 9.64249584526373, 9.64249584526373, 9.64249584526373, 9.64249584526373, 9.64249584526373, 12.56562952343718, 10.016743910491545, 10.680604973971901, 20.50903656191483, 11.607534360094098, 9.719328010481533, 13.216967806748766, 22.149806231157946, 13.897368806983868, 19.66398982938485, 14.008147995806262, 24.354994645335417, 9.14807237914445, 6.13664475534932, 9.113763574426624, 1.747255124678912, 2.9787617657918006, 16.513619630794402, 14.305278586081979, 4.761670464573972, 11.314665928655653, 9.719328010481533, 9.113763574426624, 24.354994645335417, 13.216967806748766, 12.56562952343718, 16.513619630794402, 10.680604973971901, 14.008147995806262, 19.66398982938485, 20.442771347881113, 10.682396718466741, 8.307288936386522, 23.024291269002706, 0.0, 22.677297991925247, 21.868780040259313, 1.3064890352653487, 24.147036211899106, 20.493136059340085, 5.942069209011853, 2.5730117860311785, 6.145464661746923, 6.868865699161849, 14.232905611134145, 9.656755737205685, 10.735758245692825, 21.14671445610852, 16.746580437144914, 14.184357703277687, 4.464656560135181, 6.108227767451764, 12.73416876269218, 22.743535415507207, 5.8202282459744366, 12.018866602431784, 16.246775898210174, 17.135815941389463, 11.314117173822225, 7.490982733011541, 9.64249584526373, 9.64249584526373, 9.64249584526373, 9.64249584526373, 9.64249584526373, 9.64249584526373, 9.64249584526373, 9.64249584526373, 9.64249584526373, 9.64249584526373, 9.64249584526373, 9.64249584526373, 9.64249584526373, 9.64249584526373, 9.64249584526373], [14.91420121284995, 12.019089733185217, 28.97798801708026, 21.998067600370213, 22.677297991925247, 0.0, 13.182134742718032, 21.832285145959215, 3.9518445269610414, 2.4812868657050497, 24.825234073575473, 20.940525004147776, 22.714314710201453, 27.353065899972208, 10.041283669844628, 14.298183937372142, 12.354761549268703, 3.2694955690752296, 8.606677923184423, 18.063922101543426, 24.052331710634434, 16.572855161068393, 23.766333723543795, 16.929040823395614, 18.643877892651144, 19.57434132288543, 8.94583288803356, 5.574042861169019, 11.609993959660754, 25.094561931574003, 28.801167099194142, 28.801167099194142, 28.801167099194142, 28.801167099194142, 28.801167099194142, 28.801167099194142, 28.801167099194142, 28.801167099194142, 28.801167099194142, 28.801167099194142, 28.801167099194142, 28.801167099194142, 28.801167099194142, 28.801167099194142, 28.801167099194142, 25.201123804955355, 26.63665822199923, 12.003529699484213, 18.48881189328523, 25.370476107619965, 15.962563946663984, 10.492687290802673, 6.524547363325113, 11.551256683069061, 14.683565623496492, 15.882847601587507, 3.288210411941654, 14.27182470193959, 21.44858233011125, 18.410140412421523, 24.12399946985964, 20.50549369439155, 10.266532096346065, 16.261447404295858, 19.798934923375864, 18.178989013813634, 15.962563946663984, 18.410140412421523, 3.288210411941654, 10.492687290802673, 25.201123804955355, 10.266532096346065, 12.003529699484213, 15.882847601587507, 14.683565623496492, 14.91420121284995, 12.019089733185217, 28.97798801708026, 21.998067600370213, 22.677297991925247, 0.0, 13.182134742718032, 21.832285145959215, 3.9518445269610414, 2.4812868657050497, 24.825234073575473, 20.940525004147776, 22.714314710201453, 27.353065899972208, 10.041283669844628, 14.298183937372142, 12.354761549268703, 3.2694955690752296, 8.606677923184423, 18.063922101543426, 24.052331710634434, 16.572855161068393, 23.766333723543795, 16.929040823395614, 18.643877892651144, 19.57434132288543, 8.94583288803356, 5.574042861169019, 11.609993959660754, 25.094561931574003, 28.801167099194142, 28.801167099194142, 28.801167099194142, 28.801167099194142, 28.801167099194142, 28.801167099194142, 28.801167099194142, 28.801167099194142, 28.801167099194142, 28.801167099194142, 28.801167099194142, 28.801167099194142, 28.801167099194142, 28.801167099194142, 28.801167099194142], [2.536175310373056, 13.93682887154765, 24.518349511727937, 9.088367941740103, 21.868780040259313, 13.182134742718032, 0.0, 20.603906457115905, 10.347536100464353, 13.676946159765011, 20.604270802555583, 21.547297914182344, 18.353260871124316, 23.202378340202326, 17.190126317895235, 18.54452211867867, 16.353473141049555, 15.405307701211322, 17.766891874220885, 9.529591100445751, 20.63752834857229, 17.310737206578363, 15.592405984825346, 3.7585409698610994, 16.094840741232307, 12.137787335037814, 7.6276227794974, 12.9000217788255, 15.610682271878982, 19.988004898013777, 23.30535670814691, 23.30535670814691, 23.30535670814691, 23.30535670814691, 23.30535670814691, 23.30535670814691, 23.30535670814691, 23.30535670814691, 23.30535670814691, 23.30535670814691, 23.30535670814691, 23.30535670814691, 23.30535670814691, 23.30535670814691, 23.30535670814691, 17.23588315696177, 20.30516401570211, 14.618564877251991, 6.058649316709108, 17.949397802013845, 12.162688710952917, 10.360706200905717, 6.770455124903777, 8.526050978430753, 2.951225775580641, 8.375874469318934, 11.235948535792332, 17.84488528500667, 24.202768794338382, 13.41631530520858, 23.615807219046825, 18.91007072200974, 6.2742560258776106, 23.940923291107126, 21.74154255297791, 24.08147645444521, 12.162688710952917, 13.41631530520858, 11.235948535792332, 10.360706200905717, 17.23588315696177, 6.2742560258776106, 14.618564877251991, 8.375874469318934, 2.951225775580641, 2.536175310373056, 13.93682887154765, 24.518349511727937, 9.088367941740103, 21.868780040259313, 13.182134742718032, 0.0, 20.603906457115905, 10.347536100464353, 13.676946159765011, 20.604270802555583, 21.547297914182344, 18.353260871124316, 23.202378340202326, 17.190126317895235, 18.54452211867867, 16.353473141049555, 15.405307701211322, 17.766891874220885, 9.529591100445751, 20.63752834857229, 17.310737206578363, 15.592405984825346, 3.7585409698610994, 16.094840741232307, 12.137787335037814, 7.6276227794974, 12.9000217788255, 15.610682271878982, 19.988004898013777, 23.30535670814691, 23.30535670814691, 23.30535670814691, 23.30535670814691, 23.30535670814691, 23.30535670814691, 23.30535670814691, 23.30535670814691, 23.30535670814691, 23.30535670814691, 23.30535670814691, 23.30535670814691, 23.30535670814691, 23.30535670814691, 23.30535670814691], [19.15117633063067, 9.813216749023608, 8.283977260180107, 21.735267480147304, 1.3064890352653487, 21.832285145959215, 20.603906457115905, 0.0, 23.15290843869926, 19.707474221947937, 5.320848636490832, 2.9565457306264897, 5.116795597939924, 6.7289996973987085, 13.749602950272942, 9.323952420811104, 10.14757820900678, 20.444736090399584, 16.277267128450795, 12.882010050845036, 3.84943527585107, 5.36572043842518, 11.626507897223965, 21.441635273484778, 4.5295682910595945, 10.740282993986662, 15.126794660468217, 16.330000884939288, 10.658109496249832, 6.758128710834959, 9.324573634467278, 9.324573634467278, 9.324573634467278, 9.324573634467278, 9.324573634467278, 9.324573634467278, 9.324573634467278, 9.324573634467278, 9.324573634467278, 9.324573634467278, 9.324573634467278, 9.324573634467278, 9.324573634467278, 9.324573634467278, 9.324573634467278, 11.561702530830939, 9.301672628242555, 9.89008519245513, 19.203363996651323, 10.655875278864412, 8.444867498204573, 12.147094096114536, 21.05000527129104, 12.715137282163758, 18.373385857690966, 12.706271362476382, 23.393003623049832, 8.71167449483415, 6.868553480555737, 7.809201134739348, 3.0342177753184707, 1.694114589432006, 15.32864214957177, 14.454518525245067, 5.073536541915881, 11.635143670973722, 8.444867498204573, 7.809201134739348, 23.393003623049832, 12.147094096114536, 11.561702530830939, 15.32864214957177, 9.89008519245513, 12.706271362476382, 18.373385857690966, 19.15117633063067, 9.813216749023608, 8.283977260180107, 21.735267480147304, 1.3064890352653487, 21.832285145959215, 20.603906457115905, 0.0, 23.15290843869926, 19.707474221947937, 5.320848636490832, 2.9565457306264897, 5.116795597939924, 6.7289996973987085, 13.749602950272942, 9.323952420811104, 10.14757820900678, 20.444736090399584, 16.277267128450795, 12.882010050845036, 3.84943527585107, 5.36572043842518, 11.626507897223965, 21.441635273484778, 4.5295682910595945, 10.740282993986662, 15.126794660468217, 16.330000884939288, 10.658109496249832, 6.758128710834959, 9.324573634467278, 9.324573634467278, 9.324573634467278, 9.324573634467278, 9.324573634467278, 9.324573634467278, 9.324573634467278, 9.324573634467278, 9.324573634467278, 9.324573634467278, 9.324573634467278, 9.324573634467278, 9.324573634467278, 9.324573634467278, 9.324573634467278], [12.460350920025805, 13.575701138462628, 29.59519123239484, 19.41951602187415, 24.147036211899106, 3.9518445269610414, 10.347536100464353, 23.15290843869926, 0.0, 5.950971527059126, 25.399053458771387, 22.73366897981408, 23.171116534386368, 28.020961432499636, 13.034409643289575, 16.76065542261586, 14.600054827204668, 7.165201667344725, 12.064404956558143, 17.021945904250437, 24.834392423838953, 18.180825145741032, 23.09948812283813, 14.07626822813835, 19.428715685160213, 18.959225063610564, 8.57481554397246, 7.97828337536987, 13.78478667444987, 25.415722299443463, 29.105806404933098, 29.105806404933098, 29.105806404933098, 29.105806404933098, 29.105806404933098, 29.105806404933098, 29.105806404933098, 29.105806404933098, 29.105806404933098, 29.105806404933098, 29.105806404933098, 29.105806404933098, 29.105806404933098, 29.105806404933098, 29.105806404933098, 24.644700436658002, 26.63284072314047, 13.782353982828496, 16.147065966015074, 24.992032292299836, 16.173581063395332, 11.092705160793335, 3.690092180465671, 11.367213266947807, 12.409745216831631, 14.97150681114357, 0.9096089372512172, 16.541426490315246, 23.829152721114333, 18.457977017151073, 25.724630770629123, 21.664932356692216, 9.34289531934634, 19.66728596208997, 21.9080700344964, 21.236573248767918, 16.173581063395332, 18.457977017151073, 0.9096089372512172, 11.092705160793335, 24.644700436658002, 9.34289531934634, 13.782353982828496, 14.97150681114357, 12.409745216831631, 12.460350920025805, 13.575701138462628, 29.59519123239484, 19.41951602187415, 24.147036211899106, 3.9518445269610414, 10.347536100464353, 23.15290843869926, 0.0, 5.950971527059126, 25.399053458771387, 22.73366897981408, 23.171116534386368, 28.020961432499636, 13.034409643289575, 16.76065542261586, 14.600054827204668, 7.165201667344725, 12.064404956558143, 17.021945904250437, 24.834392423838953, 18.180825145741032, 23.09948812283813, 14.07626822813835, 19.428715685160213, 18.959225063610564, 8.57481554397246, 7.97828337536987, 13.78478667444987, 25.415722299443463, 29.105806404933098, 29.105806404933098, 29.105806404933098, 29.105806404933098, 29.105806404933098, 29.105806404933098, 29.105806404933098, 29.105806404933098, 29.105806404933098, 29.105806404933098, 29.105806404933098, 29.105806404933098, 29.105806404933098, 29.105806404933098, 29.105806404933098], [15.062899365591244, 9.929646209692876, 27.09252567490177, 22.08690285443241, 20.493136059340085, 2.4812868657050497, 13.676946159765011, 19.707474221947937, 5.950971527059126, 0.0, 22.986232584181153, 18.659610675980986, 20.947764965932315, 25.455118193967586, 7.561500909524194, 11.876829095628384, 10.003437737997997, 1.7384829490182023, 6.190619595191513, 17.18411480872874, 22.127877773217353, 14.387525622541105, 22.569945936528757, 17.327911773265853, 16.773707822073284, 18.41141349332701, 8.096113950714024, 3.3875644781310643, 9.290271629894207, 23.36991035466848, 27.05717311025778, 27.05717311025778, 27.05717311025778, 27.05717311025778, 27.05717311025778, 27.05717311025778, 27.05717311025778, 27.05717311025778, 27.05717311025778, 27.05717311025778, 27.05717311025778, 27.05717311025778, 27.05717311025778, 27.05717311025778, 27.05717311025778, 23.92660962683332, 25.057332043062083, 9.82164505496396, 18.46127281487883, 23.997146562059303, 14.423674583198613, 8.945602531094625, 7.515928666990234, 10.394564339685003, 14.710693152050055, 14.981244347658496, 5.492308639142463, 11.896289975164745, 19.020027232644654, 16.905466039206676, 21.888376854644644, 18.453806553184776, 9.643346110974788, 13.844942058818354, 17.43451355837683, 15.70119199026369, 14.423674583198613, 16.905466039206676, 5.492308639142463, 8.945602531094625, 23.92660962683332, 9.643346110974788, 9.82164505496396, 14.981244347658496, 14.710693152050055, 15.062899365591244, 9.929646209692876, 27.09252567490177, 22.08690285443241, 20.493136059340085, 2.4812868657050497, 13.676946159765011, 19.707474221947937, 5.950971527059126, 0.0, 22.986232584181153, 18.659610675980986, 20.947764965932315, 25.455118193967586, 7.561500909524194, 11.876829095628384, 10.003437737997997, 1.7384829490182023, 6.190619595191513, 17.18411480872874, 22.127877773217353, 14.387525622541105, 22.569945936528757, 17.327911773265853, 16.773707822073284, 18.41141349332701, 8.096113950714024, 3.3875644781310643, 9.290271629894207, 23.36991035466848, 27.05717311025778, 27.05717311025778, 27.05717311025778, 27.05717311025778, 27.05717311025778, 27.05717311025778, 27.05717311025778, 27.05717311025778, 27.05717311025778, 27.05717311025778, 27.05717311025778, 27.05717311025778, 27.05717311025778, 27.05717311025778, 27.05717311025778], [18.649406352800746, 13.220975429657296, 4.196137927024964, 19.444764357429595, 5.942069209011853, 24.825234073575473, 20.604270802555583, 5.320848636490832, 25.399053458771387, 22.986232584181153, 0.0, 8.261816331717664, 2.2916849546807625, 2.659023060313416, 18.07865044352946, 14.078598267349092, 14.369208846303746, 24.004672240105222, 20.577291745411504, 11.475975054738745, 1.4852155199797095, 9.62804122094956, 7.800334888569674, 20.488106892598847, 6.21409414174258, 8.845037758295277, 16.87457304553311, 19.630612758375683, 14.68168889642053, 1.626801364103741, 4.27199523447632, 4.27199523447632, 4.27199523447632, 4.27199523447632, 4.27199523447632, 4.27199523447632, 4.27199523447632, 4.27199523447632, 4.27199523447632, 4.27199523447632, 4.27199523447632, 4.27199523447632, 4.27199523447632, 4.27199523447632, 4.27199523447632, 7.157593013363071, 4.0861737459188525, 13.564636228296699, 17.677000764366674, 6.061777338394661, 9.274678673318093, 14.422130082139578, 22.696497292694602, 14.12623520366098, 17.931823800374154, 12.22854966937852, 25.805651676044555, 13.318602042212346, 12.06749251167908, 7.295455622216632, 6.7675442414272275, 5.342700948523856, 16.53443565441533, 19.671968724148808, 10.393761880689828, 16.941971342170824, 9.274678673318093, 7.295455622216632, 25.805651676044555, 14.422130082139578, 7.157593013363071, 16.53443565441533, 13.564636228296699, 12.22854966937852, 17.931823800374154, 18.649406352800746, 13.220975429657296, 4.196137927024964, 19.444764357429595, 5.942069209011853, 24.825234073575473, 20.604270802555583, 5.320848636490832, 25.399053458771387, 22.986232584181153, 0.0, 8.261816331717664, 2.2916849546807625, 2.659023060313416, 18.07865044352946, 14.078598267349092, 14.369208846303746, 24.004672240105222, 20.577291745411504, 11.475975054738745, 1.4852155199797095, 9.62804122094956, 7.800334888569674, 20.488106892598847, 6.21409414174258, 8.845037758295277, 16.87457304553311, 19.630612758375683, 14.68168889642053, 1.626801364103741, 4.27199523447632, 4.27199523447632, 4.27199523447632, 4.27199523447632, 4.27199523447632, 4.27199523447632, 4.27199523447632, 4.27199523447632, 4.27199523447632, 4.27199523447632, 4.27199523447632, 4.27199523447632, 4.27199523447632, 4.27199523447632, 4.27199523447632], [20.38706146561143, 9.15877391213334, 10.879096976711867, 23.72054752371143, 2.5730117860311785, 20.940525004147776, 21.547297914182344, 2.9565457306264897, 22.73366897981408, 18.659610675980986, 8.261816331717664, 0.0, 7.981804009335669, 9.423322070644348, 12.014586654812668, 7.33627111257412, 8.705052358636213, 19.170557772125164, 14.493696052452075, 14.75873925744736, 6.7810591581881985, 4.591619707651625, 14.331283229412938, 22.837936034729957, 6.183026507614361, 12.915265347212813, 15.283777282557145, 15.366657930784687, 9.373990171028552, 9.714673610216927, 12.151938797162458, 12.151938797162458, 12.151938797162458, 12.151938797162458, 12.151938797162458, 12.151938797162458, 12.151938797162458, 12.151938797162458, 12.151938797162458, 12.151938797162458, 12.151938797162458, 12.151938797162458, 12.151938797162458, 12.151938797162458, 12.151938797162458, 14.396297492739931, 12.258207793037025, 8.994366855584364, 20.912602228057708, 13.536485760842297, 9.688138796160667, 12.143681536729925, 21.05569864525389, 13.218290981256564, 19.60289577317858, 14.195735498932107, 22.860914003214358, 6.952940535302692, 3.9756268604355482, 9.742521082604874, 3.3419748575986032, 3.785506452491015, 15.801618780106605, 11.73235789776281, 2.195085415485164, 8.76997943093954, 9.688138796160667, 9.742521082604874, 22.860914003214358, 12.143681536729925, 14.396297492739931, 15.801618780106605, 8.994366855584364, 14.195735498932107, 19.60289577317858, 20.38706146561143, 9.15877391213334, 10.879096976711867, 23.72054752371143, 2.5730117860311785, 20.940525004147776, 21.547297914182344, 2.9565457306264897, 22.73366897981408, 18.659610675980986, 8.261816331717664, 0.0, 7.981804009335669, 9.423322070644348, 12.014586654812668, 7.33627111257412, 8.705052358636213, 19.170557772125164, 14.493696052452075, 14.75873925744736, 6.7810591581881985, 4.591619707651625, 14.331283229412938, 22.837936034729957, 6.183026507614361, 12.915265347212813, 15.283777282557145, 15.366657930784687, 9.373990171028552, 9.714673610216927, 12.151938797162458, 12.151938797162458, 12.151938797162458, 12.151938797162458, 12.151938797162458, 12.151938797162458, 12.151938797162458, 12.151938797162458, 12.151938797162458, 12.151938797162458, 12.151938797162458, 12.151938797162458, 12.151938797162458, 12.151938797162458, 12.151938797162458], [16.44557249255737, 11.337043349206315, 6.450054068109624, 17.648017214753168, 6.145464661746923, 22.714314710201453, 18.353260871124316, 5.116795597939924, 23.171116534386368, 20.947764965932315, 2.2916849546807625, 7.981804009335669, 0.0, 4.949179854650342, 16.44946879547294, 12.763927600316634, 12.756355626755365, 22.034519988023778, 18.905332306731072, 9.362250366113344, 2.4822287709964743, 8.222014164682827, 6.613419472843479, 18.362035134719054, 4.298727595523767, 6.794544694265169, 14.626045459413694, 17.621582118750652, 12.977386863772033, 2.4642416454100213, 6.1102320470404505, 6.1102320470404505, 6.1102320470404505, 6.1102320470404505, 6.1102320470404505, 6.1102320470404505, 6.1102320470404505, 6.1102320470404505, 6.1102320470404505, 6.1102320470404505, 6.1102320470404505, 6.1102320470404505, 6.1102320470404505, 6.1102320470404505, 6.1102320470404505, 6.445331298209303, 4.695462716239884, 11.75752770650724, 15.652966167602, 5.554737642855225, 7.014187458272683, 12.258936524603604, 20.423415289383563, 11.864583099440999, 15.717210806635459, 9.98290389157885, 23.596674589770938, 11.931142913313542, 11.94986969588283, 5.006389074425845, 7.443209111297955, 4.408794546023202, 14.251575511302876, 18.732085574582012, 9.918571443501332, 16.25951677004165, 7.014187458272683, 5.006389074425845, 23.596674589770938, 12.258936524603604, 6.445331298209303, 14.251575511302876, 11.75752770650724, 9.98290389157885, 15.717210806635459, 16.44557249255737, 11.337043349206315, 6.450054068109624, 17.648017214753168, 6.145464661746923, 22.714314710201453, 18.353260871124316, 5.116795597939924, 23.171116534386368, 20.947764965932315, 2.2916849546807625, 7.981804009335669, 0.0, 4.949179854650342, 16.44946879547294, 12.763927600316634, 12.756355626755365, 22.034519988023778, 18.905332306731072, 9.362250366113344, 2.4822287709964743, 8.222014164682827, 6.613419472843479, 18.362035134719054, 4.298727595523767, 6.794544694265169, 14.626045459413694, 17.621582118750652, 12.977386863772033, 2.4642416454100213, 6.1102320470404505, 6.1102320470404505, 6.1102320470404505, 6.1102320470404505, 6.1102320470404505, 6.1102320470404505, 6.1102320470404505, 6.1102320470404505, 6.1102320470404505, 6.1102320470404505, 6.1102320470404505, 6.1102320470404505, 6.1102320470404505, 6.1102320470404505, 6.1102320470404505], [21.19703997617799, 15.601590072849609, 1.6455161325787089, 21.57417038963699, 6.868865699161849, 27.353065899972208, 23.202378340202326, 6.7289996973987085, 28.020961432499636, 25.455118193967586, 2.659023060313416, 9.423322070644348, 4.949179854650342, 0.0, 20.208701914953032, 15.973717438412598, 16.51887071041123, 26.412202377071814, 22.72996809864438, 13.958426304091576, 3.3413520071704044, 11.695794915181077, 9.602859866003488, 22.950398447649793, 8.709310552643322, 11.297750751603237, 19.51391585696248, 22.08203130400286, 16.90493172343757, 3.37859717226203, 2.9135659819493136, 2.9135659819493136, 2.9135659819493136, 2.9135659819493136, 2.9135659819493136, 2.9135659819493136, 2.9135659819493136, 2.9135659819493136, 2.9135659819493136, 2.9135659819493136, 2.9135659819493136, 2.9135659819493136, 2.9135659819493136, 2.9135659819493136, 2.9135659819493136, 8.59811388655041, 4.750831262348314, 15.882028878092676, 20.043569850452556, 7.433459885174463, 11.924648964730213, 17.005919981964283, 25.349508928258892, 16.7743897593109, 20.491961193346445, 14.829454826552912, 28.412886524716523, 15.290206180305653, 12.85367600155547, 9.946688241542963, 7.043023381294022, 7.307599188735331, 19.192311212421473, 21.132978600662813, 11.61840500242078, 18.183308012632963, 11.924648964730213, 9.946688241542963, 28.412886524716523, 17.005919981964283, 8.59811388655041, 19.192311212421473, 15.882028878092676, 14.829454826552912, 20.491961193346445, 21.19703997617799, 15.601590072849609, 1.6455161325787089, 21.57417038963699, 6.868865699161849, 27.353065899972208, 23.202378340202326, 6.7289996973987085, 28.020961432499636, 25.455118193967586, 2.659023060313416, 9.423322070644348, 4.949179854650342, 0.0, 20.208701914953032, 15.973717438412598, 16.51887071041123, 26.412202377071814, 22.72996809864438, 13.958426304091576, 3.3413520071704044, 11.695794915181077, 9.602859866003488, 22.950398447649793, 8.709310552643322, 11.297750751603237, 19.51391585696248, 22.08203130400286, 16.90493172343757, 3.37859717226203, 2.9135659819493136, 2.9135659819493136, 2.9135659819493136, 2.9135659819493136, 2.9135659819493136, 2.9135659819493136, 2.9135659819493136, 2.9135659819493136, 2.9135659819493136, 2.9135659819493136, 2.9135659819493136, 2.9135659819493136, 2.9135659819493136, 2.9135659819493136, 2.9135659819493136], [17.531153956625907, 5.5954927943244215, 21.83970640321055, 23.713631098854734, 14.232905611134145, 10.041283669844628, 17.190126317895235, 13.749602950272942, 13.034409643289575, 7.561500909524194, 18.07865044352946, 12.014586654812668, 16.44946879547294, 20.208701914953032, 0.0, 4.7190436263699524, 3.709687000010779, 7.525800490034987, 2.5287367812805006, 16.334492862764655, 16.915252912405293, 8.513091440387543, 20.105435774180002, 20.188037297229457, 12.188047738737115, 16.438863972782567, 9.621411460272986, 5.147821515151517, 3.5171016606378473, 18.89469574676624, 22.345990946972872, 22.345990946972872, 22.345990946972872, 22.345990946972872, 22.345990946972872, 22.345990946972872, 22.345990946972872, 22.345990946972872, 22.345990946972872, 22.345990946972872, 22.345990946972872, 22.345990946972872, 22.345990946972872, 22.345990946972872, 22.345990946972872, 21.09452055810826, 21.050347132476457, 4.924926432048707, 20.061425223331604, 20.80594779171598, 11.591971056231154, 7.733358115352793, 13.074931140907132, 10.041095859861398, 16.907737704120564, 14.385206405063721, 12.800190415355706, 5.0870631919844165, 11.658173242674986, 13.835330876711396, 15.354294695148052, 12.901272553505768, 11.195382909145813, 6.938625721751812, 10.411689674689741, 8.208261278603135, 11.591971056231154, 13.835330876711396, 12.800190415355706, 7.733358115352793, 21.09452055810826, 11.195382909145813, 4.924926432048707, 14.385206405063721, 16.907737704120564, 17.531153956625907, 5.5954927943244215, 21.83970640321055, 23.713631098854734, 14.232905611134145, 10.041283669844628, 17.190126317895235, 13.749602950272942, 13.034409643289575, 7.561