{"num_workers": 45, "num_roles": 3, "num_nodes": 120, "w": [[90, 90], [90, 90], [30, 30], [30, 30], [30, 30], [150, 150], [330, 330], [120, 120], [180, 180], [0, 0], [60, 60], [180, 180], [90, 90], [120, 120], [0, 0], [120, 120], [90, 90], [150, 150], [150, 150], [90, 90], [30, 30], [90, 90], [300, 300], [150, 150], [30, 30], [30, 30], [30, 30], [120, 120], [180, 180], [180, 180], [0, 0], [0, 0], [0, 0], [0, 0], [0, 0], [0, 0], [0, 0], [0, 0], [0, 0], [0, 0], [0, 0], [0, 0], [0, 0], [0, 0], [0, 0], [30, 300], [60, 420], [30, 390], [60, 210], [120, 300], [270, 450], [330, 360], [180, 270], [60, 300], [330, 360], [240, 420], [60, 330], [240, 420], [90, 360], [90, 390], [60, 420], [180, 270], [180, 360], [150, 360], [90, 390], [30, 390], [330, 360], [180, 270], [90, 360], [90, 390], [60, 420], [90, 390], [60, 210], [60, 330], [60, 300], [450, 450], [120, 120], [480, 480], [450, 450], [330, 330], [300, 300], [390, 390], [390, 390], [450, 450], [420, 420], [360, 360], [300, 300], [390, 390], [390, 390], [270, 270], [390, 390], [420, 420], [300, 300], [480, 480], [270, 270], [120, 120], [450, 450], [420, 420], [420, 420], [450, 450], [450, 450], [420, 420], [390, 390], [300, 300], [210, 210], [480, 480], [480, 480], [480, 480], [480, 480], [480, 480], [480, 480], [480, 480], [480, 480], [480, 480], [480, 480], [480, 480], [480, 480], [480, 480], [480, 480], [480, 480]], "p": [0, 0, 0, 0, 0, 0, 0, 0, 0, 0, 0, 0, 0, 0, 0, 0, 0, 0, 0, 0, 0, 0, 0, 0, 0, 0, 0, 0, 0, 0, 0, 0, 0, 0, 0, 0, 0, 0, 0, 0, 0, 0, 0, 0, 0, 43.78614569233506, 50.650868239733654, 63.75024671247472, 45.934199276434164, 42.33125090500594, 71.14190766044483, 59.971692869017986, 65.85260955654297, 67.91516257163124, 62.27532935074031, 54.61567609754663, 67.0141976316386, 57.25978425141518, 56.679293263784885, 54.30442906065778, 74.19249369014105, 52.386535892754296, 48.5894837369176, 50.16173897546222, 55.90160932053951, 64.92303386990102, 31.137664675370154, 26.193267946377148, 28.339646631892442, 27.15221453032889, 37.096246845070525, 27.950804660269753, 22.967099638217082, 33.5070988158193, 33.95758128581562, 0, 0, 0, 0, 0, 0, 0, 0, 0, 0, 0, 0, 0, 0, 0, 0, 0, 0, 0, 0, 0, 0, 0, 0, 0, 0, 0, 0, 0, 0, 0, 0, 0, 0, 0, 0, 0, 0, 0, 0, 0, 0, 0, 0, 0], "e": [[1, 1, 0], [1, 0, 1], [0, 1, 1], [1, 1, 0], [1, 1, 0], [1, 1, 0], [0, 1, 1], [0, 1, 1], [1, 1, 0], [0, 1, 0], [0, 1, 1], [0, 1, 1], [1, 1, 0], [0, 1, 0], [0, 1, 1], [1, 1, 0], [0, 1, 1], [0, 1, 0], [0, 1, 1], [0, 1, 0], [0, 1, 1], [0, 1, 1], [0, 1, 0], [0, 1, 0], [0, 1, 0], [0, 1, 1], [0, 1, 1], [0, 1, 1], [1, 1, 0], [0, 1, 0], [1, 1, 0], [1, 1, 0], [0, 1, 1], [0, 1, 0], [1, 1, 0], [0, 1, 0], [0, 1, 1], [1, 0, 0], [1, 0, 0], [1, 0, 0], [1, 0, 0], [1, 0, 0], [1, 0, 0], [0, 0, 1], [0, 0, 1]], "d": [[0, 1, 1, 0, 0, 0, 0, 0, 0, 0, 0, 0, 0, 0, 0, 0, 0, 0, 0, 0, 0, 0, 0, 0, 0, 0, 0, 0, 0, 0], [1, 0, 1, 1, 1, 1, 1, 1, 1, 1, 1, 1, 1, 1, 1, 1, 1, 1, 1, 1, 1, 2, 2, 2, 2, 2, 2, 2, 2, 2], [2, 0, 1, 2, 2, 0, 0, 0, 0, 0, 2, 0, 0, 2, 2, 2, 0, 0, 0, 2, 0, 0, 0, 4, 4, 4, 4, 4, 0, 0]], "r": [939, 2420, 1332, 3164, 680, 3289, 3871, 317, 3739, 1247, 3643, 2490, 3841, 3819, 4668, 1128, 121, 2993, 4169, 1029, 1759, 1247, 121, 3819, 4668, 1128, 1029, 3164, 2490, 3739], "g": [[0, 0, 0, 0, 0, 0, 0, 0, 0, 0, 0, 0, 0, 0, 0, 0, 0, 0, 0, 0, 0, 0, 0, 0, 0, 0, 0, 0, 0, 0], [0, 0, 0, 0, 0, 0, 0, 0, 0, 0, 0, 0, 0, 0, 0, 0, 0, 0, 0, 0, 0, 0, 0, 0, 0, 0, 0, 0, 0, 0], [0, 0, 0, 0, 0, 0, 0, 0, 0, 0, 0, 0, 0, 0, 0, 0, 0, 0, 0, 0, 0, 0, 0, 0, 0, 0, 0, 0, 0, 0], [0, 0, 0, 0, 0, 0, 0, 0, 0, 0, 0, 0, 0, 0, 0, 0, 0, 0, 0, 0, 0, 0, 0, 0, 0, 0, 0, 1, 0, 0], [0, 0, 0, 0, 0, 0, 0, 0, 0, 0, 0, 0, 0, 0, 0, 0, 0, 0, 0, 0, 0, 0, 0, 0, 0, 0, 0, 0, 0, 0], [0, 0, 0, 0, 0, 0, 0, 0, 0, 0, 0, 0, 0, 0, 0, 0, 0, 0, 0, 0, 0, 0, 0, 0, 0, 0, 0, 0, 0, 0], [0, 0, 0, 0, 0, 0, 0, 0, 0, 0, 0, 0, 0, 0, 0, 0, 0, 0, 0, 0, 0, 0, 0, 0, 0, 0, 0, 0, 0, 0], [0, 0, 0, 0, 0, 0, 0, 0, 0, 0, 0, 0, 0, 0, 0, 0, 0, 0, 0, 0, 0, 0, 0, 0, 0, 0, 0, 0, 0, 0], [0, 0, 0, 0, 0, 0, 0, 0, 0, 0, 0, 0, 0, 0, 0, 0, 0, 0, 0, 0, 0, 0, 0, 0, 0, 0, 0, 0, 0, 1], [0, 0, 0, 0, 0, 0, 0, 0, 0, 0, 0, 0, 0, 0, 0, 0, 0, 0, 0, 0, 0, 1, 0, 0, 0, 0, 0, 0, 0, 0], [0, 0, 0, 0, 0, 0, 0, 0, 0, 0, 0, 0, 0, 0, 0, 0, 0, 0, 0, 0, 0, 0, 0, 0, 0, 0, 0, 0, 0, 0], [0, 0, 0, 0, 0, 0, 0, 0, 0, 0, 0, 0, 0, 0, 0, 0, 0, 0, 0, 0, 0, 0, 0, 0, 0, 0, 0, 0, 1, 0], [0, 0, 0, 0, 0, 0, 0, 0, 0, 0, 0, 0, 0, 0, 0, 0, 0, 0, 0, 0, 0, 0, 0, 0, 0, 0, 0, 0, 0, 0], [0, 0, 0, 0, 0, 0, 0, 0, 0, 0, 0, 0, 0, 0, 0, 0, 0, 0, 0, 0, 0, 0, 0, 1, 0, 0, 0, 0, 0, 0], [0, 0, 0, 0, 0, 0, 0, 0, 0, 0, 0, 0, 0, 0, 0, 0, 0, 0, 0, 0, 0, 0, 0, 0, 1, 0, 0, 0, 0, 0], [0, 0, 0, 0, 0, 0, 0, 0, 0, 0, 0, 0, 0, 0, 0, 0, 0, 0, 0, 0, 0, 0, 0, 0, 0, 1, 0, 0, 0, 0], [0, 0, 0, 0, 0, 0, 0, 0, 0, 0, 0, 0, 0, 0, 0, 0, 0, 0, 0, 0, 0, 0, 1, 0, 0, 0, 0, 0, 0, 0], [0, 0, 0, 0, 0, 0, 0, 0, 0, 0, 0, 0, 0, 0, 0, 0, 0, 0, 0, 0, 0, 0, 0, 0, 0, 0, 0, 0, 0, 0], [0, 0, 0, 0, 0, 0, 0, 0, 0, 0, 0, 0, 0, 0, 0, 0, 0, 0, 0, 0, 0, 0, 0, 0, 0, 0, 0, 0, 0, 0], [0, 0, 0, 0, 0, 0, 0, 0, 0, 0, 0, 0, 0, 0, 0, 0, 0, 0, 0, 0, 0, 0, 0, 0, 0, 0, 1, 0, 0, 0], [0, 0, 0, 0, 0, 0, 0, 0, 0, 0, 0, 0, 0, 0, 0, 0, 0, 0, 0, 0, 0, 0, 0, 0, 0, 0, 0, 0, 0, 0], [0, 0, 0, 0, 0, 0, 0, 0, 0, 1, 0, 0, 0, 0, 0, 0, 0, 0, 0, 0, 0, 0, 0, 0, 0, 0, 0, 0, 0, 0], [0, 0, 0, 0, 0, 0, 0, 0, 0, 0, 0, 0, 0, 0, 0, 0, 1, 0, 0, 0, 0, 0, 0, 0, 0, 0, 0, 0, 0, 0], [0, 0, 0, 0, 0, 0, 0, 0, 0, 0, 0, 0, 0, 1, 0, 0, 0, 0, 0, 0, 0, 0, 0, 0, 0, 0, 0, 0, 0, 0], [0, 0, 0, 0, 0, 0, 0, 0, 0, 0, 0, 0, 0, 0, 1, 0, 0, 0, 0, 0, 0, 0, 0, 0, 0, 0, 0, 0, 0, 0], [0, 0, 0, 0, 0, 0, 0, 0, 0, 0, 0, 0, 0, 0, 0, 1, 0, 0, 0, 0, 0, 0, 0, 0, 0, 0, 0, 0, 0, 0], [0, 0, 0, 0, 0, 0, 0, 0, 0, 0, 0, 0, 0, 0, 0, 0, 0, 0, 0, 1, 0, 0, 0, 0, 0, 0, 0, 0, 0, 0], [0, 0, 0, 1, 0, 0, 0, 0, 0, 0, 0, 0, 0, 0, 0, 0, 0, 0, 0, 0, 0, 0, 0, 0, 0, 0, 0, 0, 0, 0], [0, 0, 0, 0, 0, 0, 0, 0, 0, 0, 0, 1, 0, 0, 0, 0, 0, 0, 0, 0, 0, 0, 0, 0, 0, 0, 0, 0, 0, 0], [0, 0, 0, 0, 0, 0, 0, 0, 1, 0, 0, 0, 0, 0, 0, 0, 0, 0, 0, 0, 0, 0, 0, 0, 0, 0, 0, 0, 0, 0]], "t": [[0.0, 22.08475597860455, 6.614483877250495, 1.9910365871795308, 16.57105334129821, 24.995071340642532, 25.214368524673645, 15.91904423704472, 7.234988677424833, 17.655808746014728, 24.264952946109194, 17.60119764187064, 18.18817975091774, 19.949102946201396, 9.174294741015382, 19.40767339799895, 6.9698920900771935, 16.635147489361945, 14.864698296521627, 15.522717195004484, 17.22139314080894, 22.560440149515948, 15.70867578452183, 18.503474868840634, 4.589055113370888, 10.3988002075887, 20.02933258437299, 19.93040523650205, 4.674508921081355, 25.00171533574978, 14.488251305949897, 14.488251305949897, 14.488251305949897, 14.488251305949897, 14.488251305949897, 14.488251305949897, 14.488251305949897, 14.488251305949897, 14.488251305949897, 14.488251305949897, 14.488251305949897, 14.488251305949897, 14.488251305949897, 14.488251305949897, 14.488251305949897, 20.15196669904845, 4.9400807992752185, 3.240347521495375, 14.80633129684113, 2.142256527134811, 19.805015735294603, 28.066493216697033, 15.530858947228216, 8.895308276700208, 13.570400135201208, 11.015692094589685, 17.400663131939922, 6.358611301769204, 7.256342457372601, 12.790347663657858, 12.320570255424524, 18.073509930977576, 4.795846928171226, 17.46787708449212, 25.81530344066862, 15.295166893121653, 13.570400135201208, 18.073509930977576, 7.256342457372601, 12.790347663657858, 12.320570255424524, 25.81530344066862, 14.80633129684113, 17.400663131939922, 8.895308276700208, 0.0, 22.08475597860455, 6.614483877250495, 1.9910365871795308, 16.57105334129821, 24.995071340642532, 25.214368524673645, 15.91904423704472, 7.234988677424833, 17.655808746014728, 24.264952946109194, 17.60119764187064, 18.18817975091774, 19.949102946201396, 9.174294741015382, 19.40767339799895, 6.9698920900771935, 16.635147489361945, 14.864698296521627, 15.522717195004484, 17.22139314080894, 22.560440149515948, 15.70867578452183, 18.503474868840634, 4.589055113370888, 10.3988002075887, 20.02933258437299, 19.93040523650205, 4.674508921081355, 25.00171533574978, 14.488251305949897, 14.488251305949897, 14.488251305949897, 14.488251305949897, 14.488251305949897, 14.488251305949897, 14.488251305949897, 14.488251305949897, 14.488251305949897, 14.488251305949897, 14.488251305949897, 14.488251305949897, 14.488251305949897, 14.488251305949897, 14.488251305949897], [22.08475597860455, 0.0, 18.192939461677213, 21.373337548040553, 27.708042631886396, 13.871349958445165, 13.110571656224511, 24.99060122674151, 15.530889575430276, 6.2555400349361125, 19.636383675252993, 27.843336964582843, 14.029079847174689, 20.135938383288554, 23.59085912698056, 5.888273961436731, 18.16429822669531, 26.85172058719976, 25.78316356529893, 12.70632468597373, 16.93705088966848, 7.761781385200725, 18.43737605606315, 27.36873942740066, 17.51315204902012, 12.144024363221854, 20.93685935896238, 25.228676834679863, 18.835715822908575, 13.58964542309437, 8.02892346403601, 8.02892346403601, 8.02892346403601, 8.02892346403601, 8.02892346403601, 8.02892346403601, 8.02892346403601, 8.02892346403601, 8.02892346403601, 8.02892346403601, 8.02892346403601, 8.02892346403601, 8.02892346403601, 8.02892346403601, 8.02892346403601, 21.883232971731985, 20.2926911960021, 21.87287061795405, 25.348853704799748, 20.745948708082103, 28.164150722611428, 20.2984543134076, 9.90078244090347, 13.416133259174366, 9.832986358982582, 12.90780487367025, 13.954576596095333, 16.235079886566524, 15.3579961599073, 19.77591997342546, 10.940320131653312, 14.56845384663221, 18.703027757882452, 5.768131614616199, 14.926030034691141, 28.22488874936027, 9.832986358982582, 14.56845384663221, 15.3579961599073, 19.77591997342546, 10.940320131653312, 14.926030034691141, 25.348853704799748, 13.954576596095333, 13.416133259174366, 22.08475597860455, 0.0, 18.192939461677213, 21.373337548040553, 27.708042631886396, 13.871349958445165, 13.110571656224511, 24.99060122674151, 15.530889575430276, 6.2555400349361125, 19.636383675252993, 27.843336964582843, 14.029079847174689, 20.135938383288554, 23.59085912698056, 5.888273961436731, 18.16429822669531, 26.85172058719976, 25.78316356529893, 12.70632468597373, 16.93705088966848, 7.761781385200725, 18.43737605606315, 27.36873942740066, 17.51315204902012, 12.144024363221854, 20.93685935896238, 25.228676834679863, 18.835715822908575, 13.58964542309437, 8.02892346403601, 8.02892346403601, 8.02892346403601, 8.02892346403601, 8.02892346403601, 8.02892346403601, 8.02892346403601, 8.02892346403601, 8.02892346403601, 8.02892346403601, 8.02892346403601, 8.02892346403601, 8.02892346403601, 8.02892346403601, 8.02892346403601], [6.614483877250495, 18.192939461677213, 0.0, 7.624435150414123, 21.883795562573976, 24.74485689342683, 24.69728092776694, 20.597205658972843, 3.1656256525184383, 15.393604539246187, 25.865060528107975, 22.76529360636039, 18.910197404267148, 22.44853567059847, 14.593444514383243, 17.22749262244018, 0.3846910784505672, 21.7101136755316, 19.95964297318216, 15.874790308019561, 19.063981473374714, 20.843118160904865, 18.268600664062056, 23.38003825672907, 5.167069925835478, 9.022441140466636, 22.7633074119221, 23.955579935488135, 2.005292823129295, 24.6659850207416, 11.988186549523569, 11.988186549523569, 11.988186549523569, 11.988186549523569, 11.988186549523569, 11.988186549523569, 11.988186549523569, 11.988186549523569, 11.988186549523569, 11.988186549523569, 11.988186549523569, 11.988186549523569, 11.988186549523569, 11.988186549523569, 11.988186549523569, 23.153786519471932, 2.3069082227717628, 9.003135414179852, 19.786695912612036, 7.155068184798768, 24.653168771182138, 29.116670714102522, 14.626718374286202, 5.330977019209677, 8.541300779289676, 10.87360338714478, 18.161537909424315, 3.0461160793322986, 7.455694998074569, 16.219864580995235, 7.323332488731343, 18.99490664176975, 7.979821312288137, 14.907056520966437, 25.730016644299866, 20.96094129694481, 8.541300779289676, 18.99490664176975, 7.455694998074569, 16.219864580995235, 7.323332488731343, 25.730016644299866, 19.786695912612036, 18.161537909424315, 5.330977019209677, 6.614483877250495, 18.192939461677213, 0.0, 7.624435150414123, 21.883795562573976, 24.74485689342683, 24.69728092776694, 20.597205658972843, 3.1656256525184383, 15.393604539246187, 25.865060528107975, 22.76529360636039, 18.910197404267148, 22.44853567059847, 14.593444514383243, 17.22749262244018, 0.3846910784505672, 21.7101136755316, 19.95964297318216, 15.874790308019561, 19.063981473374714, 20.843118160904865, 18.268600664062056, 23.38003825672907, 5.167069925835478, 9.022441140466636, 22.7633074119221, 23.955579935488135, 2.005292823129295, 24.6659850207416, 11.988186549523569, 11.988186549523569, 11.988186549523569, 11.988186549523569, 11.988186549523569, 11.988186549523569, 11.988186549523569, 11.988186549523569, 11.988186549523569, 11.988186549523569, 11.988186549523569, 11.988186549523569, 11.988186549523569, 11.988186549523569, 11.988186549523569], [1.9910365871795308, 21.373337548040553, 7.624435150414123, 0.0, 14.771054330631957, 23.352071078391454, 23.61813424366466, 13.993736770545546, 7.415142962487168, 16.55763782247176, 22.366004985616538, 15.768814998650592, 16.444965373568706, 17.98939207910454, 7.353234393961811, 18.25173353919198, 8.004361119305468, 14.779583491718494, 13.005281919591908, 13.883874904472115, 15.333892731485472, 21.24294859463024, 13.761682139798337, 16.617429774327515, 4.06152599856919, 9.371637888622281, 18.055955405007143, 17.955723186308244, 5.620207762632439, 23.37390931320958, 13.548300775311533, 13.548300775311533, 13.548300775311533, 13.548300775311533, 13.548300775311533, 13.548300775311533, 13.548300775311533, 13.548300775311533, 13.548300775311533, 13.548300775311533, 13.548300775311533, 13.548300775311533, 13.548300775311533, 13.548300775311533, 13.548300775311533, 18.16749909538233, 6.38871641749148, 1.4229150440580731, 12.923933843255066, 0.646797858310387, 17.9181821972632, 26.21447859490334, 14.153579271941085, 8.656351427752906, 13.4723030905721, 9.630095597468706, 15.660776167567574, 6.536840610344961, 6.120208135886122, 10.80523122305604, 12.267587932845867, 16.30057189569238, 3.1321435162893363, 16.453936070823552, 24.138153329396847, 13.60226144068681, 13.4723030905721, 16.30057189569238, 6.120208135886122, 10.80523122305604, 12.267587932845867, 24.138153329396847, 12.923933843255066, 15.660776167567574, 8.656351427752906, 1.9910365871795308, 21.373337548040553, 7.624435150414123, 0.0, 14.771054330631957, 23.352071078391454, 23.61813424366466, 13.993736770545546, 7.415142962487168, 16.55763782247176, 22.366004985616538, 15.768814998650592, 16.444965373568706, 17.98939207910454, 7.353234393961811, 18.25173353919198, 8.004361119305468, 14.779583491718494, 13.005281919591908, 13.883874904472115, 15.333892731485472, 21.24294859463024, 13.761682139798337, 16.617429774327515, 4.06152599856919, 9.371637888622281, 18.055955405007143, 17.955723186308244, 5.620207762632439, 23.37390931320958, 13.548300775311533, 13.548300775311533, 13.548300775311533, 13.548300775311533, 13.548300775311533, 13.548300775311533, 13.548300775311533, 13.548300775311533, 13.548300775311533, 13.548300775311533, 13.548300775311533, 13.548300775311533, 13.548300775311533, 13.548300775311533, 13.548300775311533], [16.57105334129821, 27.708042631886396, 21.883795562573976, 14.771054330631957, 0.0, 21.13328762930651, 21.94311517033759, 2.896945752935986, 20.334186494454947, 21.458106253275425, 15.888819235923702, 1.2000740813500799, 15.070328625160354, 10.996155379002559, 7.417840746743451, 22.23122637417593, 22.26489095331963, 1.1065125182669229, 2.0668399575291647, 15.156564562940392, 11.922870571819269, 23.09096092290652, 9.762761432518754, 2.6877116790869753, 16.881305348669137, 17.621855424779845, 10.344409359240236, 6.287691466936209, 19.995480486119295, 21.350596747069936, 20.45540672576159, 20.45540672576159, 20.45540672576159, 20.45540672576159, 20.45540672576159, 20.45540672576159, 20.45540672576159, 20.45540672576159, 20.45540672576159, 20.45540672576159, 20.45540672576159, 20.45540672576159, 20.45540672576159, 20.45540672576159, 20.45540672576159, 9.599724373069785, 21.093591799327893, 13.37364365429584, 2.422589604654225, 15.028452275634507, 3.767281249505089, 19.991616668377088, 17.811112132218273, 20.182237614837895, 24.25746240920207, 15.701712049566598, 14.709570684788975, 19.676665523686857, 15.935447273132734, 7.962340984771185, 23.4531617391395, 14.537222109682887, 13.969300009253502, 21.963908034855226, 21.27500802595134, 2.0873888603316275, 24.25746240920207, 14.537222109682887, 15.935447273132734, 7.962340984771185, 23.4531617391395, 21.27500802595134, 2.422589604654225, 14.709570684788975, 20.182237614837895, 16.57105334129821, 27.708042631886396, 21.883795562573976, 14.771054330631957, 0.0, 21.13328762930651, 21.94311517033759, 2.896945752935986, 20.334186494454947, 21.458106253275425, 15.888819235923702, 1.2000740813500799, 15.070328625160354, 10.996155379002559, 7.417840746743451, 22.23122637417593, 22.26489095331963, 1.1065125182669229, 2.0668399575291647, 15.156564562940392, 11.922870571819269, 23.09096092290652, 9.762761432518754, 2.6877116790869753, 16.881305348669137, 17.621855424779845, 10.344409359240236, 6.287691466936209, 19.995480486119295, 21.350596747069936, 20.45540672576159, 20.45540672576159, 20.45540672576159, 20.45540672576159, 20.45540672576159, 20.45540672576159, 20.45540672576159, 20.45540672576159, 20.45540672576159, 20.45540672576159, 20.45540672576159, 20.45540672576159, 20.45540672576159, 20.45540672576159, 20.45540672576159], [24.995071340642532, 13.871349958445165, 24.74485689342683, 23.352071078391454, 21.13328762930651, 0.0, 1.0105391591953323, 18.287533163035764, 21.586134416255693, 10.529903370220227, 7.023793492160889, 20.674366788125447, 7.134114585574691, 10.374555171389614, 21.00295873291606, 9.168843868552411, 24.931393304937547, 20.042211475597895, 19.86216153295934, 9.474776415893974, 9.600532011116208, 6.114427781885254, 11.931121092217182, 19.543701064075865, 21.103726025866834, 15.738296708987288, 11.167325133084537, 16.104196779456128, 24.208555637202153, 0.32366732199310516, 13.394901241239623, 13.394901241239623, 13.394901241239623, 13.394901241239623, 13.394901241239623, 13.394901241239623, 13.394901241239623, 13.394901241239623, 13.394901241239623, 13.394901241239623, 13.394901241239623, 13.394901241239623, 13.394901241239623, 13.394901241239623, 13.394901241239623, 12.119646112964553, 25.99440664810558, 22.97605519185511, 19.394377543075557, 22.938590110267725, 19.765295792478803, 6.4534949594627165, 10.120103918623432, 19.541674911750547, 19.282593775653428, 14.218371431204885, 7.865495358972013, 21.78396480891979, 18.101163257952965, 15.140188166411626, 19.670251548673804, 7.45696965362807, 20.24351184654121, 11.348690291912682, 1.1080381638290002, 22.57039585458041, 19.282593775653428, 7.45696965362807, 18.101163257952965, 15.140188166411626, 19.670251548673804, 1.1080381638290002, 19.394377543075557, 7.865495358972013, 19.541674911750547, 24.995071340642532, 13.871349958445165, 24.74485689342683, 23.352071078391454, 21.13328762930651, 0.0, 1.0105391591953323, 18.287533163035764, 21.586134416255693, 10.529903370220227, 7.023793492160889, 20.674366788125447, 7.134114585574691, 10.374555171389614, 21.00295873291606, 9.168843868552411, 24.931393304937547, 20.042211475597895, 19.86216153295934, 9.474776415893974, 9.600532011116208, 6.114427781885254, 11.931121092217182, 19.543701064075865, 21.103726025866834, 15.738296708987288, 11.167325133084537, 16.104196779456128, 24.208555637202153, 0.32366732199310516, 13.394901241239623, 13.394901241239623, 13.394901241239623, 13.394901241239623, 13.394901241239623, 13.394901241239623, 13.394901241239623, 13.394901241239623, 13.394901241239623, 13.394901241239623, 13.394901241239623, 13.394901241239623, 13.394901241239623, 13.394901241239623, 13.394901241239623], [25.214368524673645, 13.110571656224511, 24.69728092776694, 23.61813424366466, 21.94311517033759, 1.0105391591953323, 0.0, 19.082087056067056, 21.532444565642283, 10.145003368660616, 8.033384602361808, 21.51470112492966, 7.634053370075206, 11.27103337077996, 21.558049308158694, 8.673375218541766, 24.8699826696113, 20.857757206333098, 20.62299306916638, 9.742338515685168, 10.282555548938614, 5.39896936623437, 12.612932243598125, 20.412717259525476, 21.22153634219023, 15.729933177645076, 12.074988839032127, 17.019632317235384, 24.241208261363578, 0.6949501511980521, 13.151648540920675, 13.151648540920675, 13.151648540920675, 13.151648540920675, 13.151648540920675, 13.151648540920675, 13.151648540920675, 13.151648540920675, 13.151648540920675, 13.151648540920675, 13.151648540920675, 13.151648540920675, 13.151648540920675, 13.151648540920675, 13.151648540920675, 13.037559877927182, 26.023102002487207, 23.29933447912524, 20.15300243540296, 23.1841286717173, 20.6653838418135, 7.3174895348595195, 10.087070549128821, 19.446321431713514, 18.941326800739514, 14.33249358408749, 8.32681643567497, 21.770335118410234, 18.2223489518888, 15.749868465644173, 19.388410904307847, 8.007480304651363, 20.495545913330915, 10.937372061949995, 1.850759972613475, 23.336605846278317, 18.941326800739514, 8.007480304651363, 18.2223489518888, 15.749868465644173, 19.388410904307847, 1.850759972613475, 20.15300243540296, 8.32681643567497, 19.446321431713514, 25.214368524673645, 13.110571656224511, 24.69728092776694, 23.61813424366466, 21.94311517033759, 1.0105391591953323, 0.0, 19.082087056067056, 21.532444565642283, 10.145003368660616, 8.033384602361808, 21.51470112492966, 7.634053370075206, 11.27103337077996, 21.558049308158694, 8.673375218541766, 24.8699826696113, 20.857757206333098, 20.62299306916638, 9.742338515685168, 10.282555548938614, 5.39896936623437, 12.612932243598125, 20.412717259525476, 21.22153634219023, 15.729933177645076, 12.074988839032127, 17.019632317235384, 24.241208261363578, 0.6949501511980521, 13.151648540920675, 13.151648540920675, 13.151648540920675, 13.151648540920675, 13.151648540920675, 13.151648540920675, 13.151648540920675, 13.151648540920675, 13.151648540920675, 13.151648540920675, 13.151648540920675, 13.151648540920675, 13.151648540920675, 13.151648540920675, 13.151648540920675], [15.91904423704472, 24.99060122674151, 20.597205658972843, 13.993736770545546, 2.896945752935986, 18.287533163035764, 19.082087056067056, 0.0, 18.720108171417593, 18.73506460240607, 13.311424001449508, 2.85552243733586, 12.175718067082816, 8.296313363144876, 6.921454874731635, 19.436034258826812, 20.969165721375234, 1.888902124004234, 1.8603522683397935, 12.360792844655249, 9.025957190128585, 20.206828303840513, 6.878108923714102, 2.8305449233744757, 15.464047998663826, 15.400874642085197, 7.715311665908636, 4.540616736175984, 18.811600255385883, 18.49839862232651, 17.93592776067507, 17.93592776067507, 17.93592776067507, 17.93592776067507, 17.93592776067507, 17.93592776067507, 17.93592776067507, 17.93592776067507, 17.93592776067507, 17.93592776067507, 17.93592776067507, 17.93592776067507, 17.93592776067507, 17.93592776067507, 17.93592776067507, 7.082176126942451, 20.088616975258184, 12.680262611313694, 1.5256296445137667, 14.133237771015393, 4.065450525218997, 17.481382634925247, 15.09186232324176, 18.304029322144626, 22.105022661622336, 13.341766568807573, 11.825088753436942, 18.143054140337245, 14.09287032975716, 5.427814992278742, 21.388875175291727, 11.641300221783725, 12.620035004061451, 19.275756178279554, 18.463753948130922, 4.3660395920281605, 22.105022661622336, 11.641300221783725, 14.09287032975716, 5.427814992278742, 21.388875175291727, 18.463753948130922, 1.5256296445137667, 11.825088753436942, 18.304029322144626, 15.91904423704472, 24.99060122674151, 20.597205658972843, 13.993736770545546, 2.896945752935986, 18.287533163035764, 19.082087056067056, 0.0, 18.720108171417593, 18.73506460240607, 13.311424001449508, 2.85552243733586, 12.175718067082816, 8.296313363144876, 6.921454874731635, 19.436034258826812, 20.969165721375234, 1.888902124004234, 1.8603522683397935, 12.360792844655249, 9.025957190128585, 20.206828303840513, 6.878108923714102, 2.8305449233744757, 15.464047998663826, 15.400874642085197, 7.715311665908636, 4.540616736175984, 18.811600255385883, 18.49839862232651, 17.93592776067507, 17.93592776067507, 17.93592776067507, 17.93592776067507, 17.93592776067507, 17.93592776067507, 17.93592776067507, 17.93592776067507, 17.93592776067507, 17.93592776067507, 17.93592776067507, 17.93592776067507, 17.93592776067507, 17.93592776067507, 17.93592776067507], [7.234988677424833, 15.530889575430276, 3.1656256525184383, 7.415142962487168, 20.334186494454947, 21.586134416255693, 21.532444565642283, 18.720108171417593, 0.0, 12.297244952644322, 22.900997061734543, 21.105464957017137, 15.86396689500747, 19.719134336169994, 13.370180876083506, 14.133878730555917, 3.346890790621949, 20.02054488685221, 18.325328979142874, 12.81280801360283, 16.224809697842534, 17.717148160943225, 15.633513363744461, 21.54527830707652, 3.648521398011132, 5.885683809954612, 20.09397954133862, 21.711207406136968, 3.304847841001365, 21.504714389619274, 8.888818548229427, 8.888818548229427, 8.888818548229427, 8.888818548229427, 8.888818548229427, 8.888818548229427, 8.888818548229427, 8.888818548229427, 8.888818548229427, 8.888818548229427, 8.888818548229427, 8.888818548229427, 8.888818548229427, 8.888818548229427, 8.888818548229427, 20.557931856493795, 4.851205628696692, 8.556429285678833, 18.091862234374105, 6.801157685165466, 22.78048210973288, 26.051616648616438, 11.466386262476842, 2.2330056613401306, 6.380874650441579, 7.848127099585673, 15.129223222236151, 0.886642751216558, 4.825943132550257, 13.941088393539356, 5.118672219266294, 15.977716575789584, 6.4815844192779775, 11.850433205624423, 22.576453703882965, 19.675332738170987, 6.380874650441579, 15.977716575789584, 4.825943132550257, 13.941088393539356, 5.118672219266294, 22.576453703882965, 18.091862234374105, 15.129223222236151, 2.2330056613401306, 7.234988677424833, 15.530889575430276, 3.1656256525184383, 7.415142962487168, 20.334186494454947, 21.586134416255693, 21.532444565642283, 18.720108171417593, 0.0, 12.297244952644322, 22.900997061734543, 21.105464957017137, 15.86396689500747, 19.719134336169994, 13.370180876083506, 14.133878730555917, 3.346890790621949, 20.02054488685221, 18.325328979142874, 12.81280801360283, 16.224809697842534, 17.717148160943225, 15.633513363744461, 21.54527830707652, 3.648521398011132, 5.885683809954612, 20.09397954133862, 21.711207406136968, 3.304847841001365, 21.504714389619274, 8.888818548229427, 8.888818548229427, 8.888818548229427, 8.888818548229427, 8.888818548229427, 8.888818548229427, 8.888818548229427, 8.888818548229427, 8.888818548229427, 8.888818548229427, 8.888818548229427, 8.888818548229427, 8.888818548229427, 8.888818548229427, 8.888818548229427], [17.655808746014728, 6.2555400349361125, 15.393604539246187, 16.55763782247176, 21.458106253275425, 10.529903370220227, 10.145003368660616, 18.73506460240607, 12.297244952644322, 0.0, 14.70860396831354, 21.587927329716084, 8.216119455226014, 14.285049903924643, 17.661850299010297, 1.8367302960186045, 15.493556924003567, 20.596725112857193, 19.545279939652275, 6.488126713253447, 10.876112560576054, 5.498772769320284, 12.227419111373784, 21.127596813274813, 13.133034372465456, 7.257425326327895, 15.046441834617948, 19.109630904350947, 15.40129281664959, 10.345047424965959, 3.408639447469975, 3.408639447469975, 3.408639447469975, 3.408639447469975, 3.408639447469975, 3.408639447469975, 3.408639447469975, 3.408639447469975, 3.408639447469975, 3.408639447469975, 3.408639447469975, 3.408639447469975, 3.408639447469975, 3.408639447469975, 3.408639447469975, 15.950855455670336, 17.098340908960477, 16.7806588181035, 19.107285607676523, 15.97903397201578, 21.946161400147936, 16.38132776934107, 3.647123998010242, 10.07455013240814, 8.803497942961824, 7.226310763367059, 7.989137483697952, 12.754045399847506, 10.452542307986365, 13.540805478428334, 9.324286650137413, 8.711036484925728, 13.59437996301626, 0.8621679387469847, 11.631024584346344, 22.017501215544275, 8.803497942961824, 8.711036484925728, 10.452542307986365, 13.540805478428334, 9.324286650137413, 11.631024584346344, 19.107285607676523, 7.989137483697952, 10.07455013240814, 17.655808746014728, 6.2555400349361125, 15.393604539246187, 16.55763782247176, 21.458106253275425, 10.529903370220227, 10.145003368660616, 18.73506460240607, 12.297244952644322, 0.0, 14.70860396831354, 21.587927329716084, 8.216119455226014, 14.285049903924643, 17.661850299010297, 1.8367302960186045, 15.493556924003567, 20.596725112857193, 19.545279939652275, 6.488126713253447, 10.876112560576054, 5.498772769320284, 12.227419111373784, 21.127596813274813, 13.133034372465456, 7.257425326327895, 15.046441834617948, 19.109630904350947, 15.40129281664959, 10.345047424965959, 3.408639447469975, 3.408639447469975, 3.408639447469975, 3.408639447469975, 3.408639447469975, 3.408639447469975, 3.408639447469975, 3.408639447469975, 3.408639447469975, 3.408639447469975, 3.408639447469975, 3.408639447469975, 3.408639447469975, 3.408639447469975, 3.408639447469975], [24.264952946109194, 19.636383675252993, 25.865060528107975, 22.366004985616538, 15.888819235923702, 7.023793492160889, 8.033384602361808, 13.311424001449508, 22.900997061734543, 14.70860396831354, 0.0, 15.168397938675833, 7.2036260622564505, 5.106855784841229, 17.94297295991271, 14.029247171895209, 26.135519015269505, 14.787428982950386, 15.112940571123998, 10.221331689449801, 7.047995981444687, 12.180638534393939, 8.757800637869844, 13.808164743341038, 21.295535026939422, 17.196341649909712, 5.598199864103316, 10.033666496681521, 24.814207824525504, 7.339213944393937, 16.501719043694518, 16.501719043694518, 16.501719043694518, 16.501719043694518, 16.501719043694518, 16.501719043694518, 16.501719043694518, 16.501719043694518, 16.501719043694518, 16.501719043694518, 16.501719043694518, 16.501719043694518, 16.501719043694518, 16.501719043694518, 16.501719043694518, 6.289605211362179, 26.549163100834527, 21.591581709348816, 14.688972721593746, 22.122893290735504, 13.727597684929787, 4.216569060189041, 12.52650335127061, 21.248313425675672, 22.51914920844908, 15.057921187135562, 7.858036376623541, 22.82374823168763, 18.487483513366257, 12.119417506796948, 22.529464494962767, 6.979387500451891, 19.54750453634074, 15.564266546310831, 6.557985777806029, 17.66050771848634, 22.51914920844908, 6.979387500451891, 18.487483513366257, 12.119417506796948, 22.529464494962767, 6.557985777806029, 14.688972721593746, 7.858036376623541, 21.248313425675672, 24.264952946109194, 19.636383675252993, 25.865060528107975, 22.366004985616538, 15.888819235923702, 7.023793492160889, 8.033384602361808, 13.311424001449508, 22.900997061734543, 14.70860396831354, 0.0, 15.168397938675833, 7.2036260622564505, 5.106855784841229, 17.94297295991271, 14.029247171895209, 26.135519015269505, 14.787428982950386, 15.112940571123998, 10.221331689449801, 7.047995981444687, 12.180638534393939, 8.757800637869844, 13.808164743341038, 21.295535026939422, 17.196341649909712, 5.598199864103316, 10.033666496681521, 24.814207824525504, 7.339213944393937, 16.501719043694518, 16.501719043694518, 16.501719043694518, 16.501719043694518, 16.501719043694518, 16.501719043694518, 16.501719043694518, 16.501719043694518, 16.501719043694518, 16.501719043694518, 16.501719043694518, 16.501719043694518, 16.501719043694518, 16.501719043694518, 16.501719043694518], [17.60119764187064, 27.843336964582843, 22.76529360636039, 15.768814998650592, 1.2000740813500799, 20.674366788125447, 21.51470112492966, 2.85552243733586, 21.105464957017137, 21.587927329716084, 15.168397938675833, 0.0, 14.869284176220281, 10.404529737167774, 8.427728113468307, 22.26878003905734, 23.14423812274994, 1.0979776751062333, 2.805662134966135, 15.197950463032035, 11.686438759524652, 22.9353958021823, 9.63682294907436, 1.5622192499140084, 17.71204083500128, 18.121617094455093, 9.702646752159055, 5.3433804750415685, 20.903557652315676, 20.904053823615804, 20.76913222468694, 20.76913222468694, 20.76913222468694, 20.76913222468694, 20.76913222468694, 20.76913222468694, 20.76913222468694, 20.76913222468694, 20.76913222468694, 20.76913222468694, 20.76913222468694, 20.76913222468694, 20.76913222468694, 20.76913222468694, 20.76913222468694, 8.893266826194697, 22.051579359489942, 14.384925863719777, 3.0143481512069084, 15.999498557452181, 2.5684366304068442, 19.213035728779882, 17.945804562304623, 20.84999705170496, 24.80145936723498, 16.118612335559895, 14.565879070569952, 20.47506853733497, 16.60920634136201, 8.244967784239186, 24.040747132174044, 14.32327329541964, 14.811932827438223, 22.131128264454645, 20.758424642377438, 3.252021656550509, 24.80145936723498, 14.32327329541964, 16.60920634136201, 8.244967784239186, 24.040747132174044, 20.758424642377438, 3.0143481512069084, 14.565879070569952, 20.84999705170496, 17.60119764187064, 27.843336964582843, 22.76529360636039, 15.768814998650592, 1.2000740813500799, 20.674366788125447, 21.51470112492966, 2.85552243733586, 21.105464957017137, 21.587927329716084, 15.168397938675833, 0.0, 14.869284176220281, 10.404529737167774, 8.427728113468307, 22.26878003905734, 23.14423812274994, 1.0979776751062333, 2.805662134966135, 15.197950463032035, 11.686438759524652, 22.9353958021823, 9.63682294907436, 1.5622192499140084, 17.71204083500128, 18.121617094455093, 9.702646752159055, 5.3433804750415685, 20.903557652315676, 20.904053823615804, 20.76913222468694, 20.76913222468694, 20.76913222468694, 20.76913222468694, 20.76913222468694, 20.76913222468694, 20.76913222468694, 20.76913222468694, 20.76913222468694, 20.76913222468694, 20.76913222468694, 20.76913222468694, 20.76913222468694, 20.76913222468694, 20.76913222468694], [18.18817975091774, 14.029079847174689, 18.910197404267148, 16.444965373568706, 15.070328625160354, 7.134114585574691, 7.634053370075206, 12.175718067082816, 15.86396689500747, 8.216119455226014, 7.2036260622564505, 14.869284176220281, 0.0, 6.113552706471889, 13.927747168674202, 8.141622895651928, 19.157225638503885, 14.046074299192165, 13.494561980337988, 3.058847184429614, 3.1932556825130334, 8.078857244550976, 5.3310617451586735, 14.048401119861435, 14.658290440853593, 10.061739085607012, 6.908111859494145, 11.366474586731522, 18.03475023239969, 7.2277886563583085, 9.42223311307931, 9.42223311307931, 9.42223311307931, 9.42223311307931, 9.42223311307931, 9.42223311307931, 9.42223311307931, 9.42223311307931, 9.42223311307931, 9.42223311307931, 9.42223311307931, 9.42223311307931, 9.42223311307931, 9.42223311307931, 9.42223311307931, 7.856534696156302, 19.80687300452502, 15.960956756331631, 13.021380928403726, 16.08148971186689, 14.62038153931711, 10.211014096899442, 5.425407737109731, 14.111214161052358, 15.371164177222942, 8.036598474755907, 0.7883293685417818, 15.865954691345136, 11.714855773975987, 8.185808843309799, 15.337262851349246, 0.5633302221017278, 13.39392302487575, 9.012971226995766, 7.780189801559364, 16.197358507323276, 15.371164177222942, 0.5633302221017278, 11.714855773975987, 8.185808843309799, 15.337262851349246, 7.780189801559364, 13.021380928403726, 0.7883293685417818, 14.111214161052358, 18.18817975091774, 14.029079847174689, 18.910197404267148, 16.444965373568706, 15.070328625160354, 7.134114585574691, 7.634053370075206, 12.175718067082816, 15.86396689500747, 8.216119455226014, 7.2036260622564505, 14.869284176220281, 0.0, 6.113552706471889, 13.927747168674202, 8.141622895651928, 19.157225638503885, 14.046074299192165, 13.494561980337988, 3.058847184429614, 3.1932556825130334, 8.078857244550976, 5.3310617451586735, 14.048401119861435, 14.658290440853593, 10.061739085607012, 6.908111859494145, 11.366474586731522, 18.03475023239969, 7.2277886563583085, 9.42223311307931, 9.42223311307931, 9.42223311307931, 9.42223311307931, 9.42223311307931, 9.42223311307931, 9.42223311307931, 9.42223311307931, 9.42223311307931, 9.42223311307931, 9.42223311307931, 9.42223311307931, 9.42223311307931, 9.42223311307931, 9.42223311307931], [19.949102946201396, 20.135938383288554, 22.44853567059847, 17.98939207910454, 10.996155379002559, 10.374555171389614, 11.27103337077996, 8.296313363144876, 19.719134336169994, 14.285049903924643, 5.106855784841229, 10.404529737167774, 6.113552706471889, 0.0, 12.957352312212489, 14.2477423376442, 22.758547946193985, 9.88984051333139, 10.058359579398244, 8.24493490884425, 3.717801264663626, 13.709180399064932, 4.270237244529917, 9.193477395227246, 17.53924790881514, 14.49004143160547, 0.8446424711827318, 5.7678681581816535, 21.144161032513537, 10.626836719680316, 15.030127506166984, 15.030127506166984, 15.030127506166984, 15.030127506166984, 15.030127506166984, 15.030127506166984, 15.030127506166984, 15.030127506166984, 15.030127506166984, 15.030127506166984, 15.030127506166984, 15.030127506166984, 15.030127506166984, 15.030127506166984, 15.030127506166984, 1.8438797671500213, 22.79711229177878, 17.06931229738177, 9.623097601903698, 17.829356268943574, 9.394404236142188, 9.322898697937669, 11.162616200678025, 18.400132460860675, 20.65442344204, 12.173834928523194, 6.301640590745002, 19.480017912994413, 14.999814547652573, 7.326732690056324, 20.38971884117404, 5.588671247329956, 15.408411236399688, 15.05528363652645, 10.376859680414501, 12.662214221608123, 20.65442344204, 5.588671247329956, 14.999814547652573, 7.326732690056324, 20.38971884117404, 10.376859680414501, 9.623097601903698, 6.301640590745002, 18.400132460860675, 19.949102946201396, 20.135938383288554, 22.44853567059847, 17.98939207910454, 10.996155379002559, 10.374555171389614, 11.27103337077996, 8.296313363144876, 19.719134336169994, 14.285049903924643, 5.106855784841229, 10.404529737167774, 6.113552706471889, 0.0, 12.957352312212489, 14.2477423376442, 22.758547946193985, 9.88984051333139, 10.058359579398244, 8.24493490884425, 3.717801264663626, 13.709180399064932, 4.270237244529917, 9.193477395227246, 17.53924790881514, 14.49004143160547, 0.8446424711827318, 5.7678681581816535, 21.144161032513537, 10.626836719680316, 15.030127506166984, 15.030127506166984, 15.030127506166984, 15.030127506166984, 15.030127506166984, 15.030127506166984, 15.030127506166984, 15.030127506166984, 15.030127506166984, 15.030127506166984, 15.030127506166984, 15.030127506166984, 15.030127506166984, 15.030127506166984, 15.030127506166984], [9.174294741015382, 23.59085912698056, 14.593444514383243, 7.353234393961811, 7.417840746743451, 21.00295873291606, 21.558049308158694, 6.921454874731635, 13.370180876083506, 17.661850299010297, 17.94297295991271, 8.427728113468307, 13.927747168674202, 12.957352312212489, 0.0, 18.92959249690926, 14.977429719491163, 7.4654549636663035, 5.700469698877963, 12.502290037695676, 11.576862917527647, 20.90429478457311, 9.369637961255574, 9.363407639113472, 9.773118144521632, 11.996437457622429, 12.73537706698718, 11.26495439737778, 12.660695831079018, 21.124120809244808, 15.671502074503582, 15.671502074503582, 15.671502074503582, 15.671502074503582, 15.671502074503582, 15.671502074503582, 15.671502074503582, 15.671502074503582, 15.671502074503582, 15.671502074503582, 15.671502074503582, 15.671502074503582, 15.671502074503582, 15.671502074503582, 15.671502074503582, 12.523752846295103, 13.690211319673946, 5.959388824087776, 5.676251970289339, 7.621266236127724, 10.662864633895, 22.113877172130493, 14.270206305964525, 13.625850559479943, 18.144831345943086, 10.701752103502319, 13.26671624404484, 12.630518829000007, 9.514606133514956, 5.958772560964277, 17.163633142677455, 13.555834500389517, 6.888622015985695, 17.92085264344846, 21.5140758618303, 6.370299291352307, 18.144831345943086, 13.555834500389517, 9.514606133514956, 5.958772560964277, 17.163633142677455, 21.5140758618303, 5.676251970289339, 13.26671624404484, 13.625850559479943, 9.174294741015382, 23.59085912698056, 14.593444514383243, 7.353234393961811, 7.417840746743451, 21.00295873291606, 21.558049308158694, 6.921454874731635, 13.370180876083506, 17.661850299010297, 17.94297295991271, 