M = 99999999.0;
numWorkers = 15;
numRoles = 3;
numNodes = 40;
wStart = [60, 180, 60, 30, 180, 120, 60, 30, 0, 0, 0, 0, 0, 0, 0, 60, 60, 330, 60, 180, 90, 180, 180, 330, 60, 330, 480, 420, 90, 420, 150, 300, 480, 480, 480, 480, 480, 480, 480, 480];
wEnd = [60, 180, 60, 30, 180, 120, 60, 30, 0, 0, 0, 0, 0, 0, 0, 420, 420, 420, 270, 330, 420, 390, 390, 420, 270, 330, 480, 420, 90, 420, 150, 300, 480, 480, 480, 480, 480, 480, 480, 480];
p = [0, 0, 0, 0, 0, 0, 0, 0, 0, 0, 0, 0, 0, 0, 0, 51.66754380803982, 21.49543335596733, 38.52958094927211, 24.336264942397857, 55.482393881256066, 46.52935145475663, 44.258033193283644, 22.129016596641822, 19.264790474636055, 12.168132471198929, 0, 0, 0, 0, 0, 0, 0, 0, 0, 0, 0, 0, 0, 0, 0];
e = [[1, 0, 1], [1, 1, 0], [0, 1, 1], [0, 1, 1], [1, 1, 0], [0, 1, 0], [1, 1, 0], [0, 1, 0], [0, 1, 0], [0, 1, 0], [0, 1, 1], [0, 1, 1], [1, 1, 0], [0, 0, 1], [1, 0, 0]];
d = [[1, 1, 0, 0, 0, 0, 0, 0, 0, 0], [1, 0, 1, 1, 1, 0, 1, 2, 2, 2], [1, 0, 0, 0, 0, 1, 0, 0, 0, 0]];
r = [2919, 1165, 3027, 2432, 3762, 2813, 3703, 3703, 3027, 2432];
g = [[0, 0, 0, 0, 0, 0, 0, 0, 0, 0], [0, 0, 0, 0, 0, 0, 0, 0, 0, 0], [0, 0, 0, 0, 0, 0, 0, 0, 1, 0], [0, 0, 0, 0, 0, 0, 0, 0, 0, 1], [0, 0, 0, 0, 0, 0, 0, 0, 0, 0], [0, 0, 0, 0, 0, 0, 0, 0, 0, 0], [0, 0, 0, 0, 0, 0, 0, 1, 0, 0], [0, 0, 0, 0, 0, 0, 1, 0, 0, 0], [0, 0, 1, 0, 0, 0, 0, 0, 0, 0], [0, 0, 0, 1, 0, 0, 0, 0, 0, 0]];
t = [[0.0, 20.875747659720506, 7.314450266126717, 18.5317105338114, 25.32484362437641, 22.28955496069008, 11.123480520205751, 18.24365982131331, 10.828055287671681, 10.828055287671681, 10.828055287671681, 10.828055287671681, 10.828055287671681, 10.828055287671681, 10.828055287671681, 12.423715730082185, 16.887154711238374, 26.26770980682944, 20.61237642787234, 18.345139234411594, 25.120761511017964, 12.794527669031329, 12.794527669031329, 26.26770980682944, 20.61237642787234, 0.0, 20.875747659720506, 7.314450266126717, 18.5317105338114, 25.32484362437641, 22.28955496069008, 11.123480520205751, 18.24365982131331, 10.828055287671681, 10.828055287671681, 10.828055287671681, 10.828055287671681, 10.828055287671681, 10.828055287671681, 10.828055287671681], [20.875747659720506, 0.0, 14.693887521894233, 19.74117761519182, 4.669798316394748, 2.3513901246145696, 23.488931015285416, 17.46614690402806, 20.83287132933438, 20.83287132933438, 20.83287132933438, 20.83287132933438, 20.83287132933438, 20.83287132933438, 20.83287132933438, 23.408676489327828, 19.123228737430235, 6.63048984385355, 2.303203105866323, 11.63618365062959, 11.561546725128512, 22.02853671291528, 22.02853671291528, 6.63048984385355, 2.303203105866323, 20.875747659720506, 0.0, 14.693887521894233, 19.74117761519182, 4.669798316394748, 2.3513901246145696, 23.488931015285416, 17.46614690402806, 20.83287132933438, 20.83287132933438, 20.83287132933438, 20.83287132933438, 20.83287132933438, 20.83287132933438, 20.83287132933438], [7.314450266126717, 14.693887521894233, 0.0, 19.47149192182336, 19.339312580181737, 16.497720744433114, 15.72557033069971, 18.311286093416953, 14.195458930751633, 14.195458930751633, 14.195458930751633, 14.195458930751633, 14.195458930751633, 14.195458930751633, 14.195458930751633, 16.59352496288004, 17.953662775175317, 19.391773170359357, 13.974084580890143, 16.021366949964786, 21.60105492141268, 16.21262773396186, 16.21262773396186, 19.391773170359357, 13.974084580890143, 7.314450266126717, 14.693887521894233, 0.0, 19.47149192182336, 19.339312580181737, 16.497720744433114, 15.72557033069971, 18.311286093416953, 14.195458930751633, 14.195458930751633, 14.195458930751633, 14.195458930751633, 14.195458930751633, 14.195458930751633, 14.195458930751633], [18.5317105338114, 19.74117761519182, 19.47149192182336, 0.0, 21.52060475159006, 19.07418903745785, 10.36813368379459, 2.3464139920602447, 8.541031917519291, 8.541031917519291, 8.541031917519291, 8.541031917519291, 8.541031917519291, 8.541031917519291, 8.541031917519291, 9.076275885361344, 1.644584406864653, 26.231774489430173, 21.418249979589532, 8.308568620908833, 13.792082547954434, 7.470830735172383, 7.470830735172383, 26.231774489430173, 21.418249979589532, 18.5317105338114, 19.74117761519182, 19.47149192182336, 0.0, 21.52060475159006, 19.07418903745785, 10.36813368379459, 2.3464139920602447, 8.541031917519291, 8.541031917519291, 8.541031917519291, 8.541031917519291, 8.541031917519291, 8.541031917519291, 8.541031917519291], [25.32484362437641, 4.669798316394748, 19.339312580181737, 21.52060475159006, 0.0, 3.094788852549533, 26.84951898752722, 19.174854441213103, 24.121287683373954, 24.121287683373954, 24.121287683373954, 24.121287683373954, 24.121287683373954, 24.121287683373954, 24.121287683373954, 26.56966812359194, 21.231812150457305, 5.909737493776694, 6.133886197229823, 13.223096559521071, 10.328360392553837, 25.05362135029958, 25.05362135029958, 5.909737493776694, 6.133886197229823, 25.32484362437641, 4.669798316394748, 19.339312580181737, 21.52060475159006, 0.0, 3.094788852549533, 26.84951898752722, 19.174854441213103, 24.121287683373954, 24.121287683373954, 24.121287683373954, 24.121287683373954, 24.121287683373954, 24.121287683373954, 24.121287683373954], [22.28955496069008, 2.3513901246145696, 16.497720744433114, 19.07418903745785, 3.094788852549533, 0.0, 23.856156482745067, 16.745758554948104, 21.14081468528391, 21.14081468528391, 21.14081468528391, 21.14081468528391, 21.14081468528391, 21.14081468528391, 21.14081468528391, 23.62779895956504, 18.641849140983595, 7.269128389762788, 4.546843243493915, 10.786386672918848, 9.52856078714106, 22.147797091452812, 22.147797091452812, 7.269128389762788, 4.546843243493915, 22.28955496069008, 2.3513901246145696, 16.497720744433114, 19.07418903745785, 3.094788852549533, 0.0, 23.856156482745067, 16.745758554948104, 21.14081468528391, 21.14081468528391, 21.14081468528391, 21.14081468528391, 21.14081468528391, 21.14081468528391, 21.14081468528391], [11.123480520205751, 23.488931015285416, 15.72557033069971, 10.36813368379459, 26.84951898752722, 23.856156482745067, 0.0, 11.419783472953185, 2.748655541755064, 2.748655541755064, 2.748655541755064, 2.748655541755064, 2.748655541755064, 2.748655541755064, 2.748655541755064, 1.505772207678613, 9.014857427613531, 30.0, 24.319647985807535, 15.09757315872918, 22.166716383501576, 2.897334067360734, 2.897334067360734, 30.0, 24.319647985807535, 11.123480520205751, 23.488931015285416, 15.72557033069971, 10.36813368379459, 26.84951898752722, 23.856156482745067, 0.0, 11.419783472953185, 2.748655541755064, 2.748655541755064, 2.748655541755064, 2.748655541755064, 2.748655541755064, 2.748655541755064, 2.748655541755064], [18.24365982131331, 17.46614690402806, 18.311286093416953, 2.3464139920602447, 19.174854441213103, 16.745758554948104, 11.419783472953185, 0.0, 9.18339236000721, 9.18339236000721, 9.18339236000721, 9.18339236000721, 9.18339236000721, 9.18339236000721, 9.18339236000721, 10.30747017537735, 2.59595315534511, 23.923688806678072, 19.196309434874543, 5.968615680264079, 11.643474411974893, 8.597213192886398, 8.597213192886398, 23.923688806678072, 19.196309434874543, 18.24365982131331, 17.46614690402806, 18.311286093416953, 2.3464139920602447, 19.174854441213103, 16.745758554948104, 11.419783472953185, 0.0, 9.18339236000721, 9.18339236000721, 9.18339236000721, 9.18339236000721, 9.18339236000721, 9.18339236000721, 9.18339236000721], [10.828055287671681, 20.83287132933438, 14.195458930751633, 8.541031917519291, 24.121287683373954, 21.14081468528391, 2.748655541755064, 9.18339236000721, 0.0, 0.0, 0.0, 0.0, 0.0, 0.0, 0.0, 2.671875566204248, 7.011436776855842, 27.379120026976558, 21.74227420101572, 12.407132109030377, 19.526497577498752, 2.0557628464908118, 2.0557628464908118, 27.379120026976558, 21.74227420101572, 10.828055287671681, 20.83287132933438, 14.195458930751633, 8.541031917519291, 24.121287683373954, 21.14081468528391, 2.748655541755064, 9.18339236000721, 0.0, 0.0, 0.0, 0.0, 0.0, 0.0, 0.0], [10.828055287671681, 20.83287132933438, 14.195458930751633, 8.541031917519291, 24.121287683373954, 21.14081468528391, 2.748655541755064, 9.18339236000721, 0.0, 0.0, 0.0, 0.0, 0.0, 0.0, 0.0, 2.671875566204248, 7.011436776855842, 27.379120026976558, 21.74227420101572, 12.407132109030377, 19.526497577498752, 2.0557628464908118, 2.0557628464908118, 27.379120026976558, 21.74227420101572, 10.828055287671681, 20.83287132933438, 14.195458930751633, 8.541031917519291, 24.121287683373954, 21.14081468528391, 2.748655541755064, 9.18339236000721, 0.0, 0.0, 0.0, 0.0, 0.0, 0.0, 0.0], [10.828055287671681, 20.83287132933438, 14.195458930751633, 8.541031917519291, 24.121287683373954, 21.14081468528391, 2.748655541755064, 9.18339236000721, 0.0, 0.0, 0.0, 0.0, 0.0, 0.0, 0.0, 2.671875566204248, 7.011436776855842, 27.379120026976558, 21.74227420101572, 12.407132109030377, 19.526497577498752, 2.0557628464908118, 2.0557628464908118, 27.379120026976558, 21.74227420101572, 10.828055287671681, 20.83287132933438, 14.195458930751633, 8.541031917519291, 24.121287683373954, 21.14081468528391, 2.748655541755064, 9.18339236000721, 0.0, 0.0, 0.0, 0.0, 0.0, 0.0, 0.0], [10.828055287671681, 20.83287132933438, 14.195458930751633, 8.541031917519291, 24.121287683373954, 21.14081468528391, 2.748655541755064, 9.18339236000721, 0.0, 0.0, 0.0, 0.0, 0.0, 0.0, 0.0, 2.671875566204248, 7.011436776855842, 27.379120026976558, 21.74227420101572, 12.407132109030377, 19.526497577498752, 2.0557628464908118, 2.0557628464908118, 27.379120026976558, 21.74227420101572, 10.828055287671681, 20.83287132933438, 14.195458930751633, 8.541031917519291, 24.121287683373954, 21.14081468528391, 2.748655541755064, 9.18339236000721, 0.0, 0.0, 0.0, 0.0, 0.0, 0.0, 0.0], [10.828055287671681, 20.83287132933438, 14.195458930751633, 8.541031917519291, 24.121287683373954, 21.14081468528391, 2.748655541755064, 9.18339236000721, 0.0, 0.0, 0.0, 0.0, 0.0, 0.0, 0.0, 2.671875566204248, 7.011436776855842, 27.379120026976558, 21.74227420101572, 12.407132109030377, 19.526497577498752, 2.0557628464908118, 2.0557628464908118, 27.379120026976558, 21.74227420101572, 10.828055287671681, 20.83287132933438, 14.195458930751633, 8.541031917519291, 24.121287683373954, 21.14081468528391, 2.748655541755064, 9.18339236000721, 0.0, 0.0, 0.0, 0.0, 0.0, 0.0, 0.0], [10.828055287671681, 20.83287132933438, 14.195458930751633, 8.541031917519291, 24.121287683373954, 21.14081468528391, 2.748655541755064, 9.18339236000721, 0.0, 0.0, 0.0, 0.0, 0.0, 0.0, 0.0, 2.671875566204248, 7.011436776855842, 27.379120026976558, 21.74227420101572, 12.407132109030377, 19.526497577498752, 2.0557628464908118, 2.0557628464908118, 27.379120026976558, 21.74227420101572, 10.828055287671681, 20.83287132933438, 14.195458930751633, 8.541031917519291, 24.121287683373954, 21.14081468528391, 2.748655541755064, 9.18339236000721, 0.0, 0.0, 0.0, 0.0, 0.0, 0.0, 0.0], [10.828055287671681, 20.83287132933438, 14.195458930751633, 8.541031917519291, 24.121287683373954, 21.14081468528391, 2.748655541755064, 9.18339236000721, 0.0, 0.0, 0.0, 0.0, 0.0, 0.0, 0.0, 2.671875566204248, 7.011436776855842, 27.379120026976558, 21.74227420101572, 12.407132109030377, 19.526497577498752, 2.0557628464908118, 2.0557628464908118, 27.379120026976558, 21.74227420101572, 10.828055287671681, 20.83287132933438, 14.195458930751633, 8.541031917519291, 24.121287683373954, 21.14081468528391, 2.748655541755064, 9.18339236000721, 0.0, 0.0, 0.0, 0.0, 0.0, 0.0, 0.0], [12.423715730082185, 23.408676489327828, 16.59352496288004, 9.076275885361344, 26.56966812359194, 23.62779895956504, 1.505772207678613, 10.30747017537735, 2.671875566204248, 2.671875566204248, 2.671875566204248, 2.671875566204248, 2.671875566204248, 2.671875566204248, 2.671875566204248, 0.0, 7.816202571097478, 29.980326444297393, 24.37305046243475, 14.413173008454601, 21.360198902844555, 1.7298391447778334, 1.7298391447778334, 29.980326444297393, 24.37305046243475, 12.423715730082185, 23.408676489327828, 16.59352496288004, 9.076275885361344, 26.56966812359194, 23.62779895956504, 1.505772207678613, 10.30747017537735, 2.671875566204248, 2.671875566204248, 2.671875566204248, 2.671875566204248, 2.671875566204248, 2.671875566204248, 2.671875566204248], [16.887154711238374, 19.123228737430235, 17.953662775175317, 1.644584406864653, 21.231812150457305, 18.641849140983595, 9.014857427613531, 2.59595315534511, 7.011436776855842, 7.011436776855842, 7.011436776855842, 7.011436776855842, 7.011436776855842, 7.011436776855842, 7.011436776855842, 7.816202571097478, 0.0, 25.69137864499149, 20.678851881660282, 8.053025049042184, 14.18871819673712, 6.1390860326397245, 6.1390860326397245, 25.69137864499149, 20.678851881660282, 16.887154711238374, 19.123228737430235, 17.953662775175317, 1.644584406864653, 21.231812150457305, 18.641849140983595, 9.014857427613531, 2.59595315534511, 7.011436776855842, 7.011436776855842, 7.011436776855842, 7.011436776855842, 7.011436776855842, 7.011436776855842, 7.011436776855842], [26.26770980682944, 6.63048984385355, 19.391773170359357, 26.231774489430173, 5.909737493776694, 7.269128389762788, 30.0, 23.923688806678072, 27.379120026976558, 27.379120026976558, 27.379120026976558, 27.379120026976558, 27.379120026976558, 27.379120026976558, 27.379120026976558, 29.980326444297393, 25.69137864499149, 0.0, 5.7963132904694925, 17.996373448613145, 16.177488432084353, 28.630914182566613, 28.630914182566613, 0.0, 5.7963132904694925, 26.26770980682944, 6.63048984385355, 19.391773170359357, 26.231774489430173, 5.909737493776694, 7.269128389762788, 30.0, 23.923688806678072, 27.379120026976558, 27.379120026976558, 27.379120026976558, 27.379120026976558, 27.379120026976558, 27.379120026976558, 27.379120026976558], [20.61237642787234, 2.303203105866323, 13.974084580890143, 21.418249979589532, 6.133886197229823, 4.546843243493915, 24.319647985807535, 19.196309434874543, 21.74227420101572, 21.74227420101572, 21.74227420101572, 21.74227420101572, 21.74227420101572, 21.74227420101572, 21.74227420101572, 24.37305046243475, 20.678851881660282, 5.7963132904694925, 0.0, 13.512822722814885, 13.863082344727044, 23.091217499450693, 23.091217499450693, 5.7963132904694925, 0.0, 20.61237642787234, 2.303203105866323, 13.974084580890143, 21.418249979589532, 6.133886197229823, 4.546843243493915, 24.319647985807535, 19.196309434874543, 21.74227420101572, 21.74227420101572, 21.74227420101572, 21.74227420101572, 21.74227420101572, 21.74227420101572, 21.74227420101572], [18.345139234411594, 11.63618365062959, 16.021366949964786, 8.308568620908833, 13.223096559521071, 10.786386672918848, 15.09757315872918, 5.968615680264079, 12.407132109030377, 12.407132109030377, 12.407132109030377, 12.407132109030377, 12.407132109030377, 12.407132109030377, 12.407132109030377, 14.413173008454601, 8.053025049042184, 17.996373448613145, 13.512822722814885, 0.0, 7.209519485074679, 12.73057216213288, 12.73057216213288, 17.996373448613145, 13.512822722814885, 18.345139234411594, 11.63618365062959, 16.021366949964786, 8.308568620908833, 13.223096559521071, 10.786386672918848, 15.09757315872918, 5.968615680264079, 12.407132109030377, 12.407132109030377, 12.407132109030377, 12.407132109030377, 12.407132109030377, 12.407132109030377, 12.407132109030377], [25.120761511017964, 11.561546725128512, 21.60105492141268, 13.792082547954434, 10.328360392553837, 9.52856078714106, 22.166716383501576, 11.643474411974893, 19.526497577498752, 19.526497577498752, 19.526497577498752, 19.526497577498752, 19.526497577498752, 19.526497577498752, 19.526497577498752, 21.360198902844555, 14.18871819673712, 16.177488432084353, 13.863082344727044, 7.209519485074679, 0.0, 19.641723529074362, 19.641723529074362, 16.177488432084353, 13.863082344727044, 25.120761511017964, 11.561546725128512, 21.60105492141268, 13.792082547954434, 10.328360392553837, 9.52856078714106, 22.166716383501576, 11.643474411974893, 19.526497577498752, 19.526497577498752, 19.526497577498752, 19.526497577498752, 19.526497577498752, 19.526497577498752, 19.526497577498752], [12.794527669031329, 22.02853671291528, 16.21262773396186, 7.470830735172383, 25.05362135029958, 22.147797091452812, 2.897334067360734, 8.597213192886398, 2.0557628464908118, 2.0557628464908118, 2.0557628464908118, 2.0557628464908118, 2.0557628464908118, 2.0557628464908118, 2.0557628464908118, 1.7298391447778334, 6.1390860326397245, 28.630914182566613, 23.091217499450693, 12.73057216213288, 19.641723529074362, 0.0, 0.0, 28.630914182566613, 23.091217499450693, 12.794527669031329, 22.02853671291528, 16.21262773396186, 7.470830735172383, 25.05362135029958, 22.147797091452812, 2.897334067360734, 8.597213192886398, 2.0557628464908118, 2.0557628464908118, 2.0557628464908118, 2.0557628464908118, 2.0557628464908118, 2.0557628464908118, 2.0557628464908118], [12.794527669031329, 22.02853671291528, 16.21262773396186, 7.470830735172383, 25.05362135029958, 22.147797091452812, 2.897334067360734, 8.597213192886398, 2.0557628464908118, 2.0557628464908118, 2.0557628464908118, 2.0557628464908118, 2.0557628464908118, 2.0557628464908118, 2.0557628464908118, 1.7298391447778334, 6.1390860326397245, 28.630914182566613, 23.091217499450693, 12.73057216213288, 19.641723529074362, 0.0, 0.0, 28.630914182566613, 23.091217499450693, 12.794527669031329, 22.02853671291528, 16.21262773396186, 7.470830735172383, 25.05362135029958, 22.147797091452812, 2.897334067360734, 8.597213192886398, 2.0557628464908118, 2.0557628464908118, 2.0557628464908118, 2.0557628464908118, 2.0557628464908118, 2.0557628464908118, 2.0557628464908118], [26.26770980682944, 6.63048984385355, 19.391773170359357, 26.231774489430173, 5.909737493776694, 7.269128389762788, 30.0, 23.923688806678072, 27.379120026976558, 27.379120026976558, 27.379120026976558, 27.379120026976558, 27.379120026976558, 27.379120026976558, 27.379120026976558, 29.980326444297393, 25.69137864499149, 0.0, 5.7963132904694925, 17.996373448613145, 16.177488432084353, 28.630914182566613, 28.630914182566613, 0.0, 5.7963132904694925, 26.26770980682944, 6.63048984385355, 19.391773170359357, 26.231774489430173, 5.909737493776694, 7.269128389762788, 30.0, 23.923688806678072, 27.379120026976558, 27.379120026976558, 27.379120026976558, 27.379120026976558, 27.379120026976558, 27.379120026976558, 27.379120026976558], [20.61237642787234, 2.303203105866323, 13.974084580890143, 21.418249979589532, 6.133886197229823, 4.546843243493915, 24.319647985807535, 19.196309434874543, 21.74227420101572, 21.74227420101572, 21.74227420101572, 21.74227420101572, 21.74227420101572, 21.74227420101572, 21.74227420101572, 24.37305046243475, 20.678851881660282, 5.7963132904694925, 0.0, 13.512822722814885, 13.863082344727044, 23.091217499450693, 23.091217499450693, 5.7963132904694925, 0.0, 20.61237642787234, 2.303203105866323, 13.974084580890143, 21.418249979589532, 6.133886197229823, 4.546843243493915, 24.319647985807535, 19.196309434874543, 21.74227420101572, 21.74227420101572, 21.74227420101572, 21.74227420101572, 21.74227420101572, 21.74227420101572, 21.74227420101572], [0.0, 20.875747659720506, 7.314450266126717, 18.5317105338114, 25.32484362437641, 22.28955496069008, 11.123480520205751, 18.24365982131331, 10.828055287671681, 10.828055287671681, 10.828055287671681, 10.828055287671681, 10.828055287671681, 10.828055287671681, 10.828055287671681, 12.423715730082185, 16.887154711238374, 26.26770980682944, 20.61237642787234, 18.345139234411594, 25.120761511017964, 12.794527669031329, 12.794527669031329, 26.26770980682944, 20.61237642787234, 0.0, 20.875747659720506, 7.314450266126717, 18.5317105338114, 25.32484362437641, 22.28955496069008, 11.123480520205751, 18.24365982131331, 10.828055287671681, 10.828055287671681, 10.828055287671681, 10.828055287671681, 10.828055287671681, 10.828055287671681, 10.828055287671681], [20.875747659720506, 0.0, 14.693887521894233, 19.74117761519182, 4.669798316394748, 2.3513901246145696, 23.488931015285416, 17.46614690402806, 20.83287132933438, 20.83287132933438, 20.83287132933438, 20.83287132933438, 20.83287132933438, 20.83287132933438, 20.83287132933438, 23.408676489327828, 19.123228737430235, 6.63048984385355, 2.303203105866323, 11.63618365062959, 11.561546725128512, 22.02853671291528, 22.02853671291528, 6.63048984385355, 2.303203105866323, 20.875747659720506, 0.0, 14.693887521894233, 19.74117761519182, 4.669798316394748, 2.3513901246145696, 23.488931015285416, 17.46614690402806, 20.83287132933438, 20.83287132933438, 20.83287132933438, 20.83287132933438, 20.83287132933438, 20.83287132933438, 20.83287132933438], [7.314450266126717, 14.693887521894233, 0.0, 19.47149192182336, 19.339312580181737, 16.497720744433114, 15.72557033069971, 18.311286093416953, 14.195458930751633, 14.195458930751633, 14.195458930751633, 14.195458930751633, 14.195458930751633, 14.195458930751633, 14.195458930751633, 16.59352496288004, 17.953662775175317, 19.391773170359357, 13.974084580890143, 16.021366949964786, 21.60105492141268, 16.21262773396186, 16.21262773396186, 19.391773170359357, 13.974084580890143, 7.314450266126717, 14.693887521894233, 0.0, 19.47149192182336, 19.339312580181737, 16.497720744433114, 15.72557033069971, 18.311286093416953, 14.195458930751633, 14.195458930751633, 14.195458930751633, 14.195458930751633, 14.195458930751633, 14.195458930751633, 14.195458930751633], [18.5317105338114, 19.74117761519182, 19.47149192182336, 0.0, 21.52060475159006, 19.07418903745785, 10.36813368379459, 2.3464139920602447, 8.541031917519291, 8.541031917519291, 8.541031917519291, 8.541031917519291, 8.541031917519291, 8.541031917519291, 8.541031917519291, 9.076275885361344, 1.644584406864653, 26.231774489430173, 21.418249979589532, 8.308568620908833, 13.792082547954434, 7.470830735172383, 7.470830735172383, 26.231774489430173, 21.418249979589532, 18.5317105338114, 19.74117761519182, 19.47149192182336, 0.0, 21.52060475159006, 19.07418903745785, 10.36813368379459, 2.3464139920602447, 8.541031917519291, 8.541031917519291, 8.541031917519291, 8.541031917519291, 8.541031917519291, 8.541031917519291, 8.541031917519291], [25.32484362437641, 4.669798316394748, 19.339312580181737, 21.52060475159006, 0.0, 3.094788852549533, 26.84951898752722, 19.174854441213103, 24.121287683373954, 24.121287683373954, 24.121287683373954, 24.121287683373954, 24.121287683373954, 24.121287683373954, 24.121287683373954, 26.56966812359194, 21.231812150457305, 5.909737493776694, 6.133886197229823, 13.223096559521071, 10.328360392553837, 25.05362135029958, 25.05362135029958, 5.909737493776694, 6.133886197229823, 25.32484362437641, 4.669798316394748, 19.339312580181737, 21.52060475159006, 0.0, 3.094788852549533, 26.84951898752722, 19.174854441213103, 24.121287683373954, 24.121287683373954, 24.121287683373954, 24.121287683373954, 24.121287683373954, 24.121287683373954, 24.121287683373954], [22.28955496069008, 2.3513901246145696, 16.497720744433114, 19.07418903745785, 3.094788852549533, 0.0, 23.856156482745067, 16.745758554948104, 21.14081468528391, 21.14081468528391, 21.14081468528391, 21.14081468528391, 21.14081468528391, 21.14081468528391, 21.14081468528391, 23.62779895956504, 18.641849140983595, 7.269128389762788, 4.546843243493915, 10.786386672918848, 9.52856078714106, 22.147797091452812, 22.147797091452812, 7.269128389762788, 4.546843243493915, 22.28955496069008, 2.3513901246145696, 16.497720744433114, 19.07418903745785, 3.094788852549533, 0.0, 23.856156482745067, 16.745758554948104, 21.14081468528391, 21.14081468528391, 21.14081468528391, 21.14081468528391, 21.14081468528391, 21.14081468528391, 21.14081468528391], [11.123480520205751, 23.488931015285416, 15.72557033069971, 10.36813368379459, 26.84951898752722, 23.856156482745067, 0.0, 11.419783472953185, 2.748655541755064, 2.748655541755064, 2.748655541755064, 2.748655541755064, 2.748655541755064, 2.748655541755064, 2.748655541755064, 1.505772207678613, 9.014857427613531, 30.0, 24.319647985807535, 15.09757315872918, 22.166716383501576, 2.897334067360734, 2.897334067360734, 30.0, 24.319647985807535, 11.123480520205751, 23.488931015285416, 15.72557033069971, 10.36813368379459, 26.84951898752722, 23.856156482745067, 0.0, 11.419783472953185, 2.748655541755064, 2.748655541755064, 2.748655541755064, 2.748655541755064, 2.748655541755064, 2.748655541755064, 2.748655541755064], [18.24365982131331, 17.46614690402806, 18.311286093416953, 2.3464139920602447, 19.174854441213103, 16.745758554948104, 11.419783472953185, 0.0, 9.18339236000721, 9.18339236000721, 9.18339236000721, 9.18339236000721, 9.18339236000721, 9.18339236000721, 9.18339236000721, 10.30747017537735, 2.59595315534511, 23.923688806678072, 19.196309434874543, 5.968615680264079, 11.643474411974893, 8.597213192886398, 8.597213192886398, 23.923688806678072, 19.196309434874543, 18.24365982131331, 17.46614690402806, 18.311286093416953, 2.3464139920602447, 19.174854441213103, 16.745758554948104, 11.419783472953185, 0.0, 9.18339236000721, 9.18339236000721, 9.18339236000721, 9.18339236000721, 9.18339236000721, 9.18339236000721, 9.18339236000721], [10.828055287671681, 20.83287132933438, 14.195458930751633, 8.541031917519291, 24.121287683373954, 21.14081468528391, 2.748655541755064, 9.18339236000721, 0.0, 0.0, 0.0, 0.0, 0.0, 0.0, 0.0, 2.671875566204248, 7.011436776855842, 27.379120026976558, 21.74227420101572, 12.407132109030377, 19.526497577498752, 2.0557628464908118, 2.0557628464908118, 27.379120026976558, 21.74227420101572, 10.828055287671681, 20.83287132933438, 14.195458930751633, 8.541031917519291, 24.121287683373954, 21.14081468528391, 2.748655541755064, 9.18339236000721, 0.0, 0.0, 0.0, 0.0, 0.0, 0.0, 0.0], [10.828055287671681, 20.83287132933438, 14.195458930751633, 8.541031917519291, 24.121287683373954, 21.14081468528391, 2.748655541755064, 9.18339236000721, 0.0, 0.0, 0.0, 0.0, 0.0, 0.0, 0.0, 2.671875566204248, 7.011436776855842, 27.379120026976558, 21.74227420101572, 12.407132109030377, 19.526497577498752, 2.0557628464908118, 2.0557628464908118, 27.379120026976558, 21.74227420101572, 10.828055287671681, 20.83287132933438, 14.195458930751633, 8.541031917519291, 24.121287683373954, 21.14081468528391, 2.748655541755064, 9.18339236000721, 0.0, 0.0, 0.0, 0.0, 0.0, 0.0, 0.0], [10.828055287671681, 20.83287132933438, 14.195458930751633, 8.541031917519291, 24.121287683373954, 21.14081468528391, 2.748655541755064, 9.18339236000721, 0.0, 0.0, 0.0, 0.0, 0.0, 0.0, 0.0, 2.671875566204248, 7.011436776855842, 27.379120026976558, 21.74227420101572, 12.407132109030377, 19.526497577498752, 2.0557628464908118, 2.0557628464908118, 27.379120026976558, 21.74227420101572, 10.828055287671681, 20.83287132933438, 14.195458930751633, 8.541031917519291, 24.121287683373954, 21.14081468528391, 2.748655541755064, 9.18339236000721, 0.0, 0.0, 0.0, 0.0, 0.0, 0.0, 0.0], [10.828055287671681, 20.83287132933438, 14.195458930751633, 8.541031917519291, 24.121287683373954, 21.14081468528391, 2.748655541755064, 9.18339236000721, 0.0, 0.0, 0.0, 0.0, 0.0, 0.0, 0.0, 2.671875566204248, 7.011436776855842, 27.379120026976558, 21.74227420101572, 12.407132109030377, 19.526497577498752, 2.0557628464908118, 2.0557628464908118, 27.379120026976558, 21.74227420101572, 10.828055287671681, 20.83287132933438, 14.195458930751633, 8.541031917519291, 24.121287683373954, 21.14081468528391, 2.748655541755064, 9.18339236000721, 0.0, 0.0, 0.0, 0.0, 0.0, 0.0, 0.0], [10.828055287671681, 20.83287132933438, 14.195458930751633, 8.541031917519291, 24.121287683373954, 21.14081468528391, 2.748655541755064, 9.18339236000721, 0.0, 0.0, 0.0, 0.0, 0.0, 0.0, 0.0, 2.671875566204248, 7.011436776855842, 27.379120026976558, 21.74227420101572, 12.407132109030377, 19.526497577498752, 2.0557628464908118, 2.0557628464908118, 27.379120026976558, 21.74227420101572, 10.828055287671681, 20.83287132933438, 14.195458930751633, 8.541031917519291, 24.121287683373954, 21.14081468528391, 2.748655541755064, 9.18339236000721, 0.0, 0.0, 0.0, 0.0, 0.0, 0.0, 0.0], [10.828055287671681, 20.83287132933438, 14.195458930751633, 8.541031917519291, 24.121287683373954, 21.14081468528391, 2.748655541755064, 9.18339236000721, 0.0, 0.0, 0.0, 0.0, 0.0, 0.0, 0.0, 2.671875566204248, 7.011436776855842, 27.379120026976558, 21.74227420101572, 12.407132109030377, 19.526497577498752, 2.0557628464908118, 2.0557628464908118, 27.379120026976558, 21.74227420101572, 10.828055287671681, 20.83287132933438, 14.195458930751633, 8.541031917519291, 24.121287683373954, 21.14081468528391, 2.748655541755064, 9.18339236000721, 0.0, 0.0, 0.0, 0.0, 0.0, 0.0, 0.0], [10.828055287671681, 20.83287132933438, 14.195458930751633, 8.541031917519291, 24.121287683373954, 21.14081468528391, 2.748655541755064, 9.18339236000721, 0.0, 0.0, 0.0, 0.0, 0.0, 0.0, 0.0, 2.671875566204248, 7.011436776855842, 27.379120026976558, 21.74227420101572, 12.407132109030377, 19.526497577498752, 2.0557628464908118, 2.0557628464908118, 27.379120026976558, 21.74227420101572, 10.828055287671681, 20.83287132933438, 14.195458930751633, 8.541031917519291, 24.121287683373954, 21.14081468528391, 2.748655541755064, 9.18339236000721, 0.0, 0.0, 0.0, 0.0, 0.0, 0.0, 0.0]];
