M = 99999999.0;
numWorkers = 30;
numRoles = 3;
numNodes = 80;
wStart = [180, 60, 30, 90, 120, 390, 180, 150, 120, 150, 210, 60, 240, 240, 60, 0, 0, 0, 0, 0, 0, 0, 0, 0, 0, 0, 0, 0, 0, 0, 210, 30, 300, 150, 60, 60, 180, 60, 150, 60, 60, 150, 120, 240, 120, 300, 60, 60, 150, 60, 390, 330, 420, 330, 420, 450, 270, 270, 390, 270, 300, 480, 360, 330, 390, 480, 480, 480, 480, 480, 480, 480, 480, 480, 480, 480, 480, 480, 480, 480];
wEnd = [180, 60, 30, 90, 120, 390, 180, 150, 120, 150, 210, 60, 240, 240, 60, 0, 0, 0, 0, 0, 0, 0, 0, 0, 0, 0, 0, 0, 0, 0, 420, 420, 330, 390, 180, 330, 420, 300, 210, 300, 300, 450, 210, 300, 210, 330, 180, 300, 390, 330, 390, 330, 420, 330, 420, 450, 270, 270, 390, 270, 300, 480, 360, 330, 390, 480, 480, 480, 480, 480, 480, 480, 480, 480, 480, 480, 480, 480, 480, 480];
p = [0, 0, 0, 0, 0, 0, 0, 0, 0, 0, 0, 0, 0, 0, 0, 0, 0, 0, 0, 0, 0, 0, 0, 0, 0, 0, 0, 0, 0, 0, 35.74645254783184, 71.54737487442694, 25.430458451180016, 57.335518282287886, 32.4184405665779, 61.45078210792798, 53.52874000695459, 57.36100725070196, 29.107812997864322, 25.211559265093424, 46.638726638556676, 53.46576189542058, 62.14986816948458, 41.17814068669081, 31.07493408474229, 12.715229225590008, 16.20922028328895, 23.319363319278338, 28.667759141143943, 30.72539105396399, 0, 0, 0, 0, 0, 0, 0, 0, 0, 0, 0, 0, 0, 0, 0, 0, 0, 0, 0, 0, 0, 0, 0, 0, 0, 0, 0, 0, 0, 0];
e = [[0, 1, 1], [1, 0, 1], [1, 1, 0], [0, 1, 1], [1, 1, 0], [1, 0, 1], [0, 1, 1], [0, 1, 1], [0, 1, 1], [0, 1, 1], [0, 1, 0], [0, 1, 1], [0, 1, 1], [1, 1, 0], [1, 1, 0], [0, 1, 0], [1, 1, 0], [0, 1, 1], [1, 1, 0], [0, 1, 0], [0, 1, 0], [0, 1, 0], [1, 1, 0], [0, 1, 0], [1, 0, 0], [0, 1, 0], [0, 1, 0], [1, 0, 0], [0, 0, 1], [1, 0, 0]];
d = [[2, 2, 0, 0, 1, 0, 1, 0, 2, 0, 0, 0, 2, 0, 4, 0, 2, 0, 0, 0], [0, 0, 1, 1, 0, 2, 0, 1, 0, 1, 1, 1, 0, 2, 0, 2, 0, 2, 2, 4], [1, 1, 1, 1, 0, 1, 0, 0, 1, 1, 1, 1, 1, 1, 2, 2, 0, 2, 2, 2]];
r = [4605, 2127, 1437, 676, 3533, 1367, 3681, 2953, 3633, 4908, 1710, 3990, 3441, 2968, 3441, 1437, 3533, 1710, 676, 1367];
g = [[0, 0, 0, 0, 0, 0, 0, 0, 0, 0, 0, 0, 0, 0, 0, 0, 0, 0, 0, 0], [0, 0, 0, 0, 0, 0, 0, 0, 0, 0, 0, 0, 0, 0, 0, 0, 0, 0, 0, 0], [0, 0, 0, 0, 0, 0, 0, 0, 0, 0, 0, 0, 0, 0, 0, 1, 0, 0, 0, 0], [0, 0, 0, 0, 0, 0, 0, 0, 0, 0, 0, 0, 0, 0, 0, 0, 0, 0, 1, 0], [0, 0, 0, 0, 0, 0, 0, 0, 0, 0, 0, 0, 0, 0, 0, 0, 1, 0, 0, 0], [0, 0, 0, 0, 0, 0, 0, 0, 0, 0, 0, 0, 0, 0, 0, 0, 0, 0, 0, 1], [0, 0, 0, 0, 0, 0, 0, 0, 0, 0, 0, 0, 0, 0, 0, 0, 0, 0, 0, 0], [0, 0, 0, 0, 0, 0, 0, 0, 0, 0, 0, 0, 0, 0, 0, 0, 0, 0, 0, 0], [0, 0, 0, 0, 0, 0, 0, 0, 0, 0, 0, 0, 0, 0, 0, 0, 0, 0, 0, 0], [0, 0, 0, 0, 0, 0, 0, 0, 0, 0, 0, 0, 0, 0, 0, 0, 0, 0, 0, 0], [0, 0, 0, 0, 0, 0, 0, 0, 0, 0, 0, 0, 0, 0, 0, 0, 0, 1, 0, 0], [0, 0, 0, 0, 0, 0, 0, 0, 0, 0, 0, 0, 0, 0, 0, 0, 0, 0, 0, 0], [0, 0, 0, 0, 0, 0, 0, 0, 0, 0, 0, 0, 0, 0, 1, 0, 0, 0, 0, 0], [0, 0, 0, 0, 0, 0, 0, 0, 0, 0, 0, 0, 0, 0, 0, 0, 0, 0, 0, 0], [0, 0, 0, 0, 0, 0, 0, 0, 0, 0, 0, 0, 1, 0, 0, 0, 0, 0, 0, 0], [0, 0, 1, 0, 0, 0, 0, 0, 0, 0, 0, 0, 0, 0, 0, 0, 0, 0, 0, 0], [0, 0, 0, 0, 1, 0, 0, 0, 0, 0, 0, 0, 0, 0, 0, 0, 0, 0, 0, 0], [0, 0, 0, 0, 0, 0, 0, 0, 0, 0, 1, 0, 0, 0, 0, 0, 0, 0, 0, 0], [0, 0, 0, 1, 0, 0, 0, 0, 0, 0, 0, 0, 0, 0, 0, 0, 0, 0, 0, 0], [0, 0, 0, 0, 0, 1, 0, 0, 0, 0, 0, 0, 0, 0, 0, 0, 0, 0, 0, 0]];
t = [[0.0, 28.400464536116655, 17.295141575871703, 16.73959347825077, 18.430448732648514, 19.55961943992747, 18.639247464300688, 23.860913812002103, 24.96399314125981, 17.781771076845565, 1.3226833969034633, 9.953748286548842, 9.098401583704561, 4.347953290602011, 22.88171562219634, 22.935594069820837, 22.935594069820837, 22.935594069820837, 22.935594069820837, 22.935594069820837, 22.935594069820837, 22.935594069820837, 22.935594069820837, 22.935594069820837, 22.935594069820837, 22.935594069820837, 22.935594069820837, 22.935594069820837, 22.935594069820837, 22.935594069820837, 16.04385055141173, 5.882334988217664, 8.342547421761514, 15.880151520443945, 9.87381770489465, 16.065941792036302, 14.123983834822127, 14.021586378618448, 18.065950671656264, 5.237521943041504, 1.6108036168465116, 17.8662727136639, 25.813479580226698, 16.606608719891607, 25.813479580226698, 8.342547421761514, 9.87381770489465, 1.6108036168465116, 15.880151520443945, 16.065941792036302, 0.0, 28.400464536116655, 17.295141575871703, 16.73959347825077, 18.430448732648514, 19.55961943992747, 18.639247464300688, 23.860913812002103, 24.96399314125981, 17.781771076845565, 1.3226833969034633, 9.953748286548842, 9.098401583704561, 4.347953290602011, 22.88171562219634, 22.935594069820837, 22.935594069820837, 22.935594069820837, 22.935594069820837, 22.935594069820837, 22.935594069820837, 22.935594069820837, 22.935594069820837, 22.935594069820837, 22.935594069820837, 22.935594069820837, 22.935594069820837, 22.935594069820837, 22.935594069820837, 22.935594069820837], [28.400464536116655, 0.0, 17.435562850802466, 13.626388816667665, 18.926919771928826, 20.25271315039762, 15.679167318115132, 5.672623420101549, 3.5089900537344576, 10.992420527304432, 27.0792090213888, 21.301601578398927, 19.411257655272664, 26.604165640250404, 8.352428957493387, 8.057061400163278, 8.057061400163278, 8.057061400163278, 8.057061400163278, 8.057061400163278, 8.057061400163278, 8.057061400163278, 8.057061400163278, 8.057061400163278, 8.057061400163278, 8.057061400163278, 8.057061400163278, 8.057061400163278, 8.057061400163278, 8.057061400163278, 21.60317497325556, 23.785282387834084, 21.924739833159013, 13.294356412729627, 18.70217065959546, 12.951649626956, 19.23757309393381, 17.129231663180814, 18.780960770460585, 25.574647637881352, 30.0, 14.828113379665437, 4.163729443072144, 19.518847095993948, 4.163729443072144, 21.924739833159013, 18.70217065959546, 30.0, 13.294356412729627, 12.951649626956, 28.400464536116655, 0.0, 17.435562850802466, 13.626388816667665, 18.926919771928826, 20.25271315039762, 15.679167318115132, 5.672623420101549, 3.5089900537344576, 10.992420527304432, 27.0792090213888, 21.301601578398927, 19.411257655272664, 26.604165640250404, 8.352428957493387, 8.057061400163278, 8.057061400163278, 8.057061400163278, 8.057061400163278, 8.057061400163278, 8.057061400163278, 8.057061400163278, 8.057061400163278, 8.057061400163278, 8.057061400163278, 8.057061400163278, 8.057061400163278, 8.057061400163278, 8.057061400163278, 8.057061400163278], [17.295141575871703, 17.435562850802466, 0.0, 4.972216231992175, 22.129297317877825, 23.94473319917496, 1.9196834314669604, 11.766711069545465, 15.204315112795548, 12.73711432768544, 16.197925233926618, 17.122773055692907, 10.19564783057135, 13.532070491824367, 9.201308885326988, 9.460419629489131, 9.460419629489131, 9.460419629489131, 9.460419629489131, 9.460419629489131, 9.460419629489131, 9.460419629489131, 9.460419629489131, 9.460419629489131, 9.460419629489131, 9.460419629489131, 9.460419629489131, 9.460419629489131, 9.460419629489131, 9.460419629489131, 22.403510479104924, 16.229320411700005, 16.24921030930251, 13.394172343126765, 12.295502754520841, 7.233965971059668, 3.230092245655289, 3.9788120164631073, 21.73273641456067, 17.9023397660319, 18.518741433957008, 18.140260869361455, 13.416389809952326, 2.085598924321554, 13.416389809952326, 16.24921030930251, 12.295502754520841, 18.518741433957008, 13.394172343126765, 7.233965971059668, 17.295141575871703, 17.435562850802466, 0.0, 4.972216231992175, 22.129297317877825, 23.94473319917496, 1.9196834314669604, 11.766711069545465, 15.204315112795548, 12.73711432768544, 16.197925233926618, 17.122773055692907, 10.19564783057135, 13.532070491824367, 9.201308885326988, 9.460419629489131, 9.460419629489131, 9.460419629489131, 9.460419629489131, 9.460419629489131, 9.460419629489131, 9.460419629489131, 9.460419629489131, 9.460419629489131, 9.460419629489131, 9.460419629489131, 9.460419629489131, 9.460419629489131, 9.460419629489131, 9.460419629489131], [16.73959347825077, 13.626388816667665, 4.972216231992175, 0.0, 17.58702891602597, 19.40686375360148, 4.240887901533477, 8.105444043066546, 10.895779112824009, 7.79047012588289, 15.472497164894621, 13.81142367122285, 8.016591652098692, 13.875640301304509, 6.329832145641126, 6.454188831767772, 6.454188831767772, 6.454188831767772, 6.454188831767772, 6.454188831767772, 6.454188831767772, 6.454188831767772, 6.454188831767772, 6.454188831767772, 6.454188831767772, 6.454188831767772, 6.454188831767772, 6.454188831767772, 6.454188831767772, 6.454188831767772, 18.259608389863118, 14.018464707439525, 13.340989506495653, 8.671840818253933, 9.171879860287733, 2.384058792042497, 5.697986215735457, 3.5194434788868065, 17.207552014142127, 15.864286611012414, 18.20582642290592, 13.393511359594841, 10.01446724960865, 6.751130989921204, 10.01446724960865, 13.340989506495653, 9.171879860287733, 18.20582642290592, 8.671840818253933, 2.384058792042497, 16.73959347825077, 13.626388816667665, 4.972216231992175, 0.0, 17.58702891602597, 19.40686375360148, 4.240887901533477, 8.105444043066546, 10.895779112824009, 7.79047012588289, 15.472497164894621, 13.81142367122285, 8.016591652098692, 13.875640301304509, 6.329832145641126, 6.454188831767772, 6.454188831767772, 6.454188831767772, 6.454188831767772, 6.454188831767772, 6.454188831767772, 6.454188831767772, 6.454188831767772, 6.454188831767772, 6.454188831767772, 6.454188831767772, 6.454188831767772, 6.454188831767772, 6.454188831767772, 6.454188831767772], [18.430448732648514, 18.926919771928826, 22.129297317877825, 17.58702891602597, 0.0, 1.8203854423419148, 21.815815862518612, 18.11338864648375, 15.946719892348991, 10.581240962212028, 17.499242795927962, 8.535518031561006, 14.150994908675937, 19.8452728985253, 19.57200587269045, 19.356455707151156, 19.356455707151156, 19.356455707151156, 19.356455707151156, 19.356455707151156, 19.356455707151156, 19.356455707151156, 19.356455707151156, 19.356455707151156, 19.356455707151156, 19.356455707151156, 19.356455707151156, 19.356455707151156, 19.356455707151156, 19.356455707151156, 3.358170182426741, 12.606930633114747, 10.225989946060105, 8.96272367416985, 11.398486601774113, 15.21238660543778, 20.91389810431361, 18.544463692638956, 0.4215284392232011, 13.341746651222065, 19.783446857826902, 4.578120972203677, 19.243109378730004, 23.28698877468854, 19.243109378730004, 10.225989946060105, 11.398486601774113, 19.783446857826902, 8.96272367416985, 15.21238660543778, 18.430448732648514, 18.926919771928826, 22.129297317877825, 17.58702891602597, 0.0, 1.8203854423419148, 21.815815862518612, 18.11338864648375, 15.946719892348991, 10.581240962212028, 17.499242795927962, 8.535518031561006, 14.150994908675937, 19.8452728985253, 19.57200587269045, 19.356455707151156, 19.356455707151156, 19.356455707151156, 19.356455707151156, 19.356455707151156, 19.356455707151156, 19.356455707151156, 19.356455707151156, 19.356455707151156, 19.356455707151156, 19.356455707151156, 19.356455707151156, 19.356455707151156, 19.356455707151156, 19.356455707151156], [19.55961943992747, 20.25271315039762, 23.94473319917496, 19.40686375360148, 1.8203854423419148, 0.0, 23.63612559585068, 19.743658237417428, 17.399180616490828, 12.342587921826333, 18.701851977792682, 9.828143856531833, 15.818800366055218, 21.242766151694397, 21.290467047354294, 21.067628621927142, 21.067628621927142, 21.067628621927142, 21.067628621927142, 21.067628621927142, 21.067628621927142, 21.067628621927142, 21.067628621927142, 21.067628621927142, 21.067628621927142, 21.067628621927142, 21.067628621927142, 21.067628621927142, 21.067628621927142, 21.067628621927142, 3.68473863914369, 13.831171093249187, 11.533395544751768, 10.775835617846937, 13.056829207076428, 17.031549665618712, 22.695352693120753, 20.343141232936315, 2.2120526751951255, 14.379935587526733, 20.844224167446257, 6.3035005503002255, 20.79946926427065, 25.087599688494322, 20.79946926427065, 11.533395544751768, 13.056829207076428, 20.844224167446257, 10.775835617846937, 17.031549665618712, 19.55961943992747, 20.25271315039762, 23.94473319917496, 19.40686375360148, 1.8203854423419148, 0.0, 23.63612559585068, 19.743658237417428, 17.399180616490828, 12.342587921826333, 18.701851977792682, 9.828143856531833, 15.818800366055218, 21.242766151694397, 21.290467047354294, 21.067628621927142, 21.067628621927142, 21.067628621927142, 21.067628621927142, 21.067628621927142, 21.067628621927142, 21.067628621927142, 21.067628621927142, 21.067628621927142, 21.067628621927142, 21.067628621927142, 21.067628621927142, 21.067628621927142, 21.067628621927142, 21.067628621927142], [18.639247464300688, 15.679167318115132, 1.9196834314669604, 4.240887901533477, 21.815815862518612, 23.63612559585068, 0.0, 10.032722390710024, 13.61512861491321, 11.939322534478102, 17.48625397015774, 17.51288906568442, 10.92644814240577, 15.060554058588073, 7.37684321704025, 7.64992203241985, 7.64992203241985, 7.64992203241985, 7.64992203241985, 7.64992203241985, 7.64992203241985, 7.64992203241985, 7.64992203241985, 7.64992203241985, 7.64992203241985, 7.64992203241985, 7.64992203241985, 7.64992203241985, 7.64992203241985, 7.64992203241985, 22.377274731043208, 17.051365116565687, 16.805422910543466, 12.912599975116231, 12.714166159801692, 6.624944974274996, 4.889293506613764, 4.750434766183417, 21.433182039039917, 18.8004269429402, 19.934875769445288, 17.632361342889787, 11.610923345824625, 3.946703865750653, 11.610923345824625, 16.805422910543466, 12.714166159801692, 19.934875769445288, 12.912599975116231, 6.624944974274996, 18.639247464300688, 15.679167318115132, 1.9196834314669604, 4.240887901533477, 21.815815862518612, 23.63612559585068, 0.0, 10.032722390710024, 13.61512861491321, 11.939322534478102, 17.48625397015774, 17.51288906568442, 10.92644814240577, 15.060554058588073, 7.37684321704025, 7.64992203241985, 7.64992203241985, 7.64992203241985, 7.64992203241985, 7.64992203241985, 7.64992203241985, 7.64992203241985, 7.64992203241985, 7.64992203241985, 7.64992203241985, 7.64992203241985, 7.64992203241985, 7.64992203241985, 7.64992203241985, 7.64992203241985], [23.860913812002103, 5.672623420101549, 11.766711069545465, 8.105444043066546, 18.11338864648375, 19.743658237417428, 10.032722390710024, 0.0, 3.9934155287430406, 8.055649953387867, 22.543331817439572, 18.144160332162, 14.762568772509582, 21.596592670862847, 2.8760441690033343, 2.552446778219284, 2.552446778219284, 2.552446778219284, 2.552446778219284, 2.552446778219284, 2.552446778219284, 2.552446778219284, 2.552446778219284, 2.552446778219284, 2.552446778219284, 2.552446778219284, 2.552446778219284, 2.552446778219284, 2.552446778219284, 2.552446778219284, 20.11493880527888, 19.880093839283354, 18.387466294675015, 10.367782471124949, 14.644335739308888, 7.867471597375072, 13.619416032088413, 11.624608278584084, 17.855210874610783, 21.74457569819794, 25.42385591325095, 13.565912720814774, 1.9688964930824517, 13.848649018804796, 1.9688964930824517, 18.387466294675015, 14.644335739308888, 25.42385591325095, 10.367782471124949, 7.867471597375072, 23.860913812002103, 5.672623420101549, 11.766711069545465, 8.105444043066546, 18.11338864648375, 19.743658237417428, 10.032722390710024, 0.0, 3.9934155287430406, 8.055649953387867, 22.543331817439572, 18.144160332162, 14.762568772509582, 21.596592670862847, 2.8760441690033343, 2.552446778219284, 2.552446778219284, 2.552446778219284, 2.552446778219284, 2.552446778219284, 2.552446778219284, 2.552446778219284, 2.552446778219284, 2.552446778219284, 2.552446778219284, 2.552446778219284, 2.552446778219284, 2.552446778219284, 2.552446778219284, 2.552446778219284], [24.96399314125981, 3.5089900537344576, 15.204315112795548, 10.895779112824009, 15.946719892348991, 17.399180616490828, 13.61512861491321, 3.9934155287430406, 0.0, 7.483998712156622, 23.64493109838896, 17.811099216919956, 16.035527799199055, 23.318705109660897, 6.834552470134238, 6.507855513755869, 6.507855513755869, 6.507855513755869, 6.507855513755869, 6.507855513755869, 6.507855513755869, 6.507855513755869, 6.507855513755869, 6.507855513755869, 6.507855513755869, 6.507855513755869, 6.507855513755869, 6.507855513755869, 6.507855513755869, 6.507855513755869, 18.42952629233054, 20.281501373159667, 18.41661970763932, 9.79450809283628, 15.219413785784246, 9.854365087894589, 16.592412330466214, 14.303643067920968, 15.760020872769113, 22.06713444216957, 26.567972898433496, 11.647857652771568, 3.82930958443757, 17.2470922019559, 3.82930958443757, 18.41661970763932, 15.219413785784246, 26.567972898433496, 9.79450809283628, 9.854365087894589, 24.96399314125981, 3.5089900537344576, 15.204315112795548, 10.895779112824009, 15.946719892348991, 17.399180616490828, 13.61512861491321, 3.9934155287430406, 0.0, 7.483998712156622, 23.64493109838896, 17.811099216919956, 16.035527799199055, 23.318705109660897, 6.834552470134238, 6.507855513755869, 6.507855513755869, 6.507855513755869, 6.507855513755869, 6.507855513755869, 6.507855513755869, 6.507855513755869, 6.507855513755869, 6.507855513755869, 6.507855513755869, 6.507855513755869, 6.507855513755869, 6.507855513755869, 6.507855513755869, 6.507855513755869], [17.781771076845565, 10.992420527304432, 12.73711432768544, 7.79047012588289, 10.581240962212028, 12.342587921826333, 11.939322534478102, 8.055649953387867, 7.483998712156622, 0.0, 16.480140850198943, 10.379825824293839, 9.26426550633046, 16.707574223394627, 9.055228394697195, 8.864219500464225, 8.864219500464225, 8.864219500464225, 8.864219500464225, 8.864219500464225, 8.864219500464225, 8.864219500464225, 8.864219500464225, 8.864219500464225, 8.864219500464225, 8.864219500464225, 8.864219500464225, 8.864219500464225, 8.864219500464225, 8.864219500464225, 12.17488049296405, 12.836169483442989, 10.932659923631068, 2.371306704873377, 7.91560005522549, 5.521215749905721, 12.621676797697495, 10.02494311709353, 10.261220485767032, 14.599057100726819, 19.39255700571347, 6.048743655364501, 9.612286364940372, 14.35909948947604, 9.612286364940372, 10.932659923631068, 7.91560005522549, 19.39255700571347, 2.371306704873377, 5.521215749905721, 17.781771076845565, 10.992420527304432, 12.73711432768544, 7.79047012588289, 10.581240962212028, 12.342587921826333, 11.939322534478102, 8.055649953387867, 7.483998712156622, 0.0, 16.480140850198943, 10.379825824293839, 9.26426550633046, 16.707574223394627, 9.055228394697195, 8.864219500464225, 8.864219500464225, 8.864219500464225, 8.864219500464225, 8.864219500464225, 8.864219500464225, 8.864219500464225, 8.864219500464225, 8.864219500464225, 8.864219500464225, 8.864219500464225, 8.864219500464225, 8.864219500464225, 8.864219500464225, 8.864219500464225], [1.3226833969034633, 27.0792090213888, 16.197925233926618, 15.472497164894621, 17.499242795927962, 18.701851977792682, 17.48625397015774, 22.543331817439572, 23.64493109838896, 16.480140850198943, 0.0, 8.97327217971313, 7.780995213735063, 3.8365535174544627, 21.58732868858355, 21.637398382299647, 21.637398382299647, 21.637398382299647, 21.637398382299647, 21.637398382299647, 21.637398382299647, 21.637398382299647, 21.637398382299647, 21.637398382299647, 21.637398382299647, 21.637398382299647, 21.637398382299647, 21.637398382299647, 21.637398382299647, 21.637398382299647, 15.258430570198291, 4.892414560397657, 7.314298555163286, 14.604506712750592, 8.58097508410125, 14.757317974047709, 13.061936591565233, 12.828439017834365, 17.124125037938118, 4.616190208580461, 2.923361653971855, 16.7263828104332, 24.494735151832224, 15.606569681683716, 24.494735151832224, 7.314298555163286, 8.58097508410125, 2.923361653971855, 14.604506712750592, 14.757317974047709, 1.3226833969034633, 27.0792090213888, 16.197925233926618, 15.472497164894621, 17.499242795927962, 18.701851977792682, 17.48625397015774, 22.543331817439572, 23.64493109838896, 16.480140850198943, 0.0, 8.97327217971313, 7.780995213735063, 3.8365535174544627, 21.58732868858355, 21.637398382299647, 21.637398382299647, 21.637398382299647, 21.637398382299647, 21.637398382299647, 21.637398382299647, 21.637398382299647, 21.637398382299647, 21.637398382299647, 21.637398382299647, 21.637398382299647, 21.637398382299647, 21.637398382299647, 21.637398382299647, 21.637398382299647], [9.953748286548842, 21.301601578398927, 17.122773055692907, 13.81142367122285, 8.535518031561006, 9.828143856531833, 17.51288906568442, 18.144160332162, 17.811099216919956, 10.379825824293839, 8.97327217971313, 0.0, 7.222387232820705, 11.43393699333758, 18.34071194455035, 18.254008971018894, 18.254008971018894, 18.254008971018894, 18.254008971018894, 18.254008971018894, 18.254008971018894, 18.254008971018894, 18.254008971018894, 18.254008971018894, 18.254008971018894, 18.254008971018894, 18.254008971018894, 18.254008971018894, 18.254008971018894, 18.254008971018894, 6.648117886373012, 4.0846953316648245, 1.7052650722492568, 8.02524312992144, 4.828004286388019, 11.887614657914497, 14.946433252337188, 13.150699333149989, 8.155048847720172, 5.118832111722609, 11.377691215078327, 8.256799680076664, 19.869478277587607, 17.641411527362887, 19.869478277587607, 1.7052650722492568, 4.828004286388019, 11.377691215078327, 8.02524312992144, 11.887614657914497, 9.953748286548842, 21.301601578398927, 17.122773055692907, 13.81142367122285, 8.535518031561006, 9.828143856531833, 17.51288906568442, 18.144160332162, 17.811099216919956, 10.379825824293839, 8.97327217971313, 0.0, 7.222387232820705, 11.43393699333758, 18.34071194455035, 18.254008971018894, 18.254008971018894, 18.254008971018894, 18.254008971018894, 18.254008971018894, 18.254008971018894, 18.254008971018894, 18.254008971018894, 18.254008971018894, 18.254008971018894, 18.254008971018894, 18.254008971018894, 18.254008971018894, 18.254008971018894, 18.254008971018894], [9.098401583704561, 19.411257655272664, 10.19564783057135, 8.016591652098692, 14.150994908675937, 15.818800366055218, 10.92644814240577, 14.762568772509582, 16.035527799199055, 9.26426550633046, 7.780995213735063, 7.222387232820705, 0.0, 7.443551879784317, 13.888959079980085, 13.919223098893047, 13.919223098893047, 13.919223098893047, 13.919223098893047, 13.919223098893047, 13.919223098893047, 13.919223098893047, 13.919223098893047, 13.919223098893047, 13.919223098893047, 13.919223098893047, 13.919223098893047, 13.919223098893047, 13.919223098893047, 13.919223098893047, 13.362111640687605, 6.131472808965663, 6.1146999762120124, 7.900977503240962, 2.7636774389294234, 7.001773406149458, 7.7583388750546325, 6.251891282726726, 13.729536990080835, 7.919629187110992, 10.666696746402252, 11.525629825636477, 16.71546516743328, 10.483871868254921, 16.71546516743328, 6.1146999762120124, 2.7636774389294234, 10.666696746402252, 7.900977503240962, 7.001773406149458, 9.098401583704561, 19.411257655272664, 10.19564783057135, 8.016591652098692, 14.150994908675937, 15.818800366055218, 10.92644814240577, 14.762568772509582, 16.035527799199055, 9.26426550633046, 7.780995213735063, 7.222387232820705, 0.0, 7.443551879784317, 13.888959079980085, 13.919223098893047, 13.919223098893047, 13.919223098893047, 13.919223098893047, 13.919223098893047, 13.919223098893047, 13.919223098893047, 13.919223098893047, 13.919223098893047, 13.919223098893047, 13.919223098893047, 13.919223098893047, 13.919223098893047, 13.919223098893047, 13.919223098893047], [4.347953290602011, 26.604165640250404, 13.532070491824367, 13.875640301304509, 19.8452728985253, 21.242766151694397, 15.060554058588073, 21.596592670862847, 23.318705109660897, 16.707574223394627, 3.8365535174544627, 11.43393699333758, 7.443551879784317, 0.0, 20.194449638767644, 20.29891600891257, 20.29891600891257, 20.29891600891257, 20.29891600891257, 20.29891600891257, 20.29891600891257, 20.29891600891257, 20.29891600891257, 20.29891600891257, 20.29891600891257, 20.29891600891257, 20.29891600891257, 20.29891600891257, 20.29891600891257, 20.29891600891257, 18.037709052305175, 7.672061821088293, 9.735274401733353, 15.235992149561142, 9.350898899424188, 13.74607516569764, 10.30390860975777, 10.728203756981452, 19.443620348082426, 8.067749143325008, 5.160607531237541, 18.263625340608954, 23.564698215346542, 12.594345804021634, 23.564698215346542, 9.735274401733353, 9.350898899424188, 5.160607531237541, 15.235992149561142, 13.74607516569764, 4.347953290602011, 26.604165640250404, 13.532070491824367, 13.875640301304509, 19.8452728985253, 21.242766151694397, 15.060554058588073, 21.596592670862847, 23.318705109660897, 16.707574223394627, 3.8365535174544627, 11.43393699333758, 7.443551879784317, 0.0, 20.194449638767644, 20.29891600891257, 20.29891600891257, 20.29891600891257, 20.29891600891257, 20.29891600891257, 20.29891600891257, 20.29891600891257, 20.29891600891257, 20.29891600891257, 20.29891600891257, 20.29891600891257, 20.29891600891257, 20.29891600891257, 20.29891600891257, 20.29891600891257], [22.88171562219634, 8.352428957493387, 9.201308885326988, 6.329832145641126, 19.57200587269045, 21.290467047354294, 7.37684321704025, 2.8760441690033343, 6.834552470134238, 9.055228394697195, 21.58732868858355, 18.34071194455035, 13.888959079980085, 20.194449638767644, 0.0, 0.3267191645100874, 0.3267191645100874, 0.3267191645100874, 0.3267191645100874, 0.3267191645100874, 0.3267191645100874, 0.3267191645100874, 0.3267191645100874, 0.3267191645100874, 0.3267191645100874, 0.3267191645100874, 0.3267191645100874, 0.3267191645100874, 0.3267191645100874, 0.3267191645100874, 21.20488210066346, 19.497473446583797, 18.316596405557945, 11.12383712622403, 14.30952990207157, 6.916548966343567, 11.40136660056663, 9.724769363824233, 19.27180778145366, 21.377250246434574, 24.39144111293653, 14.996872585820924, 4.237824338264633, 11.283772400997577, 4.237824338264633, 18.316596405557945, 14.30952990207157, 24.39144111293653, 11.12383712622403, 6.916548966343567, 22.88171562219634, 8.352428957493387, 9.201308885326988, 6.329832145641126, 19.57200587269045, 21.290467047354294, 7.37684321704025, 2.8760441690033343, 6.834552470134238, 9.055228394697195, 21.58732868858355, 18.34071194455035, 13.888959079980085, 20.194449638767644, 0.0, 0.3267191645100874, 0.3267191645100874, 0.3267191645100874, 0.3267191645100874, 0.3267191645100874, 0.3267191645100874, 0.3267191645100874, 0.3267191645100874, 0.3267191645100874, 0.3267191645100874, 0.3267191645100874, 0.3267191645100874, 0.3267191645100874, 0.3267191645100874, 0.3267191645100874], [22.935594069820837, 8.057061400163278, 9.460419629489131, 6.454188831767772, 19.356455707151156, 21.067628621927142, 7.64992203241985, 2.552446778219284, 6.507855513755869, 8.864219500464225, 21.637398382299647, 18.254008971018894, 13.919223098893047, 20.29891600891257, 0.3267191645100874, 0.0, 0.0, 0.0, 0.0, 0.0, 0.0, 0.0, 0.0, 0.0, 0.0, 0.0, 0.0, 0.0, 0.0, 0.0, 21.026893122921393, 19.477460904713706, 18.2596028968951, 10.964139656880175, 14.27638029513659, 6.929379802116329, 11.608002436264004, 9.881330117628288, 19.060069253744693, 21.357311241146054, 24.4528157803691, 14.779418092071808, 3.9612419958221103, 11.544691934840491, 3.9612419958221103, 18.2596028968951, 14.27638029513659, 24.4528157803691, 10.964139656880175, 6.929379802116329, 22.935594069820837, 8.057061400163278, 9.460419629489131, 6.454188831767772, 19.356455707151156, 21.067628621927142, 7.64992203241985, 2.552446778219284, 6.507855513755869, 8.864219500464225, 21.637398382299647, 18.254008971018894, 13.919223098893047, 20.29891600891257, 0.3267191645100874, 0.0, 0.0, 0.0, 0.0, 0.0, 0.0, 0.0, 0.0, 0.0, 0.0, 0.0, 0.0, 0.0, 0.0, 0.0], [22.935594069820837, 8.057061400163278, 9.460419629489131, 6.454188831767772, 19.356455707151156, 21.067628621927142, 7.64992203241985, 2.552446778219284, 6.507855513755869, 8.864219500464225, 21.637398382299647, 18.254008971018894, 13.919223098893047, 20.29891600891257, 0.3267191645100874, 0.0, 0.0, 0.0, 0.0, 0.0, 0.0, 0.0, 0.0, 0.0, 0.0, 0.0, 0.0, 0.0, 0.0, 0.0, 21.026893122921393, 19.477460904713706, 18.2596028968951, 10.964139656880175, 14.27638029513659, 6.929379802116329, 11.608002436264004, 9.881330117628288, 19.060069253744693, 21.357311241146054, 24.4528157803691, 14.779418092071808, 3.9612419958221103, 11.544691934840491, 3.9612419958221103, 18.2596028968951, 14.27638029513659, 24.4528157803691, 10.964139656880175, 6.929379802116329, 22.935594069820837, 8.057061400163278, 9.460419629489131, 6.454188831767772, 19.356455707151156, 21.067628621927142, 7.64992203241985, 2.552446778219284, 6.507855513755869, 8.864219500464225, 21.637398382299647, 18.254008971018894, 13.919223098893047, 20.29891600891257, 0.3267191645100874, 0.0, 0.0, 0.0, 0.0, 0.0, 0.0, 0.0, 0.0, 0.0, 0.0, 0.0, 0.0, 0.0, 0.0, 0.0], [22.935594069820837, 8.057061400163278, 9.460419629489131, 6.454188831767772, 19.356455707151156, 21.067628621927142, 7.64992203241985, 2.552446778219284, 6.507855513755869, 8.864219500464225, 21.637398382299647, 18.254008971018894, 13.919223098893047, 20.29891600891257, 0.3267191645100874, 0.0, 0.0, 0.0, 0.0, 0.0, 0.0, 0.0, 0.0, 0.0, 0.0, 0.0, 0.0, 0.0, 0.0, 0.0, 21.026893122921393, 19.477460904713706, 18.2596028968951, 10.964139656880175, 14.27638029513659, 6.929379802116329, 11.608002436264004, 9.881330117628288, 19.060069253744693, 21.357311241146054, 24.4528157803691, 14.779418092071808, 3.9612419958221103, 11.544691934840491, 3.9612419958221103, 18.2596028968951, 14.27638029513659, 24.4528157803691, 10.964139656880175, 6.929379802116329, 22.935594069820837, 8.057061400163278, 9.460419629489131, 6.454188831767772, 19.356455707151156, 21.067628621927142, 7.64992203241985, 2.552446778219284, 6.507855513755869, 8.864219500464225, 21.637398382299647, 18.254008971018894, 13.919223098893047, 20.29891600891257, 0.3267191645100874, 0.0, 0.0, 0.0, 0.0, 0.0, 0.0, 0.0, 0.0, 0.0, 0.0, 0.0, 0.0, 0.0, 0.0, 0.0], [22.935594069820837, 8.057061400163278, 9.460419629489131, 6.454188831767772, 19.356455707151156, 21.067628621927142, 7.64992203241985, 2.552446778219284, 6.507855513755869, 8.864219500464225, 21.637398382299647, 18.254008971018894, 13.919223098893047, 20.29891600891257, 0.3267191645100874, 0.0, 0.0, 0.0, 0.0, 0.0, 0.0, 0.0, 0.0, 0.0, 0.0, 0.0, 0.0, 0.0, 0.0, 0.0, 21.026893122921393, 19.477460904713706, 18.2596028968951, 10.964139656880175, 14.27638029513659, 6.929379802116329, 11.608002436264004, 9.881330117628288, 19.060069253744693, 21.357311241146054, 24.4528157803691, 14.779418092071808, 3.9612419958221103, 11.544691934840491, 3.9612419958221103, 18.2596028968951, 14.27638029513659, 24.4528157803691, 10.964139656880175, 6.929379802116329, 22.935594069820837, 8.057061400163278, 9.460419629489131, 6.454188831767772, 19.356455707151156, 21.067628621927142, 7.64992203241985, 2.552446778219284, 6.507855513755869, 8.864219500464225, 21.637398382299647, 18.254008971018894, 13.919223098893047, 20.29891600891257, 0.3267191645100874, 0.0, 0.0, 0.0, 0.0, 0.0, 0.0, 0.0, 0.0, 0.0, 0.0, 0.0, 0.0, 0.0, 0.0, 0.0], [22.935594069820837, 8.057061400163278, 9.460419629489131, 6.454188831767772, 19.356455707151156, 21.067628621927142, 7.64992203241985, 2.552446778219284, 6.507855513755869, 8.864219500464225, 21.637398382299647, 18.254008971018894, 13.919223098893047, 20.29891600891257, 0.3267191645100874, 0.0, 0.0, 0.0, 0.0, 0.0, 0.0, 0.0, 0.0, 0.0, 0.0, 0.0, 0.0, 0.0, 0.0, 0.0, 21.026893122921393, 19.477460904713706, 18.2596028968951, 10.964139656880175, 14.27638029513659, 6.929379802116329, 11.608002436264004, 9.881330117628288, 19.060069253744693, 21.357311241146054, 24.4528157803691, 14.779418092071808, 3.9612419958221103, 11.544691934840491, 3.9612419958221103, 18.2596028968951, 14.27638029513659, 24.4528157803691, 10.964139656880175, 6.929379802116329, 22.935594069820837, 8.057061400163278, 9.460419629489131, 6.454188831767772, 19.356455707151156, 21.067628621927142, 7.64992203241985, 2.552446778219284, 6.507855513755869, 8.864219500464225, 21.637398382299647, 18.254008971018894, 13.919223098893047, 20.29891600891257, 0.3267191645100874, 0.0, 0.0, 0.0, 0.0, 0.0, 0.0, 0.0, 0.0, 0.0, 0.0, 0.0, 0.0, 0.0, 0.0, 0.0], [22.935594069820837, 8.057061400163278, 9.460419629489131, 6.454188831767772, 19.356455707151156, 21.067628621927142, 7.64992203241985, 2.552446778219284, 6.507855513755869, 8.864219500464225, 21.637398382299647, 18.254008971018894, 13.919223098893047, 20.29891600891257, 0.3267191645100874, 0.0, 0.0, 0.0, 0.0, 0.0, 0.0, 0.0, 0.0, 0.0, 0.0, 0.0, 0.0, 0.0, 0.0, 0.0, 21.026893122921393, 19.477460904713706, 18.2596028968951, 10.964139656880175, 14.27638029513659, 6.929379802116329, 11.608002436264004, 9.881330117628288, 19.060069253744693, 21.357311241146054, 24.4528157803691, 14.779418092071808, 3.9612419958221103, 11.544691934840491, 3.9612419958221103, 18.2596028968951, 14.27638029513659, 24.4528157803691, 10.964139656880175, 6.929379802116329, 22.935594069820837, 8.057061400163278, 9.460419629489131, 6.454188831767772, 19.356455707151156, 21.067628621927142, 7.64992203241985, 2.552446778219284, 6.507855513755869, 8.864219500464225, 21.637398382299647, 18.254008971018894, 13.919223098893047, 20.29891600891257, 0.3267191645100874, 0.0, 0.0, 0.0, 0.0, 0.0, 0.0, 0.0, 0.0, 0.0, 0.0, 0.0, 0.0, 0.0, 0.0, 0.0], [22.935594069820837, 8.057061400163278, 9.460419629489131, 6.454188831767772, 19.356455707151156, 21.067628621927142, 7.64992203241985, 2.552446778219284, 6.507855513755869, 8.864219500464225, 21.637398382299647, 18.254008971018894, 13.919223098893047, 20.29891600891257, 0.3267191645100874, 0.0, 0.0, 0.0, 0.0, 0.0, 0.0, 0.0, 0.0, 0.0, 0.0, 0.0, 0.0, 0.0, 0.0, 0.0, 21.026893122921393, 19.477460904713706, 18.2596028968951, 10.964139656880175, 14.27638029513659, 6.929379802116329, 11.608002436264004, 9.881330117628288, 19.060069253744693, 21.357311241146054, 24.4528157803691, 14.779418092071808, 3.9612419958221103, 11.544691934840491, 3.9612419958221103, 18.2596028968951, 14.27638029513659, 24.4528157803691, 10.964139656880175, 6.929379802116329, 22.935594069820837, 8.057061400163278, 9.460419629489131, 6.454188831767772, 19.356455707151156, 21.067628621927142, 7.64992203241985, 2.552446778219284, 6.507855513755869, 8.864219500464225, 21.637398382299647, 18.254008971018894, 13.919223098893047, 20.29891600891257, 0.3267191645100874, 0.0, 0.0, 0.0, 0.0, 0.0, 0.0, 0.0, 0.0, 0.0, 0.0, 0.0, 0.0, 0.0, 0.0, 0.0], [22.935594069820837, 8.057061400163278, 9.460419629489131, 6.454188831767772, 19.356455707151156, 21.067628621927142, 7.64992203241985, 2.552446778219284, 6.507855513755869, 8.864219500464225, 21.637398382299647, 18.254008971018894, 13.919223098893047, 20.29891600891257, 0.3267191645100874, 0.0, 0.0, 0.0, 0.0, 0.0, 0.0, 0.0, 0.0, 0.0, 0.0, 0.0, 0.0, 0.0, 0.0, 0.0, 21.026893122921393, 19.477460904713706, 18.2596028968951, 10.964139656880175, 14.27638029513659, 6.929379802116329, 11.608002436264004, 9.881330117628288, 19.060069253744693, 21.357311241146054, 24.4528157803691, 14.779418092071808, 3.9612419958221103, 11.544691934840491, 3.9612419958221103, 18.2596028968951, 14.27638029513659, 24.4528157803691, 10.964139656880175, 6.929379802116329, 22.935594069820837, 8.057061400163278, 9.460419629489131, 6.454188831767772, 19.356455707151156, 21.067628621927142, 7.64992203241985, 2.552446778219284, 6.507855513755869, 8.864219500464225, 21.637398382299647, 18.254008971018894, 13.919223098893047, 20.29891600891257, 0.3267191645100874, 0.0, 0.0, 0.0, 0.0, 0.0, 0.0, 0.0, 0.0, 0.0, 0.0, 0.0, 0.0, 0.0, 0.0, 0.0], [22.935594069820837, 8.057061400163278, 9.460419629489131, 6.454188831767772, 19.356455707151156, 21.067628621927142, 7.64992203241985, 2.552446778219284, 6.507855513755869, 8.864219500464225, 21.637398382299647, 18.254008971018894, 13.919223098893047, 20.29891600891257, 0.3267191645100874, 0.0, 0.0, 0.0, 0.0, 0.0, 0.0, 0.0, 0.0, 0.0, 0.0, 0.0, 0.0, 0.0, 0.0, 0.0, 21.026893122921393, 19.477460904713706, 18.2596028968951, 10.964139656880175, 14.27638029513659, 6.929379802116329, 11.608002436264004, 9.881330117628288, 19.060069253744693, 21.357311241146054, 24.4528157803691, 14.779418092071808, 3.9612419958221103, 11.544691934840491, 3.9612419958221103, 18.2596028968951, 14.27638029513659, 24.4528157803691, 10.964139656880175, 6.929379802116329, 22.935594069820837, 8.057061400163278, 9.460419629489131, 6.454188831767772, 19.356455707151156, 21.067628621927142, 7.64992203241985, 2.552446778219284, 6.507855513755869, 8.864219500464225, 21.637398382299647, 18.254008971018894, 13.919223098893047, 20.29891600891257, 0.3267191645100874, 0.0, 0.0, 0.0, 0.0, 0.0, 0.0, 0.0, 0.0, 0.0, 0.0, 0.0, 0.0, 0.0, 0.0, 0.0], [22.935594069820837, 8.057061400163278, 9.460419629489131, 6.454188831767772, 19.356455707151156, 21.067628621927142, 7.64992203241985, 2.552446778219284, 6.507855513755869, 8.864219500464225, 21.637398382299647, 18.254008971018894, 13.919223098893047, 20.29891600891257, 0.3267191645100874, 0.0, 0.0, 0.0, 0.0, 0.0, 0.0, 0.0, 0.0, 0.0, 0.0, 0.0, 0.0, 0.0, 0.0, 0.0, 21.026893122921393, 19.477460904713706, 18.2596028968951, 10.964139656880175, 14.27638029513659, 6.929379802116329, 11.608002436264004, 9.881330117628288, 19.060069253744693, 21.357311241146054, 24.4528157803691, 14.779418092071808, 3.9612419958221103, 11.544691934840491, 3.9612419958221103, 18.2596028968951, 14.27638029513659, 24.4528157803691, 10.964139656880175, 6.929379802116329, 22.935594069820837, 8.057061400163278, 9.460419629489131, 6.454188831767772, 19.356455707151156, 21.067628621927142, 7.64992203241985, 2.552446778219284, 6.507855513755869, 8.864219500464225, 21.637398382299647, 18.254008971018894, 13.919223098893047, 20.29891600891257, 0.3267191645100874, 0.0, 0.0, 0.0, 0.0, 0.0, 0.0, 0.0, 0.0, 0.0, 0.0, 0.0, 0.0, 0.0, 0.0, 0.0], [22.935594069820837, 8.057061400163278, 9.460419629489131, 6.454188831767772, 19.356455707151156, 21.067628621927142, 7.64992203241985, 2.552446778219284, 6.507855513755869, 8.864219500464225, 21.637398382299647, 18.254008971018894, 13.919223098893047, 20.29891600891257, 0.3267191645100874, 0.0, 0.0, 0.0, 0.0, 0.0, 0.0, 0.0, 0.0, 0.0, 0.0, 0.0, 0.0, 0.0, 0.0, 0.0, 21.026893122921393, 19.477460904713706, 18.2596028968951, 10.964139656880175, 14.27638029513659, 6.929379802116329, 11.608002436264004, 9.881330117628288, 19.060069253744693, 21.357311241146054, 24.4528157803691, 14.779418092071808, 3.9612419958221103, 11.544691934840491, 3.9612419958221103, 18.2596028968951, 14.27638029513659, 24.4528157803691, 10.964139656880175, 6.929379802116329, 22.935594069820837, 8.057061400163278, 9.460419629489131, 6.454188831767772, 19.356455707151156, 21.067628621927142, 7.64992203241985, 2.552446778219284, 6.507855513755869, 8.864219500464225, 21.637398382299647, 18.254008971018894, 13.919223098893047, 20.29891600891257, 0.3267191645100874, 0.0, 0.0, 0.0, 0.0, 0.0, 0.0, 0.0, 0.0, 0.0, 0.0, 0.0, 0.0, 0.0, 0.0, 0.0], [22.935594069820837, 8.057061400163278, 9.460419629489131, 6.454188831767772, 19.356455707151156, 21.067628621927142, 7.64992203241985, 2.552446778219284, 6.507855513755869, 8.864219500464225, 21.637398382299647, 18.254008971018894, 13.919223098893047, 20.29891600891257, 0.3267191645100874, 0.0, 0.0, 0.0, 0.0, 0.0, 0.0, 0.0, 0.0, 0.0, 0.0, 0.0, 0.0, 0.0, 0.0, 0.0, 21.026893122921393, 19.477460904713706, 18.2596028968951, 10.964139656880175, 14.27638029513659, 6.929379802116329, 11.608002436264004, 9.881330117628288, 19.060069253744693, 21.357311241146054, 24.4528157803691, 14.779418092071808, 3.9612419958221103, 11.544691934840491, 3.9612419958221103, 18.2596028968951, 14.27638029513659, 24.4528157803691, 10.964139656880175, 6.929379802116329, 22.935594069820837, 8.057061400163278, 9.460419629489131, 6.454188831767772, 19.356455707151156, 21.067628621927142, 7.64992203241985, 2.552446778219284, 6.507855513755869, 8.864219500464225, 21.637398382299647, 18.254008971018894, 13.919223098893047, 20.29891600891257, 0.3267191645100874, 0.0, 0.0, 0.0, 0.0, 0.0, 0.0, 0.0, 0.0, 0.0, 0.0, 0.0, 0.0, 0.0, 0.0, 0.0], [22.935594069820837, 8.057061400163278, 9.460419629489131, 6.454188831767772, 19.356455707151156, 21.067628621927142, 7.64992203241985, 2.552446778219284, 6.507855513755869, 8.864219500464225, 21.637398382299647, 18.254008971018894, 13.919223098893047, 20.29891600891257, 0.3267191645100874, 0.0, 0.0, 0.0, 0.0, 0.0, 0.0, 0.0, 0.0, 0.0, 0.0, 0.0, 0.0, 0.0, 0.0, 0.0, 21.0268