M = 99999999.0;
numWorkers = 30;
numRoles = 5;
numNodes = 80;
wStart = [0, 60, 90, 90, 180, 150, 30, 30, 60, 90, 390, 0, 180, 30, 0, 0, 0, 0, 0, 0, 0, 0, 0, 0, 0, 0, 0, 0, 0, 0, 90, 60, 240, 120, 150, 240, 120, 180, 90, 210, 60, 120, 90, 240, 120, 90, 90, 90, 60, 330, 420, 390, 330, 270, 450, 240, 420, 420, 450, 330, 480, 120, 270, 90, 390, 480, 480, 480, 480, 480, 480, 480, 480, 480, 480, 480, 480, 480, 480, 480];
wEnd = [0, 60, 90, 90, 180, 150, 30, 30, 60, 90, 390, 0, 180, 30, 0, 0, 0, 0, 0, 0, 0, 0, 0, 0, 0, 0, 0, 0, 0, 0, 450, 420, 420, 450, 270, 330, 450, 240, 240, 300, 360, 330, 240, 300, 300, 450, 210, 420, 420, 420, 420, 390, 330, 270, 450, 240, 420, 420, 450, 330, 480, 120, 270, 90, 390, 480, 480, 480, 480, 480, 480, 480, 480, 480, 480, 480, 480, 480, 480, 480];
p = [0, 0, 0, 0, 0, 0, 0, 0, 0, 0, 0, 0, 0, 0, 0, 0, 0, 0, 0, 0, 0, 0, 0, 0, 0, 0, 0, 0, 0, 0, 26.554616753452855, 27.86808282516918, 39.04673940984917, 59.8363133489553, 70.07668461993292, 20.765118775443877, 22.04660707388996, 72.78241892416605, 37.318788397784985, 38.990273751452406, 55.20990216192383, 26.779014254733873, 17.48815915145912, 26.78408637102251, 46.418581677031845, 62.29482516537009, 22.470361717029625, 21.15846349696399, 46.82838203843237, 51.142306107894825, 0, 0, 0, 0, 0, 0, 0, 0, 0, 0, 0, 0, 0, 0, 0, 0, 0, 0, 0, 0, 0, 0, 0, 0, 0, 0, 0, 0, 0, 0];
e = [[0, 1, 1, 0, 0], [1, 0, 1, 0, 0], [1, 0, 0, 0, 1], [1, 0, 0, 0, 0], [1, 0, 0, 0, 1], [1, 0, 1, 0, 0], [1, 0, 0, 1, 0], [0, 1, 0, 0, 0], [1, 0, 0, 0, 0], [0, 0, 1, 0, 0], [0, 1, 0, 0, 0], [1, 0, 0, 0, 0], [0, 1, 0, 0, 0], [0, 0, 0, 0, 1], [0, 1, 0, 0, 0], [0, 0, 0, 1, 0], [0, 0, 1, 0, 0], [1, 0, 0, 0, 0], [0, 1, 0, 0, 0], [0, 0, 0, 0, 1], [0, 1, 0, 0, 0], [0, 1, 0, 0, 0], [0, 0, 0, 1, 0], [0, 0, 0, 1, 0], [0, 0, 0, 0, 1], [0, 1, 0, 0, 0], [0, 0, 0, 0, 1], [0, 0, 0, 1, 0], [0, 0, 0, 1, 0], [0, 0, 1, 0, 0]];
d = [[1, 1, 3, 1, 0, 3, 1, 0, 3, 1, 0, 0, 0, 1, 1, 0, 1, 0, 0, 0], [0, 0, 2, 1, 0, 2, 1, 1, 2, 0, 0, 1, 0, 0, 1, 0, 1, 0, 0, 0], [1, 1, 0, 1, 1, 0, 1, 0, 0, 1, 1, 0, 1, 1, 1, 1, 1, 1, 1, 1], [1, 1, 0, 0, 3, 0, 0, 0, 0, 1, 3, 0, 3, 1, 0, 3, 0, 3, 3, 3], [0, 0, 0, 2, 1, 0, 2, 2, 0, 0, 1, 2, 1, 0, 2, 1, 2, 1, 1, 1]];
r = [2872, 2936, 999, 3079, 1609, 1308, 1064, 2662, 3169, 2303, 1233, 1974, 4967, 4964, 3689, 3397, 1241, 2576, 1711, 1658];
g = [[0, 0, 0, 0, 0, 0, 0, 0, 0, 0, 0, 0, 0, 0, 0, 0, 0, 0, 0, 0], [0, 0, 0, 0, 0, 0, 0, 0, 0, 0, 0, 0, 0, 0, 0, 0, 0, 0, 0, 0], [0, 0, 0, 0, 0, 0, 0, 0, 0, 0, 0, 0, 0, 0, 0, 0, 0, 0, 0, 0], [0, 0, 0, 0, 0, 0, 0, 0, 0, 0, 0, 0, 0, 0, 0, 0, 0, 0, 0, 0], [0, 0, 0, 0, 0, 0, 0, 0, 0, 0, 0, 0, 0, 0, 0, 0, 0, 0, 0, 0], [0, 0, 0, 0, 0, 0, 0, 0, 0, 0, 0, 0, 0, 0, 0, 0, 0, 0, 0, 0], [0, 0, 0, 0, 0, 0, 0, 0, 0, 0, 0, 0, 0, 0, 0, 0, 0, 0, 0, 0], [0, 0, 0, 0, 0, 0, 0, 0, 0, 0, 0, 0, 0, 0, 0, 0, 0, 0, 0, 0], [0, 0, 0, 0, 0, 0, 0, 0, 0, 0, 0, 0, 0, 0, 0, 0, 0, 0, 0, 0], [0, 0, 0, 0, 0, 0, 0, 0, 0, 0, 0, 0, 0, 0, 0, 0, 0, 0, 0, 0], [0, 0, 0, 0, 0, 0, 0, 0, 0, 0, 0, 0, 0, 0, 0, 0, 0, 0, 0, 0], [0, 0, 0, 0, 0, 0, 0, 0, 0, 0, 0, 0, 0, 0, 0, 0, 0, 0, 0, 0], [0, 0, 0, 0, 0, 0, 0, 0, 0, 0, 0, 0, 0, 0, 0, 0, 0, 0, 0, 0], [0, 0, 0, 0, 0, 0, 0, 0, 0, 0, 0, 0, 0, 0, 0, 0, 0, 0, 0, 0], [0, 0, 0, 0, 0, 0, 0, 0, 0, 0, 0, 0, 0, 0, 0, 0, 0, 0, 0, 0], [0, 0, 0, 0, 0, 0, 0, 0, 0, 0, 0, 0, 0, 0, 0, 0, 0, 0, 0, 0], [0, 0, 0, 0, 0, 0, 0, 0, 0, 0, 0, 0, 0, 0, 0, 0, 0, 0, 0, 0], [0, 0, 0, 0, 0, 0, 0, 0, 0, 0, 0, 0, 0, 0, 0, 0, 0, 0, 0, 0], [0, 0, 0, 0, 0, 0, 0, 0, 0, 0, 0, 0, 0, 0, 0, 0, 0, 0, 0, 0], [0, 0, 0, 0, 0, 0, 0, 0, 0, 0, 0, 0, 0, 0, 0, 0, 0, 0, 0, 0]];
t = [[0.0, 29.25601061346369, 20.33483027663283, 25.884762129592815, 26.999826504496973, 30.086927086309412, 16.291946948439637, 28.956624355786676, 46.53236641394298, 15.869296689908838, 39.383955014218955, 25.313515907947693, 33.85730321204583, 19.93664072391671, 34.35685517737076, 30.97479839241771, 30.97479839241771, 30.97479839241771, 30.97479839241771, 30.97479839241771, 30.97479839241771, 30.97479839241771, 30.97479839241771, 30.97479839241771, 30.97479839241771, 30.97479839241771, 30.97479839241771, 30.97479839241771, 30.97479839241771, 30.97479839241771, 22.786221198787395, 33.40769632806803, 23.17480685612284, 6.21640361175782, 17.99741590970371, 14.288524229444844, 18.134671346342664, 2.7722109222556286, 25.17403507487942, 28.72136033619792, 22.151222629363996, 30.44724250906742, 31.098890174335462, 43.12459952358609, 35.10352953252852, 37.651064924041385, 21.89874137106911, 37.88056128363576, 25.968288979108053, 10.160368670350646, 0.0, 29.25601061346369, 20.33483027663283, 25.884762129592815, 26.999826504496973, 30.086927086309412, 16.291946948439637, 28.956624355786676, 46.53236641394298, 15.869296689908838, 39.383955014218955, 25.313515907947693, 33.85730321204583, 19.93664072391671, 34.35685517737076, 30.97479839241771, 30.97479839241771, 30.97479839241771, 30.97479839241771, 30.97479839241771, 30.97479839241771, 30.97479839241771, 30.97479839241771, 30.97479839241771, 30.97479839241771, 30.97479839241771, 30.97479839241771, 30.97479839241771, 30.97479839241771, 30.97479839241771], [29.25601061346369, 0.0, 15.263233946585338, 24.632121626533245, 35.62657497586562, 13.143587621966004, 16.27445041184844, 21.916114031451862, 28.682076059670877, 37.15280063464239, 29.24494585680406, 29.161902314645047, 15.8285346688573, 32.31572677032366, 10.742198253233795, 31.110389526049687, 31.110389526049687, 31.110389526049687, 31.110389526049687, 31.110389526049687, 31.110389526049687, 31.110389526049687, 31.110389526049687, 31.110389526049687, 31.110389526049687, 31.110389526049687, 31.110389526049687, 31.110389526049687, 31.110389526049687, 31.110389526049687, 40.21753471517604, 12.018661966285807, 30.584296386891964, 34.76500823811975, 18.15733172190871, 28.522916891864245, 35.64664764119046, 26.966534988152738, 7.616709499800873, 26.761025115689637, 7.113775617076196, 16.11005654732686, 20.820479881176684, 26.401450875806532, 7.195264797403947, 18.078819916747406, 15.746746627747536, 15.615156031612429, 8.097190627354431, 39.21695107165523, 29.25601061346369, 0.0, 15.263233946585338, 24.632121626533245, 35.62657497586562, 13.143587621966004, 16.27445041184844, 21.916114031451862, 28.682076059670877, 37.15280063464239, 29.24494585680406, 29.161902314645047, 15.8285346688573, 32.31572677032366, 10.742198253233795, 31.110389526049687, 31.110389526049687, 31.110389526049687, 31.110389526049687, 31.110389526049687, 31.110389526049687, 31.110389526049687, 31.110389526049687, 31.110389526049687, 31.110389526049687, 31.110389526049687, 31.110389526049687, 31.110389526049687, 31.110389526049687, 31.110389526049687], [20.33483027663283, 15.263233946585338, 0.0, 10.77381314512473, 20.566182435561473, 24.822141301842848, 4.182287491247887, 30.336941782559347, 26.445673779820808, 33.66573660963384, 21.059600018886442, 14.42390279168476, 13.541564823536701, 32.80465830542373, 15.116544558053514, 17.690124230789063, 17.690124230789063, 17.690124230789063, 17.690124230789063, 17.690124230789063, 17.690124230789063, 17.690124230789063, 17.690124230789063, 17.690124230789063, 17.690124230789063, 17.690124230789063, 17.690124230789063, 17.690124230789063, 17.690124230789063, 17.690124230789063, 25.137458541555723, 25.687579724905873, 15.420426295579283, 26.55066548131802, 20.852588272903976, 27.22340930107063, 33.99132385853867, 17.56809463988798, 17.284060699950555, 13.586742157182849, 11.212513404844406, 10.143022413465951, 11.758679957535618, 23.112922727383562, 22.457229929553034, 17.33133209350155, 21.58518082055416, 29.98648296570895, 18.412430037177707, 28.651198781193845, 20.33483027663283, 15.263233946585338, 0.0, 10.77381314512473, 20.566182435561473, 24.822141301842848, 4.182287491247887, 30.336941782559347, 26.445673779820808, 33.66573660963384, 21.059600018886442, 14.42390279168476, 13.541564823536701, 32.80465830542373, 15.116544558053514, 17.690124230789063, 17.690124230789063, 17.690124230789063, 17.690124230789063, 17.690124230789063, 17.690124230789063, 17.690124230789063, 17.690124230789063, 17.690124230789063, 17.690124230789063, 17.690124230789063, 17.690124230789063, 17.690124230789063, 17.690124230789063, 17.690124230789063], [25.884762129592815, 24.632121626533245, 10.77381314512473, 0.0, 11.874460747611286, 35.44178588600792, 13.462454707897146, 41.08077071088845, 22.920217803041474, 41.13880095981194, 13.779326787742765, 5.158921448276698, 15.002497802643207, 41.97902175223997, 20.053171985580786, 6.916481480579592, 6.916481480579592, 6.916481480579592, 6.916481480579592, 6.916481480579592, 6.916481480579592, 6.916481480579592, 6.916481480579592, 6.916481480579592, 6.916481480579592, 6.916481480579592, 6.916481480579592, 6.916481480579592, 6.916481480579592, 6.916481480579592, 19.935471786209767, 35.951897458361884, 7.98638969508835, 31.72289169120428, 31.216132956000443, 36.105083299384056, 42.29327068126685, 23.296703325260403, 27.905573892609322, 3.0463164376153533, 21.853967723105683, 11.38232047693288, 8.053999690828633, 19.52355226590654, 31.58099560909744, 17.805376342372117, 32.281747017425985, 40.04337302848586, 29.019423749765146, 31.44322886575772, 25.884762129592815, 24.632121626533245, 10.77381314512473, 0.0, 11.874460747611286, 35.44178588600792, 13.462454707897146, 41.08077071088845, 22.920217803041474, 41.13880095981194, 13.779326787742765, 5.158921448276698, 15.002497802643207, 41.97902175223997, 20.053171985580786, 6.916481480579592, 6.916481480579592, 6.916481480579592, 6.916481480579592, 6.916481480579592, 6.916481480579592, 6.916481480579592, 6.916481480579592, 6.916481480579592, 6.916481480579592, 6.916481480579592, 6.916481480579592, 6.916481480579592, 6.916481480579592, 6.916481480579592], [26.999826504496973, 35.62657497586562, 20.566182435561473, 11.874460747611286, 0.0, 45.03048821838771, 21.401432907069406, 49.11506227292703, 32.19441291262816, 42.82231717837704, 21.292392579725703, 6.742424419045676, 26.750347812712405, 46.10520641315714, 31.92441213884059, 9.136357213573982, 9.136357213573982, 9.136357213573982, 9.136357213573982, 9.136357213573982, 9.136357213573982, 9.136357213573982, 9.136357213573982, 9.136357213573982, 9.136357213573982, 9.136357213573982, 9.136357213573982, 9.136357213573982, 9.136357213573982, 9.136357213573982, 10.35997209137627, 46.20958610828242, 5.23579001486115, 31.48789660844346, 38.18524758148345, 40.12605737377106, 45.056271065572865, 25.142562517321394, 37.57833569609259, 11.474511177026278, 31.577722562614593, 23.23619328133835, 19.429840217429838, 29.110164549986084, 42.757735865654894, 29.239412087625567, 40.25864844682, 50.547726915021556, 38.71421018339073, 28.57087249001995, 26.999826504496973, 35.62657497586562, 20.566182435561473, 11.874460747611286, 0.0, 45.03048821838771, 21.401432907069406, 49.11506227292703, 32.19441291262816, 42.82231717837704, 21.292392579725703, 6.742424419045676, 26.750347812712405, 46.10520641315714, 31.92441213884059, 9.136357213573982, 9.136357213573982, 9.136357213573982, 9.136357213573982, 9.136357213573982, 9.136357213573982, 9.136357213573982, 9.136357213573982, 9.136357213573982, 9.136357213573982, 9.136357213573982, 9.136357213573982, 9.136357213573982, 9.136357213573982, 9.136357213573982], [30.086927086309412, 13.143587621966004, 24.822141301842848, 35.44178588600792, 45.03048821838771, 0.0, 23.69645076001096, 9.64971009869661, 41.74597390851008, 31.880625267145007, 42.0945071407432, 39.20845043827225, 28.92200849133397, 24.490531659885256, 23.792314011824146, 42.292827693789135, 42.292827693789135, 42.292827693789135, 42.292827693789135, 42.292827693789135, 42.292827693789135, 42.292827693789135, 42.292827693789135, 42.292827693789135, 42.292827693789135, 42.292827693789135, 42.292827693789135, 42.292827693789135, 42.292827693789135, 42.292827693789135, 47.229820904664535, 4.2375357619179805, 39.79618604297231, 33.968989800956976, 12.834429180262502, 22.943218208064525, 29.065688102070155, 28.727397597862737, 7.541934043519973, 38.01624974156621, 13.612546434465314, 28.779549447797194, 33.22615767236044, 39.53846559282436, 11.358966840517025, 31.207468197049444, 8.672711790327115, 7.990711862907577, 6.422543395807569, 40.071035588306, 30.086927086309412, 13.143587621966004, 24.822141301842848, 35.44178588600792, 45.03048821838771, 0.0, 23.69645076001096, 9.64971009869661, 41.74597390851008, 31.880625267145007, 42.0945071407432, 39.20845043827225, 28.92200849133397, 24.490531659885256, 23.792314011824146, 42.292827693789135, 42.292827693789135, 42.292827693789135, 42.292827693789135, 42.292827693789135, 42.292827693789135, 42.292827693789135, 42.292827693789135, 42.292827693789135, 42.292827693789135, 42.292827693789135, 42.292827693789135, 42.292827693789135, 42.292827693789135, 42.292827693789135], [16.291946948439637, 16.27445041184844, 4.182287491247887, 13.462454707897146, 21.401432907069406, 23.69645076001096, 0.0, 28.02523010245592, 30.62698518366354, 29.507023759391586, 24.97193864913548, 16.031567997141476, 17.58087159523355, 28.963427042669416, 18.433693751198213, 20.22738211419789, 20.22738211419789, 20.22738211419789, 20.22738211419789, 20.22738211419789, 20.22738211419789, 20.22738211419789, 20.22738211419789, 20.22738211419789, 20.22738211419789, 20.22738211419789, 20.22738211419789, 20.22738211419789, 20.22738211419789, 20.22738211419789, 24.19372269089176, 25.233241604825125, 16.169917964766775, 22.495935796037053, 17.774416373829755, 23.271625253825732, 29.930810756211066, 13.542657487088533, 16.358520899963963, 16.469324321158055, 10.589151926642892, 14.297939553936251, 15.813961446103914, 27.294889460318924, 23.331680105813213, 21.374465450799764, 19.145158930477344, 29.731903921013632, 17.48633181456849, 25.001996400824524, 16.291946948439637, 16.27445041184844, 4.182287491247887, 13.462454707897146, 21.401432907069406, 23.69645076001096, 0.0, 28.02523010245592, 30.62698518366354, 29.507023759391586, 24.97193864913548, 16.031567997141476, 17.58087159523355, 28.963427042669416, 18.433693751198213, 20.22738211419789, 20.22738211419789, 20.22738211419789, 20.22738211419789, 20.22738211419789, 20.22738211419789, 20.22738211419789, 20.22738211419789, 20.22738211419789, 20.22738211419789, 20.22738211419789, 20.22738211419789, 20.22738211419789, 20.22738211419789, 20.22738211419789], [28.956624355786676, 21.916114031451862, 30.336941782559347, 41.08077071088845, 49.11506227292703, 9.64971009869661, 28.02523010245592, 0.0, 50.53050531540953, 25.90053913921463, 49.65101104508447, 44.05660357841057, 37.165308303290395, 17.185996192045334, 32.645547814375156, 47.98826306785654, 47.98826306785654, 47.98826306785654, 47.98826306785654, 47.98826306785654, 47.98826306785654, 47.98826306785654, 47.98826306785654, 47.98826306785654, 47.98826306785654, 47.98826306785654, 47.98826306785654, 47.98826306785654, 47.98826306785654, 47.98826306785654, 49.34263270063764, 13.398701215522594, 43.95760642816884, 31.19566621623892, 11.41936742460292, 17.7841617280205, 22.318609528794504, 28.460996352552673, 14.751015218104811, 43.923230569052016, 19.935973256684896, 36.369069364999255, 40.38811537916389, 48.08135341114869, 21.008089445161147, 39.84377070883881, 8.884506523839185, 15.32343015670348, 13.96258166026637, 38.024806000831724, 28.956624355786676, 21.916114031451862, 30.336941782559347, 41.08077071088845, 49.11506227292703, 9.64971009869661, 28.02523010245592, 0.0, 50.53050531540953, 25.90053913921463, 49.65101104508447, 44.05660357841057, 37.165308303290395, 17.185996192045334, 32.645547814375156, 47.98826306785654, 47.98826306785654, 47.98826306785654, 47.98826306785654, 47.98826306785654, 47.98826306785654, 47.98826306785654, 47.98826306785654, 47.98826306785654, 47.98826306785654, 47.98826306785654, 47.98826306785654, 47.98826306785654, 47.98826306785654, 47.98826306785654], [46.53236641394298, 28.682076059670877, 26.445673779820808, 22.920217803041474, 32.19441291262816, 41.74597390851008, 30.62698518366354, 50.53050531540953, 0.0, 60.0, 11.178651287286602, 26.93699734946117, 13.917777709408908, 58.06023686162938, 17.957167680384035, 23.089682943010185, 23.089682943010185, 23.089682943010185, 23.089682943010185, 23.089682943010185, 23.089682943010185, 23.089682943010185, 23.089682943010185, 23.089682943010185, 23.089682943010185, 23.089682943010185, 23.089682943010185, 23.089682943010185, 23.089682943010185, 23.089682943010185, 42.01885442527964, 39.812464658594635, 30.282065121543845, 52.72019866476372, 44.50202169019622, 52.93739414654903, 59.97301295858727, 43.76530892457028, 35.85398468096771, 21.450233165997084, 31.758007155602076, 16.40679346490951, 15.667455546147618, 3.4541069051427393, 32.151885184820074, 10.723543386568377, 43.403799879766666, 42.055730476227744, 36.57529644044248, 53.708562084262795, 46.53236641394298, 28.682076059670877, 26.445673779820808, 22.920217803041474, 32.19441291262816, 41.74597390851008, 30.62698518366354, 50.53050531540953, 0.0, 60.0, 11.178651287286602, 26.93699734946117, 13.917777709408908, 58.06023686162938, 17.957167680384035, 23.089682943010185, 23.089682943010185, 23.089682943010185, 23.089682943010185, 23.089682943010185, 23.089682943010185, 23.089682943010185, 23.089682943010185, 23.089682943010185, 23.089682943010185, 23.089682943010185, 23.089682943010185, 23.089682943010185, 23.089682943010185, 23.089682943010185], [15.869296689908838, 37.15280063464239, 33.66573660963384, 41.13880095981194, 42.82231717837704, 31.880625267145007, 29.507023759391586, 25.90053913921463, 60.0, 0.0, 54.16113270754794, 41.06785443613931, 46.44218925671539, 9.354625985769408, 45.22679964025137, 46.657577843923114, 46.657577843923114, 46.657577843923114, 46.657577843923114, 46.657577843923114, 46.657577843923114, 46.657577843923114, 46.657577843923114, 46.657577843923114, 46.657577843923114, 46.657577843923114, 46.657577843923114, 46.657577843923114, 46.657577843923114, 46.657577843923114, 37.58037591743811, 36.044931234676106, 39.03402457928657, 12.054656127194656, 19.71960197419429, 9.000441098879099, 4.3148681548143095, 18.076379170341276, 30.558543768579643, 44.08974216044504, 30.650272734752242, 43.59321566949971, 45.27070544893105, 56.72803060012789, 40.85725920799601, 50.14221695690012, 23.520144423626537, 39.64835872613775, 30.819054453825572, 18.254743315672048, 15.869296689908838, 37.15280063464239, 33.66573660963384, 41.13880095981194, 42.82231717837704, 31.880625267145007, 29.507023759391586, 25.90053913921463, 60.0, 0.0, 54.16113270754794, 41.06785443613931, 46.44218925671539, 9.354625985769408, 45.22679964025137, 46.657577843923114, 46.657577843923114, 46.657577843923114, 46.657577843923114, 46.657577843923114, 46.657577843923114, 46.657577843923114, 46.657577843923114, 46.657577843923114, 46.657577843923114, 46.657577843923114, 46.657577843923114, 46.657577843923114, 46.657577843923114, 46.657577843923114], [39.383955014218955, 29.24494585680406, 21.059600018886442, 13.779326787742765, 21.292392579725703, 42.0945071407432, 24.97193864913548, 49.65101104508447, 11.178651287286602, 54.16113270754794, 0.0, 16.72332406653046, 13.73470232077006, 53.862962259006586, 20.007114170512516, 12.160633597729191, 12.160633597729191, 12.160633597729191, 12.160633597729191, 12.160633597729191, 12.160633597729191, 12.160633597729191, 12.160633597729191, 12.160633597729191, 12.160633597729191, 12.160633597729191, 12.160633597729191, 12.160633597729191, 12.160633597729191, 12.160633597729191, 31.387138462221117, 41.2417747561203, 20.07452705483578, 45.354784794328936, 41.507585706141235, 48.23761445295062, 54.86719084159381, 36.71201877957158, 35.09982565135534, 11.489565270613332, 29.75059261068053, 13.340515007117116, 9.453367988630472, 8.612112233158653, 34.702456184759086, 13.324941592903745, 41.46354484460878, 44.456360593028066, 36.05581677368528, 45.21085704203716, 39.383955014218955, 29.24494585680406, 21.059600018886442, 13.779326787742765, 21.292392579725703, 42.0945071407432, 24.97193864913548, 49.65101104508447, 11.178651287286602, 54.16113270754794, 0.0, 16.72332406653046, 13.73470232077006, 53.862962259006586, 20.007114170512516, 12.160633597729191, 12.160633597729191, 12.160633597729191, 12.160633597729191, 12.160633597729191, 12.160633597729191, 12.160633597729191, 12.160633597729191, 12.160633597729191, 12.160633597729191, 12.160633597729191, 12.160633597729191, 12.160633597729191, 12.160633597729191, 12.160633597729191], [25.313515907947693, 29.161902314645047, 14.42390279168476, 5.158921448276698, 6.742424419045676, 39.20845043827225, 16.031567997141476, 44.05660357841057, 26.93699734946117, 41.06785443613931, 16.72332406653046, 0.0, 20.134403970535306, 43.04401436110591, 25.188939113900858, 5.745796955861565, 5.745796955861565, 5.745796955861565, 5.745796955861565, 5.745796955861565, 5.745796955861565, 5.745796955861565, 5.745796955861565, 5.745796955861565, 5.745796955861565, 5.745796955861565, 5.745796955861565, 5.745796955861565, 5.745796955861565, 5.745796955861565, 15.191057837565939, 40.08641961427853, 3.3649567241197422, 30.673293452902158, 33.57915649868263, 37.06507774431036, 42.7253699297264, 22.991825197583985, 31.683335363457786, 5.491996131478262, 25.61919323323742, 16.541147135068364, 12.986557924585703, 23.657766900844653, 36.23511550378643, 22.813199430432725, 35.175266770218, 44.3240643179963, 32.81548059147806, 29.273317670824245, 25.313515907947693, 29.161902314645047, 14.42390279168476, 5.158921448276698, 6.742424419045676, 39.20845043827225, 16.031567997141476, 44.05660357841057, 26.93699734946117, 41.06785443613931, 16.72332406653046, 0.0, 20.134403970535306, 43.04401436110591, 25.188939113900858, 5.745796955861565, 5.745796955861565, 5.745796955861565, 5.745796955861565, 5.745796955861565, 5.745796955861565, 5.745796955861565, 5.745796955861565, 5.745796955861565, 5.745796955861565, 5.745796955861565, 5.745796955861565, 5.745796955861565, 5.745796955861565, 5.745796955861565], [33.85730321204583, 15.8285346688573, 13.541564823536701, 15.002497802643207, 26.750347812712405, 28.92200849133397, 17.58087159523355, 37.165308303290395, 13.917777709408908, 46.44218925671539, 13.73470232077006, 20.134403970535306, 0.0, 44.160854305447145, 6.376966117498983, 19.30199644665474, 19.30199644665474, 19.30199644665474, 19.30199644665474, 19.30199644665474, 19.30199644665474, 19.30199644665474, 19.30199644665474, 19.30199644665474, 19.30199644665474, 19.30199644665474, 19.30199644665474, 19.30199644665474, 19.30199644665474, 19.30199644665474, 34.710548647418804, 27.69906871154043, 22.91667850663942, 40.06888585630735, 30.59771197731829, 39.11573748555752, 46.20349064569461, 31.09620213278658, 22.414597663214774, 15.500596130033479, 17.907237302820878, 3.9014219322591055, 7.516130728561869, 11.047563601370825, 20.96898915526373, 3.794027115915152, 29.653182474657804, 30.757246637882808, 23.24563109311559, 42.053881905495246, 33.85730321204583, 15.8285346688573, 13.541564823536701, 15.002497802643207, 26.750347812712405, 28.92200849133397, 17.58087159523355, 37.165308303290395, 13.917777709408908, 46.44218925671539, 13.73470232077006, 20.134403970535306, 0.0, 44.160854305447145, 6.376966117498983, 19.30199644665474, 19.30199644665474, 19.30199644665474, 19.30199644665474, 19.30199644665474, 19.30199644665474, 19.30199644665474, 19.30199644665474, 19.30199644665474, 19.30199644665474, 19.30199644665474, 19.30199644665474, 19.30199644665474, 19.30199644665474, 19.30199644665474], [19.93664072391671, 32.31572677032366, 32.80465830542373, 41.97902175223997, 46.10520641315714, 24.490531659885256, 28.963427042669416, 17.185996192045334, 58.06023686162938, 9.354625985769408, 53.862962259006586, 43.04401436110591, 44.160854305447145, 0.0, 41.72100020563894, 48.243524922782505, 48.243524922782505, 48.243524922782505, 48.243524922782505, 48.243524922782505, 48.243524922782505, 48.243524922782505, 48.243524922782505, 48.243524922782505, 48.243524922782505, 48.243524922782505, 48.243524922782505, 48.243524922782505, 48.243524922782505, 48.243524922782505, 42.72282696540459, 28.727965291412154, 41.64637687033022, 18.746741215828585, 14.173927385871858, 5.994805525442429, 5.270946849480331, 21.15047418608405, 24.97996949553117, 45.02357307731822, 26.78911692831306, 41.92428134726046, 44.5256866709349, 55.006295808848165, 34.65887128669405, 47.63195265421842, 17.026924472577203, 31.82064165470087, 24.938447322354204, 25.735925852445153, 19.93664072391671, 32.31572677032366, 32.80465830542373, 41.97902175223997, 46.10520641315714, 24.490531659885256, 28.963427042669416, 17.185996192045334, 58.06023686162938, 9.354625985769408, 53.862962259006586, 43.04401436110591, 44.160854305447145, 0.0, 41.72100020563894, 48.243524922782505, 48.243524922782505, 48.243524922782505, 48.243524922782505, 48.243524922782505, 48.243524922782505, 48.243524922782505, 48.243524922782505, 48.243524922782505, 48.243524922782505, 48.243524922782505, 48.243524922782505, 48.243524922782505, 48.243524922782505, 48.243524922782505], [34.35685517737076, 10.742198253233795, 15.116544558053514, 20.053171985580786, 31.92441213884059, 23.792314011824146, 18.433693751198213, 32.645547814375156, 17.957167680384035, 45.22679964025137, 20.007114170512516, 25.188939113900858, 6.376966117498983, 41.72100020563894, 0.0, 25.181034766274436, 25.181034766274436, 25.181034766274436, 25.181034766274436, 25.181034766274436, 25.181034766274436, 25.181034766274436, 25.181034766274436, 25.181034766274436, 25.181034766274436, 25.181034766274436, 25.181034766274436, 25.181034766274436, 25.181034766274436, 25.181034766274436, 38.955710703503584, 22.04313259746823, 27.60413486183293, 40.43498083747267, 27.668151257448265, 37.20958364020205, 44.405784241461596, 31.695709292977085, 18.10080209408713, 21.125990582315612, 14.936342569233716, 8.838800929441472, 13.469776750559433, 15.833446868882149, 14.844986904199324, 7.510136239351517, 25.966230604077428, 24.750870199045437, 18.73805060840634, 43.43013530573054, 34.35685517737076, 10.742198253233795, 15.116544558053514, 20.053171985580786, 31.92441213884059, 23.792314011824146, 18.433693751198213, 32.645547814375156, 17.957167680384035, 45.22679964025137, 20.007114170512516, 25.188939113900858, 6.376966117498983, 41.72100020563894, 0.0, 25.181034766274436, 25.181034766274436, 25.181034766274436, 25.181034766274436, 25.181034766274436, 25.181034766274436, 25.181034766274436, 25.181034766274436, 25.181034766274436, 25.181034766274436, 25.181034766274436, 25.181034766274436, 25.181034766274436, 25.181034766274436, 25.181034766274436], [30.97479839241771, 31.110389526049687, 17.690124230789063, 6.916481480579592, 9.136357213573982, 42.292827693789135, 20.22738211419789, 47.98826306785654, 23.089682943010185, 46.657577843923114, 12.160633597729191, 5.745796955861565, 19.30199644665474, 48.243524922782505, 25.181034766274436, 0.0, 0.0, 0.0, 0.0, 0.0, 0.0, 0.0, 0.0, 0.0, 0.0, 0.0, 0.0, 0.0, 0.0, 0.0, 19.278037622812548, 42.6602146729066, 8.681392237385904, 36.40472138809844, 38.00091045881966, 42.29889830724634, 48.1727899267584, 28.59096549945315, 34.76690537513049, 4.350038607871835, 28.732011077062378, 16.3670994152708, 11.79527870295364, 20.071342679241475, 37.87424771497856, 21.165937690036387, 39.17574009916534, 46.651798694093785, 35.873996783604554, 34.961258995894234, 30.97479839241771, 31.110389526049687, 17.690124230789063, 6.916481480579592, 9.136357213573982, 42.292827693789135, 20.22738211419789, 47.98826306785654, 23.089682943010185, 46.657577843923114, 12.160633597729191, 5.745796955861565, 19.30199644665474, 48.243524922782505, 25.181034766274436, 0.0, 0.0, 0.0, 0.0, 0.0, 0.0, 0.0, 0.0, 0.0, 0.0, 0.0, 0.0, 0.0, 0.0, 0.0], [30.97479839241771, 31.110389526049687, 17.690124230789063, 6.916481480579592, 9.136357213573982, 42.292827693789135, 20.22738211419789, 47.98826306785654, 23.089682943010185, 46.657577843923114, 12.160633597729191, 5.745796955861565, 19.30199644665474, 48.243524922782505, 25.181034766274436, 0.0, 0.0, 0.0, 0.0, 0.0, 0.0, 0.0, 0.0, 0.0, 0.0, 0.0, 0.0, 0.0, 0.0, 0.0, 19.278037622812548, 42.6602146729066, 8.681392237385904, 36.40472138809844, 38.00091045881966, 42.29889830724634, 48.1727899267584, 28.59096549945315, 34.76690537513049, 4.350038607871835, 28.732011077062378, 16.3670994152708, 11.79527870295364, 20.071342679241475, 37.87424771497856, 21.165937690036387, 39.17574009916534, 46.651798694093785, 35.873996783604554, 34.961258995894234, 30.97479839241771, 31.110389526049687, 17.690124230789063, 6.916481480579592, 9.136357213573982, 42.292827693789135, 20.22738211419789, 47.98826306785654, 23.089682943010185, 46.657577843923114, 12.160633597729191, 5.745796955861565, 19.30199644665474, 48.243524922782505, 25.181034766274436, 0.0, 0.0, 0.0, 0.0, 0.0, 0.0, 0.0, 0.0, 0.0, 0.0, 0.0, 0.0, 0.0, 0.0, 0.0], [30.97479839241771, 31.110389526049687, 17.690124230789063, 6.916481480579592, 9.136357213573982, 42.292827693789135, 20.22738211419789, 47.98826306785654, 23.089682943010185, 46.657577843923114, 12.160633597729191, 5.745796955861565, 19.30199644665474, 48.243524922782505, 25.181034766274436, 0.0, 0.0, 0.0, 0.0, 0.0, 0.0, 0.0, 0.0, 0.0, 0.0, 0.0, 0.0, 0.0, 0.0, 0.0, 19.278037622812548, 42.6602146729066, 8.681392237385904, 36.40472138809844, 38.00091045881966, 42.29889830724634, 48.1727899267584, 28.59096549945315, 34.76690537513049, 4.350038607871835, 28.732011077062378, 16.3670994152708, 11.79527870295364, 20.071342679241475, 37.87424771497856, 21.165937690036387, 39.17574009916534, 46.651798694093785, 35.873996783604554, 34.961258995894234, 30.97479839241771, 31.110389526049687, 17.690124230789063, 6.916481480579592, 9.136357213573982, 42.292827693789135, 20.22738211419789, 47.98826306785654, 23.089682943010185, 46.657577843923114, 12.160633597729191, 5.745796955861565, 19.30199644665474, 48.243524922782505, 25.181034766274436, 0.0, 0.0, 0.0, 0.0, 0.0, 0.0, 0.0, 0.0, 0.0, 0.0, 0.0, 0.0, 0.0, 0.0, 0.0], [30.97479839241771, 31.110389526049687, 17.690124230789063, 6.916481480579592, 9.136357213573982, 42.292827693789135, 20.22738211419789, 47.98826306785654, 23.089682943010185, 46.657577843923114, 12.160633597729191, 5.745796955861565, 19.30199644665474, 48.243524922782505, 25.181034766274436, 0.0, 0.0, 0.0, 0.0, 0.0, 0.0, 0.0, 0.0, 0.0, 0.0, 0.0, 0.0, 0.0, 0.0, 0.0, 19.278037622812548, 42.6602146729066, 8.681392237385904, 36.40472138809844, 38.00091045881966, 42.29889830724634, 48.1727899267584, 28.59096549945315, 34.76690537513049, 4.350038607871835, 28.732011077062378, 16.3670994152708, 11.79527870295364, 20.071342679241475, 37.87424771497856, 21.165937690036387, 39.17574009916534, 46.651798694093785, 35.873996783604554, 34.961258995894234, 30.97479839241771, 31.110389526049687, 17.690124230789063, 6.916481480579592, 9.136357213573982, 42.292827693789135, 20.22738211419789, 47.98826306785654, 23.089682943010185, 46.657577843923114, 12.160633597729191, 5.745796955861565, 19.30199644665474, 48.243524922782505, 25.181034766274436, 0.0, 0.0, 0.0, 0.0, 0.0, 0.0, 0.0, 0.0, 0.0, 0.0, 0.0, 0.0, 0.0, 0.0, 0.0], [30.97479839241771, 31.110389526049687, 17.690124230789063, 6.916481480579592, 9.136357213573982, 42.292827693789135, 20.22738211419789, 47.98826306785654, 23.089682943010185, 46.657577843923114, 12.160633597729191, 5.745796955861565, 19.30199644665474, 48.243524922782505, 25.181034766274436, 0.0, 0.0, 0.0, 0.0, 0.0, 0.0, 0.0, 0.0, 0.0, 0.0, 0.0, 0.0, 0.0, 0.0, 0.0, 19.278037622812548, 42.6602146729066, 8.681392237385904, 36.40472138809844, 38.00091045881966, 42.29889830724634, 48.1727899267584, 28.59096549945315, 34.76690537513049, 4.350038607871835, 28.732011077062378, 16.3670994152708, 11.79527870295364, 20.071342679241475, 37.87424771497856, 21.165937690036387, 39.17574009916534, 46.651798694093785, 35.873996783604554, 34.961258995894234, 30.97479839241771, 31.110389526049687, 17.690124230789063, 6.916481480579592, 9.136357213573982, 42.292827693789135, 20.22738211419789, 47.98826306785654, 23.089682943010185, 46.657577843923114, 12.160633597729191, 5.745796955861565, 19.30199644665474, 48.243524922782505, 25.181034766274436, 0.0, 0.0, 0.0, 0.0, 0.0, 0.0, 0.0, 0.0, 0.0, 0.0, 0.0, 0.0, 0.0, 0.0, 0.0], [30.97479839241771, 31.110389526049687, 17.690124230789063, 6.916481480579592, 9.136357213573982, 42.292827693789135, 20.22738211419789, 47.98826306785654, 23.089682943010185, 46.657577843923114, 12.160633597729191, 5.745796955861565, 19.30199644665474, 48.243524922782505, 25.181034766274436, 0.0, 0.0, 0.0, 0.0, 0.0, 0.0, 0.0, 0.0, 0.0, 0.0, 0.0, 0.0, 0.0, 0.0, 0.0, 19.278037622812548, 42.6602146729066, 8.681392237385904, 36.40472138809844, 38.00091045881966, 42.29889830724634, 48.1727899267584, 28.59096549945315, 34.76690537513049, 4.350038607871835, 28.732011077062378, 16.3670994152708, 11.79527870295364, 20.071342679241475, 37.87424771497856, 21.165937690036387, 39.17574009916534, 46.651798694093785, 35.873996783604554, 34.961258995894234, 30.97479839241771, 31.110389526049687, 17.690124230789063, 6.916481480579592, 9.136357213573982, 42.292827693789135, 20.22738211419789, 47.98826306785654, 23.089682943010185, 46.657577843923114, 12.160633597729191, 5.745796955861565, 19.30199644665474, 48.243524922782505, 25.181034766274436, 0.0, 0.0, 0.0, 0.0, 0.0, 0.0, 0.0, 0.0, 0.0, 0.0, 0.0, 0.0, 0.0, 0.0, 0.0], [30.97479839241771, 31.110389526049687, 17.690124230789063, 6.916481480579592, 9.136357213573982, 42.292827693789135, 20.22738211419789, 47.98826306785654, 23.089682943010185, 46.657577843923114, 12.160633597729191, 5.745796955861565, 19.30199644665474, 48.243524922782505, 25.181034766274436, 0.0, 0.0, 0.0, 0.0, 0.0, 0.0, 0.0, 0.0, 0.0, 0.0, 0.0, 0.0, 0.0, 0.0, 0.0, 19.278037622812548, 42.6602146729066, 8.681392237385904, 36.40472138809844, 38.00091045881966, 42.29889830724634, 48.1727899267584, 28.59096549945315, 34.76690537513049, 4.350038607871835, 28.732011077062378, 16.3670994152708, 11.79527870295364, 20.071342679241475, 37.87424771497856, 21.165937690036387, 39.17574009916534, 46.651798694093785, 35.873996783604554, 34.961258995894234, 30.97479839241771, 31.110389526049687, 17.690124230789063, 6.916481480579592, 9.136357213573982, 42.292827693789135, 20.22738211419789, 47.98826306785654, 23.089682943010185, 46.657577843923114, 12.160633597729191, 5.745796955861565, 19.30199644665474, 48.243524922782505, 25.181034766274436, 0.0, 0.0, 0.0, 0.0, 0.0, 0.0, 0.0, 0.0, 0.0, 0.0, 0.0, 0.0, 0.0, 0.0, 0.0], [30.97479839241771, 31.110389526049687, 17.690124230789063, 6.916481480579592, 9.136357213573982, 42.292827693789135, 20.22738211419789, 47.98826306785654, 23.089682943010185, 46.657577843923114, 12.160633597729191, 5.745796955861565, 19.30199644665474, 48.243524922782505, 25.181034766274436, 0.0, 0.0, 0.0, 0.0, 0.0, 0.0, 0.0, 0.0, 0.0, 0.0, 0.0, 0.0, 0.0, 0.0, 0.0, 19.278037622812548, 42.6602146729066, 8.681392237385904, 36.40472138809844, 38.00091045881966, 42.29889830724634, 48.1727899267584, 28.59096549945315, 34.76690537513049, 4.350038607871835, 28.732011077062378, 16.3670994152708, 11.79527870295364, 20.071342679241475, 37.87424771497856, 21.165937690036387, 39.17574009916534, 46.651798694093785, 35.873996783604554, 34.961258995894234, 30.97479839241771, 31.110389526049687, 17.690124230789063, 6.916481480579592, 9.136357213573982, 42.292827693789135, 20.22738211419789, 47.98826306785654, 23.089682943010185, 46.657577843923114, 12.160633597729191, 5.745796955861565, 19.30199644665474, 48.243524922782505, 25.181034766274436, 0.0, 0.0, 0.0, 0.0, 0.0, 0.0, 0.0, 0.0, 0.0, 0.0, 0.0, 0.0, 0.0, 0.0, 0.0], [30.97479839241771, 31.110389526049687, 17.690124230789063, 6.916481480579592, 9.136357213573982, 42.292827693789135, 20.22738211419789, 47.98826306785654, 23.089682943010185, 46.657577843923114, 12.160633597729191, 5.745796955861565, 19.30199644665474, 48.243524922782505, 25.181034766274436, 0.0, 0.0, 0.0, 0.0, 0.0, 0.0, 0.0, 0.0, 0.0, 0.0, 0.0, 0.0, 0.0, 0.0, 0.0, 19.278037622812548, 42.6602146729066, 8.681392237385904, 36.40472138809844, 38.00091045881966, 42.29889830724634, 48.1727899267584, 28.59096549945315, 34.76690537513049, 4.350038607871835, 28.732011077062378, 16.3670994152708, 11.79527870295364, 20.071342679241475, 37.87424771497856, 21.165937690036387, 39.17574009916534, 46.651798694093785, 35.873996783604554, 34.961258995894234, 30.97479839241771, 31.110389526049687, 17.690124230789063, 6.916481480579592, 9.136357213573982, 42.292827693789135, 20.22738211419789, 47.98826306785654, 23.089682943010185, 46.657577843923114, 12.160633597729191, 5.745796955861565, 19.30199644665474, 48.243524922782505, 25.181034766274436, 0.0, 0.0, 0.0, 0.0, 0.0, 0.0, 0.0, 0.0, 0.0, 0.0, 0.0, 0.0, 0.0, 0.0, 0.0], [30.97479839241771, 31.110389526049687, 17.690124230789063, 6.916481480579592, 9.136357213573982, 42.292827693789135, 20.22738211419789, 47.98826306785654, 23.089682943010185, 46.657577843923114, 12.160633597729191, 5.745796955861565, 19.30199644665474, 48.243524922782505, 25.181034766274436, 0.0, 0.0, 0.0, 0.0, 0.0, 0.0, 0.0, 0.0, 0.0, 0.0, 0.0, 0.0, 0.0, 0.0, 0.0, 19.278037622812548, 42.6602146729066, 8.681392237385904, 36.40472138809844, 38.00091045881966, 42.29889830724634, 48.1727899267584, 28.59096549945315, 34.76690537513049, 4.350038607871835, 28.732011077062378, 16.3670994152708, 11.79527870295364, 20.071342679241475, 37.87424771497856, 21.165937690036387, 39.17574009916534, 46.651798694093785, 35.873996783604554, 34.961258995894234, 30.97479839241771, 31.110389526049687, 17.690124230789063, 6.916481480579592, 9.136357213573982, 42.292827693789135, 20.22738211419789, 47.98826306785654, 23.089682943010185, 46.657577843923114, 12.160633597729191, 5.745796955861565, 19.30199644665474, 48.243524922782505, 25.181034766274436, 0.0, 0.0, 0.0, 0.0, 0.0, 0.0, 0.0, 0.0, 0.0, 0.0, 0.0, 0.0, 0.0, 0.0, 0.0], [30.97479839241771, 31.110389526049687, 17.690124230789063, 6.916481480579592, 9.136357213573982, 42.292827693789135, 20.22738211419789, 47.98826306785654, 23.089682943010185, 46.657577843923114, 12.160633597729191, 5.745796955861565, 19.30199644665474, 48.243524922782505, 25.181034766274436, 0.0, 0.0, 0.0, 0.0, 0.0, 0.0, 0.0, 0.0, 0.0, 0.0, 0.0, 0.0, 0.0, 0.0, 0.0, 19.278037622812548, 42.6602146729066, 8.681392237385904, 36.40472138809844, 38.00091045881966, 42.29889830724634, 48.1727899267584, 28.59096549945315, 34.76690537513049, 4.350038607871835, 28.732011077062378, 16.3670994152708, 11.79527870295364, 20.071342679241475, 37.87424771497856, 21.165937690036387, 39.17574009916534, 46.651798694093785, 35.873996783604554, 34.961258995894234, 30.97479839241771, 31.110389526049687, 17.690124230789063, 6.916481480579592, 9.136357213573982, 42.292827693789135, 20.22738211419789, 47.98826306785654, 23.089682943010185, 46.657577843923114, 12.160633597729191, 5.745796955861565, 19.30199644665474, 48.243524922782505, 25.181034766274436, 0.0, 0.0, 0.0, 0.0, 0.0, 0.0, 0.0, 0.0, 0.0, 0.0, 0.0, 0.0, 0.0, 0.0, 0.0], [30.97479839241771, 31.110389526049687, 17.690124230789063, 6.916481480579592, 9.136357213573982, 42.292827693789135, 20.22738211419789, 47.98826306785654, 23.089682943010185, 46.657577843923114, 12.160633597729191, 5.745796955861565, 19.30199644665474, 48.243524922782505, 25.181034766274436, 0.0, 0.0, 0.0, 0.0, 0.0, 0.0, 0.0, 0.0, 0.0, 0.0, 0.0, 0.0, 0.0, 0.0, 0.0, 19.278037622812548, 42.6602146729066, 8.681392237385904, 36.40472138809844, 38.00091045881966, 42.29889830724634, 48.1727899267584, 28.59096549945315, 34.76690537513049, 4.350038607871835, 28.732011077062378, 16.3670994152708, 11.79527870295364, 20.071342679241475, 37.87424771497856, 21.165937690036387, 39.17574009916534, 46.651798694093785, 35.873996783604554, 34.961258995894234, 30.97479839241771, 31.110389526049687, 17.690124230789063, 6.916481480579592, 9.136357213573982, 42.292827693789135, 20.22738211419789, 47.98826306785654, 23.089682943010185, 46.657577843923114, 12.160633597729191, 5.745796955861565, 19.30199644665474, 48.243524922782505, 25.181034766274436, 0.0, 0.0, 0.0, 0.0, 0.0, 0.0, 0.0, 0.0, 0.0, 0.0, 0.0, 0.0, 0.0, 0.0, 0.0], [30.97479839241771, 31.110389526049687, 17.6901242