M = 99999999.0;
numWorkers = 30;
numRoles = 3;
numNodes = 80;
wStart = [90, 30, 60, 30, 120, 120, 210, 0, 150, 180, 30, 210, 120, 150, 60, 0, 0, 0, 0, 0, 0, 0, 0, 0, 0, 0, 0, 0, 0, 0, 120, 120, 30, 90, 180, 240, 60, 180, 210, 150, 150, 90, 60, 150, 150, 120, 240, 150, 180, 150, 330, 480, 450, 450, 240, 420, 330, 420, 450, 240, 450, 480, 450, 480, 300, 480, 480, 480, 480, 480, 480, 480, 480, 480, 480, 480, 480, 480, 480, 480];
wEnd = [90, 30, 60, 30, 120, 120, 210, 0, 150, 180, 30, 210, 120, 150, 60, 0, 0, 0, 0, 0, 0, 0, 0, 0, 0, 0, 0, 0, 0, 0, 390, 360, 420, 390, 360, 360, 390, 390, 450, 360, 210, 420, 450, 420, 210, 360, 360, 420, 390, 360, 330, 480, 450, 450, 240, 420, 330, 420, 450, 240, 450, 480, 450, 480, 300, 480, 480, 480, 480, 480, 480, 480, 480, 480, 480, 480, 480, 480, 480, 480];
p = [0, 0, 0, 0, 0, 0, 0, 0, 0, 0, 0, 0, 0, 0, 0, 0, 0, 0, 0, 0, 0, 0, 0, 0, 0, 0, 0, 0, 0, 0, 55.38006001239898, 21.88141432321872, 71.63667342027522, 34.026361631477585, 34.3875574568537, 50.54579528847147, 29.92587785283734, 30.094457662995705, 40.58890829609551, 20.403084553569837, 39.94237114396387, 58.01136721950916, 45.59322387689946, 22.63901500292095, 19.971185571981934, 10.94070716160936, 25.272897644235734, 11.319507501460475, 15.047228831497852, 10.201542276784918, 0, 0, 0, 0, 0, 0, 0, 0, 0, 0, 0, 0, 0, 0, 0, 0, 0, 0, 0, 0, 0, 0, 0, 0, 0, 0, 0, 0, 0, 0];
e = [[1, 1, 0], [1, 1, 0], [1, 1, 0], [1, 1, 0], [0, 1, 0], [0, 1, 0], [1, 1, 0], [1, 1, 0], [1, 1, 0], [0, 1, 1], [0, 1, 0], [0, 1, 0], [0, 1, 1], [0, 1, 1], [0, 1, 0], [0, 1, 1], [1, 1, 0], [0, 1, 1], [0, 1, 0], [0, 1, 1], [0, 1, 1], [0, 1, 1], [0, 1, 1], [1, 1, 0], [1, 0, 0], [1, 0, 0], [1, 0, 0], [0, 0, 1], [0, 0, 1], [0, 0, 1]];
d = [[1, 3, 0, 1, 1, 0, 3, 1, 2, 0, 3, 3, 0, 3, 6, 6, 0, 6, 2, 0], [0, 0, 0, 0, 0, 0, 0, 0, 1, 0, 0, 0, 0, 0, 0, 0, 0, 0, 0, 0], [0, 0, 2, 1, 0, 2, 0, 1, 0, 2, 0, 0, 2, 0, 0, 0, 4, 0, 2, 4]];
r = [1191, 542, 4187, 1685, 1430, 3909, 4893, 2930, 1103, 2931, 3714, 1899, 715, 4058, 3714, 542, 3909, 4058, 2930, 2931];
g = [[0, 0, 0, 0, 0, 0, 0, 0, 0, 0, 0, 0, 0, 0, 0, 0, 0, 0, 0, 0], [0, 0, 0, 0, 0, 0, 0, 0, 0, 0, 0, 0, 0, 0, 0, 1, 0, 0, 0, 0], [0, 0, 0, 0, 0, 0, 0, 0, 0, 0, 0, 0, 0, 0, 0, 0, 0, 0, 0, 0], [0, 0, 0, 0, 0, 0, 0, 0, 0, 0, 0, 0, 0, 0, 0, 0, 0, 0, 0, 0], [0, 0, 0, 0, 0, 0, 0, 0, 0, 0, 0, 0, 0, 0, 0, 0, 0, 0, 0, 0], [0, 0, 0, 0, 0, 0, 0, 0, 0, 0, 0, 0, 0, 0, 0, 0, 1, 0, 0, 0], [0, 0, 0, 0, 0, 0, 0, 0, 0, 0, 0, 0, 0, 0, 0, 0, 0, 0, 0, 0], [0, 0, 0, 0, 0, 0, 0, 0, 0, 0, 0, 0, 0, 0, 0, 0, 0, 0, 1, 0], [0, 0, 0, 0, 0, 0, 0, 0, 0, 0, 0, 0, 0, 0, 0, 0, 0, 0, 0, 0], [0, 0, 0, 0, 0, 0, 0, 0, 0, 0, 0, 0, 0, 0, 0, 0, 0, 0, 0, 1], [0, 0, 0, 0, 0, 0, 0, 0, 0, 0, 0, 0, 0, 0, 1, 0, 0, 0, 0, 0], [0, 0, 0, 0, 0, 0, 0, 0, 0, 0, 0, 0, 0, 0, 0, 0, 0, 0, 0, 0], [0, 0, 0, 0, 0, 0, 0, 0, 0, 0, 0, 0, 0, 0, 0, 0, 0, 0, 0, 0], [0, 0, 0, 0, 0, 0, 0, 0, 0, 0, 0, 0, 0, 0, 0, 0, 0, 1, 0, 0], [0, 0, 0, 0, 0, 0, 0, 0, 0, 0, 1, 0, 0, 0, 0, 0, 0, 0, 0, 0], [0, 1, 0, 0, 0, 0, 0, 0, 0, 0, 0, 0, 0, 0, 0, 0, 0, 0, 0, 0], [0, 0, 0, 0, 0, 1, 0, 0, 0, 0, 0, 0, 0, 0, 0, 0, 0, 0, 0, 0], [0, 0, 0, 0, 0, 0, 0, 0, 0, 0, 0, 0, 0, 1, 0, 0, 0, 0, 0, 0], [0, 0, 0, 0, 0, 0, 0, 1, 0, 0, 0, 0, 0, 0, 0, 0, 0, 0, 0, 0], [0, 0, 0, 0, 0, 0, 0, 0, 0, 1, 0, 0, 0, 0, 0, 0, 0, 0, 0, 0]];
t = [[0.0, 8.455971302447214, 21.410982387482417, 13.022783119214978, 5.888950826432227, 11.736324732389333, 8.912293054921712, 15.50216915090282, 13.45608921339935, 17.25694993913196, 8.650579217040134, 12.027933235380639, 4.598807800206681, 15.70777691891302, 11.540119419610859, 12.344442970212363, 12.344442970212363, 12.344442970212363, 12.344442970212363, 12.344442970212363, 12.344442970212363, 12.344442970212363, 12.344442970212363, 12.344442970212363, 12.344442970212363, 12.344442970212363, 12.344442970212363, 12.344442970212363, 12.344442970212363, 12.344442970212363, 5.643032191317573, 12.814027722863564, 12.651130037157834, 7.8543034470327155, 21.860237011112904, 3.3619817940102403, 9.464812986683476, 11.655817589092777, 14.38761944681814, 22.27519203672287, 10.39964444853113, 22.78049106230611, 17.980883348446408, 3.7981205259461364, 10.39964444853113, 12.814027722863564, 3.3619817940102403, 3.7981205259461364, 11.655817589092777, 22.27519203672287, 0.0, 8.455971302447214, 21.410982387482417, 13.022783119214978, 5.888950826432227, 11.736324732389333, 8.912293054921712, 15.50216915090282, 13.45608921339935, 17.25694993913196, 8.650579217040134, 12.027933235380639, 4.598807800206681, 15.70777691891302, 11.540119419610859, 12.344442970212363, 12.344442970212363, 12.344442970212363, 12.344442970212363, 12.344442970212363, 12.344442970212363, 12.344442970212363, 12.344442970212363, 12.344442970212363, 12.344442970212363, 12.344442970212363, 12.344442970212363, 12.344442970212363, 12.344442970212363, 12.344442970212363], [8.455971302447214, 0.0, 19.348710007352512, 5.731562437157903, 10.290556235284434, 3.5172521990529497, 1.343455869846006, 21.10259805101645, 10.670397272343733, 11.589350144924323, 5.525557645606989, 5.803540239811934, 12.917944384532515, 20.58559964460387, 19.214540913436164, 5.413753066064712, 5.413753066064712, 5.413753066064712, 5.413753066064712, 5.413753066064712, 5.413753066064712, 5.413753066064712, 5.413753066064712, 5.413753066064712, 5.413753066064712, 5.413753066064712, 5.413753066064712, 5.413753066064712, 5.413753066064712, 5.413753066064712, 4.096264854109785, 6.6461175203236245, 20.00840357447327, 3.4788102209972522, 18.642469735048522, 6.381111052670797, 4.530813655447744, 3.8853542875671714, 8.207673050165951, 18.377761562651777, 5.347336288137406, 24.207530279820375, 12.910157288814773, 4.784971300742708, 5.347336288137406, 6.6461175203236245, 6.381111052670797, 4.784971300742708, 3.8853542875671714, 18.377761562651777, 8.455971302447214, 0.0, 19.348710007352512, 5.731562437157903, 10.290556235284434, 3.5172521990529497, 1.343455869846006, 21.10259805101645, 10.670397272343733, 11.589350144924323, 5.525557645606989, 5.803540239811934, 12.917944384532515, 20.58559964460387, 19.214540913436164, 5.413753066064712, 5.413753066064712, 5.413753066064712, 5.413753066064712, 5.413753066064712, 5.413753066064712, 5.413753066064712, 5.413753066064712, 5.413753066064712, 5.413753066064712, 5.413753066064712, 5.413753066064712, 5.413753066064712, 5.413753066064712, 5.413753066064712], [21.410982387482417, 19.348710007352512, 0.0, 15.413437899638641, 16.281232617712575, 20.969211888585768, 18.044685046323316, 18.112142867317598, 8.724160071185313, 10.241249071952874, 14.243538947587206, 24.69901301583085, 24.76808437103536, 16.203019632266273, 23.032865943996754, 15.039324033289969, 15.039324033289969, 15.039324033289969, 15.039324033289969, 15.039324033289969, 15.039324033289969, 15.039324033289969, 15.039324033289969, 15.039324033289969, 15.039324033289969, 15.039324033289969, 15.039324033289969, 15.039324033289969, 15.039324033289969, 15.039324033289969, 22.089790082483123, 13.508123707122438, 22.39263456026897, 16.2344694540038, 2.9197032005052472, 22.613253157126508, 14.832519653292039, 16.902916740848543, 12.619059881640508, 4.711962492824181, 24.661981264121966, 9.57612438481004, 8.594526939389905, 20.79783662759678, 24.661981264121966, 13.508123707122438, 22.613253157126508, 20.79783662759678, 16.902916740848543, 4.711962492824181, 21.410982387482417, 19.348710007352512, 0.0, 15.413437899638641, 16.281232617712575, 20.969211888585768, 18.044685046323316, 18.112142867317598, 8.724160071185313, 10.241249071952874, 14.243538947587206, 24.69901301583085, 24.76808437103536, 16.203019632266273, 23.032865943996754, 15.039324033289969, 15.039324033289969, 15.039324033289969, 15.039324033289969, 15.039324033289969, 15.039324033289969, 15.039324033289969, 15.039324033289969, 15.039324033289969, 15.039324033289969, 15.039324033289969, 15.039324033289969, 15.039324033289969, 15.039324033289969, 15.039324033289969], [13.022783119214978, 5.731562437157903, 15.413437899638641, 0.0, 12.406692939029831, 5.770404232345898, 4.571042519478113, 22.162910805630773, 7.6306446947361, 6.199729358513995, 5.565436666583655, 9.672878819841358, 17.62025070369698, 21.160872538015443, 22.12935889999729, 0.8412529554859901, 0.8412529554859901, 0.8412529554859901, 0.8412529554859901, 0.8412529554859901, 0.8412529554859901, 0.8412529554859901, 0.8412529554859901, 0.8412529554859901, 0.8412529554859901, 0.8412529554859901, 0.8412529554859901, 0.8412529554859901, 0.8412529554859901, 0.8412529554859901, 9.773229747026877, 2.0147589927787277, 22.572205848302787, 5.2515763933200965, 14.081094100476308, 11.780170378741312, 4.012806383173325, 1.9167427210524048, 2.9167804317444714, 13.466290255357885, 10.145240835740884, 22.11195289492524, 7.739064592892413, 9.921006277467672, 10.145240835740884, 2.0147589927787277, 11.780170378741312, 9.921006277467672, 1.9167427210524048, 13.466290255357885, 13.022783119214978, 5.731562437157903, 15.413437899638641, 0.0, 12.406692939029831, 5.770404232345898, 4.571042519478113, 22.162910805630773, 7.6306446947361, 6.199729358513995, 5.565436666583655, 9.672878819841358, 17.62025070369698, 21.160872538015443, 22.12935889999729, 0.8412529554859901, 0.8412529554859901, 0.8412529554859901, 0.8412529554859901, 0.8412529554859901, 0.8412529554859901, 0.8412529554859901, 0.8412529554859901, 0.8412529554859901, 0.8412529554859901, 0.8412529554859901, 0.8412529554859901, 0.8412529554859901, 0.8412529554859901, 0.8412529554859901], [5.888950826432227, 10.290556235284434, 16.281232617712575, 12.406692939029831, 0.0, 13.76943380992, 9.928276961706851, 10.868617736784994, 9.477779193478023, 14.542285504329733, 6.857007049229784, 15.54224568604323, 8.494955346948887, 10.575741521859063, 9.750311887412554, 11.575376058705338, 11.575376058705338, 11.575376058705338, 11.575376058705338, 11.575376058705338, 11.575376058705338, 11.575376058705338, 11.575376058705338, 11.575376058705338, 11.575376058705338, 11.575376058705338, 11.575376058705338, 11.575376058705338, 11.575376058705338, 11.575376058705338, 9.71215506660685, 11.308731784718942, 10.173391813778057, 7.62247247786007, 17.21717527461449, 8.515932255524637, 8.404981609617243, 11.826444835719329, 12.53143037914217, 17.960827450569827, 14.32683852119175, 16.891838168273356, 14.748398165725638, 7.588571154162499, 14.32683852119175, 11.308731784718942, 8.515932255524637, 7.588571154162499, 11.826444835719329, 17.960827450569827, 5.888950826432227, 10.290556235284434, 16.281232617712575, 12.406692939029831, 0.0, 13.76943380992, 9.928276961706851, 10.868617736784994, 9.477779193478023, 14.542285504329733, 6.857007049229784, 15.54224568604323, 8.494955346948887, 10.575741521859063, 9.750311887412554, 11.575376058705338, 11.575376058705338, 11.575376058705338, 11.575376058705338, 11.575376058705338, 11.575376058705338, 11.575376058705338, 11.575376058705338, 11.575376058705338, 11.575376058705338, 11.575376058705338, 11.575376058705338, 11.575376058705338, 11.575376058705338, 11.575376058705338], [11.736324732389333, 3.5172521990529497, 20.969211888585768, 5.770404232345898, 13.76943380992, 0.0, 3.966239739781792, 24.52864395154527, 12.636333925291671, 11.940369969351982, 8.302005096402798, 3.9146429646195906, 16.030199541819236, 23.932590836157708, 22.714118165489207, 5.966682050584493, 5.966682050584493, 5.966682050584493, 5.966682050584493, 5.966682050584493, 5.966682050584493, 5.966682050584493, 5.966682050584493, 5.966682050584493, 5.966682050584493, 5.966682050584493, 5.966682050584493, 5.966682050584493, 5.966682050584493, 5.966682050584493, 6.581912646182605, 7.493476899232855, 23.523384657766158, 6.508583890892482, 19.809248389709886, 9.184666417781507, 6.880015934151918, 4.072560990924615, 8.683919584664194, 19.235772571116517, 4.69448310944745, 26.805550514572488, 13.507347322643774, 7.9504799140816065, 4.69448310944745, 7.493476899232855, 9.184666417781507, 7.9504799140816065, 4.072560990924615, 19.235772571116517, 11.736324732389333, 3.5172521990529497, 20.969211888585768, 5.770404232345898, 13.76943380992, 0.0, 3.966239739781792, 24.52864395154527, 12.636333925291671, 11.940369969351982, 8.302005096402798, 3.9146429646195906, 16.030199541819236, 23.932590836157708, 22.714118165489207, 5.966682050584493, 5.966682050584493, 5.966682050584493, 5.966682050584493, 5.966682050584493, 5.966682050584493, 5.966682050584493, 5.966682050584493, 5.966682050584493, 5.966682050584493, 5.966682050584493, 5.966682050584493, 5.966682050584493, 5.966682050584493, 5.966682050584493], [8.912293054921712, 1.343455869846006, 18.044685046323316, 4.571042519478113, 9.928276961706851, 3.966239739781792, 0.0, 20.601837022260337, 9.39379387894206, 10.28106798393086, 4.452224772849989, 6.8952268282347715, 13.473363241819088, 19.972695996805125, 19.185982742836643, 4.163124604121392, 4.163124604121392, 4.163124604121392, 4.163124604121392, 4.163124604121392, 4.163124604121392, 4.163124604121392, 4.163124604121392, 4.163124604121392, 4.163124604121392, 4.163124604121392, 4.163124604121392, 4.163124604121392, 4.163124604121392, 4.163124604121392, 5.210205246762456, 5.327922722486292, 19.883841962549283, 2.547764280119142, 17.3042498332542, 7.258912826961732, 3.27415779059951, 2.8528466063932996, 6.9102241544791685, 17.034389375075637, 6.620859878710066, 23.12568213115813, 11.578924037990694, 5.478574440972647, 6.620859878710066, 5.327922722486292, 7.258912826961732, 5.478574440972647, 2.8528466063932996, 17.034389375075637, 8.912293054921712, 1.343455869846006, 18.044685046323316, 4.571042519478113, 9.928276961706851, 3.966239739781792, 0.0, 20.601837022260337, 9.39379387894206, 10.28106798393086, 4.452224772849989, 6.8952268282347715, 13.473363241819088, 19.972695996805125, 19.185982742836643, 4.163124604121392, 4.163124604121392, 4.163124604121392, 4.163124604121392, 4.163124604121392, 4.163124604121392, 4.163124604121392, 4.163124604121392, 4.163124604121392, 4.163124604121392, 4.163124604121392, 4.163124604121392, 4.163124604121392, 4.163124604121392, 4.163124604121392], [15.50216915090282, 21.10259805101645, 18.112142867317598, 22.162910805630773, 10.868617736784994, 24.52864395154527, 20.601837022260337, 0.0, 16.316493026756717, 22.00941438074994, 16.798730393741767, 26.403098622651406, 15.127834597450839, 1.9715983242800077, 7.365968136244709, 21.33037231966642, 21.33037231966642, 21.33037231966642, 21.33037231966642, 21.33037231966642, 21.33037231966642, 21.33037231966642, 21.33037231966642, 21.33037231966642, 21.33037231966642, 21.33037231966642, 21.33037231966642, 21.33037231966642, 21.33037231966642, 21.33037231966642, 20.40481924047802, 20.575454107453513, 5.944995037997565, 18.13562165888269, 20.442215844824954, 18.7410421663855, 18.446553000044986, 22.069020234025402, 21.298168776000317, 21.91681725903767, 25.13181730003517, 12.473708678430064, 21.43319933624529, 18.25066957247154, 25.13181730003517, 20.575454107453513, 18.7410421663855, 18.25066957247154, 22.069020234025402, 21.91681725903767, 15.50216915090282, 21.10259805101645, 18.112142867317598, 22.162910805630773, 10.868617736784994, 24.52864395154527, 20.601837022260337, 0.0, 16.316493026756717, 22.00941438074994, 16.798730393741767, 26.403098622651406, 15.127834597450839, 1.9715983242800077, 7.365968136244709, 21.33037231966642, 21.33037231966642, 21.33037231966642, 21.33037231966642, 21.33037231966642, 21.33037231966642, 21.33037231966642, 21.33037231966642, 21.33037231966642, 21.33037231966642, 21.33037231966642, 21.33037231966642, 21.33037231966642, 21.33037231966642, 21.33037231966642], [13.45608921339935, 10.670397272343733, 8.724160071185313, 7.6306446947361, 9.477779193478023, 12.636333925291671, 9.39379387894206, 16.316493026756717, 0.0, 5.709529580207747, 5.54898505053711, 16.18885621017036, 17.422040438241872, 14.920332881924738, 18.47635363170418, 7.020037827521325, 7.020037827521325, 7.020037827521325, 7.020037827521325, 7.020037827521325, 7.020037827521325, 7.020037827521325, 7.020037827521325, 7.020037827521325, 7.020037827521325, 7.020037827521325, 7.020037827521325, 7.020037827521325, 7.020037827521325, 7.020037827521325, 13.402216509068163, 5.62022801999835, 18.410692552977476, 7.511542009370383, 8.50983842015351, 14.134044729825282, 6.139846205055385, 8.693163054803186, 5.541417340198788, 8.819122493957114, 16.010118675561017, 14.48162126136313, 5.4271404503525895, 12.245163526136448, 16.010118675561017, 5.62022801999835, 14.134044729825282, 12.245163526136448, 8.693163054803186, 8.819122493957114, 13.45608921339935, 10.670397272343733, 8.724160071185313, 7.6306446947361, 9.477779193478023, 12.636333925291671, 9.39379387894206, 16.316493026756717, 0.0, 5.709529580207747, 5.54898505053711, 16.18885621017036, 17.422040438241872, 14.920332881924738, 18.47635363170418, 7.020037827521325, 7.020037827521325, 7.020037827521325, 7.020037827521325, 7.020037827521325, 7.020037827521325, 7.020037827521325, 7.020037827521325, 7.020037827521325, 7.020037827521325, 7.020037827521325, 7.020037827521325, 7.020037827521325, 7.020037827521325, 7.020037827521325], [17.25694993913196, 11.589350144924323, 10.241249071952874, 6.199729358513995, 14.542285504329733, 11.940369969351982, 10.28106798393086, 22.00941438074994, 5.709529580207747, 0.0, 8.610810259635024, 15.853769360727378, 21.657358966630042, 20.56460015444293, 23.963731954252143, 6.236523627887235, 6.236523627887235, 6.236523627887235, 6.236523627887235, 6.236523627887235, 6.236523627887235, 6.236523627887235, 6.236523627887235, 6.236523627887235, 6.236523627887235, 6.236523627887235, 6.236523627887235, 6.236523627887235, 6.236523627887235, 6.236523627887235, 15.362710485430012, 4.95703246717869, 24.001377916265668, 9.717699695612923, 8.315854138039002, 16.917767445526124, 7.983091586274441, 8.068038971016476, 3.3901422579459863, 7.416420556052106, 16.33208765314177, 18.526026696506438, 1.7033460991337668, 14.953549200823403, 16.33208765314177, 4.95703246717869, 16.917767445526124, 14.953549200823403, 8.068038971016476, 7.416420556052106, 17.25694993913196, 11.589350144924323, 10.241249071952874, 6.199729358513995, 14.542285504329733, 11.940369969351982, 10.28106798393086, 22.00941438074994, 5.709529580207747, 0.0, 8.610810259635024, 15.853769360727378, 21.657358966630042, 20.56460015444293, 23.963731954252143, 6.236523627887235, 6.236523627887235, 6.236523627887235, 6.236523627887235, 6.236523627887235, 6.236523627887235, 6.236523627887235, 6.236523627887235, 6.236523627887235, 6.236523627887235, 6.236523627887235, 6.236523627887235, 6.236523627887235, 6.236523627887235, 6.236523627887235], [8.650579217040134, 5.525557645606989, 14.243538947587206, 5.565436666583655, 6.857007049229784, 8.302005096402798, 4.452224772849989, 16.798730393741767, 5.54898505053711, 8.610810259635024, 0.0, 11.309174621456195, 13.061922871537261, 15.956735531160703, 16.601168615535155, 4.728432801469745, 4.728432801469745, 4.728432801469745, 4.728432801469745, 4.728432801469745, 4.728432801469745, 4.728432801469745, 4.728432801469745, 4.728432801469745, 4.728432801469745, 4.728432801469745, 4.728432801469745, 4.728432801469745, 4.728432801469745, 4.728432801469745, 7.854221839837937, 4.53348270953272, 17.01054685782489, 2.081425518680501, 13.986646839703695, 8.715049462322888, 1.6481995827616776, 5.273603309831398, 5.937628893490311, 14.080778228296447, 10.815181021260742, 18.690877229720694, 9.365366601397843, 6.778053153447571, 10.815181021260742, 4.53348270953272, 8.715049462322888, 6.778053153447571, 5.273603309831398, 14.080778228296447, 8.650579217040134, 5.525557645606989, 14.243538947587206, 5.565436666583655, 6.857007049229784, 8.302005096402798, 4.452224772849989, 16.798730393741767, 5.54898505053711, 8.610810259635024, 0.0, 11.309174621456195, 13.061922871537261, 15.956735531160703, 16.601168615535155, 4.728432801469745, 4.728432801469745, 4.728432801469745, 4.728432801469745, 4.728432801469745, 4.728432801469745, 4.728432801469745, 4.728432801469745, 4.728432801469745, 4.728432801469745, 4.728432801469745, 4.728432801469745, 4.728432801469745, 4.728432801469745, 4.728432801469745], [12.027933235380639, 5.803540239811934, 24.69901301583085, 9.672878819841358, 15.54224568604323, 3.9146429646195906, 6.8952268282347715, 26.403098622651406, 16.18885621017036, 15.853769360727378, 11.309174621456195, 0.0, 15.682187323332798, 26.062488183843254, 23.53212705404763, 9.812382219331807, 9.812382219331807, 9.812382219331807, 9.812382219331807, 9.812382219331807, 9.812382219331807, 9.812382219331807, 9.812382219331807, 9.812382219331807, 9.812382219331807, 9.812382219331807, 9.812382219331807, 9.812382219331807, 9.812382219331807, 9.812382219331807, 6.387725570111438, 11.320620292289979, 24.550491838109235, 9.281213112116133, 23.65591230971657, 8.845622884285227, 10.149226623102173, 7.90576083309018, 12.578605071564688, 23.12812255618615, 1.8585836267729408, 30.0, 17.411879389855816, 8.41979738510934, 1.8585836267729408, 11.320620292289979, 8.845622884285227, 8.41979738510934, 7.90576083309018, 23.12812255618615, 12.027933235380639, 5.803540239811934, 24.69901301583085, 9.672878819841358, 15.54224568604323, 3.9146429646195906, 6.8952268282347715, 26.403098622651406, 16.18885621017036, 15.853769360727378, 11.309174621456195, 0.0, 15.682187323332798, 26.062488183843254, 23.53212705404763, 9.812382219331807, 9.812382219331807, 9.812382219331807, 9.812382219331807, 9.812382219331807, 9.812382219331807, 9.812382219331807, 9.812382219331807, 9.812382219331807, 9.812382219331807, 9.812382219331807, 9.812382219331807, 9.812382219331807, 9.812382219331807, 9.812382219331807], [4.598807800206681, 12.917944384532515, 24.76808437103536, 17.62025070369698, 8.494955346948887, 16.030199541819236, 13.473363241819088, 15.127834597450839, 17.422040438241872, 21.657358966630042, 13.061922871537261, 15.682187323332798, 0.0, 15.897635286801773, 9.27361554222074, 16.93565761750578, 16.93565761750578, 16.93565761750578, 16.93565761750578, 16.93565761750578, 16.93565761750578, 16.93565761750578, 16.93565761750578, 16.93565761750578, 16.93565761750578, 16.93565761750578, 16.93565761750578, 16.93565761750578, 16.93565761750578, 16.93565761750578, 9.559961311964479, 17.356007826952403, 10.722514611509325, 12.432192152255574, 25.575585397161223, 6.934160794347035, 14.004585756072952, 16.243802395746986, 18.90476052408544, 26.17578415801351, 13.89474354223808, 24.597136102156014, 22.260812707096875, 8.141272291987399, 13.89474354223808, 17.356007826952403, 6.934160794347035, 8.141272291987399, 16.243802395746986, 26.17578415801351, 4.598807800206681, 12.917944384532515, 24.76808437103536, 17.62025070369698, 8.494955346948887, 16.030199541819236, 13.473363241819088, 15.127834597450839, 17.422040438241872, 21.657358966630042, 13.061922871537261, 15.682187323332798, 0.0, 15.897635286801773, 9.27361554222074, 16.93565761750578, 16.93565761750578, 16.93565761750578, 16.93565761750578, 16.93565761750578, 16.93565761750578, 16.93565761750578, 16.93565761750578, 16.93565761750578, 16.93565761750578, 16.93565761750578, 16.93565761750578, 16.93565761750578, 16.93565761750578, 16.93565761750578], [15.70777691891302, 20.58559964460387, 16.203019632266273, 21.160872538015443, 10.575741521859063, 23.932590836157708, 19.972695996805125, 1.9715983242800077, 14.920332881924738, 20.56460015444293, 15.956735531160703, 26.062488183843254, 15.897635286801773, 0.0, 8.917726655336374, 20.34067424840033, 20.34067424840033, 20.34067424840033, 20.34067424840033, 20.34067424840033, 20.34067424840033, 20.34067424840033, 20.34067424840033, 20.34067424840033, 20.34067424840033, 20.34067424840033, 20.34067424840033, 20.34067424840033, 20.34067424840033, 20.34067424840033, 20.271689974320704, 19.479149264057153, 7.621083657022263, 17.45577525023537, 18.587918767500046, 18.82191029259054, 17.59206089356206, 21.22109340374912, 20.0844005218402, 20.09764019273695, 24.8980548461464, 10.594447350542291, 19.891166743148535, 18.13131407920193, 24.8980548461464, 19.479149264057153, 18.82191029259054, 18.13131407920193, 21.22109340374912, 20.09764019273695, 15.70777691891302, 20.58559964460387, 16.203019632266273, 21.160872538015443, 10.575741521859063, 23.932590836157708, 19.972695996805125, 1.9715983242800077, 14.920332881924738, 20.56460015444293, 15.956735531160703, 26.062488183843254, 15.897635286801773, 0.0, 8.917726655336374, 20.34067424840033, 20.34067424840033, 20.34067424840033, 20.34067424840033, 20.34067424840033, 20.34067424840033, 20.34067424840033, 20.34067424840033, 20.34067424840033, 20.34067424840033, 20.34067424840033, 20.34067424840033, 20.34067424840033, 20.34067424840033, 20.34067424840033], [11.540119419610859, 19.214540913436164, 23.032865943996754, 22.12935889999729, 9.750311887412554, 22.714118165489207, 19.185982742836643, 7.365968136244709, 18.47635363170418, 23.963731954252143, 16.601168615535155, 23.53212705404763, 9.27361554222074, 8.917726655336374, 0.0, 21.30431050909092, 21.30431050909092, 21.30431050909092, 21.30431050909092, 21.30431050909092, 21.30431050909092, 21.30431050909092, 21.30431050909092, 21.30431050909092, 21.30431050909092, 21.30431050909092, 21.30431050909092, 21.30431050909092, 21.30431050909092, 21.30431050909092, 17.149385522805876, 21.054405436159552, 1.5871326650181294, 17.14901261006469, 24.81613636225211, 14.86479529990564, 18.117253361197864, 21.4078313855736, 22.232822935304917, 25.977464981781736, 21.937249051151074, 19.34999650947893, 23.90289712906189, 15.139023672173533, 21.937249051151074, 21.054405436159552, 14.86479529990564, 15.139023672173533, 21.4078313855736, 25.977464981781736, 11.540119419610859, 19.214540913436164, 23.032865943996754, 22.12935889999729, 9.750311887412554, 22.714118165489207, 19.185982742836643, 7.365968136244709, 18.47635363170418, 23.963731954252143, 16.601168615535155, 23.53212705404763, 9.27361554222074, 8.917726655336374, 0.0, 21.30431050909092, 21.30431050909092, 21.30431050909092, 21.30431050909092, 21.30431050909092, 21.30431050909092, 21.30431050909092, 21.30431050909092, 21.30431050909092, 21.30431050909092, 21.30431050909092, 21.30431050909092, 21.30431050909092, 21.30431050909092, 21.30431050909092], [12.344442970212363, 5.413753066064712, 15.039324033289969, 0.8412529554859901, 11.575376058705338, 5.966682050584493, 4.163124604121392, 21.33037231966642, 7.020037827521325, 6.236523627887235, 4.728432801469745, 9.812382219331807, 16.93565761750578, 20.34067424840033, 21.30431050909092, 0.0, 0.0, 0.0, 0.0, 0.0, 0.0, 0.0, 0.0, 0.0, 0.0, 0.0, 0.0, 0.0, 0.0, 0.0, 9.364432523846885, 1.5323132887297695, 21.737730431867394, 4.52012585158901, 13.848578451077778, 11.253655027492213, 3.194798064603857, 1.9066227124335853, 2.851147082979018, 13.335946629882045, 10.131469613859048, 21.482395902734297, 7.67604938084498, 9.358644101470116, 10.131469613859048, 1.5323132887297695, 11.253655027492213, 9.358644101470116, 1.9066227124335853, 13.335946629882045, 12.344442970212363, 5.413753066064712, 15.039324033289969, 0.8412529554859901, 11.575376058705338, 5.966682050584493, 4.163124604121392, 21.33037231966642, 7.020037827521325, 6.236523627887235, 4.728432801469745, 9.812382219331807, 16.93565761750578, 20.34067424840033, 21.30431050909092, 0.0, 0.0, 0.0, 0.0, 0.0, 0.0, 0.0, 0.0, 0.0, 0.0, 0.0, 0.0, 0.0, 0.0, 0.0], [12.344442970212363, 5.413753066064712, 15.039324033289969, 0.8412529554859901, 11.575376058705338, 5.966682050584493, 4.163124604121392, 21.33037231966642, 7.020037827521325, 6.236523627887235, 4.728432801469745, 9.812382219331807, 16.93565761750578, 20.34067424840033, 21.30431050909092, 0.0, 0.0, 0.0, 0.0, 0.0, 0.0, 0.0, 0.0, 0.0, 0.0, 0.0, 0.0, 0.0, 0.0, 0.0, 9.364432523846885, 1.5323132887297695, 21.737730431867394, 4.52012585158901, 13.848578451077778, 11.253655027492213, 3.194798064603857, 1.9066227124335853, 2.851147082979018, 13.335946629882045, 10.131469613859048, 21.482395902734297, 7.67604938084498, 9.358644101470116, 10.131469613859048, 1.5323132887297695, 11.253655027492213, 9.358644101470116, 1.9066227124335853, 13.335946629882045, 12.344442970212363, 5.413753066064712, 15.039324033289969, 0.8412529554859901, 11.575376058705338, 5.966682050584493, 4.163124604121392, 21.33037231966642, 7.020037827521325, 6.236523627887235, 4.728432801469745, 9.812382219331807, 16.93565761750578, 20.34067424840033, 21.30431050909092, 0.0, 0.0, 0.0, 0.0, 0.0, 0.0, 0.0, 0.0, 0.0, 0.0, 0.0, 0.0, 0.0, 0.0, 0.0], [12.344442970212363, 5.413753066064712, 15.039324033289969, 0.8412529554859901, 11.575376058705338, 5.966682050584493, 4.163124604121392, 21.33037231966642, 7.020037827521325, 6.236523627887235, 4.728432801469745, 9.812382219331807, 16.93565761750578, 20.34067424840033, 21.30431050909092, 0.0, 0.0, 0.0, 0.0, 0.0, 0.0, 0.0, 0.0, 0.0, 0.0, 0.0, 0.0, 0.0, 0.0, 0.0, 9.364432523846885, 1.5323132887297695, 21.737730431867394, 4.52012585158901, 13.848578451077778, 11.253655027492213, 3.194798064603857, 1.9066227124335853, 2.851147082979018, 13.335946629882045, 10.131469613859048, 21.482395902734297, 7.67604938084498, 9.358644101470116, 10.131469613859048, 1.5323132887297695, 11.253655027492213, 9.358644101470116, 1.9066227124335853, 13.335946629882045, 12.344442970212363, 5.413753066064712, 15.039324033289969, 0.8412529554859901, 11.575376058705338, 5.966682050584493, 4.163124604121392, 21.33037231966642, 7.020037827521325, 6.236523627887235, 4.728432801469745, 9.812382219331807, 16.93565761750578, 20.34067424840033, 21.30431050909092, 0.0, 0.0, 0.0, 0.0, 0.0, 0.0, 0.0, 0.0, 0.0, 0.0, 0.0, 0.0, 0.0, 0.0, 0.0], [12.344442970212363, 5.413753066064712, 15.039324033289969, 0.8412529554859901, 11.575376058705338, 5.966682050584493, 4.163124604121392, 21.33037231966642, 7.020037827521325, 6.236523627887235, 4.728432801469745, 9.812382219331807, 16.93565761750578, 20.34067424840033, 21.30431050909092, 0.0, 0.0, 0.0, 0.0, 0.0, 0.0, 0.0, 0.0, 0.0, 0.0, 0.0, 0.0, 0.0, 0.0, 0.0, 9.364432523846885, 1.5323132887297695, 21.737730431867394, 4.52012585158901, 13.848578451077778, 11.253655027492213, 3.194798064603857, 1.9066227124335853, 2.851147082979018, 13.335946629882045, 10.131469613859048, 21.482395902734297, 7.67604938084498, 9.358644101470116, 10.131469613859048, 1.5323132887297695, 11.253655027492213, 9.358644101470116, 1.9066227124335853, 13.335946629882045, 12.344442970212363, 5.413753066064712, 15.039324033289969, 0.8412529554859901, 11.575376058705338, 5.966682050584493, 4.163124604121392, 21.33037231966642, 7.020037827521325, 6.236523627887235, 4.728432801469745, 9.812382219331807, 16.93565761750578, 20.34067424840033, 21.30431050909092, 0.0, 0.0, 0.0, 0.0, 0.0, 0.0, 0.0, 0.0, 0.0, 0.0, 0.0, 0.0, 0.0, 0.0, 0.0], [12.344442970212363, 5.413753066064712, 15.039324033289969, 0.8412529554859901, 11.575376058705338, 5.966682050584493, 4.163124604121392, 21.33037231966642, 7.020037827521325, 6.236523627887235, 4.728432801469745, 9.812382219331807, 16.93565761750578, 20.34067424840033, 21.30431050909092, 0.0, 0.0, 0.0, 0.0, 0.0, 0.0, 0.0, 0.0, 0.0, 0.0, 0.0, 0.0, 0.0, 0.0, 0.0, 9.364432523846885, 1.5323132887297695, 21.737730431867394, 4.52012585158901, 13.848578451077778, 11.253655027492213, 3.194798064603857, 1.9066227124335853, 2.851147082979018, 13.335946629882045, 10.131469613859048, 21.482395902734297, 7.67604938084498, 9.358644101470116, 10.131469613859048, 1.5323132887297695, 11.253655027492213, 9.358644101470116, 1.9066227124335853, 13.335946629882045, 12.344442970212363, 5.413753066064712, 15.039324033289969, 0.8412529554859901, 11.575376058705338, 5.966682050584493, 4.163124604121392, 21.33037231966642, 7.020037827521325, 6.236523627887235, 4.728432801469745, 9.812382219331807, 16.93565761750578, 20.34067424840033, 21.30431050909092, 0.0, 0.0, 0.0, 0.0, 0.0, 0.0, 0.0, 0.0, 0.0, 0.0, 0.0, 0.0, 0.0, 0.0, 0.0], [12.344442970212363, 5.413753066064712, 15.039324033289969, 0.8412529554859901, 11.575376058705338, 5.966682050584493, 4.163124604121392, 21.33037231966642, 7.020037827521325, 6.236523627887235, 4.728432801469745, 9.812382219331807, 16.93565761750578, 20.34067424840033, 21.30431050909092, 0.0, 0.0, 0.0, 0.0, 0.0, 0.0, 0.0, 0.0, 0.0, 0.0, 0.0, 0.0, 0.0, 0.0, 0.0, 9.364432523846885, 1.5323132887297695, 21.737730431867394, 4.52012585158901, 13.848578451077778, 11.253655027492213, 3.194798064603857, 1.9066227124335853, 2.851147082979018, 13.335946629882045, 10.131469613859048, 21.482395902734297, 7.67604938084498, 9.358644101470116, 10.131469613859048, 1.5323132887297695, 11.253655027492213, 9.358644101470116, 1.9066227124335853, 13.335946629882045, 12.344442970212363, 5.413753066064712, 15.039324033289969, 0.8412529554859901, 11.575376058705338, 5.966682050584493, 4.163124604121392, 21.33037231966642, 7.020037827521325, 6.236523627887235, 4.728432801469745, 9.812382219331807, 16.93565761750578, 20.34067424840033, 21.30431050909092, 0.0, 0.0, 0.0, 0.0, 0.0, 0.0, 0.0, 0.0, 0.0, 0.0, 0.0, 0.0, 0.0, 0.0, 0.0], [12.344442970212363, 5.413753066064712, 15.039324033289969, 0.8412529554859901, 11.575376058705338, 5.966682050584493, 4.163124604121392, 21.33037231966642, 7.020037827521325, 6.236523627887235, 4.728432801469745, 9.812382219331807, 16.93565761750578, 20.34067424840033, 21.30431050909092, 0.0, 0.0, 0.0, 0.0, 0.0, 0.0, 0.0, 0.0, 0.0, 0.0, 0.0, 0.0, 0.0, 0.0, 0.0, 9.364432523846885, 1.5323132887297695, 21.737730431867394, 4.52012585158901, 13.848578451077778, 11.253655027492213, 3.194798064603857, 1.9066227124335853, 2.851147082979018, 13.335946629882045, 10.131469613859048, 21.482395902734297, 7.67604938084498, 9.358644101470116, 10.131469613859048, 1.5323132887297695, 11.253655027492213, 9.358644101470116, 1.9066227124335853, 13.335946629882045, 12.344442970212363, 5.413753066064712, 15.039324033289969, 0.8412529554859901, 11.575376058705338, 5.966682050584493, 4.163124604121392, 21.33037231966642, 7.020037827521325, 6.236523627887235, 4.728432801469745, 9.812382219331807, 16.93565761750578, 20.34067424840033, 21.30431050909092, 0.0, 0.0, 0.0, 0.0, 0.0, 0.0, 0.0, 0.0, 0.0, 0.0, 0.0, 0.0, 0.0, 0.0, 0.0], [12.344442970212363, 5.413753066064712, 15.039324033289969, 0.8412529554859901, 11.575376058705338, 5.966682050584493, 4.163124604121392, 21.33037231966642, 7.020037827521325, 6.236523627887235, 4.728432801469745, 9.812382219331807, 16.93565761750578, 20.34067424840033, 21.30431050909092, 0.0, 0.0, 0.0, 0.0, 0.0, 0.0, 0.0, 0.0, 0.0, 0.0, 0.0, 0.0, 0.0, 0.0, 0.0, 9.364432523846885, 1.5323132887297695, 21.737730431867394, 4.52012585158901, 13.848578451077778, 11.253655027492213, 3.194798064603857, 1.9066227124335853, 2.851147082979018, 13.335946629882045, 10.131469613859048, 21.482395902734297, 7.67604938084498, 9.358644101470116, 10.131469613859048, 1.5323132887297695, 11.253655027492213, 9.358644101470116, 1.9066227124335853, 13.335946629882045, 12.344442970212363, 5.413753066064712, 15.039324033289969, 0.8412529554859901, 11.575376058705338, 5.966682050584493, 4.163124604121392, 21.33037231966642, 7.020037827521325, 6.236523627887235, 4.728432801469745, 9.812382219331807, 16.93565761750578, 20.34067424840033, 21.30431050909092, 0.0, 0.0, 0.0, 0.0, 0.0, 0.0, 0.0, 0.0, 0.0, 0.0, 0.0, 0.0, 0.0, 0.0, 0.0], [12.344442970212363, 5.413753066064712, 15.039324033289969, 0.8412529554859901, 11.575376058705338, 5.966682050584493, 4.163124604121392, 21.33037231966642, 7.020037827521325, 6.236523627887235, 4.728432801469745, 9.812382219331807, 16.93565761750578, 20.34067424840033, 21.30431050909092, 0.0, 0.0, 0.0, 0.0, 0.0, 0.0, 0.0, 0.0, 0.0, 0.0, 0.0, 0.0, 0.0, 0.0, 0.0, 9.364432523846885, 1.5323132887297695, 21.737730431867394, 4.52012585158901, 13.848578451077778, 11.253655027492213, 3.194798064603857, 1.9066227124335853, 2.851147082979018, 13.335946629882045, 10.131469613859048, 21.482395902734297, 7.67604938084498, 9.358644101470116, 10.131469613859048, 1.5323132887297695, 11.253655027492213, 9.358644101470116, 1.9066227124335853, 13.335946629882045, 12.344442970212363, 5.413753066064712, 15.039324033289969, 0.8412529554859901, 11.575376058705338, 5.966682050584493, 4.163124604121392, 21.33037231966642, 7.020037827521325, 6.236523627887235, 4.728432801469745, 9.812382219331807, 16.93565761750578, 20.34067424840033, 21.30431050909092, 0.0, 0.0, 0.0, 0.0, 0.0, 0.0, 0.0, 0.0, 0.0, 0.0, 0.0, 0.0, 0.0, 0.0, 0.0], [12.344442970212363, 5.413753066064712, 15.039324033289969, 0.8412529554859901, 11.575376058705338, 5.966682050584493, 4.163124604121392, 21.33037231966642, 7.020037827521325, 6.236523627887235, 4.728432801469745, 9.812382219331807, 16.93565761750578, 20.34067424840033, 21.30431050909092, 0.0, 0.0, 0.0, 0.0, 0.0, 0.0, 0.0, 0.0, 0.0, 0.0, 0.0, 0.0, 0.0, 0.0, 0.0, 9.364432523846885, 1.5323132887297695, 21.737730431867394, 4.52012585158901, 13.848578451077778, 11.253655027492213, 3.194798064603857, 1.9066227124335853, 2.851147082979018, 13.335946629882045, 10.131469613859048, 21.482395902734297, 7.67604938084498, 9.358644101470116, 10.131469613859048, 1.5323132887297695, 11.253655027492213, 9.358644101470116, 1.9066227124335853, 13.335946629882045, 12.344442970212363, 5.413753066064712, 15.039324033289969, 0.8412529554859901, 11.575376058705338, 5.966682050584493, 4.163124604121392, 21.33037231966642, 7.020037827521325, 6.236523627887235, 4.728432801469745, 9.812382219331807, 16.93565761750578, 20.34067424840033, 21.30431050909092, 0.0, 0.0, 0.0, 0.0, 0.0, 0.0, 0.0, 0.0, 0.0, 0.0, 0.0, 0.0, 0.0, 0.0, 0.0], [12.344442970212363, 5.413753066064712, 15.039324033289969, 0.8412529554859901, 11.575376058705338, 5.966682050584493, 4.163124604121392, 21.33037231966642, 7.020037827521325, 6.236523627887235, 4.728432801469745, 9.812382219331807, 16.93565761750578, 20.34067424840033, 21.30431050909092, 0.0, 0.0, 0.0, 0.0, 0.0, 0.0, 0.0, 0.0, 0.0, 0.0, 0.0, 0.0, 0.0, 0.0, 0.0, 9.364432523846885, 1.5323132887297695, 21.737730431867394, 4.52012585158901, 13.848578451077778, 11.253655027492213, 3.194798064603857, 1.9066227124335853, 2.851147082979018, 13.335946629882045, 10.131469613859048, 21.482395902734297, 7.67604938084498, 9.358644101470116, 10.131469613859048, 1.5323132887297695, 11.253655027492213, 9.358644101470116, 1.9066227124335853, 13.335946629882045, 12.344442970212363, 5.413753066064712, 15.039324033289969, 0.8412529554859901, 11.575376058705338, 5.966682050584493, 4.163124604121392, 21.33037231966642, 7.020037827521325, 6.236523627887235, 4.728432801469745, 9.812382219331807, 16.93565761750578, 20.34067424840033, 21.30431050909092, 0.0, 0.0, 0.0, 0.0, 0.0, 0.0, 0.0, 0.0, 0.0, 0.0, 0.0, 0.0, 0.0, 0.0, 0.0], [12.344442970212363, 5.413753066064712, 15.039324033289969, 0.8412529554859901, 11.575376058705338, 5.966682050584493, 4.163124604121392, 21.33037231966642, 7.020037827521325, 6.236523627887235, 4.728432801469745, 9.812382219331807, 16.93565761750578, 20.34067424840033, 21.30431050909092, 0.0, 0.0, 0.0, 0.0, 0.0, 0.0, 0.0, 0.0, 0.0, 0.0, 0.0, 0.0, 0.0, 0.0, 0.0, 9.364432523846885, 1.5323132887297695, 21.737730431867394, 4.52012585158901, 13.848578451077778, 11.253655027492213, 3.194798064603857, 1.9066227124335853, 2.851147082979018, 13.335946629882045, 10.131469613859048, 21.482395902734297, 7.67604938084498, 9.358644101470116, 10.131469613859048, 1.5323132887297695, 11.253655027492213, 9.358644101470116, 1.9066227124335853, 13.335946629882045, 12.344442970212363, 5.413753066064712, 15.039324033289969, 0.8412529554859901, 11.575376058705338, 5.966682050584493, 4.163124604121392, 21.33037231966642, 7.020037827521325, 6.236523627887235, 4.728432801469745, 9.812382219331807, 16.93565761750578, 20.34067424840033, 21.30431050909092, 0.0, 0.0, 0.0, 0.0, 0.0, 0.0, 0.0, 0.0, 0.0, 0.0, 0.0, 0.0, 0.0, 0.0, 0.0], [12.344442970212363, 5.413753066064712, 15.039324033289969, 0.8412529554859901, 11.575376058705338, 5.966682050584493, 4.163124604121392, 21.33037231966642, 7.020037827521325, 6.236523627887235, 4.728432801469745, 9.812382219331807, 16.93565761750578, 20.34067424840033, 21.30431050909092, 0.0, 0.0, 0.0, 0.0, 0.0, 0.0, 0.0, 0.0, 0.0, 0.0, 0.0, 0.0, 0.0, 0.0, 0.0, 9.364432523846885, 1.5323132887297695, 21.737730431867394, 4.52012585158901, 13.8485784