M = 99999999.0;
numWorkers = 30;
numRoles = 3;
numNodes = 80;
wStart = [300, 300, 30, 120, 0, 270, 240, 390, 60, 210, 0, 150, 30, 30, 180, 0, 0, 0, 0, 0, 0, 0, 0, 0, 0, 0, 0, 0, 0, 0, 120, 120, 120, 30, 120, 180, 120, 210, 120, 120, 240, 210, 180, 60, 120, 180, 120, 210, 120, 240, 360, 420, 270, 450, 450, 330, 480, 450, 450, 480, 450, 420, 480, 210, 450, 480, 480, 480, 480, 480, 480, 480, 480, 480, 480, 480, 480, 480, 480, 480];
wEnd = [300, 300, 30, 120, 0, 270, 240, 390, 60, 210, 0, 150, 30, 30, 180, 0, 0, 0, 0, 0, 0, 0, 0, 0, 0, 0, 0, 0, 0, 0, 420, 360, 270, 300, 360, 300, 450, 450, 330, 240, 300, 270, 450, 270, 360, 300, 330, 450, 420, 300, 360, 420, 270, 450, 450, 330, 480, 450, 450, 480, 450, 420, 480, 210, 450, 480, 480, 480, 480, 480, 480, 480, 480, 480, 480, 480, 480, 480, 480, 480];
p = [0, 0, 0, 0, 0, 0, 0, 0, 0, 0, 0, 0, 0, 0, 0, 0, 0, 0, 0, 0, 0, 0, 0, 0, 0, 0, 0, 0, 0, 0, 15.102402011809083, 40.20048150017925, 40.138579243251485, 16.810148635952938, 25.030576767398188, 55.683472106801695, 58.038771240853244, 24.2954822421019, 73.53008461035395, 65.16517110010449, 61.98260371756525, 61.95666542140778, 54.20842369274067, 41.1188681247711, 12.515288383699094, 27.841736053400847, 36.765042305176976, 12.14774112105095, 7.551201005904542, 30.991301858782624, 0, 0, 0, 0, 0, 0, 0, 0, 0, 0, 0, 0, 0, 0, 0, 0, 0, 0, 0, 0, 0, 0, 0, 0, 0, 0, 0, 0, 0, 0];
e = [[0, 1, 1], [0, 1, 1], [0, 1, 1], [0, 1, 1], [0, 1, 1], [0, 1, 1], [1, 0, 1], [0, 1, 1], [0, 1, 1], [0, 1, 0], [0, 1, 0], [1, 1, 0], [0, 1, 1], [1, 1, 0], [1, 1, 0], [1, 1, 0], [0, 1, 0], [0, 1, 0], [1, 1, 0], [1, 1, 0], [0, 1, 0], [1, 1, 0], [1, 1, 0], [1, 0, 0], [0, 1, 0], [1, 0, 0], [0, 0, 1], [0, 1, 0], [0, 0, 1], [1, 0, 0]];
d = [[2, 2, 2, 2, 0, 0, 2, 2, 2, 2, 0, 0, 0, 2, 0, 0, 4, 4, 4, 0], [0, 1, 0, 0, 0, 1, 1, 0, 0, 1, 0, 0, 1, 1, 0, 2, 0, 0, 0, 0], [1, 0, 1, 1, 1, 0, 0, 1, 1, 0, 1, 1, 0, 0, 2, 0, 2, 2, 2, 2]];
r = [1096, 2476, 2769, 3352, 4647, 4488, 2632, 2163, 1396, 3329, 316, 2591, 1091, 3250, 4647, 4488, 1396, 2163, 1096, 316];
g = [[0, 0, 0, 0, 0, 0, 0, 0, 0, 0, 0, 0, 0, 0, 0, 0, 0, 0, 1, 0], [0, 0, 0, 0, 0, 0, 0, 0, 0, 0, 0, 0, 0, 0, 0, 0, 0, 0, 0, 0], [0, 0, 0, 0, 0, 0, 0, 0, 0, 0, 0, 0, 0, 0, 0, 0, 0, 0, 0, 0], [0, 0, 0, 0, 0, 0, 0, 0, 0, 0, 0, 0, 0, 0, 0, 0, 0, 0, 0, 0], [0, 0, 0, 0, 0, 0, 0, 0, 0, 0, 0, 0, 0, 0, 1, 0, 0, 0, 0, 0], [0, 0, 0, 0, 0, 0, 0, 0, 0, 0, 0, 0, 0, 0, 0, 1, 0, 0, 0, 0], [0, 0, 0, 0, 0, 0, 0, 0, 0, 0, 0, 0, 0, 0, 0, 0, 0, 0, 0, 0], [0, 0, 0, 0, 0, 0, 0, 0, 0, 0, 0, 0, 0, 0, 0, 0, 0, 1, 0, 0], [0, 0, 0, 0, 0, 0, 0, 0, 0, 0, 0, 0, 0, 0, 0, 0, 1, 0, 0, 0], [0, 0, 0, 0, 0, 0, 0, 0, 0, 0, 0, 0, 0, 0, 0, 0, 0, 0, 0, 0], [0, 0, 0, 0, 0, 0, 0, 0, 0, 0, 0, 0, 0, 0, 0, 0, 0, 0, 0, 1], [0, 0, 0, 0, 0, 0, 0, 0, 0, 0, 0, 0, 0, 0, 0, 0, 0, 0, 0, 0], [0, 0, 0, 0, 0, 0, 0, 0, 0, 0, 0, 0, 0, 0, 0, 0, 0, 0, 0, 0], [0, 0, 0, 0, 0, 0, 0, 0, 0, 0, 0, 0, 0, 0, 0, 0, 0, 0, 0, 0], [0, 0, 0, 0, 1, 0, 0, 0, 0, 0, 0, 0, 0, 0, 0, 0, 0, 0, 0, 0], [0, 0, 0, 0, 0, 1, 0, 0, 0, 0, 0, 0, 0, 0, 0, 0, 0, 0, 0, 0], [0, 0, 0, 0, 0, 0, 0, 0, 1, 0, 0, 0, 0, 0, 0, 0, 0, 0, 0, 0], [0, 0, 0, 0, 0, 0, 0, 1, 0, 0, 0, 0, 0, 0, 0, 0, 0, 0, 0, 0], [1, 0, 0, 0, 0, 0, 0, 0, 0, 0, 0, 0, 0, 0, 0, 0, 0, 0, 0, 0], [0, 0, 0, 0, 0, 0, 0, 0, 0, 0, 1, 0, 0, 0, 0, 0, 0, 0, 0, 0]];
t = [[0.0, 20.84575002741834, 5.879471736315646, 12.66350588363802, 18.86060988073366, 5.300073850342641, 18.5282898783441, 6.372001322194519, 12.632690474607806, 18.946393503299827, 19.193197462207543, 17.22657360510736, 13.249856732613353, 13.752884055351744, 11.39649958436146, 12.806191094803154, 12.806191094803154, 12.806191094803154, 12.806191094803154, 12.806191094803154, 12.806191094803154, 12.806191094803154, 12.806191094803154, 12.806191094803154, 12.806191094803154, 12.806191094803154, 12.806191094803154, 12.806191094803154, 12.806191094803154, 12.806191094803154, 14.424419815003466, 10.695466850072867, 14.2963477293934, 12.963738736153687, 10.34528300393317, 8.677656975160682, 5.322392379575318, 7.213536683758041, 24.889470282349507, 13.423862983020014, 17.276685608076072, 9.596151363952115, 5.789964624607365, 7.988457899401186, 10.34528300393317, 8.677656975160682, 24.889470282349507, 7.213536683758041, 14.424419815003466, 17.276685608076072, 0.0, 20.84575002741834, 5.879471736315646, 12.66350588363802, 18.86060988073366, 5.300073850342641, 18.5282898783441, 6.372001322194519, 12.632690474607806, 18.946393503299827, 19.193197462207543, 17.22657360510736, 13.249856732613353, 13.752884055351744, 11.39649958436146, 12.806191094803154, 12.806191094803154, 12.806191094803154, 12.806191094803154, 12.806191094803154, 12.806191094803154, 12.806191094803154, 12.806191094803154, 12.806191094803154, 12.806191094803154, 12.806191094803154, 12.806191094803154, 12.806191094803154, 12.806191094803154, 12.806191094803154], [20.84575002741834, 0.0, 15.156841850126593, 11.528567581525449, 12.53529107835653, 24.334062469637892, 14.334825782660115, 14.501742066253694, 15.36871537683861, 5.649210494338845, 6.955245676078407, 3.7661975086088404, 12.961927971139762, 12.637775386425321, 15.522511068565091, 9.05877728943422, 9.05877728943422, 9.05877728943422, 9.05877728943422, 9.05877728943422, 9.05877728943422, 9.05877728943422, 9.05877728943422, 9.05877728943422, 9.05877728943422, 9.05877728943422, 9.05877728943422, 9.05877728943422, 9.05877728943422, 9.05877728943422, 10.633453747832139, 12.241368093558652, 12.80137219589371, 10.923725870826814, 25.42269613329009, 20.987684545481734, 21.991675583255763, 25.033286538645818, 4.62189234425955, 13.740760066583137, 8.774303328383407, 12.417076621824801, 18.412777838998352, 17.38846726560016, 25.42269613329009, 20.987684545481734, 4.62189234425955, 25.033286538645818, 10.633453747832139, 8.774303328383407, 20.84575002741834, 0.0, 15.156841850126593, 11.528567581525449, 12.53529107835653, 24.334062469637892, 14.334825782660115, 14.501742066253694, 15.36871537683861, 5.649210494338845, 6.955245676078407, 3.7661975086088404, 12.961927971139762, 12.637775386425321, 15.522511068565091, 9.05877728943422, 9.05877728943422, 9.05877728943422, 9.05877728943422, 9.05877728943422, 9.05877728943422, 9.05877728943422, 9.05877728943422, 9.05877728943422, 9.05877728943422, 9.05877728943422, 9.05877728943422, 9.05877728943422, 9.05877728943422, 9.05877728943422], [5.879471736315646, 15.156841850126593, 0.0, 9.12053321867176, 13.69680925719372, 9.352400692136074, 13.738106166056248, 0.9807764841859469, 10.909086356704243, 14.016954884211584, 13.37714014210496, 11.670265210948424, 10.414182602036343, 8.687334358965044, 9.821795677923792, 6.935132605367576, 6.935132605367576, 6.935132605367576, 6.935132605367576, 6.935132605367576, 6.935132605367576, 6.935132605367576, 6.935132605367576, 6.935132605367576, 6.935132605367576, 6.935132605367576, 6.935132605367576, 6.935132605367576, 6.935132605367576, 6.935132605367576, 8.915109220766261, 5.192869112430641, 11.399446312767461, 9.175885066975022, 12.043866844909015, 10.597662526702097, 7.430232338448261, 10.4422074520701, 19.385412174222125, 8.684343094803564, 13.053584516181408, 5.738667001028929, 6.702892977942956, 7.793343634002008, 12.043866844909015, 10.597662526702097, 19.385412174222125, 10.4422074520701, 8.915109220766261, 13.053584516181408, 5.879471736315646, 15.156841850126593, 0.0, 9.12053321867176, 13.69680925719372, 9.352400692136074, 13.738106166056248, 0.9807764841859469, 10.909086356704243, 14.016954884211584, 13.37714014210496, 11.670265210948424, 10.414182602036343, 8.687334358965044, 9.821795677923792, 6.935132605367576, 6.935132605367576, 6.935132605367576, 6.935132605367576, 6.935132605367576, 6.935132605367576, 6.935132605367576, 6.935132605367576, 6.935132605367576, 6.935132605367576, 6.935132605367576, 6.935132605367576, 6.935132605367576, 6.935132605367576, 6.935132605367576], [12.66350588363802, 11.528567581525449, 9.12053321867176, 0.0, 17.7939661774244, 17.605185602581972, 18.759855320310702, 8.14095937786212, 4.009664541822556, 7.270111336705643, 14.351189198149843, 8.018647098717027, 1.8771987693428183, 14.209607582150507, 3.9951189032637298, 9.464938818468413, 9.464938818468413, 9.464938818468413, 9.464938818468413, 9.464938818468413, 9.464938818468413, 9.464938818468413, 9.464938818468413, 9.464938818468413, 9.464938818468413, 9.464938818468413, 9.464938818468413, 9.464938818468413, 9.464938818468413, 9.464938818468413, 13.066536111101643, 11.004077829785425, 2.5245997318842317, 0.6048541065791625, 21.120809731548135, 9.71562222202694, 16.269155223266793, 19.1079669151908, 14.175535280791319, 14.86208920526444, 4.761123788448519, 3.3917013765714987, 8.081411057871348, 6.388696387466889, 21.120809731548135, 9.71562222202694, 14.175535280791319, 19.1079669151908, 13.066536111101643, 4.761123788448519, 12.66350588363802, 11.528567581525449, 9.12053321867176, 0.0, 17.7939661774244, 17.605185602581972, 18.759855320310702, 8.14095937786212, 4.009664541822556, 7.270111336705643, 14.351189198149843, 8.018647098717027, 1.8771987693428183, 14.209607582150507, 3.9951189032637298, 9.464938818468413, 9.464938818468413, 9.464938818468413, 9.464938818468413, 9.464938818468413, 9.464938818468413, 9.464938818468413, 9.464938818468413, 9.464938818468413, 9.464938818468413, 9.464938818468413, 9.464938818468413, 9.464938818468413, 9.464938818468413, 9.464938818468413], [18.86060988073366, 12.53529107835653, 13.69680925719372, 17.7939661774244, 0.0, 19.547354194650122, 1.9256538068909432, 13.865534543692103, 21.49081475333065, 16.501687500726828, 5.61033455674802, 12.29792312956209, 19.670657866062516, 5.1088995849449015, 20.896926102835458, 8.41833618705171, 8.41833618705171, 8.41833618705171, 8.41833618705171, 8.41833618705171, 8.41833618705171, 8.41833618705171, 8.41833618705171, 8.41833618705171, 8.41833618705171, 8.41833618705171, 8.41833618705171, 8.41833618705171, 8.41833618705171, 8.41833618705171, 5.008210278526673, 8.523683699013018, 20.17859108589803, 17.365377499980685, 17.735796096168055, 23.895798707633716, 16.75218403960402, 19.157729888356794, 16.659938885383042, 5.552927210600388, 18.32582558384439, 15.964668938850853, 20.117240055168487, 20.52385544924561, 17.735796096168055, 23.895798707633716, 16.659938885383042, 19.157729888356794, 5.008210278526673, 18.32582558384439, 18.86060988073366, 12.53529107835653, 13.69680925719372, 17.7939661774244, 0.0, 19.547354194650122, 1.9256538068909432, 13.865534543692103, 21.49081475333065, 16.501687500726828, 5.61033455674802, 12.29792312956209, 19.670657866062516, 5.1088995849449015, 20.896926102835458, 8.41833618705171, 8.41833618705171, 8.41833618705171, 8.41833618705171, 8.41833618705171, 8.41833618705171, 8.41833618705171, 8.41833618705171, 8.41833618705171, 8.41833618705171, 8.41833618705171, 8.41833618705171, 8.41833618705171, 8.41833618705171, 8.41833618705171], [5.300073850342641, 24.334062469637892, 9.352400692136074, 17.605185602581972, 19.547354194650122, 0.0, 18.703240553592188, 10.192497063617935, 17.905452186868224, 23.3177948623907, 21.308055037511686, 20.972401713132346, 18.378306276129514, 14.730028952091672, 16.669387791871124, 15.530071850792108, 15.530071850792108, 15.530071850792108, 15.530071850792108, 15.530071850792108, 15.530071850792108, 15.530071850792108, 15.530071850792108, 15.530071850792108, 15.530071850792108, 15.530071850792108, 15.530071850792108, 15.530071850792108, 15.530071850792108, 15.530071850792108, 16.010893527901683, 12.687747012610352, 19.427413870479555, 17.833052489034735, 5.771934870605139, 13.670238005354998, 2.7952599804649747, 2.104238200330798, 28.67828810609013, 14.034801482265154, 22.036252078225097, 14.344879694389299, 11.084676393007655, 13.288517748063398, 5.771934870605139, 13.670238005354998, 28.67828810609013, 2.104238200330798, 16.010893527901683, 22.036252078225097, 5.300073850342641, 24.334062469637892, 9.352400692136074, 17.605185602581972, 19.547354194650122, 0.0, 18.703240553592188, 10.192497063617935, 17.905452186868224, 23.3177948623907, 21.308055037511686, 20.972401713132346, 18.378306276129514, 14.730028952091672, 16.669387791871124, 15.530071850792108, 15.530071850792108, 15.530071850792108, 15.530071850792108, 15.530071850792108, 15.530071850792108, 15.530071850792108, 15.530071850792108, 15.530071850792108, 15.530071850792108, 15.530071850792108, 15.530071850792108, 15.530071850792108, 15.530071850792108, 15.530071850792108], [18.5282898783441, 14.334825782660115, 13.738106166056248, 18.759855320310702, 1.9256538068909432, 18.703240553592188, 0.0, 14.039150750746959, 22.310982873225285, 18.049655847377053, 7.466003142735616, 13.832826868815303, 20.62565188101111, 5.078460195187016, 21.630602159516176, 9.29500604464416, 9.29500604464416, 9.29500604464416, 9.29500604464416, 9.29500604464416, 9.29500604464416, 9.29500604464416, 9.29500604464416, 9.29500604464416, 9.29500604464416, 9.29500604464416, 9.29500604464416, 9.29500604464416, 9.29500604464416, 9.29500604464416, 5.699737695955, 8.725404886826562, 21.206105344267854, 18.372095497883727, 16.418163422061106, 24.18398669212328, 15.919325176576868, 18.131051652980727, 18.533587742038264, 5.127009722330572, 19.678360256334887, 16.652627540793492, 20.33753197427085, 20.946654080424615, 16.418163422061106, 24.18398669212328, 18.533587742038264, 18.131051652980727, 5.699737695955, 19.678360256334887, 18.5282898783441, 14.334825782660115, 13.738106166056248, 18.759855320310702, 1.9256538068909432, 18.703240553592188, 0.0, 14.039150750746959, 22.310982873225285, 18.049655847377053, 7.466003142735616, 13.832826868815303, 20.62565188101111, 5.078460195187016, 21.630602159516176, 9.29500604464416, 9.29500604464416, 9.29500604464416, 9.29500604464416, 9.29500604464416, 9.29500604464416, 9.29500604464416, 9.29500604464416, 9.29500604464416, 9.29500604464416, 9.29500604464416, 9.29500604464416, 9.29500604464416, 9.29500604464416, 9.29500604464416], [6.372001322194519, 14.501742066253694, 0.9807764841859469, 8.14095937786212, 13.865534543692103, 10.192497063617935, 14.039150750746959, 0.0, 10.016603324017131, 13.133182667552223, 13.140823747183118, 10.94372834142074, 9.4521585115631, 8.961679968127982, 8.956151981260508, 6.6316276949251165, 6.6316276949251165, 6.6316276949251165, 6.6316276949251165, 6.6316276949251165, 6.6316276949251165, 6.6316276949251165, 6.6316276949251165, 6.6316276949251165, 6.6316276949251165, 6.6316276949251165, 6.6316276949251165, 6.6316276949251165, 6.6316276949251165, 6.6316276949251165, 8.971685567287343, 5.350671469679236, 10.431260337971898, 8.195308094078035, 13.021532963136837, 10.16076165849467, 8.365628832094213, 11.356721785179612, 18.650009900273435, 9.073977061239203, 12.093873923937961, 4.761909162143176, 6.298581935758492, 7.149484855544013, 13.021532963136837, 10.16076165849467, 18.650009900273435, 11.356721785179612, 8.971685567287343, 12.093873923937961, 6.372001322194519, 14.501742066253694, 0.9807764841859469, 8.14095937786212, 13.865534543692103, 10.192497063617935, 14.039150750746959, 0.0, 10.016603324017131, 13.133182667552223, 13.140823747183118, 10.94372834142074, 9.4521585115631, 8.961679968127982, 8.956151981260508, 6.6316276949251165, 6.6316276949251165, 6.6316276949251165, 6.6316276949251165, 6.6316276949251165, 6.6316276949251165, 6.6316276949251165, 6.6316276949251165, 6.6316276949251165, 6.6316276949251165, 6.6316276949251165, 6.6316276949251165, 6.6316276949251165, 6.6316276949251165, 6.6316276949251165], [12.632690474607806, 15.36871537683861, 10.909086356704243, 4.009664541822556, 21.49081475333065, 17.905452186868224, 22.310982873225285, 10.016603324017131, 0.0, 10.570082648248802, 18.32022661990852, 11.976956811732265, 2.4132577232136145, 17.532918762670057, 1.2363470900292177, 13.07737927878659, 13.07737927878659, 13.07737927878659, 13.07737927878659, 13.07737927878659, 13.07737927878659, 13.07737927878659, 13.07737927878659, 13.07737927878659, 13.07737927878659, 13.07737927878659, 13.07737927878659, 13.07737927878659, 13.07737927878659, 13.07737927878659, 16.62136774593505, 14.072698294050522, 2.8796682002140277, 4.585721797020418, 22.265407849486298, 6.962077161365284, 17.166126532019728, 19.688077509144986, 17.56393693830804, 18.048670698075497, 7.462092649754081, 5.773241634351042, 7.019398670724452, 4.793002323871137, 22.265407849486298, 6.962077161365284, 17.56393693830804, 19.688077509144986, 16.62136774593505, 7.462092649754081, 12.632690474607806, 15.36871537683861, 10.909086356704243, 4.009664541822556, 21.49081475333065, 17.905452186868224, 22.310982873225285, 10.016603324017131, 0.0, 10.570082648248802, 18.32022661990852, 11.976956811732265, 2.4132577232136145, 17.532918762670057, 1.2363470900292177, 13.07737927878659, 13.07737927878659, 13.07737927878659, 13.07737927878659, 13.07737927878659, 13.07737927878659, 13.07737927878659, 13.07737927878659, 13.07737927878659, 13.07737927878659, 13.07737927878659, 13.07737927878659, 13.07737927878659, 13.07737927878659, 13.07737927878659], [18.946393503299827, 5.649210494338845, 14.016954884211584, 7.270111336705643, 16.501687500726828, 23.3177948623907, 18.049655847377053, 13.133182667552223, 10.570082648248802, 0.0, 11.417411170631265, 4.216835916584725, 8.200305312363238, 14.924913896540811, 11.020894325649582, 10.148241519718068, 10.148241519718068, 10.148241519718068, 10.148241519718068, 10.148241519718068, 10.148241519718068, 10.148241519718068, 10.148241519718068, 10.148241519718068, 10.148241519718068, 10.148241519718068, 10.148241519718068, 10.148241519718068, 10.148241519718068, 10.148241519718068, 13.10402462392672, 13.09945052376201, 7.762239398589303, 6.720900486953363, 25.66451200765144, 16.96656025846397, 21.41864036085156, 24.45261283511478, 6.996369408698316, 15.920129801178467, 3.293335768874151, 9.457344577227042, 15.172957036100659, 13.64158718867104, 25.66451200765144, 16.96656025846397, 6.996369408698316, 24.45261283511478, 13.10402462392672, 3.293335768874151, 18.946393503299827, 5.649210494338845, 14.016954884211584, 7.270111336705643, 16.501687500726828, 23.3177948623907, 18.049655847377053, 13.133182667552223, 10.570082648248802, 0.0, 11.417411170631265, 4.216835916584725, 8.200305312363238, 14.924913896540811, 11.020894325649582, 10.148241519718068, 10.148241519718068, 10.148241519718068, 10.148241519718068, 10.148241519718068, 10.148241519718068, 10.148241519718068, 10.148241519718068, 10.148241519718068, 10.148241519718068, 10.148241519718068, 10.148241519718068, 10.148241519718068, 10.148241519718068, 10.148241519718068], [19.193197462207543, 6.955245676078407, 13.37714014210496, 14.351189198149843, 5.61033455674802, 21.308055037511686, 7.466003142735616, 13.140823747183118, 18.32022661990852, 11.417411170631265, 0.0, 7.391265361579359, 16.175178385182523, 7.171796963138215, 18.00248747269811, 6.518729718423373, 6.518729718423373, 6.518729718423373, 6.518729718423373, 6.518729718423373, 6.518729718423373, 6.518729718423373, 6.518729718423373, 6.518729718423373, 6.518729718423373, 6.518729718423373, 6.518729718423373, 6.518729718423373, 6.518729718423373, 6.518729718423373, 5.415497295615238, 8.67828068501193, 16.451680123536217, 13.821369701301611, 20.93071697241918, 22.18772379744386, 18.628291625002582, 21.458420753841175, 11.068623212850877, 8.215805903084282, 13.727162977533807, 13.486532299668278, 18.772401802465073, 18.56234999028975, 20.93071697241918, 22.18772379744386, 11.068623212850877, 21.458420753841175, 5.415497295615238, 13.727162977533807, 19.193197462207543, 6.955245676078407, 13.37714014210496, 14.351189198149843, 5.61033455674802, 21.308055037511686, 7.466003142735616, 13.140823747183118, 18.32022661990852, 11.417411170631265, 0.0, 7.391265361579359, 16.175178385182523, 7.171796963138215, 18.00248747269811, 6.518729718423373, 6.518729718423373, 6.518729718423373, 6.518729718423373, 6.518729718423373, 6.518729718423373, 6.518729718423373, 6.518729718423373, 6.518729718423373, 6.518729718423373, 6.518729718423373, 6.518729718423373, 6.518729718423373, 6.518729718423373, 6.518729718423373], [17.22657360510736, 3.7661975086088404, 11.670265210948424, 8.018647098717027, 12.29792312956209, 20.972401713132346, 13.832826868815303, 10.94372834142074, 11.976956811732265, 4.216835916584725, 7.391265361579359, 0.0, 9.616800629415186, 10.879289128078709, 11.996446090356704, 6.382168636433191, 6.382168636433191, 6.382168636433191, 6.382168636433191, 6.382168636433191, 6.382168636433191, 6.382168636433191, 6.382168636433191, 6.382168636433191, 6.382168636433191, 6.382168636433191, 6.382168636433191, 6.382168636433191, 6.382168636433191, 6.382168636433191, 8.99030251948002, 9.53324919226247, 9.63350896470231, 7.419823575473934, 22.565732207926324, 17.282739527153286, 18.768279092659842, 21.828130548407223, 7.715193066708179, 11.915988697506867, 6.356856470214009, 8.653638778940838, 14.647101620940642, 13.660570918355939, 22.565732207926324, 17.282739527153286, 7.715193066708179, 21.828130548407223, 8.99030251948002, 6.356856470214009, 17.22657360510736, 3.7661975086088404, 11.670265210948424, 8.018647098717027, 12.29792312956209, 20.972401713132346, 13.832826868815303, 10.94372834142074, 11.976956811732265, 4.216835916584725, 7.391265361579359, 0.0, 9.616800629415186, 10.879289128078709, 11.996446090356704, 6.382168636433191, 6.382168636433191, 6.382168636433191, 6.382168636433191, 6.382168636433191, 6.382168636433191, 6.382168636433191, 6.382168636433191, 6.382168636433191, 6.382168636433191, 6.382168636433191, 6.382168636433191, 6.382168636433191, 6.382168636433191, 6.382168636433191], [13.249856732613353, 12.961927971139762, 10.414182602036343, 1.8771987693428183, 19.670657866062516, 18.378306276129514, 20.62565188101111, 9.4521585115631, 2.4132577232136145, 8.200305312363238, 16.175178385182523, 9.616800629415186, 0.0, 16.03356329366636, 2.8734631782400526, 11.3311071672149, 11.3311071672149, 11.3311071672149, 11.3311071672149, 11.3311071672149, 11.3311071672149, 11.3311071672149, 11.3311071672149, 11.3311071672149, 11.3311071672149, 11.3311071672149, 11.3311071672149, 11.3311071672149, 11.3311071672149, 11.3311071672149, 14.929248921696004, 12.757327005063306, 1.049172849692725, 2.357164958315464, 22.255819300161725, 8.958437709460366, 17.281330072872073, 20.006905730616634, 15.196282189105451, 16.65684326725429, 5.195532064745338, 4.744088443095116, 8.105100771116108, 6.0868167124230625, 22.255819300161725, 8.958437709460366, 15.196282189105451, 20.006905730616634, 14.929248921696004, 5.195532064745338, 13.249856732613353, 12.961927971139762, 10.414182602036343, 1.8771987693428183, 19.670657866062516, 18.378306276129514, 20.62565188101111, 9.4521585115631, 2.4132577232136145, 8.200305312363238, 16.175178385182523, 9.616800629415186, 0.0, 16.03356329366636, 2.8734631782400526, 11.3311071672149, 11.3311071672149, 11.3311071672149, 11.3311071672149, 11.3311071672149, 11.3311071672149, 11.3311071672149, 11.3311071672149, 11.3311071672149, 11.3311071672149, 11.3311071672149, 11.3311071672149, 11.3311071672149, 11.3311071672149, 11.3311071672149], [13.752884055351744, 12.637775386425321, 8.687334358965044, 14.209607582150507, 5.1088995849449015, 14.730028952091672, 5.078460195187016, 8.961679968127982, 17.532918762670057, 14.924913896540811, 7.171796963138215, 10.879289128078709, 16.03356329366636, 0.0, 16.769991526544576, 4.9965678807496126, 4.9965678807496126, 4.9965678807496126, 4.9965678807496126, 4.9965678807496126, 4.9965678807496126, 4.9965678807496126, 4.9965678807496126, 4.9965678807496126, 4.9965678807496126, 4.9965678807496126, 4.9965678807496126, 4.9965678807496126, 4.9965678807496126, 4.9965678807496126, 2.005038474261153, 3.6571090901205485, 16.71675057069604, 13.892490891240941, 13.780484704976335, 19.106258590414054, 11.954749526302283, 14.587841813115382, 17.228015907453667, 1.1072267461855367, 15.895298901996432, 11.79088824549332, 15.259625820686, 15.896415064501454, 13.780484704976335, 19.106258590414054, 17.228015907453667, 14.587841813115382, 2.005038474261153, 15.895298901996432, 13.752884055351744, 12.637775386425321, 8.687334358965044, 14.209607582150507, 5.1088995849449015, 14.730028952091672, 5.078460195187016, 8.961679968127982, 17.532918762670057, 14.924913896540811, 7.171796963138215, 10.879289128078709, 16.03356329366636, 0.0, 16.769991526544576, 4.9965678807496126, 4.9965678807496126, 4.9965678807496126, 4.9965678807496126, 4.9965678807496126, 4.9965678807496126, 4.9965678807496126, 4.9965678807496126, 4.9965678807496126, 4.9965678807496126, 4.9965678807496126, 4.9965678807496126, 4.9965678807496126, 4.9965678807496126, 4.9965678807496126], [11.39649958436146, 15.522511068565091, 9.821795677923792, 3.9951189032637298, 20.896926102835458, 16.669387791871124, 21.630602159516176, 8.956151981260508, 1.2363470900292177, 11.020894325649582, 18.00248747269811, 11.996446090356704, 2.8734631782400526, 16.769991526544576, 0.0, 12.482840430440158, 12.482840430440158, 12.482840430440158, 12.482840430440158, 12.482840430440158, 12.482840430440158, 12.482840430440158, 12.482840430440158, 12.482840430440158, 12.482840430440158, 12.482840430440158, 12.482840430440158, 12.482840430440158, 12.482840430440158, 12.482840430440158, 15.96828234403678, 13.243262617677809, 3.647007379594734, 4.59984684352489, 21.05789466622521, 6.0974270770488515, 15.9500103328719, 18.455969258998255, 18.0061274023759, 17.231428483127395, 8.068751838318999, 4.983596171101696, 5.803636671412186, 3.5939799794007405, 21.05789466622521, 6.0974270770488515, 18.0061274023759, 18.455969258998255, 15.96828234403678, 8.068751838318999, 11.39649958436146, 15.522511068565091, 9.821795677923792, 3.9951189032637298, 20.896926102835458, 16.669387791871124, 21.630602159516176, 8.956151981260508, 1.2363470900292177, 11.020894325649582, 18.00248747269811, 11.996446090356704, 2.8734631782400526, 16.769991526544576, 0.0, 12.482840430440158, 12.482840430440158, 12.482840430440158, 12.482840430440158, 12.482840430440158, 12.482840430440158, 12.482840430440158, 12.482840430440158, 12.482840430440158, 12.482840430440158, 12.482840430440158, 12.482840430440158, 12.482840430440158, 12.482840430440158, 12.482840430440158], [12.806191094803154, 9.05877728943422, 6.935132605367576, 9.464938818468413, 8.41833618705171, 15.530071850792108, 9.29500604464416, 6.6316276949251165, 13.07737927878659, 10.148241519718068, 6.518729718423373, 6.382168636433191, 11.3311071672149, 4.9965678807496126, 12.482840430440158, 0.0, 0.0, 0.0, 0.0, 0.0, 0.0, 0.0, 0.0, 0.0, 0.0, 0.0, 0.0, 0.0, 0.0, 0.0, 3.6050626338368246, 3.2026361957158844, 11.920890210757086, 9.084525651405666, 16.374846892407565, 15.917124529527433, 13.048804305569142, 16.05783258791328, 13.625187893976229, 5.87849048817718, 10.904336846759028, 7.582282231478056, 12.35299148945042, 12.379534231268709, 16.374846892407565, 15.917124529527433, 13.625187893976229, 16.05783258791328, 3.6050626338368246, 10.904336846759028, 12.806191094803154, 9.05877728943422, 6.935132605367576, 9.464938818468413, 8.41833618705171, 15.530071850792108, 9.29500604464416, 6.6316276949251165, 13.07737927878659, 10.148241519718068, 6.518729718423373, 6.382168636433191, 11.3311071672149, 4.9965678807496126, 12.482840430440158, 0.0, 0.0, 0.0, 0.0, 0.0, 0.0, 0.0, 0.0, 0.0, 0.0, 0.0, 0.0, 0.0, 0.0, 0.0], [12.806191094803154, 9.05877728943422, 6.935132605367576, 9.464938818468413, 8.41833618705171, 15.530071850792108, 9.29500604464416, 6.6316276949251165, 13.07737927878659, 10.148241519718068, 6.518729718423373, 6.382168636433191, 11.3311071672149, 4.9965678807496126, 12.482840430440158, 0.0, 0.0, 0.0, 0.0, 0.0, 0.0, 0.0, 0.0, 0.0, 0.0, 0.0, 0.0, 0.0, 0.0, 0.0, 3.6050626338368246, 3.2026361957158844, 11.920890210757086, 9.084525651405666, 16.374846892407565, 15.917124529527433, 13.048804305569142, 16.05783258791328, 13.625187893976229, 5.87849048817718, 10.904336846759028, 7.582282231478056, 12.35299148945042, 12.379534231268709, 16.374846892407565, 15.917124529527433, 13.625187893976229, 16.05783258791328, 3.6050626338368246, 10.904336846759028, 12.806191094803154, 9.05877728943422, 6.935132605367576, 9.464938818468413, 8.41833618705171, 15.530071850792108, 9.29500604464416, 6.6316276949251165, 13.07737927878659, 10.148241519718068, 6.518729718423373, 6.382168636433191, 11.3311071672149, 4.9965678807496126, 12.482840430440158, 0.0, 0.0, 0.0, 0.0, 0.0, 0.0, 0.0, 0.0, 0.0, 0.0, 0.0, 0.0, 0.0, 0.0, 0.0], [12.806191094803154, 9.05877728943422, 6.935132605367576, 9.464938818468413, 8.41833618705171, 15.530071850792108, 9.29500604464416, 6.6316276949251165, 13.07737927878659, 10.148241519718068, 6.518729718423373, 6.382168636433191, 11.3311071672149, 4.9965678807496126, 12.482840430440158, 0.0, 0.0, 0.0, 0.0, 0.0, 0.0, 0.0, 0.0, 0.0, 0.0, 0.0, 0.0, 0.0, 0.0, 0.0, 3.6050626338368246, 3.2026361957158844, 11.920890210757086, 9.084525651405666, 16.374846892407565, 15.917124529527433, 13.048804305569142, 16.05783258791328, 13.625187893976229, 5.87849048817718, 10.904336846759028, 7.582282231478056, 12.35299148945042, 12.379534231268709, 16.374846892407565, 15.917124529527433, 13.625187893976229, 16.05783258791328, 3.6050626338368246, 10.904336846759028, 12.806191094803154, 9.05877728943422, 6.935132605367576, 9.464938818468413, 8.41833618705171, 15.530071850792108, 9.29500604464416, 6.6316276949251165, 13.07737927878659, 10.148241519718068, 6.518729718423373, 6.382168636433191, 11.3311071672149, 4.9965678807496126, 12.482840430440158, 0.0, 0.0, 0.0, 0.0, 0.0, 0.0, 0.0, 0.0, 0.0, 0.0, 0.0, 0.0, 0.0, 0.0, 0.0], [12.806191094803154, 9.05877728943422, 6.935132605367576, 9.464938818468413, 8.41833618705171, 15.530071850792108, 9.29500604464416, 6.6316276949251165, 13.07737927878659, 10.148241519718068, 6.518729718423373, 6.382168636433191, 11.3311071672149, 4.9965678807496126, 12.482840430440158, 0.0, 0.0, 0.0, 0.0, 0.0, 0.0, 0.0, 0.0, 0.0, 0.0, 0.0, 0.0, 0.0, 0.0, 0.0, 3.6050626338368246, 3.2026361957158844, 11.920890210757086, 9.084525651405666, 16.374846892407565, 15.917124529527433, 13.048804305569142, 16.05783258791328, 13.625187893976229, 5.87849048817718, 10.904336846759028, 7.582282231478056, 12.35299148945042, 12.379534231268709, 16.374846892407565, 15.917124529527433, 13.625187893976229, 16.05783258791328, 3.6050626338368246, 10.904336846759028, 12.806191094803154, 9.05877728943422, 6.935132605367576, 9.464938818468413, 8.41833618705171, 15.530071850792108, 9.29500604464416, 6.6316276949251165, 13.07737927878659, 10.148241519718068, 6.518729718423373, 6.382168636433191, 11.3311071672149, 4.9965678807496126, 12.482840430440158, 0.0, 0.0, 0.0, 0.0, 0.0, 0.0, 0.0, 0.0, 0.0, 0.0, 0.0, 0.0, 0.0, 0.0, 0.0], [12.806191094803154, 9.05877728943422, 6.935132605367576, 9.464938818468413, 8.41833618705171, 15.530071850792108, 9.29500604464416, 6.6316276949251165, 13.07737927878659, 10.148241519718068, 6.518729718423373, 6.382168636433191, 11.3311071672149, 4.9965678807496126, 12.482840430440158, 0.0, 0.0, 0.0, 0.0, 0.0, 0.0, 0.0, 0.0, 0.0, 0.0, 0.0, 0.0, 0.0, 0.0, 0.0, 3.6050626338368246, 3.2026361957158844, 11.920890210757086, 9.084525651405666, 16.374846892407565, 15.917124529527433, 13.048804305569142, 16.05783258791328, 13.625187893976229, 5.87849048817718, 10.904336846759028, 7.582282231478056, 12.35299148945042, 12.379534231268709, 16.374846892407565, 15.917124529527433, 13.625187893976229, 16.05783258791328, 3.6050626338368246, 10.904336846759028, 12.806191094803154, 9.05877728943422, 6.935132605367576, 9.464938818468413, 8.41833618705171, 15.530071850792108, 9.29500604464416, 6.6316276949251165, 13.07737927878659, 10.148241519718068, 6.518729718423373, 6.382168636433191, 11.3311071672149, 4.9965678807496126, 12.482840430440158, 0.0, 0.0, 0.0, 0.0, 0.0, 0.0, 0.0, 0.0, 0.0, 0.0, 0.0, 0.0, 0.0, 0.0, 0.0], [12.806191094803154, 9.05877728943422, 6.935132605367576, 9.464938818468413, 8.41833618705171, 15.530071850792108, 9.29500604464416, 6.6316276949251165, 13.07737927878659, 10.148241519718068, 6.518729718423373, 6.382168636433191, 11.3311071672149, 4.9965678807496126, 12.482840430440158, 0.0, 0.0, 0.0, 0.0, 0.0, 0.0, 0.0, 0.0, 0.0, 0.0, 0.0, 0.0, 0.0, 0.0, 0.0, 3.6050626338368246, 3.2026361957158844, 11.920890210757086, 9.084525651405666, 16.374846892407565, 15.917124529527433, 13.048804305569142, 16.05783258791328, 13.625187893976229, 5.87849048817718, 10.904336846759028, 7.582282231478056, 12.35299148945042, 12.379534231268709, 16.374846892407565, 15.917124529527433, 13.625187893976229, 16.05783258791328, 3.6050626338368246, 10.904336846759028, 12.806191094803154, 9.05877728943422, 6.935132605367576, 9.464938818468413, 8.41833618705171, 15.530071850792108, 9.29500604464416, 6.6316276949251165, 13.07737927878659, 10.148241519718068, 6.518729718423373, 6.382168636433191, 11.3311071672149, 4.9965678807496126, 12.482840430440158, 0.0, 0.0, 0.0, 0.0, 0.0, 0.0, 0.0, 0.0, 0.0, 0.0, 0.0, 0.0, 0.0, 0.0, 0.0], [12.806191094803154, 9.05877728943422, 6.935132605367576, 9.464938818468413, 8.41833618705171, 15.530071850792108, 9.29500604464416, 6.6316276949251165, 13.07737927878659, 10.148241519718068, 6.518729718423373, 6.382168636433191, 11.3311071672149, 4.9965678807496126, 12.482840430440158, 0.0, 0.0, 0.0, 0.0, 0.0, 0.0, 0.0, 0.0, 0.0, 0.0, 0.0, 0.0, 0.0, 0.0, 0.0, 3.6050626338368246, 3.2026361957158844, 11.920890210757086, 9.084525651405666, 16.374846892407565, 15.917124529527433, 13.048804305569142, 16.05783258791328, 13.625187893976229, 5.87849048817718, 10.904336846759028, 7.582282231478056, 12.35299148945042, 12.379534231268709, 16.374846892407565, 15.917124529527433, 13.625187893976229, 16.05783258791328, 3.6050626338368246, 10.904336846759028, 12.806191094803154, 9.05877728943422, 6.935132605367576, 9.464938818468413, 8.41833618705171, 15.530071850792108, 9.29500604464416, 6.6316276949251165, 13.07737927878659, 10.148241519718068, 6.518729718423373, 6.382168636433191, 11.3311071672149, 4.9965678807496126, 12.482840430440158, 0.0, 0.0, 0.0, 0.0, 0.0, 0.0, 0.0, 0.0, 0.0, 0.0, 0.0, 0.0, 0.0, 0.0, 0.0], [12.806191094803154, 9.05877728943422, 6.935132605367576, 9.464938818468413, 8.41833618705171, 15.530071850792108, 9.29500604464416, 6.6316276949251165, 13.07737927878659, 10.148241519718068, 6.518729718423373, 6.382168636433191, 11.3311071672149, 4.9965678807496126, 12.482840430440158, 0.0, 0.0, 0.0, 0.0, 0.0, 0.0, 0.0, 0.0, 0.0, 0.0, 0.0, 0.0, 0.0, 0.0, 0.0, 3.6050626338368246, 3.2026361957158844, 11.920890210757086, 9.084525651405666, 16.374846892407565, 15.917124529527433, 13.048804305569142, 16.05783258791328, 13.625187893976229, 5.87849048817718, 10.904336846759028, 7.582282231478056, 12.35299148945042, 12.379534231268709, 16.374846892407565, 15.917124529527433, 13.625187893976229, 16.05783258791328, 3.6050626338368246, 10.904336846759028, 12.806191094803154, 9.05877728943422, 6.935132605367576, 9.464938818468413, 8.41833618705171, 15.530071850792108, 9.29500604464416, 6.6316276949251165, 13.07737927878659, 10.148241519718068, 6.518729718423373, 6.382168636433191, 11.3311071672149, 4.9965678807496126, 12.482840430440158, 0.0, 0.0, 0.0, 0.0, 0.0, 0.0, 0.0, 0.0, 0.0, 0.0, 0.0, 0.0, 0.0, 0.0, 0.0], [12.806191094803154, 9.05877728943422, 6.935132605367576, 9.464938818468413, 8.41833618705171, 15.530071850792108, 9.29500604464416, 6.6316276949251165, 13.07737927878659, 10.148241519718068, 6.518729718423373, 6.382168636433191, 11.3311071672149, 4.9965678807496126, 12.482840430440158, 0.0, 0.0, 0.0, 0.0, 0.0, 0.0, 0.0, 0.0, 0.0, 0.0, 0.0, 0.0, 0.0, 0.0, 0.0, 3.6050626338368246, 3.2026361957158844, 11.920890210757086, 9.084525651405666, 16.374846892407565, 15.917124529527433, 13.048804305569142, 16.05783258791328, 13.625187893976229, 5.87849048817718, 10.904336846759028, 7.582282231478056, 12.35299148945042, 12.379534231268709, 16.374846892407565, 15.917124529527433, 13.625187893976229, 16.05783258791328, 3.6050626338368246, 10.904336846759028, 12.806191094803154, 9.05877728943422, 6.935132605367576, 9.464938818468413, 8.41833618705171, 15.530071850792108, 9.29500604464416, 6.6316276949251165, 13.07737927878659, 10.148241519718068, 6.518729718423373, 6.382168636433191, 11.3311071672149, 4.9965678807496126, 12.482840430440158, 0.0, 0.0, 0.0, 0.0, 0.0, 0.0, 0.0, 0.0, 0.0, 0.0, 0.0, 0.0, 0.0, 0.0, 0.0], [12.806191094803154, 9.05877728943422, 6.935132605367576, 9.464938818468413, 8.41833618705171, 15.530071850792108, 9.29500604464416, 6.6316276949251165, 13.07737927878659, 10.148241519718068, 6.518729718423373, 6.382168636433191, 11.3311071672149, 4.9965678807496126, 12.482840430440158, 0.0, 0.0, 0.0, 0.0, 0.0, 0.0, 0.0, 0.0, 0.0, 0.0, 0.0, 0.0, 0.0, 0.0, 0.0, 3.6050626338368246, 3.2026361957158844, 11.920890210757086, 9.084525651405666, 16.374846892407565, 15.917124529527433, 13.048804305569142, 16.05783258791328, 13.625187893976229, 5.87849048817718, 10.904336846759028, 7.582282231478056, 12.35299148945042, 12.379534231268709, 16.374846892407565, 15.917124529527433, 13.625187893976229, 16.05783258791328, 3.6050626338368246, 10.904336846759028, 12.806191094803154, 9.05877728943422, 6.935132605367576, 9.464938818468413, 8.41833618705171, 15.530071850792108, 9.29500604464416, 6.6316276949251165, 13.07737927878659, 10.148241519718068, 6.518729718423373, 6.382168636433191, 11.3311071672149, 4.9965678807496126, 12.482840430440158, 0.0, 0.0, 0.0, 0.0, 0.0, 0.0, 0.0, 0.0, 0.0, 0.0, 0.0, 0.0, 0.0, 0.0, 0.0], [12.806191094803154, 9.05877728943422, 6.935132605367576, 9.464938818468413, 8.41833618705171, 15.530071850792108, 9.29500604464416, 6.6316276949251165, 13.07737927878659, 10.148241519718068, 6.518729718423373, 6.382168636433191, 11.3311071672149, 4.9965678807496126, 12.482840430440158, 0.0, 0.0, 0.0, 0.0, 0.0, 0.0, 0.0, 0.0, 0.0, 0.0, 0.0, 0.0, 0.0, 0.0, 0.0, 3.6050626338368246, 3.2026361957158844, 11.920890210757086, 9.084525651405666, 16.374846892407565, 15.917124529527433, 13.048804305569142, 16.05783258791328, 13.625187893976229, 5.87849048817718, 10.904336846759028, 7.582282231478056, 12.35299148945042, 12.379534231268709, 16.374846892407565, 15.917124529527433, 13.625187893976229, 16.05783258791328, 3.6050626338368246, 10.904336846759028, 12.806191094803154, 9.05877728943422, 6.935132605367576, 9.464938818468413, 8.41833618705171, 15.530071850792108, 9.29500604464416, 6.6316276949251165, 13.07737927878659, 10.148241519718068, 6.518729718423373, 6.382168636433191, 11.3311071672149, 4.9965678807496126, 12.482840430440158, 0.0, 0.0, 0.0, 0.0, 0.0, 0.0, 0.0, 0.0, 0.0, 0.0, 0.0, 0.0, 0.0, 0.0, 0.0], [12.806191094803154, 9.05877728943422, 6.935132605367576, 9.464938818468413, 8.41833618705171, 15.530071850792108, 9.29500604464416, 6.6316276949251165, 13.07737927878659, 10.148241519718068, 6.518729718423373, 6.382168636433191, 11.3311071672149, 4.9965678807496126, 12.482840430440158, 0.0, 0.0, 0.0, 0.0, 0.0, 0.0, 0.0, 0.0, 0.0, 0.0, 0.0, 0.0, 0.0, 0.0, 0.0, 3.6050626338368246, 3.2026361957158844, 11.920890210757086, 9.084525651405666, 16.374846892407565, 15.917124529527433, 13.048804305569142, 16.05783258791328, 13.625187893976229, 5.87849048817718, 10.904336846759028, 7.582282231478056, 12.35299148945042, 12.379534231268709, 16.374846892407565, 15.917124529527433, 13.625187893976229, 16.05783258791328, 3.6050626338368246, 10.904336846759028, 12.806191094803154, 9.05877728943422, 6.935132605367576, 9.464938818468413, 8.41833618705171, 15.530071850792108, 9.29500604464416, 6.6316276949251165, 13.07737927878659, 10.148241519718068, 6.518729718423373, 6.382168636433191, 11.3311071672149, 4.9965678807496126, 12.482840430440158, 0.0, 0.0, 0.0, 0.0, 0.0, 0.0, 0.0, 0.0, 0.0, 0.0, 0.0, 0.0, 0.0, 0.0, 0.0], [12.806191094803154, 9.05877728943422, 6.935132605367576, 9.464938818468413, 8.41833618705171, 15.530071850792108, 9.29500604464416, 6.6316276949251165, 13.07737927878659, 10.148241519718068, 6.518729718423373, 6.382168636433191, 11.3311071672149, 4.9965678807496126, 12.482840430440158, 0.0, 0.0, 0.0, 0.0, 0.0, 0.0, 0.0, 0.0, 0.0, 0.0, 0.0, 0.0, 0.0, 0.0, 0.0, 3.6050626338368246, 3.2026361957158844, 11.920890210757086, 9.084525651405666, 16.374846892407565, 15.91712452952743