M = 99999999.0;
numWorkers = 15;
numRoles = 5;
numNodes = 40;
wStart = [90, 90, 180, 60, 150, 120, 60, 30, 0, 0, 0, 0, 0, 0, 0, 90, 60, 150, 30, 210, 150, 90, 90, 210, 330, 300, 120, 480, 330, 330, 360, 210, 360, 480, 480, 480, 480, 480, 480, 480];
wEnd = [90, 90, 180, 60, 150, 120, 60, 30, 0, 0, 0, 0, 0, 0, 0, 420, 180, 450, 390, 360, 330, 270, 210, 360, 450, 300, 120, 480, 330, 330, 360, 210, 360, 480, 480, 480, 480, 480, 480, 480];
p = [0, 0, 0, 0, 0, 0, 0, 0, 0, 0, 0, 0, 0, 0, 0, 72.60113873775634, 32.66143557694352, 56.791542666150356, 54.197960481208895, 58.683748730867514, 39.75455905144544, 71.30647035570402, 16.308997648660807, 64.8428959928938, 52.86766884757654, 0, 0, 0, 0, 0, 0, 0, 0, 0, 0, 0, 0, 0, 0, 0];
e = [[1, 1, 0, 0, 0], [0, 1, 0, 1, 0], [0, 0, 1, 0, 0], [0, 0, 1, 0, 0], [0, 1, 0, 0, 0], [1, 0, 0, 0, 0], [0, 1, 0, 0, 0], [0, 0, 0, 1, 0], [0, 0, 1, 0, 0], [0, 0, 0, 0, 1], [0, 0, 0, 1, 0], [1, 0, 0, 0, 0], [0, 0, 0, 0, 1], [0, 0, 0, 0, 1], [1, 0, 0, 0, 0]];
d = [[2, 0, 0, 1, 2, 1, 0, 0, 1, 0], [2, 2, 2, 1, 2, 0, 0, 2, 1, 0], [1, 0, 0, 0, 1, 0, 1, 0, 0, 1], [0, 1, 1, 0, 0, 1, 1, 1, 0, 1], [0, 0, 0, 2, 0, 2, 1, 0, 2, 1]];
r = [4595, 2120, 2615, 3681, 4899, 3632, 3143, 2048, 1866, 229];
g = [[0, 0, 0, 0, 0, 0, 0, 0, 0, 0], [0, 0, 0, 0, 0, 0, 0, 0, 0, 0], [0, 0, 0, 0, 0, 0, 0, 0, 0, 0], [0, 0, 0, 0, 0, 0, 0, 0, 0, 0], [0, 0, 0, 0, 0, 0, 0, 0, 0, 0], [0, 0, 0, 0, 0, 0, 0, 0, 0, 0], [0, 0, 0, 0, 0, 0, 0, 0, 0, 0], [0, 0, 0, 0, 0, 0, 0, 0, 0, 0], [0, 0, 0, 0, 0, 0, 0, 0, 0, 0], [0, 0, 0, 0, 0, 0, 0, 0, 0, 0]];
t = [[0.0, 37.47096883837564, 34.466482628952626, 48.779111711716034, 10.796700383010492, 8.27538470383112, 32.86491144225998, 42.41163023078412, 50.00951986851003, 50.00951986851003, 50.00951986851003, 50.00951986851003, 50.00951986851003, 50.00951986851003, 50.00951986851003, 27.867967408723434, 42.813148892518846, 8.506566492318624, 33.73162434689114, 39.39279089355924, 39.59537735494892, 6.177904266756117, 14.345298546085445, 15.657813959232326, 23.53970496887187, 0.0, 37.47096883837564, 34.466482628952626, 48.779111711716034, 10.796700383010492, 8.27538470383112, 32.86491144225998, 42.41163023078412, 50.00951986851003, 50.00951986851003, 50.00951986851003, 50.00951986851003, 50.00951986851003, 50.00951986851003, 50.00951986851003], [37.47096883837564, 0.0, 26.676725261131995, 30.164238275713316, 45.08276477678211, 44.47530388019656, 25.241926602786183, 12.388852636418992, 15.94108167264645, 15.94108167264645, 15.94108167264645, 15.94108167264645, 15.94108167264645, 15.94108167264645, 15.94108167264645, 52.60019062654041, 40.14992741308129, 35.87392180283336, 5.146495340348162, 12.888053334536588, 8.62666497134705, 36.43094407747328, 29.894899579458333, 23.225311398672407, 20.77814690802494, 37.47096883837564, 0.0, 26.676725261131995, 30.164238275713316, 45.08276477678211, 44.47530388019656, 25.241926602786183, 12.388852636418992, 15.94108167264645, 15.94108167264645, 15.94108167264645, 15.94108167264645, 15.94108167264645, 15.94108167264645, 15.94108167264645], [34.466482628952626, 26.676725261131995, 0.0, 14.770922266197502, 35.38390866188928, 36.99095578849735, 45.37341237904462, 19.478671628444456, 26.650221264844564, 26.650221264844564, 26.650221264844564, 26.650221264844564, 26.650221264844564, 26.650221264844564, 26.650221264844564, 33.05881223433142, 13.715672924808393, 38.95204506320189, 21.978520662016788, 38.47932098898491, 34.91935455559576, 29.43241865682329, 20.212500392088433, 21.204709206009934, 35.743421969506635, 34.466482628952626, 26.676725261131995, 0.0, 14.770922266197502, 35.38390866188928, 36.99095578849735, 45.37341237904462, 19.478671628444456, 26.650221264844564, 26.650221264844564, 26.650221264844564, 26.650221264844564, 26.650221264844564, 26.650221264844564, 26.650221264844564], [48.779111711716034, 30.164238275713316, 14.770922266197502, 0.0, 50.15418528864088, 51.730606881688544, 53.670236551203764, 18.338623740938573, 21.51792664599747, 21.51792664599747, 21.51792664599747, 21.51792664599747, 21.51792664599747, 21.51792664599747, 21.51792664599747, 46.29005217544286, 17.981326000320756, 52.417902290409224, 27.2235968344351, 43.051847208734145, 38.69687340758894, 44.03401728907765, 34.744226365165154, 34.383715977951375, 45.640545646951665, 48.779111711716034, 30.164238275713316, 14.770922266197502, 0.0, 50.15418528864088, 51.730606881688544, 53.670236551203764, 18.338623740938573, 21.51792664599747, 21.51792664599747, 21.51792664599747, 21.51792664599747, 21.51792664599747, 21.51792664599747, 21.51792664599747], [10.796700383010492, 45.08276477678211, 35.38390866188928, 50.15418528864088, 0.0, 3.5690258924133182, 43.55362747340654, 47.65505139343049, 55.62350214177009, 55.62350214177009, 55.62350214177009, 55.62350214177009, 55.62350214177009, 55.62350214177009, 55.62350214177009, 18.412594487549217, 40.35235503477355, 18.955356574423483, 40.70392205055714, 48.911457064358885, 48.531903379531734, 8.695818007069631, 16.551389763877356, 21.885383124436093, 33.85628054485322, 10.796700383010492, 45.08276477678211, 35.38390866188928, 50.15418528864088, 0.0, 3.5690258924133182, 43.55362747340654, 47.65505139343049, 55.62350214177009, 55.62350214177009, 55.62350214177009, 55.62350214177009, 55.62350214177009, 55.62350214177009, 55.62350214177009], [8.27538470383112, 44.47530388019656, 36.99095578849735, 51.730606881688544, 3.5690258924133182, 0.0, 41.103909811353795, 47.97323044321084, 55.841761213365615, 55.841761213365615, 55.841761213365615, 55.841761213365615, 55.841761213365615, 55.841761213365615, 55.841761213365615, 21.980254237487983, 42.89527379510391, 15.900723656274792, 40.3357961871653, 47.39214787272565, 47.32622384339436, 8.365130395378516, 17.33780079823485, 21.556283232741883, 31.788713115529642, 8.27538470383112, 44.47530388019656, 36.99095578849735, 51.730606881688544, 3.5690258924133182, 0.0, 41.103909811353795, 47.97323044321084, 55.841761213365615, 55.841761213365615, 55.841761213365615, 55.841761213365615, 55.841761213365615, 55.841761213365615, 55.841761213365615], [32.86491144225998, 25.241926602786183, 45.37341237904462, 53.670236551203764, 43.55362747340654, 41.103909811353795, 0.0, 37.32812990845231, 40.87791151710349, 40.87791151710349, 40.87791151710349, 40.87791151710349, 40.87791151710349, 40.87791151710349, 40.87791151710349, 58.35480238935656, 58.73171661881393, 25.974211246484256, 26.629864493144158, 15.383927234979618, 19.25169964451109, 36.094573215544415, 35.77795764689395, 28.572728650965935, 10.82233538720973, 32.86491144225998, 25.241926602786183, 45.37341237904462, 53.670236551203764, 43.55362747340654, 41.103909811353795, 0.0, 37.32812990845231, 40.87791151710349, 40.87791151710349, 40.87791151710349, 40.87791151710349, 40.87791151710349, 40.87791151710349, 40.87791151710349], [42.41163023078412, 12.388852636418992, 19.478671628444456, 18.338623740938573, 47.65505139343049, 47.97323044321084, 37.32812990845231, 0.0, 8.054663620276612, 8.054663620276612, 8.054663620276612, 8.054663620276612, 8.054663620276612, 8.054663620276612, 8.054663620276612, 50.71278738791754, 31.366069759338256, 43.12391984581572, 11.177542133190496, 25.08947463312593, 20.60740214182878, 39.60836749602651, 31.1588422476926, 26.778696867703818, 31.267177426093504, 42.41163023078412, 12.388852636418992, 19.478671628444456, 18.338623740938573, 47.65505139343049, 47.97323044321084, 37.32812990845231, 0.0, 8.054663620276612, 8.054663620276612, 8.054663620276612, 8.054663620276612, 8.054663620276612, 8.054663620276612, 8.054663620276612], [50.00951986851003, 15.94108167264645, 26.650221264844564, 21.51792664599747, 55.62350214177009, 55.841761213365615, 40.87791151710349, 8.054663620276612, 0.0, 0.0, 0.0, 0.0, 0.0, 0.0, 0.0, 58.609901750462065, 37.24266833442903, 50.10470067940208, 17.1096395724283, 26.77529065581919, 22.244223604752793, 47.47995546905726, 39.164925030027916, 34.47196717563325, 36.566984228500075, 50.00951986851003, 15.94108167264645, 26.650221264844564, 21.51792664599747, 55.62350214177009, 55.841761213365615, 40.87791151710349, 8.054663620276612, 0.0, 0.0, 0.0, 0.0, 0.0, 0.0, 0.0], [50.00951986851003, 15.94108167264645, 26.650221264844564, 21.51792664599747, 55.62350214177009, 55.841761213365615, 40.87791151710349, 8.054663620276612, 0.0, 0.0, 0.0, 0.0, 0.0, 0.0, 0.0, 58.609901750462065, 37.24266833442903, 50.10470067940208, 17.1096395724283, 26.77529065581919, 22.244223604752793, 47.47995546905726, 39.164925030027916, 34.47196717563325, 36.566984228500075, 50.00951986851003, 15.94108167264645, 26.650221264844564, 21.51792664599747, 55.62350214177009, 55.841761213365615, 40.87791151710349, 8.054663620276612, 0.0, 0.0, 0.0, 0.0, 0.0, 0.0, 0.0], [50.00951986851003, 15.94108167264645, 26.650221264844564, 21.51792664599747, 55.62350214177009, 55.841761213365615, 40.87791151710349, 8.054663620276612, 0.0, 0.0, 0.0, 0.0, 0.0, 0.0, 0.0, 58.609901750462065, 37.24266833442903, 50.10470067940208, 17.1096395724283, 26.77529065581919, 22.244223604752793, 47.47995546905726, 39.164925030027916, 34.47196717563325, 36.566984228500075, 50.00951986851003, 15.94108167264645, 26.650221264844564, 21.51792664599747, 55.62350214177009, 55.841761213365615, 40.87791151710349, 8.054663620276612, 0.0, 0.0, 0.0, 0.0, 0.0, 0.0, 0.0], [50.00951986851003, 15.94108167264645, 26.650221264844564, 21.51792664599747, 55.62350214177009, 55.841761213365615, 40.87791151710349, 8.054663620276612, 0.0, 0.0, 0.0, 0.0, 0.0, 0.0, 0.0, 58.609901750462065, 37.24266833442903, 50.10470067940208, 17.1096395724283, 26.77529065581919, 22.244223604752793, 47.47995546905726, 39.164925030027916, 34.47196717563325, 36.566984228500075, 50.00951986851003, 15.94108167264645, 26.650221264844564, 21.51792664599747, 55.62350214177009, 55.841761213365615, 40.87791151710349, 8.054663620276612, 0.0, 0.0, 0.0, 0.0, 0.0, 0.0, 0.0], [50.00951986851003, 15.94108167264645, 26.650221264844564, 21.51792664599747, 55.62350214177009, 55.841761213365615, 40.87791151710349, 8.054663620276612, 0.0, 0.0, 0.0, 0.0, 0.0, 0.0, 0.0, 58.609901750462065, 37.24266833442903, 50.10470067940208, 17.1096395724283, 26.77529065581919, 22.244223604752793, 47.47995546905726, 39.164925030027916, 34.47196717563325, 36.566984228500075, 50.00951986851003, 15.94108167264645, 26.650221264844564, 21.51792664599747, 55.62350214177009, 55.841761213365615, 40.87791151710349, 8.054663620276612, 0.0, 0.0, 0.0, 0.0, 0.0, 0.0, 0.0], [50.00951986851003, 15.94108167264645, 26.650221264844564, 21.51792664599747, 55.62350214177009, 55.841761213365615, 40.87791151710349, 8.054663620276612, 0.0, 0.0, 0.0, 0.0, 0.0, 0.0, 0.0, 58.609901750462065, 37.24266833442903, 50.10470067940208, 17.1096395724283, 26.77529065581919, 22.244223604752793, 47.47995546905726, 39.164925030027916, 34.47196717563325, 36.566984228500075, 50.00951986851003, 15.94108167264645, 26.650221264844564, 21.51792664599747, 55.62350214177009, 55.841761213365615, 40.87791151710349, 8.054663620276612, 0.0, 0.0, 0.0, 0.0, 0.0, 0.0, 0.0], [50.00951986851003, 15.94108167264645, 26.650221264844564, 21.51792664599747, 55.62350214177009, 55.841761213365615, 40.87791151710349, 8.054663620276612, 0.0, 0.0, 0.0, 0.0, 0.0, 0.0, 0.0, 58.609901750462065, 37.24266833442903, 50.10470067940208, 17.1096395724283, 26.77529065581919, 22.244223604752793, 47.47995546905726, 39.164925030027916, 34.47196717563325, 36.566984228500075, 50.00951986851003, 15.94108167264645, 26.650221264844564, 21.51792664599747, 55.62350214177009, 55.841761213365615, 40.87791151710349, 8.054663620276612, 0.0, 0.0, 0.0, 0.0, 0.0, 0.0, 0.0], [27.867967408723434, 52.60019062654041, 33.05881223433142, 46.29005217544286, 18.412594487549217, 21.980254237487983, 58.35480238935656, 50.71278738791754, 58.609901750462065, 58.609901750462065, 58.609901750462065, 58.609901750462065, 58.609901750462065, 58.609901750462065, 58.609901750462065, 0.0, 31.207097288619075, 36.373551297966266, 47.5412988561548, 60.0, 58.362737237020625, 22.774204720891667, 23.654263464986524, 31.327227486218984, 47.75542217423434, 27.867967408723434, 52.60019062654041, 33.05881223433142, 46.29005217544286, 18.412594487549217, 21.980254237487983, 58.35480238935656, 50.71278738791754, 58.609901750462065, 58.609901750462065, 58.609901750462065, 58.609901750462065, 58.609901750462065, 58.609901750462065, 58.609901750462065], [42.813148892518846, 40.14992741308129, 13.715672924808393, 17.981326000320756, 40.35235503477355, 42.89527379510391, 58.73171661881393, 31.366069759338256, 37.24266833442903, 37.24266833442903, 37.24266833442903, 37.24266833442903, 37.24266833442903, 37.24266833442903, 37.24266833442903, 31.207097288619075, 0.0, 48.942160117796064, 35.60575064244556, 52.17037478433298, 48.52706664046131, 36.91537302293063, 28.88606546423727, 32.56482856928104, 48.73357407481773, 42.813148892518846, 40.14992741308129, 13.715672924808393, 17.981326000320756, 40.35235503477355, 42.89527379510391, 58.73171661881393, 31.366069759338256, 37.24266833442903, 37.24266833442903, 37.24266833442903, 37.24266833442903, 37.24266833442903, 37.24266833442903, 37.24266833442903], [8.506566492318624, 35.87392180283336, 38.95204506320189, 52.417902290409224, 18.955356574423483, 15.900723656274792, 25.974211246484256, 43.12391984581572, 50.10470067940208, 50.10470067940208, 50.10470067940208, 50.10470067940208, 50.10470067940208, 50.10470067940208, 50.10470067940208, 36.373551297966266, 48.942160117796064, 0.0, 33.088863551516816, 35.022563853004144, 36.13645202414568, 14.141224039069074, 20.090233684014905, 18.03432438403264, 18.215157521869983, 8.506566492318624, 35.87392180283336, 38.95204506320189, 52.417902290409224, 18.955356574423483, 15.900723656274792, 25.974211246484256, 43.12391984581572, 50.10470067940208, 50.10470067940208, 50.10470067940208, 50.10470067940208, 50.10470067940208, 50.10470067940208, 50.10470067940208], [33.73162434689114, 5.146495340348162, 21.978520662016788, 27.2235968344351, 40.70392205055714, 40.3357961871653, 26.629864493144158, 11.177542133190496, 17.1096395724283, 17.1096395724283, 17.1096395724283, 17.1096395724283, 17.1096395724283, 17.1096395724283, 17.1096395724283, 47.5412988561548, 35.60575064244556, 33.088863551516816, 0.0, 16.644151198556134, 12.94117030925671, 32.137976378945744, 25.107954136456918, 18.83563474536069, 20.091959139753325, 33.73162434689114, 5.146495340348162, 21.978520662016788, 27.2235968344351, 40.70392205055714, 40.3357961871653, 26.629864493144158, 11.177542133190496, 17.1096395724283, 17.1096395724283, 17.1096395724283, 17.1096395724283, 17.1096395724283, 17.1096395724283, 17.1096395724283], [39.39279089355924, 12.888053334536588, 38.47932098898491, 43.051847208734145, 48.911457064358885, 47.39214787272565, 15.383927234979618, 25.08947463312593, 26.77529065581919, 26.77529065581919, 26.77529065581919, 26.77529065581919, 26.77529065581919, 26.77529065581919, 26.77529065581919, 60.0, 52.17037478433298, 35.022563853004144, 16.644151198556134, 0.0, 4.573344086382733, 40.37210231182477, 36.35710756073178, 28.730559321214567, 16.892029958544292, 39.39279089355924, 12.888053334536588, 38.47932098898491, 43.051847208734145, 48.911457064358885, 47.39214787272565, 15.383927234979618, 25.08947463312593, 26.77529065581919, 26.77529065581919, 26.77529065581919, 26.77529065581919, 26.77529065581919, 26.77529065581919, 26.77529065581919], [39.59537735494892, 8.62666497134705, 34.91935455559576, 38.69687340758894, 48.531903379531734, 47.32622384339436, 19.25169964451109, 20.60740214182878, 22.244223604752793, 22.244223604752793, 22.244223604752793, 22.244223604752793, 22.244223604752793, 22.244223604752793, 22.244223604752793, 58.362737237020625, 48.52706664046131, 36.13645202414568, 12.94117030925671, 4.573344086382733, 0.0, 39.86895849441878, 34.89232423298502, 27.472409744519037, 18.581500442019358, 39.59537735494892, 8.62666497134705, 34.91935455559576, 38.69687340758894, 48.531903379531734, 47.32622384339436, 19.25169964451109, 20.60740214182878, 22.244223604752793, 22.244223604752793, 22.244223604752793, 22.244223604752793, 22.244223604752793, 22.244223604752793, 22.244223604752793], [6.177904266756117, 36.43094407747328, 29.43241865682329, 44.03401728907765, 8.695818007069631, 8.365130395378516, 36.094573215544415, 39.60836749602651, 47.47995546905726, 47.47995546905726, 47.47995546905726, 47.47995546905726, 47.47995546905726, 47.47995546905726, 47.47995546905726, 22.774204720891667, 36.91537302293063, 14.141224039069074, 32.137976378945744, 40.37210231182477, 39.86895849441878, 0.0, 9.304286004602453, 13.304691937453999, 25.90337166900021, 6.177904266756117, 36.43094407747328, 29.43241865682329, 44.03401728907765, 8.695818007069631, 8.365130395378516, 36.094573215544415, 39.60836749602651, 47.47995546905726, 47.47995546905726, 47.47995546905726, 47.47995546905726, 47.47995546905726, 47.47995546905726, 47.47995546905726], [14.345298546085445, 29.894899579458333, 20.212500392088433, 34.744226365165154, 16.551389763877356, 17.33780079823485, 35.77795764689395, 31.1588422476926, 39.164925030027916, 39.164925030027916, 39.164925030027916, 39.164925030027916, 39.164925030027916, 39.164925030027916, 39.164925030027916, 23.654263464986524, 28.88606546423727, 20.090233684014905, 25.107954136456918, 36.35710756073178, 34.89232423298502, 9.304286004602453, 0.0, 7.688380318582359, 24.962171150808924, 14.345298546085445, 29.894899579458333, 20.212500392088433, 34.744226365165154, 16.551389763877356, 17.33780079823485, 35.77795764689395, 31.1588422476926, 39.164925030027916, 39.164925030027916, 39.164925030027916, 39.164925030027916, 39.164925030027916, 39.164925030027916, 39.164925030027916], [15.657813959232326, 23.225311398672407, 21.204709206009934, 34.383715977951375, 21.885383124436093, 21.556283232741883, 28.572728650965935, 26.778696867703818, 34.47196717563325, 34.47196717563325, 34.47196717563325, 34.47196717563325, 34.47196717563325, 34.47196717563325, 34.47196717563325, 31.327227486218984, 32.56482856928104, 18.03432438403264, 18.83563474536069, 28.730559321214567, 27.472409744519037, 13.304691937453999, 7.688380318582359, 0.0, 17.77658819157453, 15.657813959232326, 23.225311398672407, 21.204709206009934, 34.383715977951375, 21.885383124436093, 21.556283232741883, 28.572728650965935, 26.778696867703818, 34.47196717563325, 34.47196717563325, 34.47196717563325, 34.47196717563325, 34.47196717563325, 34.47196717563325, 34.47196717563325], [23.53970496887187, 20.77814690802494, 35.743421969506635, 45.640545646951665, 33.85628054485322, 31.788713115529642, 10.82233538720973, 31.267177426093504, 36.566984228500075, 36.566984228500075, 36.566984228500075, 36.566984228500075, 36.566984228500075, 36.566984228500075, 36.566984228500075, 47.75542217423434, 48.73357407481773, 18.215157521869983, 20.091959139753325, 16.892029958544292, 18.581500442019358, 25.90337166900021, 24.962171150808924, 17.77658819157453, 0.0, 23.53970496887187, 20.77814690802494, 35.743421969506635, 45.640545646951665, 33.85628054485322, 31.788713115529642, 10.82233538720973, 31.267177426093504, 36.566984228500075, 36.566984228500075, 36.566984228500075, 36.566984228500075, 36.566984228500075, 36.566984228500075, 36.566984228500075], [0.0, 37.47096883837564, 34.466482628952626, 48.779111711716034, 10.796700383010492, 8.27538470383112, 32.86491144225998, 42.41163023078412, 50.00951986851003, 50.00951986851003, 50.00951986851003, 50.00951986851003, 50.00951986851003, 50.00951986851003, 50.00951986851003, 27.867967408723434, 42.813148892518846, 8.506566492318624, 33.73162434689114, 39.39279089355924, 39.59537735494892, 6.177904266756117, 14.345298546085445, 15.657813959232326, 23.53970496887187, 0.0, 37.47096883837564, 34.466482628952626, 48.779111711716034, 10.796700383010492, 8.27538470383112, 32.86491144225998, 42.41163023078412, 50.00951986851003, 50.00951986851003, 50.00951986851003, 50.00951986851003, 50.00951986851003, 50.00951986851003, 50.00951986851003], [37.47096883837564, 0.0, 26.676725261131995, 30.164238275713316, 45.08276477678211, 44.47530388019656, 25.241926602786183, 12.388852636418992, 15.94108167264645, 15.94108167264645, 15.94108167264645, 15.94108167264645, 15.94108167264645, 15.94108167264645, 15.94108167264645, 52.60019062654041, 40.14992741308129, 35.87392180283336, 5.146495340348162, 12.888053334536588, 8.62666497134705, 36.43094407747328, 29.894899579458333, 23.225311398672407, 20.77814690802494, 37.47096883837564, 0.0, 26.676725261131995, 30.164238275713316, 45.08276477678211, 44.47530388019656, 25.241926602786183, 12.388852636418992, 15.94108167264645, 15.94108167264645, 15.94108167264645, 15.94108167264645, 15.94108167264645, 15.94108167264645, 15.94108167264645], [34.466482628952626, 26.676725261131995, 0.0, 14.770922266197502, 35.38390866188928, 36.99095578849735, 45.37341237904462, 19.478671628444456, 26.650221264844564, 26.650221264844564, 26.650221264844564, 26.650221264844564, 26.650221264844564, 26.650221264844564, 26.650221264844564, 33.05881223433142, 13.715672924808393, 38.95204506320189, 21.978520662016788, 38.47932098898491, 34.91935455559576, 29.43241865682329, 20.212500392088433, 21.204709206009934, 35.743421969506635, 34.466482628952626, 26.676725261131995, 0.0, 14.770922266197502, 35.38390866188928, 36.99095578849735, 45.37341237904462, 19.478671628444456, 26.650221264844564, 26.650221264844564, 26.650221264844564, 26.650221264844564, 26.650221264844564, 26.650221264844564, 26.650221264844564], [48.779111711716034, 30.164238275713316, 14.770922266197502, 0.0, 50.15418528864088, 51.730606881688544, 53.670236551203764, 18.338623740938573, 21.51792664599747, 21.51792664599747, 21.51792664599747, 21.51792664599747, 21.51792664599747, 21.51792664599747, 21.51792664599747, 46.29005217544286, 17.981326000320756, 52.417902290409224, 27.2235968344351, 43.051847208734145, 38.69687340758894, 44.03401728907765, 34.744226365165154, 34.383715977951375, 45.640545646951665, 48.779111711716034, 30.164238275713316, 14.770922266197502, 0.0, 50.15418528864088, 51.730606881688544, 53.670236551203764, 18.338623740938573, 21.51792664599747, 21.51792664599747, 21.51792664599747, 21.51792664599747, 21.51792664599747, 21.51792664599747, 21.51792664599747], [10.796700383010492, 45.08276477678211, 35.38390866188928, 50.15418528864088, 0.0, 3.5690258924133182, 43.55362747340654, 47.65505139343049, 55.62350214177009, 55.62350214177009, 55.62350214177009, 55.62350214177009, 55.62350214177009, 55.62350214177009, 55.62350214177009, 18.412594487549217, 40.35235503477355, 18.955356574423483, 40.70392205055714, 48.911457064358885, 48.531903379531734, 8.695818007069631, 16.551389763877356, 21.885383124436093, 33.85628054485322, 10.796700383010492, 45.08276477678211, 35.38390866188928, 50.15418528864088, 0.0, 3.5690258924133182, 43.55362747340654, 47.65505139343049, 55.62350214177009, 55.62350214177009, 55.62350214177009, 55.62350214177009, 55.62350214177009, 55.62350214177009, 55.62350214177009], [8.27538470383112, 44.47530388019656, 36.99095578849735, 51.730606881688544, 3.5690258924133182, 0.0, 41.103909811353795, 47.97323044321084, 55.841761213365615, 55.841761213365615, 55.841761213365615, 55.841761213365615, 55.841761213365615, 55.841761213365615, 55.841761213365615, 21.980254237487983, 42.89527379510391, 15.900723656274792, 40.3357961871653, 47.39214787272565, 47.32622384339436, 8.365130395378516, 17.33780079823485, 21.556283232741883, 31.788713115529642, 8.27538470383112, 44.47530388019656, 36.99095578849735, 51.730606881688544, 3.5690258924133182, 0.0, 41.103909811353795, 47.97323044321084, 55.841761213365615, 55.841761213365615, 55.841761213365615, 55.841761213365615, 55.841761213365615, 55.841761213365615, 55.841761213365615], [32.86491144225998, 25.241926602786183, 45.37341237904462, 53.670236551203764, 43.55362747340654, 41.103909811353795, 0.0, 37.32812990845231, 40.87791151710349, 40.87791151710349, 40.87791151710349, 40.87791151710349, 40.87791151710349, 40.87791151710349, 40.87791151710349, 58.35480238935656, 58.73171661881393, 25.974211246484256, 26.629864493144158, 15.383927234979618, 19.25169964451109, 36.094573215544415, 35.77795764689395, 28.572728650965935, 10.82233538720973, 32.86491144225998, 25.241926602786183, 45.37341237904462, 53.670236551203764, 43.55362747340654, 41.103909811353795, 0.0, 37.32812990845231, 40.87791151710349, 40.87791151710349, 40.87791151710349, 40.87791151710349, 40.87791151710349, 40.87791151710349, 40.87791151710349], [42.41163023078412, 12.388852636418992, 19.478671628444456, 18.338623740938573, 47.65505139343049, 47.97323044321084, 37.32812990845231, 0.0, 8.054663620276612, 8.054663620276612, 8.054663620276612, 8.054663620276612, 8.054663620276612, 8.054663620276612, 8.054663620276612, 50.71278738791754, 31.366069759338256, 43.12391984581572, 11.177542133190496, 25.08947463312593, 20.60740214182878, 39.60836749602651, 31.1588422476926, 26.778696867703818, 31.267177426093504, 42.41163023078412, 12.388852636418992, 19.478671628444456, 18.338623740938573, 47.65505139343049, 47.97323044321084, 37.32812990845231, 0.0, 8.054663620276612, 8.054663620276612, 8.054663620276612, 8.054663620276612, 8.054663620276612, 8.054663620276612, 8.054663620276612], [50.00951986851003, 15.94108167264645, 26.650221264844564, 21.51792664599747, 55.62350214177009, 55.841761213365615, 40.87791151710349, 8.054663620276612, 0.0, 0.0, 0.0, 0.0, 0.0, 0.0, 0.0, 58.609901750462065, 37.24266833442903, 50.10470067940208, 17.1096395724283, 26.77529065581919, 22.244223604752793, 47.47995546905726, 39.164925030027916, 34.47196717563325, 36.566984228500075, 50.00951986851003, 15.94108167264645, 26.650221264844564, 21.51792664599747, 55.62350214177009, 55.841761213365615, 40.87791151710349, 8.054663620276612, 0.0, 0.0, 0.0, 0.0, 0.0, 0.0, 0.0], [50.00951986851003, 15.94108167264645, 26.650221264844564, 21.51792664599747, 55.62350214177009, 55.841761213365615, 40.87791151710349, 8.054663620276612, 0.0, 0.0, 0.0, 0.0, 0.0, 0.0, 0.0, 58.609901750462065, 37.24266833442903, 50.10470067940208, 17.1096395724283, 26.77529065581919, 22.244223604752793, 47.47995546905726, 39.164925030027916, 34.47196717563325, 36.566984228500075, 50.00951986851003, 15.94108167264645, 26.650221264844564, 21.51792664599747, 55.62350214177009, 55.841761213365615, 40.87791151710349, 8.054663620276612, 0.0, 0.0, 0.0, 0.0, 0.0, 0.0, 0.0], [50.00951986851003, 15.94108167264645, 26.650221264844564, 21.51792664599747, 55.62350214177009, 55.841761213365615, 40.87791151710349, 8.054663620276612, 0.0, 0.0, 0.0, 0.0, 0.0, 0.0, 0.0, 58.609901750462065, 37.24266833442903, 50.10470067940208, 17.1096395724283, 26.77529065581919, 22.244223604752793, 47.47995546905726, 39.164925030027916, 34.47196717563325, 36.566984228500075, 50.00951986851003, 15.94108167264645, 26.650221264844564, 21.51792664599747, 55.62350214177009, 55.841761213365615, 40.87791151710349, 8.054663620276612, 0.0, 0.0, 0.0, 0.0, 0.0, 0.0, 0.0], [50.00951986851003, 15.94108167264645, 26.650221264844564, 21.51792664599747, 55.62350214177009, 55.841761213365615, 40.87791151710349, 8.054663620276612, 0.0, 0.0, 0.0, 0.0, 0.0, 0.0, 0.0, 58.609901750462065, 37.24266833442903, 50.10470067940208, 17.1096395724283, 26.77529065581919, 22.244223604752793, 47.47995546905726, 39.164925030027916, 34.47196717563325, 36.566984228500075, 50.00951986851003, 15.94108167264645, 26.650221264844564, 21.51792664599747, 55.62350214177009, 55.841761213365615, 40.87791151710349, 8.054663620276612, 0.0, 0.0, 0.0, 0.0, 0.0, 0.0, 0.0], [50.00951986851003, 15.94108167264645, 26.650221264844564, 21.51792664599747, 55.62350214177009, 55.841761213365615, 40.87791151710349, 8.054663620276612, 0.0, 0.0, 0.0, 0.0, 0.0, 0.0, 0.0, 58.609901750462065, 37.24266833442903, 50.10470067940208, 17.1096395724283, 26.77529065581919, 22.244223604752793, 47.47995546905726, 39.164925030027916, 34.47196717563325, 36.566984228500075, 50.00951986851003, 15.94108167264645, 26.650221264844564, 21.51792664599747, 55.62350214177009, 55.841761213365615, 40.87791151710349, 8.054663620276612, 0.0, 0.0, 0.0, 0.0, 0.0, 0.0, 0.0], [50.00951986851003, 15.94108167264645, 26.650221264844564, 21.51792664599747, 55.62350214177009, 55.841761213365615, 40.87791151710349, 8.054663620276612, 0.0, 0.0, 0.0, 0.0, 0.0, 0.0, 0.0, 58.609901750462065, 37.24266833442903, 50.10470067940208, 17.1096395724283, 26.77529065581919, 22.244223604752793, 47.47995546905726, 39.164925030027916, 34.47196717563325, 36.566984228500075, 50.00951986851003, 15.94108167264645, 26.650221264844564, 21.51792664599747, 55.62350214177009, 55.841761213365615, 40.87791151710349, 8.054663620276612, 0.0, 0.0, 0.0, 0.0, 0.0, 0.0, 0.0], [50.00951986851003, 15.94108167264645, 26.650221264844564, 21.51792664599747, 55.62350214177009, 55.841761213365615, 40.87791151710349, 8.054663620276612, 0.0, 0.0, 0.0, 0.0, 0.0, 0.0, 0.0, 58.609901750462065, 37.24266833442903, 50.10470067940208, 17.1096395724283, 26.77529065581919, 22.244223604752793, 47.47995546905726, 39.164925030027916, 34.47196717563325, 36.566984228500075, 50.00951986851003, 15.94108167264645, 26.650221264844564, 21.51792664599747, 55.62350214177009, 55.841761213365615, 40.87791151710349, 8.054663620276612, 0.0, 0.0, 0.0, 0.0, 0.0, 0.0, 0.0]];
