M = 99999999.0;
numWorkers = 30;
numRoles = 3;
numNodes = 80;
wStart = [30, 330, 210, 210, 30, 180, 30, 30, 60, 60, 150, 60, 30, 60, 60, 0, 0, 0, 0, 0, 0, 0, 0, 0, 0, 0, 0, 0, 0, 0, 90, 60, 90, 90, 270, 90, 90, 210, 120, 120, 60, 90, 60, 300, 90, 90, 90, 120, 270, 90, 330, 390, 330, 300, 450, 420, 300, 240, 240, 360, 450, 300, 420, 270, 390, 480, 480, 480, 480, 480, 480, 480, 480, 480, 480, 480, 480, 480, 480, 480];
wEnd = [30, 330, 210, 210, 30, 180, 30, 30, 60, 60, 150, 60, 30, 60, 60, 0, 0, 0, 0, 0, 0, 0, 0, 0, 0, 0, 0, 0, 0, 0, 330, 420, 390, 360, 360, 450, 390, 270, 390, 330, 360, 450, 240, 450, 390, 390, 450, 390, 360, 360, 330, 390, 330, 300, 450, 420, 300, 240, 240, 360, 450, 300, 420, 270, 390, 480, 480, 480, 480, 480, 480, 480, 480, 480, 480, 480, 480, 480, 480, 480];
p = [0, 0, 0, 0, 0, 0, 0, 0, 0, 0, 0, 0, 0, 0, 0, 0, 0, 0, 0, 0, 0, 0, 0, 0, 0, 0, 0, 0, 0, 0, 74.67099153006386, 65.91318873003753, 23.25676579299529, 20.95670201962489, 59.21744597621621, 24.502246310953186, 18.724040587720086, 24.235906274592807, 25.684501479226093, 66.24854049438687, 45.71200658115267, 35.19041945420044, 22.894061384549367, 73.5963235387597, 11.628382896497644, 9.362020293860043, 17.59520972710022, 12.842250739613046, 29.608722988108106, 10.478351009812444, 0, 0, 0, 0, 0, 0, 0, 0, 0, 0, 0, 0, 0, 0, 0, 0, 0, 0, 0, 0, 0, 0, 0, 0, 0, 0, 0, 0, 0, 0];
e = [[1, 1, 0], [1, 1, 0], [1, 1, 0], [0, 1, 1], [1, 1, 0], [0, 1, 0], [0, 1, 0], [0, 1, 1], [0, 1, 1], [1, 1, 0], [0, 1, 1], [1, 1, 0], [0, 1, 1], [1, 1, 0], [0, 1, 0], [0, 1, 0], [0, 1, 1], [1, 1, 0], [1, 1, 0], [1, 1, 0], [1, 1, 0], [0, 1, 1], [0, 1, 0], [0, 1, 0], [0, 0, 1], [0, 0, 1], [0, 0, 1], [0, 0, 1], [0, 0, 1], [1, 0, 0]];
d = [[1, 1, 1, 1, 1, 1, 1, 2, 0, 1, 1, 1, 1, 1, 2, 2, 2, 0, 2, 2], [1, 1, 0, 2, 1, 1, 0, 1, 1, 0, 1, 0, 1, 2, 0, 0, 0, 2, 2, 4], [0, 0, 0, 0, 0, 0, 0, 0, 1, 0, 0, 0, 0, 0, 0, 0, 0, 2, 0, 0]];
r = [1013, 1480, 4626, 132, 2785, 275, 1776, 4466, 2671, 3792, 446, 4030, 284, 858, 4626, 1776, 4030, 2671, 2785, 132];
g = [[0, 0, 0, 0, 0, 0, 0, 0, 0, 0, 0, 0, 0, 0, 0, 0, 0, 0, 0, 0], [0, 0, 0, 0, 0, 0, 0, 0, 0, 0, 0, 0, 0, 0, 0, 0, 0, 0, 0, 0], [0, 0, 0, 0, 0, 0, 0, 0, 0, 0, 0, 0, 0, 0, 1, 0, 0, 0, 0, 0], [0, 0, 0, 0, 0, 0, 0, 0, 0, 0, 0, 0, 0, 0, 0, 0, 0, 0, 0, 1], [0, 0, 0, 0, 0, 0, 0, 0, 0, 0, 0, 0, 0, 0, 0, 0, 0, 0, 1, 0], [0, 0, 0, 0, 0, 0, 0, 0, 0, 0, 0, 0, 0, 0, 0, 0, 0, 0, 0, 0], [0, 0, 0, 0, 0, 0, 0, 0, 0, 0, 0, 0, 0, 0, 0, 1, 0, 0, 0, 0], [0, 0, 0, 0, 0, 0, 0, 0, 0, 0, 0, 0, 0, 0, 0, 0, 0, 0, 0, 0], [0, 0, 0, 0, 0, 0, 0, 0, 0, 0, 0, 0, 0, 0, 0, 0, 0, 1, 0, 0], [0, 0, 0, 0, 0, 0, 0, 0, 0, 0, 0, 0, 0, 0, 0, 0, 0, 0, 0, 0], [0, 0, 0, 0, 0, 0, 0, 0, 0, 0, 0, 0, 0, 0, 0, 0, 0, 0, 0, 0], [0, 0, 0, 0, 0, 0, 0, 0, 0, 0, 0, 0, 0, 0, 0, 0, 1, 0, 0, 0], [0, 0, 0, 0, 0, 0, 0, 0, 0, 0, 0, 0, 0, 0, 0, 0, 0, 0, 0, 0], [0, 0, 0, 0, 0, 0, 0, 0, 0, 0, 0, 0, 0, 0, 0, 0, 0, 0, 0, 0], [0, 0, 1, 0, 0, 0, 0, 0, 0, 0, 0, 0, 0, 0, 0, 0, 0, 0, 0, 0], [0, 0, 0, 0, 0, 0, 1, 0, 0, 0, 0, 0, 0, 0, 0, 0, 0, 0, 0, 0], [0, 0, 0, 0, 0, 0, 0, 0, 0, 0, 0, 1, 0, 0, 0, 0, 0, 0, 0, 0], [0, 0, 0, 0, 0, 0, 0, 0, 1, 0, 0, 0, 0, 0, 0, 0, 0, 0, 0, 0], [0, 0, 0, 0, 1, 0, 0, 0, 0, 0, 0, 0, 0, 0, 0, 0, 0, 0, 0, 0], [0, 0, 0, 1, 0, 0, 0, 0, 0, 0, 0, 0, 0, 0, 0, 0, 0, 0, 0, 0]];
t = [[0.0, 9.031155623764143, 19.967906969783325, 26.096331809420235, 8.082308113653786, 17.00666012711631, 7.194951380614723, 19.850047340530928, 11.066092244504748, 8.012476216140334, 13.683282892635546, 7.995914472208635, 24.899785474876815, 5.105715878537392, 19.9704641018375, 14.021911469064275, 14.021911469064275, 14.021911469064275, 14.021911469064275, 14.021911469064275, 14.021911469064275, 14.021911469064275, 14.021911469064275, 14.021911469064275, 14.021911469064275, 14.021911469064275, 14.021911469064275, 14.021911469064275, 14.021911469064275, 14.021911469064275, 10.788150043448226, 19.36319381546177, 7.645208346919331, 6.54742560874399, 6.122358377760415, 17.965427613254164, 11.17052781654693, 11.385658096927171, 15.476048331952468, 11.7419044320044, 4.075917565329458, 16.45055997059437, 13.524688451726014, 15.270476630418816, 7.645208346919331, 11.17052781654693, 16.45055997059437, 15.476048331952468, 6.122358377760415, 6.54742560874399, 0.0, 9.031155623764143, 19.967906969783325, 26.096331809420235, 8.082308113653786, 17.00666012711631, 7.194951380614723, 19.850047340530928, 11.066092244504748, 8.012476216140334, 13.683282892635546, 7.995914472208635, 24.899785474876815, 5.105715878537392, 19.9704641018375, 14.021911469064275, 14.021911469064275, 14.021911469064275, 14.021911469064275, 14.021911469064275, 14.021911469064275, 14.021911469064275, 14.021911469064275, 14.021911469064275, 14.021911469064275, 14.021911469064275, 14.021911469064275, 14.021911469064275, 14.021911469064275, 14.021911469064275], [9.031155623764143, 0.0, 26.223425894342952, 29.356651541732173, 12.746183979800472, 13.56999970457858, 16.178403750470316, 18.37161093374502, 6.870263658293359, 2.6339580807164085, 15.93601896233339, 3.165466490905419, 27.82921241612693, 5.601790957793976, 18.177588411842773, 22.017693775163686, 22.017693775163686, 22.017693775163686, 22.017693775163686, 22.017693775163686, 22.017693775163686, 22.017693775163686, 22.017693775163686, 22.017693775163686, 22.017693775163686, 22.017693775163686, 22.017693775163686, 22.017693775163686, 22.017693775163686, 22.017693775163686, 19.43496305724328, 23.643846085678152, 2.1308192397512125, 11.713809465259509, 4.471345554877623, 20.243592790430597, 11.702872882111025, 5.745856156599664, 22.380819125437064, 14.056851373829717, 9.511630670616118, 22.803850222711787, 21.652894805602983, 12.705779561097994, 2.1308192397512125, 11.702872882111025, 22.803850222711787, 22.380819125437064, 4.471345554877623, 11.713809465259509, 9.031155623764143, 0.0, 26.223425894342952, 29.356651541732173, 12.746183979800472, 13.56999970457858, 16.178403750470316, 18.37161093374502, 6.870263658293359, 2.6339580807164085, 15.93601896233339, 3.165466490905419, 27.82921241612693, 5.601790957793976, 18.177588411842773, 22.017693775163686, 22.017693775163686, 22.017693775163686, 22.017693775163686, 22.017693775163686, 22.017693775163686, 22.017693775163686, 22.017693775163686, 22.017693775163686, 22.017693775163686, 22.017693775163686, 22.017693775163686, 22.017693775163686, 22.017693775163686, 22.017693775163686], [19.967906969783325, 26.223425894342952, 0.0, 10.956011766669999, 13.478390020020251, 21.99786302731679, 15.845392023507344, 19.228442597226497, 22.27928735022856, 23.778664201265435, 12.591391521261984, 23.331542443441258, 11.10108043045287, 24.81044253113977, 19.868161888794234, 8.226332898019457, 8.226332898019457, 8.226332898019457, 8.226332898019457, 8.226332898019457, 8.226332898019457, 8.226332898019457, 8.226332898019457, 8.226332898019457, 8.226332898019457, 8.226332898019457, 8.226332898019457, 8.226332898019457, 8.226332898019457, 8.226332898019457, 12.26994922102731, 6.199395609148417, 24.10342215670161, 14.582959278401914, 21.752953820128923, 11.29588985630049, 16.40106909643774, 23.85650108390031, 4.740486867949016, 13.518467874105728, 17.107969365357413, 3.524505435694009, 8.928991055724248, 20.299299977981732, 24.10342215670161, 16.40106909643774, 3.524505435694009, 4.740486867949016, 21.752953820128923, 14.582959278401914, 19.967906969783325, 26.223425894342952, 0.0, 10.956011766669999, 13.478390020020251, 21.99786302731679, 15.845392023507344, 19.228442597226497, 22.27928735022856, 23.778664201265435, 12.591391521261984, 23.331542443441258, 11.10108043045287, 24.81044253113977, 19.868161888794234, 8.226332898019457, 8.226332898019457, 8.226332898019457, 8.226332898019457, 8.226332898019457, 8.226332898019457, 8.226332898019457, 8.226332898019457, 8.226332898019457, 8.226332898019457, 8.226332898019457, 8.226332898019457, 8.226332898019457, 8.226332898019457, 8.226332898019457], [26.096331809420235, 29.356651541732173, 10.956011766669999, 0.0, 18.078620777592224, 19.864517611773643, 24.458456777792325, 14.977864299919656, 23.42618655835867, 26.72318812467958, 13.430353510148313, 26.191479098515924, 1.7350123386646603, 30.0, 15.631141476273143, 18.38844559583628, 18.38844559583628, 18.38844559583628, 18.38844559583628, 18.38844559583628, 18.38844559583628, 18.38844559583628, 18.38844559583628, 18.38844559583628, 18.38844559583628, 18.38844559583628, 18.38844559583628, 18.38844559583628, 18.38844559583628, 18.38844559583628, 21.809875385385745, 7.001519145167047, 27.31774533912929, 19.59590306213067, 25.295591069377558, 9.160805499366495, 17.68661783886811, 25.079370735420234, 14.373350294507198, 15.370563087556151, 22.259703923961386, 12.526095228735274, 19.015123623847575, 18.967776163536293, 27.31774533912929, 17.68661783886811, 12.526095228735274, 14.373350294507198, 25.295591069377558, 19.59590306213067, 26.096331809420235, 29.356651541732173, 10.956011766669999, 0.0, 18.078620777592224, 19.864517611773643, 24.458456777792325, 14.977864299919656, 23.42618655835867, 26.72318812467958, 13.430353510148313, 26.191479098515924, 1.7350123386646603, 30.0, 15.631141476273143, 18.38844559583628, 18.38844559583628, 18.38844559583628, 18.38844559583628, 18.38844559583628, 18.38844559583628, 18.38844559583628, 18.38844559583628, 18.38844559583628, 18.38844559583628, 18.38844559583628, 18.38844559583628, 18.38844559583628, 18.38844559583628, 18.38844559583628], [8.082308113653786, 12.746183979800472, 13.478390020020251, 18.078620777592224, 0.0, 12.461204701821506, 9.329722708470108, 13.345550688298106, 9.616724367340984, 10.314413155596672, 5.869229911323416, 9.88254181582848, 16.836154226494738, 12.034580361744707, 13.65813603919092, 10.57605739543743, 10.57605739543743, 10.57605739543743, 10.57605739543743, 10.57605739543743, 10.57605739543743, 10.57605739543743, 10.57605739543743, 10.57605739543743, 10.57605739543743, 10.57605739543743, 10.57605739543743, 10.57605739543743, 10.57605739543743, 10.57605739543743, 9.881331649010887, 11.52943378838815, 10.625037122095803, 1.534915124698398, 8.277465911292607, 9.942432782600129, 5.305201611116505, 10.98192038803494, 9.860342754299827, 4.1911370775681345, 4.186031805896753, 10.086274594843195, 10.470892437628622, 10.446503763598432, 10.625037122095803, 5.305201611116505, 10.086274594843195, 9.860342754299827, 8.277465911292607, 1.534915124698398, 8.082308113653786, 12.746183979800472, 13.478390020020251, 18.078620777592224, 0.0, 12.461204701821506, 9.329722708470108, 13.345550688298106, 9.616724367340984, 10.314413155596672, 5.869229911323416, 9.88254181582848, 16.836154226494738, 12.034580361744707, 13.65813603919092, 10.57605739543743, 10.57605739543743, 10.57605739543743, 10.57605739543743, 10.57605739543743, 10.57605739543743, 10.57605739543743, 10.57605739543743, 10.57605739543743, 10.57605739543743, 10.57605739543743, 10.57605739543743, 10.57605739543743, 10.57605739543743, 10.57605739543743], [17.00666012711631, 13.56999970457858, 21.99786302731679, 19.864517611773643, 12.461204701821506, 0.0, 21.40164625808057, 5.512278135104412, 6.848025636372469, 11.550416899996796, 9.513055977092414, 11.10402081750799, 18.134939832769632, 17.482331006739592, 5.0793665085848385, 22.43062026126825, 22.43062026126825, 22.43062026126825, 22.43062026126825, 22.43062026126825, 22.43062026126825, 22.43062026126825, 22.43062026126825, 22.43062026126825, 22.43062026126825, 22.43062026126825, 22.43062026126825, 22.43062026126825, 22.43062026126825, 22.43062026126825, 22.33516973504059, 16.77419660366323, 12.354548703429701, 13.07211848675829, 11.825321760338316, 11.53239808804999, 7.159158045676357, 7.836333028163303, 20.357178829201512, 9.305505166157417, 13.693781343081973, 19.6253048915966, 22.49049930559928, 2.0165746153895467, 12.354548703429701, 7.159158045676357, 19.6253048915966, 20.357178829201512, 11.825321760338316, 13.07211848675829, 17.00666012711631, 13.56999970457858, 21.99786302731679, 19.864517611773643, 12.461204701821506, 0.0, 21.40164625808057, 5.512278135104412, 6.848025636372469, 11.550416899996796, 9.513055977092414, 11.10402081750799, 18.134939832769632, 17.482331006739592, 5.0793665085848385, 22.43062026126825, 22.43062026126825, 22.43062026126825, 22.43062026126825, 22.43062026126825, 22.43062026126825, 22.43062026126825, 22.43062026126825, 22.43062026126825, 22.43062026126825, 22.43062026126825, 22.43062026126825, 22.43062026126825, 22.43062026126825, 22.43062026126825], [7.194951380614723, 16.178403750470316, 15.845392023507344, 24.458456777792325, 9.329722708470108, 21.40164625808057, 0.0, 22.670319511193068, 16.807487050939407, 14.840449096166186, 14.847726840777636, 14.704359113197771, 23.664431023224253, 12.008953751282931, 22.98784819213698, 8.233788824650322, 8.233788824650322, 8.233788824650322, 8.233788824650322, 8.233788824650322, 8.233788824650322, 8.233788824650322, 8.233788824650322, 8.233788824650322, 8.233788824650322, 8.233788824650322, 8.233788824650322, 8.233788824650322, 8.233788824650322, 8.233788824650322, 4.174171222309032, 17.46477094033362, 14.614378391675238, 8.376741540855686, 12.696504110441447, 18.178478113502194, 14.420721653845899, 17.580800469118437, 11.112726673842348, 13.453117637826736, 8.091659400192398, 12.658187948565372, 7.576866588555257, 19.430714258647395, 14.614378391675238, 14.420721653845899, 12.658187948565372, 11.112726673842348, 12.696504110441447, 8.376741540855686, 7.194951380614723, 16.178403750470316, 15.845392023507344, 24.458456777792325, 9.329722708470108, 21.40164625808057, 0.0, 22.670319511193068, 16.807487050939407, 14.840449096166186, 14.847726840777636, 14.704359113197771, 23.664431023224253, 12.008953751282931, 22.98784819213698, 8.233788824650322, 8.233788824650322, 8.233788824650322, 8.233788824650322, 8.233788824650322, 8.233788824650322, 8.233788824650322, 8.233788824650322, 8.233788824650322, 8.233788824650322, 8.233788824650322, 8.233788824650322, 8.233788824650322, 8.233788824650322, 8.233788824650322], [19.850047340530928, 18.37161093374502, 19.228442597226497, 14.977864299919656, 13.345550688298106, 5.512278135104412, 22.670319511193068, 0.0, 11.504707876239683, 16.05475803442137, 8.262531410022387, 15.549052539616003, 13.247987517429076, 21.465597086522653, 0.6763646156479654, 21.641615587786912, 21.641615587786912, 21.641615587786912, 21.641615587786912, 21.641615587786912, 21.641615587786912, 21.641615587786912, 21.641615587786912, 21.641615587786912, 21.641615587786912, 21.641615587786912, 21.641615587786912, 21.641615587786912, 21.641615587786912, 21.641615587786912, 22.58475081135785, 13.322313440217322, 16.83772845631569, 14.464828462432674, 15.745927069221867, 7.955734026846924, 8.70449175082149, 12.827780442936298, 18.752087012727834, 9.246335895344918, 15.987553614882241, 17.587899566814016, 21.873791754155224, 5.687958768312767, 16.83772845631569, 8.70449175082149, 17.587899566814016, 18.752087012727834, 15.745927069221867, 14.464828462432674, 19.850047340530928, 18.37161093374502, 19.228442597226497, 14.977864299919656, 13.345550688298106, 5.512278135104412, 22.670319511193068, 0.0, 11.504707876239683, 16.05475803442137, 8.262531410022387, 15.549052539616003, 13.247987517429076, 21.465597086522653, 0.6763646156479654, 21.641615587786912, 21.641615587786912, 21.641615587786912, 21.641615587786912, 21.641615587786912, 21.641615587786912, 21.641615587786912, 21.641615587786912, 21.641615587786912, 21.641615587786912, 21.641615587786912, 21.641615587786912, 21.641615587786912, 21.641615587786912, 21.641615587786912], [11.066092244504748, 6.870263658293359, 22.27928735022856, 23.42618655835867, 9.616724367340984, 6.848025636372469, 16.807487050939407, 11.504707876239683, 0.0, 4.703652625796686, 10.391949566136073, 4.2578609636824485, 21.802958660409494, 10.706659323037579, 11.307957894597076, 20.159226656040637, 20.159226656040637, 20.159226656040637, 20.159226656040637, 20.159226656040637, 20.159226656040637, 20.159226656040637, 20.159226656040637, 20.159226656040637, 20.159226656040637, 20.159226656040637, 20.159226656040637, 20.159226656040637, 20.159226656040637, 20.159226656040637, 18.82947399547904, 18.491202563292024, 5.5076545127384, 9.396459468653786, 5.230890670298351, 14.282409230029563, 6.049273850965067, 1.6680177510749785, 19.293936487752905, 8.891600619765617, 8.7200676870186, 19.18694582240691, 20.00430690827418, 5.836001500474033, 5.5076545127384, 6.049273850965067, 19.18694582240691, 19.293936487752905, 5.230890670298351, 9.396459468653786, 11.066092244504748, 6.870263658293359, 22.27928735022856, 23.42618655835867, 9.616724367340984, 6.848025636372469, 16.807487050939407, 11.504707876239683, 0.0, 4.703652625796686, 10.391949566136073, 4.2578609636824485, 21.802958660409494, 10.706659323037579, 11.307957894597076, 20.159226656040637, 20.159226656040637, 20.159226656040637, 20.159226656040637, 20.159226656040637, 20.159226656040637, 20.159226656040637, 20.159226656040637, 20.159226656040637, 20.159226656040637, 20.159226656040637, 20.159226656040637, 20.159226656040637, 20.159226656040637, 20.159226656040637], [8.012476216140334, 2.6339580807164085, 23.778664201265435, 26.72318812467958, 10.314413155596672, 11.550416899996796, 14.840449096166186, 16.05475803442137, 4.703652625796686, 0.0, 13.302102405307085, 0.5391689551555754, 25.198505648808844, 6.1953945071956715, 15.91043726661871, 19.997719347038366, 19.997719347038366, 19.997719347038366, 19.997719347038366, 19.997719347038366, 19.997719347038366, 19.997719347038366, 19.997719347038366, 19.997719347038366, 19.997719347038366, 19.997719347038366, 19.997719347038366, 19.997719347038366, 19.997719347038366, 19.997719347038366, 17.74049968910553, 21.03696176008194, 0.8041328918046587, 9.405741226359822, 2.2489746997910744, 17.614518894697987, 9.078881477932145, 4.055633947870227, 20.07710302595593, 11.42762506612632, 7.476527511717272, 20.40028787736874, 19.68467263656639, 10.460493539430528, 0.8041328918046587, 9.078881477932145, 20.40028787736874, 20.07710302595593, 2.2489746997910744, 9.405741226359822, 8.012476216140334, 2.6339580807164085, 23.778664201265435, 26.72318812467958, 10.314413155596672, 11.550416899996796, 14.840449096166186, 16.05475803442137, 4.703652625796686, 0.0, 13.302102405307085, 0.5391689551555754, 25.198505648808844, 6.1953945071956715, 15.91043726661871, 19.997719347038366, 19.997719347038366, 19.997719347038366, 19.997719347038366, 19.997719347038366, 19.997719347038366, 19.997719347038366, 19.997719347038366, 19.997719347038366, 19.997719347038366, 19.997719347038366, 19.997719347038366, 19.997719347038366, 19.997719347038366, 19.997719347038366], [13.683282892635546, 15.93601896233339, 12.591391521261984, 13.430353510148313, 5.869229911323416, 9.513055977092414, 14.847726840777636, 8.262531410022387, 10.391949566136073, 13.302102405307085, 0.0, 12.773182553555694, 11.94429078501434, 16.876456743713376, 8.732154603049215, 13.456806552866974, 13.456806552866974, 13.456806552866974, 13.456806552866974, 13.456806552866974, 13.456806552866974, 13.456806552866974, 13.456806552866974, 13.456806552866974, 13.456806552866974, 13.456806552866974, 13.456806552866974, 13.456806552866974, 13.456806552866974, 13.456806552866974, 14.361970082197832, 8.110875844468515, 13.887894338570945, 7.311238366388823, 11.888860361559956, 4.448875727204177, 4.3778089631568715, 12.056470162169921, 10.928583117464575, 2.0167224297047257, 9.61317882379044, 10.11367949511435, 13.650665018547649, 7.726945820322824, 13.887894338570945, 4.3778089631568715, 10.11367949511435, 10.928583117464575, 11.888860361559956, 7.311238366388823, 13.683282892635546, 15.93601896233339, 12.591391521261984, 13.430353510148313, 5.869229911323416, 9.513055977092414, 14.847726840777636, 8.262531410022387, 10.391949566136073, 13.302102405307085, 0.0, 12.773182553555694, 11.94429078501434, 16.876456743713376, 8.732154603049215, 13.456806552866974, 13.456806552866974, 13.456806552866974, 13.456806552866974, 13.456806552866974, 13.456806552866974, 13.456806552866974, 13.456806552866974, 13.456806552866974, 13.456806552866974, 13.456806552866974, 13.456806552866974, 13.456806552866974, 13.456806552866974, 13.456806552866974], [7.995914472208635, 3.165466490905419, 23.331542443441258, 26.191479098515924, 9.88254181582848, 11.10402081750799, 14.704359113197771, 15.549052539616003, 4.2578609636824485, 0.5391689551555754, 12.773182553555694, 0.0, 24.66419837527696, 6.526150450811443, 15.413043333479045, 19.677169873663793, 19.677169873663793, 19.677169873663793, 19.677169873663793, 19.677169873663793, 19.677169873663793, 19.677169873663793, 19.677169873663793, 19.677169873663793, 19.677169873663793, 19.677169873663793, 19.677169873663793, 19.677169873663793, 19.677169873663793, 19.677169873663793, 17.508744635294445, 20.528961887319785, 1.2887240395414525, 9.019381882087028, 2.017168746887548, 17.079340829412896, 8.541847696044414, 3.752696771352024, 19.675785530692742, 10.906267757108646, 7.189346189363552, 19.96787229948967, 19.378454120915535, 9.972389435436309, 1.2887240395414525, 8.541847696044414, 19.96787229948967, 19.675785530692742, 2.017168746887548, 9.019381882087028, 7.995914472208635, 3.165466490905419, 23.331542443441258, 26.191479098515924, 9.88254181582848, 11.10402081750799, 14.704359113197771, 15.549052539616003, 4.2578609636824485, 0.5391689551555754, 12.773182553555694, 0.0, 24.66419837527696, 6.526150450811443, 15.413043333479045, 19.677169873663793, 19.677169873663793, 19.677169873663793, 19.677169873663793, 19.677169873663793, 19.677169873663793, 19.677169873663793, 19.677169873663793, 19.677169873663793, 19.677169873663793, 19.677169873663793, 19.677169873663793, 19.677169873663793, 19.677169873663793, 19.677169873663793], [24.899785474876815, 27.82921241612693, 11.10108043045287, 1.7350123386646603, 16.836154226494738, 18.134939832769632, 23.664431023224253, 13.247987517429076, 21.802958660409494, 25.198505648808844, 11.94429078501434, 24.66419837527696, 0.0, 28.657790851868054, 13.902979520190112, 18.04788101170676, 18.04788101170676, 18.04788101170676, 18.04788101170676, 18.04788101170676, 18.04788101170676, 18.04788101170676, 18.04788101170676, 18.04788101170676, 18.04788101170676, 18.04788101170676, 18.04788101170676, 18.04788101170676, 18.04788101170676, 18.04788101170676, 21.24854626435436, 6.2763288953130445, 25.810149720592594, 18.365553186038966, 23.832403201322986, 7.588989525842202, 16.13502751942669, 23.449863718402664, 14.03203862167496, 13.917293830450076, 20.99668099385096, 12.186923111323198, 18.640968753992702, 17.259859971085646, 25.810149720592594, 16.13502751942669, 12.186923111323198, 14.03203862167496, 23.832403201322986, 18.365553186038966, 24.899785474876815, 27.82921241612693, 11.10108043045287, 1.7350123386646603, 16.836154226494738, 18.134939832769632, 23.664431023224253, 13.247987517429076, 21.802958660409494, 25.198505648808844, 11.94429078501434, 24.66419837527696, 0.0, 28.657790851868054, 13.902979520190112, 18.04788101170676, 18.04788101170676, 18.04788101170676, 18.04788101170676, 18.04788101170676, 18.04788101170676, 18.04788101170676, 18.04788101170676, 18.04788101170676, 18.04788101170676, 18.04788101170676, 18.04788101170676, 18.04788101170676, 18.04788101170676, 18.04788101170676], [5.105715878537392, 5.601790957793976, 24.81044253113977, 30.0, 12.034580361744707, 17.482331006739592, 12.008953751282931, 21.465597086522653, 10.706659323037579, 6.1953945071956715, 16.876456743713376, 6.526150450811443, 28.657790851868054, 0.0, 21.426935157495826, 19.12692262129081, 19.12692262129081, 19.12692262129081, 19.12692262129081, 19.12692262129081, 19.12692262129081, 19.12692262129081, 19.12692262129081, 19.12692262129081, 19.12692262129081, 19.12692262129081, 19.12692262129081, 19.12692262129081, 19.12692262129081, 19.12692262129081, 15.8237514995101, 23.56392862917577, 5.45031291451118, 10.597066659887776, 5.734614549109002, 21.320422160348773, 13.366446263574158, 10.25018642595804, 20.437428586089254, 14.85983631471816, 7.896985823748329, 21.286390767189317, 18.629829845717293, 16.14008088703289, 5.45031291451118, 13.366446263574158, 21.286390767189317, 20.437428586089254, 5.734614549109002, 10.597066659887776, 5.105715878537392, 5.601790957793976, 24.81044253113977, 30.0, 12.034580361744707, 17.482331006739592, 12.008953751282931, 21.465597086522653, 10.706659323037579, 6.1953945071956715, 16.876456743713376, 6.526150450811443, 28.657790851868054, 0.0, 21.426935157495826, 19.12692262129081, 19.12692262129081, 19.12692262129081, 19.12692262129081, 19.12692262129081, 19.12692262129081, 19.12692262129081, 19.12692262129081, 19.12692262129081, 19.12692262129081, 19.12692262129081, 19.12692262129081, 19.12692262129081, 19.12692262129081, 19.12692262129081], [19.9704641018375, 18.177588411842773, 19.868161888794234, 15.631141476273143, 13.65813603919092, 5.0793665085848385, 22.98784819213698, 0.6763646156479654, 11.307957894597076, 15.91043726661871, 8.732154603049215, 15.413043333479045, 13.902979520190112, 21.426935157495826, 0.0, 22.15272187706883, 22.15272187706883, 22.15272187706883, 22.15272187706883, 22.15272187706883, 22.15272187706883, 22.15272187706883, 22.15272187706883, 22.15272187706883, 22.15272187706883, 22.15272187706883, 22.15272187706883, 22.15272187706883, 22.15272187706883, 22.15272187706883, 23.00578069383386, 13.983357154894744, 16.70017245294843, 14.730625335668483, 15.695923927626577, 8.608155873536974, 8.876053637812838, 12.575355528662831, 19.31945487111803, 9.609751032760453, 16.15865013834345, 18.182407625796458, 22.371062944103997, 5.471957052155121, 16.70017245294843, 8.876053637812838, 18.182407625796458, 19.31945487111803, 15.695923927626577, 14.730625335668483, 19.9704641018375, 18.177588411842773, 19.868161888794234, 15.631141476273143, 13.65813603919092, 5.0793665085848385, 22.98784819213698, 0.6763646156479654, 11.307957894597076, 15.91043726661871, 8.732154603049215, 15.413043333479045, 13.902979520190112, 21.426935157495826, 0.0, 22.15272187706883, 22.15272187706883, 22.15272187706883, 22.15272187706883, 22.15272187706883, 22.15272187706883, 22.15272187706883, 22.15272187706883, 22.15272187706883, 22.15272187706883, 22.15272187706883, 22.15272187706883, 22.15272187706883, 22.15272187706883, 22.15272187706883], [14.021911469064275, 22.017693775163686, 8.226332898019457, 18.38844559583628, 10.57605739543743, 22.43062026126825, 8.233788824650322, 21.641615587786912, 20.159226656040637, 19.997719347038366, 13.456806552866974, 19.677169873663793, 18.04788101170676, 19.12692262129081, 22.15272187706883, 0.0, 0.0, 0.0, 0.0, 0.0, 0.0, 0.0, 0.0, 0.0, 0.0, 0.0, 0.0, 0.0, 0.0, 0.0, 4.218304225148833, 11.89102313391643, 20.06495650700125, 10.849468432303905, 17.75939541438094, 14.867853360796085, 15.463858913109751, 21.440710778612114, 4.0211017583561235, 13.14140223863988, 12.539250835086385, 5.871114152580078, 0.7120337092003765, 20.44674864290374, 20.06495650700125, 15.463858913109751, 5.871114152580078, 4.0211017583561235, 17.75939541438094, 10.849468432303905, 14.021911469064275, 22.017693775163686, 8.226332898019457, 18.38844559583628, 10.57605739543743, 22.43062026126825, 8.233788824650322, 21.641615587786912, 20.159226656040637, 19.997719347038366, 13.456806552866974, 19.677169873663793, 18.04788101170676, 19.12692262129081, 22.15272187706883, 0.0, 0.0, 0.0, 0.0, 0.0, 0.0, 0.0, 0.0, 0.0, 0.0, 0.0, 0.0, 0.0, 0.0, 0.0], [14.021911469064275, 22.017693775163686, 8.226332898019457, 18.38844559583628, 10.57605739543743, 22.43062026126825, 8.233788824650322, 21.641615587786912, 20.159226656040637, 19.997719347038366, 13.456806552866974, 19.677169873663793, 18.04788101170676, 19.12692262129081, 22.15272187706883, 0.0, 0.0, 0.0, 0.0, 0.0, 0.0, 0.0, 0.0, 0.0, 0.0, 0.0, 0.0, 0.0, 0.0, 0.0, 4.218304225148833, 11.89102313391643, 20.06495650700125, 10.849468432303905, 17.75939541438094, 14.867853360796085, 15.463858913109751, 21.440710778612114, 4.0211017583561235, 13.14140223863988, 12.539250835086385, 5.871114152580078, 0.7120337092003765, 20.44674864290374, 20.06495650700125, 15.463858913109751, 5.871114152580078, 4.0211017583561235, 17.75939541438094, 10.849468432303905, 14.021911469064275, 22.017693775163686, 8.226332898019457, 18.38844559583628, 10.57605739543743, 22.43062026126825, 8.233788824650322, 21.641615587786912, 20.159226656040637, 19.997719347038366, 13.456806552866974, 19.677169873663793, 18.04788101170676, 19.12692262129081, 22.15272187706883, 0.0, 0.0, 0.0, 0.0, 0.0, 0.0, 0.0, 0.0, 0.0, 0.0, 0.0, 0.0, 0.0, 0.0, 0.0], [14.021911469064275, 22.017693775163686, 8.226332898019457, 18.38844559583628, 10.57605739543743, 22.43062026126825, 8.233788824650322, 21.641615587786912, 20.159226656040637, 19.997719347038366, 13.456806552866974, 19.677169873663793, 18.04788101170676, 19.12692262129081, 22.15272187706883, 0.0, 0.0, 0.0, 0.0, 0.0, 0.0, 0.0, 0.0, 0.0, 0.0, 0.0, 0.0, 0.0, 0.0, 0.0, 4.218304225148833, 11.89102313391643, 20.06495650700125, 10.849468432303905, 17.75939541438094, 14.867853360796085, 15.463858913109751, 21.440710778612114, 4.0211017583561235, 13.14140223863988, 12.539250835086385, 5.871114152580078, 0.7120337092003765, 20.44674864290374, 20.06495650700125, 15.463858913109751, 5.871114152580078, 4.0211017583561235, 17.75939541438094, 10.849468432303905, 14.021911469064275, 22.017693775163686, 8.226332898019457, 18.38844559583628, 10.57605739543743, 22.43062026126825, 8.233788824650322, 21.641615587786912, 20.159226656040637, 19.997719347038366, 13.456806552866974, 19.677169873663793, 18.04788101170676, 19.12692262129081, 22.15272187706883, 0.0, 0.0, 0.0, 0.0, 0.0, 0.0, 0.0, 0.0, 0.0, 0.0, 0.0, 0.0, 0.0, 0.0, 0.0], [14.021911469064275, 22.017693775163686, 8.226332898019457, 18.38844559583628, 10.57605739543743, 22.43062026126825, 8.233788824650322, 21.641615587786912, 20.159226656040637, 19.997719347038366, 13.456806552866974, 19.677169873663793, 18.04788101170676, 19.12692262129081, 22.15272187706883, 0.0, 0.0, 0.0, 0.0, 0.0, 0.0, 0.0, 0.0, 0.0, 0.0, 0.0, 0.0, 0.0, 0.0, 0.0, 4.218304225148833, 11.89102313391643, 20.06495650700125, 10.849468432303905, 17.75939541438094, 14.867853360796085, 15.463858913109751, 21.440710778612114, 4.0211017583561235, 13.14140223863988, 12.539250835086385, 5.871114152580078, 0.7120337092003765, 20.44674864290374, 20.06495650700125, 15.463858913109751, 5.871114152580078, 4.0211017583561235, 17.75939541438094, 10.849468432303905, 14.021911469064275, 22.017693775163686, 8.226332898019457, 18.38844559583628, 10.57605739543743, 22.43062026126825, 8.233788824650322, 21.641615587786912, 20.159226656040637, 19.997719347038366, 13.456806552866974, 19.677169873663793, 18.04788101170676, 19.12692262129081, 22.15272187706883, 0.0, 0.0, 0.0, 0.0, 0.0, 0.0, 0.0, 0.0, 0.0, 0.0, 0.0, 0.0, 0.0, 0.0, 0.0], [14.021911469064275, 22.017693775163686, 8.226332898019457, 18.38844559583628, 10.57605739543743, 22.43062026126825, 8.233788824650322, 21.641615587786912, 20.159226656040637, 19.997719347038366, 13.456806552866974, 19.677169873663793, 18.04788101170676, 19.12692262129081, 22.15272187706883, 0.0, 0.0, 0.0, 0.0, 0.0, 0.0, 0.0, 0.0, 0.0, 0.0, 0.0, 0.0, 0.0, 0.0, 0.0, 4.218304225148833, 11.89102313391643, 20.06495650700125, 10.849468432303905, 17.75939541438094, 14.867853360796085, 15.463858913109751, 21.440710778612114, 4.0211017583561235, 13.14140223863988, 12.539250835086385, 5.871114152580078, 0.7120337092003765, 20.44674864290374, 20.06495650700125, 15.463858913109751, 5.871114152580078, 4.0211017583561235, 17.75939541438094, 10.849468432303905, 14.021911469064275, 22.017693775163686, 8.226332898019457, 18.38844559583628, 10.57605739543743, 22.43062026126825, 8.233788824650322, 21.641615587786912, 20.159226656040637, 19.997719347038366, 13.456806552866974, 19.677169873663793, 18.04788101170676, 19.12692262129081, 22.15272187706883, 0.0, 0.0, 0.0, 0.0, 0.0, 0.0, 0.0, 0.0, 0.0, 0.0, 0.0, 0.0, 0.0, 0.0, 0.0], [14.021911469064275, 22.017693775163686, 8.226332898019457, 18.38844559583628, 10.57605739543743, 22.43062026126825, 8.233788824650322, 21.641615587786912, 20.159226656040637, 19.997719347038366, 13.456806552866974, 19.677169873663793, 18.04788101170676, 19.12692262129081, 22.15272187706883, 0.0, 0.0, 0.0, 0.0, 0.0, 0.0, 0.0, 0.0, 0.0, 0.0, 0.0, 0.0, 0.0, 0.0, 0.0, 4.218304225148833, 11.89102313391643, 20.06495650700125, 10.849468432303905, 17.75939541438094, 14.867853360796085, 15.463858913109751, 21.440710778612114, 4.0211017583561235, 13.14140223863988, 12.539250835086385, 5.871114152580078, 0.7120337092003765, 20.44674864290374, 20.06495650700125, 15.463858913109751, 5.871114152580078, 4.0211017583561235, 17.75939541438094, 10.849468432303905, 14.021911469064275, 22.017693775163686, 8.226332898019457, 18.38844559583628, 10.57605739543743, 22.43062026126825, 8.233788824650322, 21.641615587786912, 20.159226656040637, 19.997719347038366, 13.456806552866974, 19.677169873663793, 18.04788101170676, 19.12692262129081, 22.15272187706883, 0.0, 0.0, 0.0, 0.0, 0.0, 0.0, 0.0, 0.0, 0.0, 0.0, 0.0, 0.0, 0.0, 0.0, 0.0], [14.021911469064275, 22.017693775163686, 8.226332898019457, 18.38844559583628, 10.57605739543743, 22.43062026126825, 8.233788824650322, 21.641615587786912, 20.159226656040637, 19.997719347038366, 13.456806552866974, 19.677169873663793, 18.04788101170676, 19.12692262129081, 22.15272187706883, 0.0, 0.0, 0.0, 0.0, 0.0, 0.0, 0.0, 0.0, 0.0, 0.0, 0.0, 0.0, 0.0, 0.0, 0.0, 4.218304225148833, 11.89102313391643, 20.06495650700125, 10.849468432303905, 17.75939541438094, 14.867853360796085, 15.463858913109751, 21.440710778612114, 4.0211017583561235, 13.14140223863988, 12.539250835086385, 5.871114152580078, 0.7120337092003765, 20.44674864290374, 20.06495650700125, 15.463858913109751, 5.871114152580078, 4.0211017583561235, 17.75939541438094, 10.849468432303905, 14.021911469064275, 22.017693775163686, 8.226332898019457, 18.38844559583628, 10.57605739543743, 22.43062026126825, 8.233788824650322, 21.641615587786912, 20.159226656040637, 19.997719347038366, 13.456806552866974, 19.677169873663793, 18.04788101170676, 19.12692262129081, 22.15272187706883, 0.0, 0.0, 0.0, 0.0, 0.0, 0.0, 0.0, 0.0, 0.0, 0.0, 0.0, 0.0, 0.0, 0.0, 0.0], [14.021911469064275, 22.017693775163686, 8.226332898019457, 18.38844559583628, 10.57605739543743, 22.43062026126825, 8.233788824650322, 21.641615587786912, 20.159226656040637, 19.997719347038366, 13.456806552866974, 19.677169873663793, 18.04788101170676, 19.12692262129081, 22.15272187706883, 0.0, 0.0, 0.0, 0.0, 0.0, 0.0, 0.0, 0.0, 0.0, 0.0, 0.0, 0.0, 0.0, 0.0, 0.0, 4.218304225148833, 11.89102313391643, 20.06495650700125, 10.849468432303905, 17.75939541438094, 14.867853360796085, 15.463858913109751, 21.440710778612114, 4.0211017583561235, 13.14140223863988, 12.539250835086385, 5.871114152580078, 0.7120337092003765, 20.44674864290374, 20.06495650700125, 15.463858913109751, 5.871114152580078, 4.0211017583561235, 17.75939541438094, 10.849468432303905, 14.021911469064275, 22.017693775163686, 8.226332898019457, 18.38844559583628, 10.57605739543743, 22.43062026126825, 8.233788824650322, 21.641615587786912, 20.159226656040637, 19.997719347038366, 13.456806552866974, 19.677169873663793, 18.04788101170676, 19.12692262129081, 22.15272187706883, 0.0, 0.0, 0.0, 0.0, 0.0, 0.0, 0.0, 0.0, 0.0, 0.0, 0.0, 0.0, 0.0, 0.0, 0.0], [14.021911469064275, 22.017693775163686, 8.226332898019457, 18.38844559583628, 10.57605739543743, 22.43062026126825, 8.233788824650322, 21.641615587786912, 20.159226656040637, 19.997719347038366, 13.456806552866974, 19.677169873663793, 18.04788101170676, 19.12692262129081, 22.15272187706883, 0.0, 0.0, 0.0, 0.0, 0.0, 0.0, 0.0, 0.0, 0.0, 0.0, 0.0, 0.0, 0.0, 0.0, 0.0, 4.218304225148833, 11.89102313391643, 20.06495650700125, 10.849468432303905, 17.75939541438094, 14.867853360796085, 15.463858913109751, 21.440710778612114, 4.0211017583561235, 13.14140223863988, 12.539250835086385, 5.871114152580078, 0.7120337092003765, 20.44674864290374, 20.06495650700125, 15.463858913109751, 5.871114152580078, 4.0211017583561235, 17.75939541438094, 10.849468432303905, 14.021911469064275, 22.017693775163686, 8.226332898019457, 18.38844559583628, 10.57605739543743, 22.43062026126825, 8.233788824650322, 21.641615587786912, 20.159226656040637, 19.997719347038366, 13.456806552866974, 19.677169873663793, 18.04788101170676, 19.12692262129081, 22.15272187706883, 0.0, 0.0, 0.0, 0.0, 0.0, 0.0, 0.0, 0.0, 0.0, 0.0, 0.0, 0.0, 0.0, 0.0, 0.0], [14.021911469064275, 22.017693775163686, 8.226332898019457, 18.38844559583628, 10.57605739543743, 22.43062026126825, 8.233788824650322, 21.641615587786912, 20.159226656040637, 19.997719347038366, 13.456806552866974, 19.677169873663793, 18.04788101170676, 19.12692262129081, 22.15272187706883, 0.0, 0.0, 0.0, 0.0, 0.0, 0.0, 0.0, 0.0, 0.0, 0.0, 0.0, 0.0, 0.0, 0.0, 0.0, 4.218304225148833, 11.89102313391643, 20.06495650700125, 10.849468432303905, 17.75939541438094, 14.867853360796085, 15.463858913109751, 21.440710778612114, 4.0211017583561235, 13.14140223863988, 12.539250835086385, 5.871114152580078, 0.7120337092003765, 20.44674864290374, 20.06495650700125, 15.463858913109751, 5.871114152580078, 4.0211017583561235, 17.75939541438094, 10.849468432303905, 14.021911469064275, 22.017693775163686, 8.226332898019457, 18.38844559583628, 10.57605739543743, 22.43062026126825, 8.233788824650322, 21.641615587786912, 20.159226656040637, 19.997719347038366, 13.456806552866974, 19.677169873663793, 18.04788101170676, 19.12692262129081, 22.15272187706883, 0.0, 0.0, 0.0, 0.0, 0.0, 0.0, 0.0, 0.0, 0.0, 0.0, 0.0, 0.0, 0.0, 0.0, 0.0], [14.021911469064275, 22.017693775163686, 8.226332898019457, 18.38844559583628, 10.57605739543743, 22.43062026126825, 8.233788824650322, 21.641615587786912, 20.159226656040637, 19.997719347038366, 13.456806552866974, 19.677169873663793, 18.04788101170676, 19.12692262129081, 22.15272187706883, 0.0, 0.0, 0.0, 0.0, 0.0, 0.0, 0.0, 0.0, 0.0, 0.0, 0.0, 0.0, 0.0, 0.0, 0.0, 4.218304225148833, 11.89102313391643, 20.06495650700125, 10.849468432303905, 17.75939541438094, 14.867853360796085, 15.463858913109751, 21.440710778612114, 4.0211017583561235, 13.14140223863988, 12.539250835086385, 5.871114152580078, 0.7120337092003765, 20.44674864290374, 20.06495650700125, 15.463858913109751, 5.871114152580078, 4.0211017583561235, 17.75939541438094, 10.849468432303905, 14.021911469064275, 22.017693775163686, 8.226332898019457, 18.38844559583628, 10.57605739543743, 22.43062026126825, 8.233788824650322, 21.641615587786912, 20.159226656040637, 19.997719347038366, 13.456806552866974, 19.677169873663793, 18.04788101170676, 19.12692262129081, 22.15272187706883, 0.0, 0.0, 0.0, 0.0, 0.0, 0.0, 0.0, 0.0, 0.0, 0.0, 0.0, 0.0, 0.0, 0.0, 0.0], [14.021911469064275, 22.017693775163686, 8.226332898019457, 18.38844559583628, 10.57605739543743, 22.43062026126825, 8.233788824650322, 21.641615587786912, 20.159226656040637, 19.997719347038366, 13.456806552866974, 19.677169873663793, 18.04788101170676, 19.12692262129081, 22.15272187706883, 0.0, 0.0, 0.0, 0.0, 0.0, 0.0, 0.0, 0.0, 0.0, 0.0, 0.0, 0.0, 0.0, 0.0, 0.0, 4.218304225148833, 11.89102313391643, 20.06495650700125, 10.849468432303905, 17.75939541438094, 14.867853360796085, 15.463858913109751, 21.440710778612114, 4.0211017583561235, 13.14140223863988, 12.539250835086385, 5.871114152580078, 0.7120337092003765, 20.44674864290374, 20.06495650700125, 15.463858913109751, 5.871114152580078, 4.0211017583561235, 17.75939541438094, 10.849468432303905, 14.021911469064275, 22.017693775163686, 8.226332898019457, 18.38844559583628, 10.57605739543743, 22.43062026126825, 8.233788824650322, 21.641615587786912, 20.159226656040637, 19.997719347038366, 13.456806552866974, 19.677169873663793, 18.04788101170676, 19.12692262129081, 22.15272187706883, 0.0, 0.0, 0.0, 0.0, 0.0, 0.0, 0.0, 0.0, 0.0, 0.0, 0.0, 0.0, 0.0, 0.0, 0.0], [14.021911469064275, 22.017693775163686, 8.226332898019457, 18.38844559583628, 10.57605739543743, 22.43062026126825, 8.233788824650322, 21.641615587786912, 20.159226656040637, 19.997719347038366, 13.456806552866974, 19.677169873663793, 18.04788101170676, 19.12692262129081, 22.1527