M = 99999999.0;
numWorkers = 30;
numRoles = 3;
numNodes = 80;
wStart = [240, 0, 180, 90, 270, 0, 90, 240, 90, 180, 60, 210, 0, 90, 60, 0, 0, 0, 0, 0, 0, 0, 0, 0, 0, 0, 0, 0, 0, 0, 300, 150, 120, 60, 120, 90, 150, 240, 150, 30, 90, 90, 300, 270, 120, 240, 120, 150, 90, 270, 480, 420, 270, 450, 480, 420, 180, 330, 210, 420, 240, 450, 450, 120, 270, 480, 480, 480, 480, 480, 480, 480, 480, 480, 480, 480, 480, 480, 480, 480];
wEnd = [240, 0, 180, 90, 270, 0, 90, 240, 90, 180, 60, 210, 0, 90, 60, 0, 0, 0, 0, 0, 0, 0, 0, 0, 0, 0, 0, 0, 0, 0, 450, 450, 240, 420, 180, 420, 450, 330, 390, 390, 270, 360, 330, 300, 240, 330, 180, 390, 420, 300, 480, 420, 270, 450, 480, 420, 180, 330, 210, 420, 240, 450, 450, 120, 270, 480, 480, 480, 480, 480, 480, 480, 480, 480, 480, 480, 480, 480, 480, 480];
p = [0, 0, 0, 0, 0, 0, 0, 0, 0, 0, 0, 0, 0, 0, 0, 0, 0, 0, 0, 0, 0, 0, 0, 0, 0, 0, 0, 0, 0, 0, 67.213664602227, 58.03926848054163, 44.33656332575208, 52.981552013936906, 64.2674286620658, 71.27666237893443, 62.80395872064818, 23.121787573490163, 53.25916958959057, 19.17812100470822, 73.41078475550728, 53.95407512733884, 43.763986008763425, 35.274951237436255, 22.16828166287604, 11.560893786745082, 32.1337143310329, 26.629584794795285, 35.638331189467216, 17.637475618718128, 0, 0, 0, 0, 0, 0, 0, 0, 0, 0, 0, 0, 0, 0, 0, 0, 0, 0, 0, 0, 0, 0, 0, 0, 0, 0, 0, 0, 0, 0];
e = [[0, 1, 1], [1, 1, 0], [0, 1, 0], [0, 1, 1], [1, 1, 0], [0, 1, 1], [0, 1, 1], [1, 1, 0], [0, 1, 1], [1, 1, 0], [0, 1, 1], [0, 1, 0], [0, 1, 0], [0, 1, 0], [1, 1, 0], [0, 1, 1], [1, 1, 0], [0, 1, 1], [1, 1, 0], [0, 1, 0], [0, 1, 1], [1, 1, 0], [1, 1, 0], [1, 0, 0], [0, 0, 1], [1, 0, 0], [0, 0, 1], [0, 0, 1], [1, 0, 0], [0, 1, 0]];
d = [[0, 1, 1, 1, 2, 2, 1, 2, 0, 2, 1, 2, 2, 0, 2, 4, 4, 0, 4, 0], [2, 0, 0, 0, 0, 0, 0, 1, 2, 0, 0, 1, 0, 2, 0, 2, 0, 4, 0, 4], [1, 0, 0, 0, 0, 0, 0, 0, 1, 0, 0, 0, 0, 1, 0, 0, 0, 2, 0, 2]];
r = [1786, 303, 4886, 175, 4301, 4362, 2941, 2266, 4584, 4340, 149, 4793, 1581, 3965, 4886, 2266, 4301, 4584, 4362, 3965];
g = [[0, 0, 0, 0, 0, 0, 0, 0, 0, 0, 0, 0, 0, 0, 0, 0, 0, 0, 0, 0], [0, 0, 0, 0, 0, 0, 0, 0, 0, 0, 0, 0, 0, 0, 0, 0, 0, 0, 0, 0], [0, 0, 0, 0, 0, 0, 0, 0, 0, 0, 0, 0, 0, 0, 1, 0, 0, 0, 0, 0], [0, 0, 0, 0, 0, 0, 0, 0, 0, 0, 0, 0, 0, 0, 0, 0, 0, 0, 0, 0], [0, 0, 0, 0, 0, 0, 0, 0, 0, 0, 0, 0, 0, 0, 0, 0, 1, 0, 0, 0], [0, 0, 0, 0, 0, 0, 0, 0, 0, 0, 0, 0, 0, 0, 0, 0, 0, 0, 1, 0], [0, 0, 0, 0, 0, 0, 0, 0, 0, 0, 0, 0, 0, 0, 0, 0, 0, 0, 0, 0], [0, 0, 0, 0, 0, 0, 0, 0, 0, 0, 0, 0, 0, 0, 0, 1, 0, 0, 0, 0], [0, 0, 0, 0, 0, 0, 0, 0, 0, 0, 0, 0, 0, 0, 0, 0, 0, 1, 0, 0], [0, 0, 0, 0, 0, 0, 0, 0, 0, 0, 0, 0, 0, 0, 0, 0, 0, 0, 0, 0], [0, 0, 0, 0, 0, 0, 0, 0, 0, 0, 0, 0, 0, 0, 0, 0, 0, 0, 0, 0], [0, 0, 0, 0, 0, 0, 0, 0, 0, 0, 0, 0, 0, 0, 0, 0, 0, 0, 0, 0], [0, 0, 0, 0, 0, 0, 0, 0, 0, 0, 0, 0, 0, 0, 0, 0, 0, 0, 0, 0], [0, 0, 0, 0, 0, 0, 0, 0, 0, 0, 0, 0, 0, 0, 0, 0, 0, 0, 0, 1], [0, 0, 1, 0, 0, 0, 0, 0, 0, 0, 0, 0, 0, 0, 0, 0, 0, 0, 0, 0], [0, 0, 0, 0, 0, 0, 0, 1, 0, 0, 0, 0, 0, 0, 0, 0, 0, 0, 0, 0], [0, 0, 0, 0, 1, 0, 0, 0, 0, 0, 0, 0, 0, 0, 0, 0, 0, 0, 0, 0], [0, 0, 0, 0, 0, 0, 0, 0, 1, 0, 0, 0, 0, 0, 0, 0, 0, 0, 0, 0], [0, 0, 0, 0, 0, 1, 0, 0, 0, 0, 0, 0, 0, 0, 0, 0, 0, 0, 0, 0], [0, 0, 0, 0, 0, 0, 0, 0, 0, 0, 0, 0, 0, 1, 0, 0, 0, 0, 0, 0]];
t = [[0.0, 10.593861523848412, 10.155103895557827, 18.591814792918505, 11.509585306589193, 10.854169025985446, 16.44188502920993, 6.959131131218234, 8.811980827187048, 14.908602003936025, 9.576515098692523, 1.5458917935117233, 12.714563502408732, 5.771819701541332, 17.166844078161986, 9.382218620920971, 9.382218620920971, 9.382218620920971, 9.382218620920971, 9.382218620920971, 9.382218620920971, 9.382218620920971, 9.382218620920971, 9.382218620920971, 9.382218620920971, 9.382218620920971, 9.382218620920971, 9.382218620920971, 9.382218620920971, 9.382218620920971, 9.951191164500932, 13.461584546439523, 10.701653890348686, 8.8962591388508, 13.80860661383707, 2.700397995346658, 10.795056903625728, 16.563303467436807, 13.177199626145809, 11.989317379601621, 14.266054125223665, 4.669447075709522, 15.355123517383992, 14.4140379579655, 10.701653890348686, 16.563303467436807, 13.80860661383707, 13.177199626145809, 2.700397995346658, 14.4140379579655, 0.0, 10.593861523848412, 10.155103895557827, 18.591814792918505, 11.509585306589193, 10.854169025985446, 16.44188502920993, 6.959131131218234, 8.811980827187048, 14.908602003936025, 9.576515098692523, 1.5458917935117233, 12.714563502408732, 5.771819701541332, 17.166844078161986, 9.382218620920971, 9.382218620920971, 9.382218620920971, 9.382218620920971, 9.382218620920971, 9.382218620920971, 9.382218620920971, 9.382218620920971, 9.382218620920971, 9.382218620920971, 9.382218620920971, 9.382218620920971, 9.382218620920971, 9.382218620920971, 9.382218620920971], [10.593861523848412, 0.0, 19.16084433749742, 15.435204372590249, 14.556701654938706, 20.606850630852776, 9.3193892428075, 16.053811467556635, 10.181169493526546, 10.71920168121013, 16.807093282265996, 9.055855518290578, 6.1007424868065385, 4.931435701603144, 14.519503398673127, 7.11197413604202, 7.11197413604202, 7.11197413604202, 7.11197413604202, 7.11197413604202, 7.11197413604202, 7.11197413604202, 7.11197413604202, 7.11197413604202, 7.11197413604202, 7.11197413604202, 7.11197413604202, 7.11197413604202, 7.11197413604202, 7.11197413604202, 1.7453717422668318, 3.686068402816669, 15.541515719058228, 13.679815592963978, 23.24467688140034, 8.639764772742247, 15.938446413942922, 7.2328944467173155, 10.107394565020513, 21.455319717674293, 15.115023427065658, 15.262195276306802, 9.632546832233754, 6.8565871597943895, 15.541515719058228, 7.2328944467173155, 23.24467688140034, 10.107394565020513, 8.639764772742247, 6.8565871597943895, 10.593861523848412, 0.0, 19.16084433749742, 15.435204372590249, 14.556701654938706, 20.606850630852776, 9.3193892428075, 16.053811467556635, 10.181169493526546, 10.71920168121013, 16.807093282265996, 9.055855518290578, 6.1007424868065385, 4.931435701603144, 14.519503398673127, 7.11197413604202, 7.11197413604202, 7.11197413604202, 7.11197413604202, 7.11197413604202, 7.11197413604202, 7.11197413604202, 7.11197413604202, 7.11197413604202, 7.11197413604202, 7.11197413604202, 7.11197413604202, 7.11197413604202, 7.11197413604202, 7.11197413604202], [10.155103895557827, 19.16084433749742, 0.0, 19.36828226297237, 20.54164687873905, 2.4661705829569596, 21.173302166241143, 3.241574752662733, 18.7509613238652, 17.877682158495805, 16.396339587278145, 11.202338911616538, 18.368308127396674, 15.1448065991981, 17.953110154035045, 14.264703626679145, 14.264703626679145, 14.264703626679145, 14.264703626679145, 14.264703626679145, 14.264703626679145, 14.264703626679145, 14.264703626679145, 14.264703626679145, 14.264703626679145, 14.264703626679145, 14.264703626679145, 14.264703626679145, 14.264703626679145, 14.264703626679145, 19.118463874507515, 20.884898048346294, 19.010081290691264, 17.696556710778044, 4.134359199899635, 12.840504339080475, 18.894979079796205, 26.002587186515633, 16.066975840244112, 2.4825696174297587, 13.001994199588367, 7.50268899558804, 19.349661284185114, 20.06109147426165, 19.010081290691264, 26.002587186515633, 4.134359199899635, 16.066975840244112, 12.840504339080475, 20.06109147426165, 10.155103895557827, 19.16084433749742, 0.0, 19.36828226297237, 20.54164687873905, 2.4661705829569596, 21.173302166241143, 3.241574752662733, 18.7509613238652, 17.877682158495805, 16.396339587278145, 11.202338911616538, 18.368308127396674, 15.1448065991981, 17.953110154035045, 14.264703626679145, 14.264703626679145, 14.264703626679145, 14.264703626679145, 14.264703626679145, 14.264703626679145, 14.264703626679145, 14.264703626679145, 14.264703626679145, 14.264703626679145, 14.264703626679145, 14.264703626679145, 14.264703626679145, 14.264703626679145, 14.264703626679145], [18.591814792918505, 15.435204372590249, 19.36828226297237, 0.0, 28.250059239707213, 21.80245960508839, 7.638549438509543, 18.09333617969356, 24.087133297903506, 4.716786067744308, 28.04949602785054, 17.654578311899527, 9.394520563301972, 16.847275430115285, 1.4781777636083089, 9.83041130051194, 9.83041130051194, 9.83041130051194, 9.83041130051194, 9.83041130051194, 9.83041130051194, 9.83041130051194, 9.83041130051194, 9.83041130051194, 9.83041130051194, 9.83041130051194, 9.83041130051194, 9.83041130051194, 9.83041130051194, 9.83041130051194, 17.00991876247574, 13.146149180127928, 28.359701113331994, 26.36637948779343, 22.79347281075606, 18.99318321364478, 28.602249165822972, 21.181745994366665, 5.765840446100386, 21.669039678950288, 6.494070365999619, 21.45830970549988, 6.144996732309017, 9.317266711968932, 28.359701113331994, 21.181745994366665, 22.79347281075606, 5.765840446100386, 18.99318321364478, 9.317266711968932, 18.591814792918505, 15.435204372590249, 19.36828226297237, 0.0, 28.250059239707213, 21.80245960508839, 7.638549438509543, 18.09333617969356, 24.087133297903506, 4.716786067744308, 28.04949602785054, 17.654578311899527, 9.394520563301972, 16.847275430115285, 1.4781777636083089, 9.83041130051194, 9.83041130051194, 9.83041130051194, 9.83041130051194, 9.83041130051194, 9.83041130051194, 9.83041130051194, 9.83041130051194, 9.83041130051194, 9.83041130051194, 9.83041130051194, 9.83041130051194, 9.83041130051194, 9.83041130051194, 9.83041130051194], [11.509585306589193, 14.556701654938706, 20.54164687873905, 28.250059239707213, 0.0, 20.264762628204835, 23.618666920647875, 17.73627949112103, 4.386126711854469, 23.81372576189956, 5.851973395386191, 11.549163002009564, 19.951907325533302, 11.433076717368902, 26.9868698583179, 18.424402562221747, 18.424402562221747, 18.424402562221747, 18.424402562221747, 18.424402562221747, 18.424402562221747, 18.424402562221747, 18.424402562221747, 18.424402562221747, 18.424402562221747, 18.424402562221747, 18.424402562221747, 18.424402562221747, 18.424402562221747, 18.424402562221747, 12.857154871560136, 18.222308616323993, 2.3603929711319265, 2.850056283818163, 23.27921975019798, 9.746530354582678, 2.823053534756056, 15.584304256896345, 22.48551537223255, 21.645355100029754, 25.194833773036407, 13.096538035797737, 23.412798991064093, 21.16029787661671, 2.3603929711319265, 15.584304256896345, 23.27921975019798, 22.48551537223255, 9.746530354582678, 21.16029787661671, 11.509585306589193, 14.556701654938706, 20.54164687873905, 28.250059239707213, 0.0, 20.264762628204835, 23.618666920647875, 17.73627949112103, 4.386126711854469, 23.81372576189956, 5.851973395386191, 11.549163002009564, 19.951907325533302, 11.433076717368902, 26.9868698583179, 18.424402562221747, 18.424402562221747, 18.424402562221747, 18.424402562221747, 18.424402562221747, 18.424402562221747, 18.424402562221747, 18.424402562221747, 18.424402562221747, 18.424402562221747, 18.424402562221747, 18.424402562221747, 18.424402562221747, 18.424402562221747, 18.424402562221747], [10.854169025985446, 20.606850630852776, 2.4661705829569596, 21.80245960508839, 20.264762628204835, 0.0, 23.323313232666404, 4.635557817761615, 18.99044331333564, 20.16147465272009, 15.607102204190387, 12.116422205952079, 20.356784439033223, 16.279613614152776, 20.378536131124438, 16.253485683535217, 16.253485683535217, 16.253485683535217, 16.253485683535217, 16.253485683535217, 16.253485683535217, 16.253485683535217, 16.253485683535217, 16.253485683535217, 16.253485683535217, 16.253485683535217, 16.253485683535217, 16.253485683535217, 16.253485683535217, 16.253485683535217, 20.383517117652776, 22.618494945548278, 18.521874072929393, 17.42179209067202, 3.0507920183589112, 13.542164717414854, 18.345427363500775, 27.208802096295646, 18.32841875623415, 1.4143892117705916, 15.459704010196173, 7.242722418948567, 21.556973926287565, 22.078919184038682, 18.521874072929393, 27.208802096295646, 3.0507920183589112, 18.32841875623415, 13.542164717414854, 22.078919184038682, 10.854169025985446, 20.606850630852776, 2.4661705829569596, 21.80245960508839, 20.264762628204835, 0.0, 23.323313232666404, 4.635557817761615, 18.99044331333564, 20.16147465272009, 15.607102204190387, 12.116422205952079, 20.356784439033223, 16.279613614152776, 20.378536131124438, 16.253485683535217, 16.253485683535217, 16.253485683535217, 16.253485683535217, 16.253485683535217, 16.253485683535217, 16.253485683535217, 16.253485683535217, 16.253485683535217, 16.253485683535217, 16.253485683535217, 16.253485683535217, 16.253485683535217, 16.253485683535217, 16.253485683535217], [16.44188502920993, 9.3193892428075, 21.173302166241143, 7.638549438509543, 23.618666920647875, 23.323313232666404, 0.0, 18.85692212301354, 19.24199355321981, 4.124168659691351, 24.879857846315808, 15.074998740249145, 3.82353748626278, 12.536604612130775, 7.439627673168206, 7.337847404140575, 7.337847404140575, 7.337847404140575, 7.337847404140575, 7.337847404140575, 7.337847404140575, 7.337847404140575, 7.337847404140575, 7.337847404140575, 7.337847404140575, 7.337847404140575, 7.337847404140575, 7.337847404140575, 7.337847404140575, 7.337847404140575, 11.05935669308126, 6.1389626172363405, 24.289239280788657, 22.3271557442632, 25.16950356115277, 15.73606283783058, 24.630515840410098, 13.857146770717616, 5.42783336967115, 23.65410396372798, 11.01999694157784, 20.501439892722154, 2.083922419113489, 2.473426692229141, 24.289239280788657, 13.857146770717616, 25.16950356115277, 5.42783336967115, 15.73606283783058, 2.473426692229141, 16.44188502920993, 9.3193892428075, 21.173302166241143, 7.638549438509543, 23.618666920647875, 23.323313232666404, 0.0, 18.85692212301354, 19.24199355321981, 4.124168659691351, 24.879857846315808, 15.074998740249145, 3.82353748626278, 12.536604612130775, 7.439627673168206, 7.337847404140575, 7.337847404140575, 7.337847404140575, 7.337847404140575, 7.337847404140575, 7.337847404140575, 7.337847404140575, 7.337847404140575, 7.337847404140575, 7.337847404140575, 7.337847404140575, 7.337847404140575, 7.337847404140575, 7.337847404140575, 7.337847404140575], [6.959131131218234, 16.053811467556635, 3.241574752662733, 18.09333617969356, 17.73627949112103, 4.635557817761615, 18.85692212301354, 0.0, 15.660646276436815, 15.917854678275525, 14.095676108002529, 7.9631099849291065, 15.773519588542703, 11.922102332512125, 16.627199631789956, 11.683018942285916, 11.683018942285916, 11.683018942285916, 11.683018942285916, 11.683018942285916, 11.683018942285916, 11.683018942285916, 11.683018942285916, 11.683018942285916, 11.683018942285916, 11.683018942285916, 11.683018942285916, 11.683018942285916, 11.683018942285916, 11.683018942285916, 15.934874836496935, 17.98452355445173, 16.384287252063288, 14.919366882453499, 7.203602846614282, 9.62696128292316, 16.323057443645034, 22.807541648014094, 14.055275952616165, 5.402635344045452, 12.107756474256497, 5.1168647878559375, 17.17006263531546, 17.508024773239505, 16.384287252063288, 22.807541648014094, 7.203602846614282, 14.055275952616165, 9.62696128292316, 17.508024773239505, 6.959131131218234, 16.053811467556635, 3.241574752662733, 18.09333617969356, 17.73627949112103, 4.635557817761615, 18.85692212301354, 0.0, 15.660646276436815, 15.917854678275525, 14.095676108002529, 7.9631099849291065, 15.773519588542703, 11.922102332512125, 16.627199631789956, 11.683018942285916, 11.683018942285916, 11.683018942285916, 11.683018942285916, 11.683018942285916, 11.683018942285916, 11.683018942285916, 11.683018942285916, 11.683018942285916, 11.683018942285916, 11.683018942285916, 11.683018942285916, 11.683018942285916, 11.683018942285916, 11.683018942285916], [8.811980827187048, 10.181169493526546, 18.7509613238652, 24.087133297903506, 4.386126711854469, 18.99044331333564, 19.24199355321981, 15.660646276436815, 0.0, 19.57256719012857, 7.842203512560604, 8.35267658192464, 15.599223685594787, 7.246022132251517, 22.869599721556163, 14.307230859284877, 14.307230859284877, 14.307230859284877, 14.307230859284877, 14.307230859284877, 14.307230859284877, 14.307230859284877, 14.307230859284877, 14.307230859284877, 14.307230859284877, 14.307230859284877, 14.307230859284877, 14.307230859284877, 14.307230859284877, 14.307230859284877, 8.496263964664482, 13.855547513709993, 5.5608684461820514, 4.016988451350624, 22.038121476534393, 6.443495939834, 6.014728338406857, 12.029776759292297, 18.32568387097281, 20.278581642763413, 21.474330522513455, 11.805079922419395, 19.08516876848922, 16.78029887226828, 5.5608684461820514, 12.029776759292297, 22.038121476534393, 18.32568387097281, 6.443495939834, 16.78029887226828, 8.811980827187048, 10.181169493526546, 18.7509613238652, 24.087133297903506, 4.386126711854469, 18.99044331333564, 19.24199355321981, 15.660646276436815, 0.0, 19.57256719012857, 7.842203512560604, 8.35267658192464, 15.599223685594787, 7.246022132251517, 22.869599721556163, 14.307230859284877, 14.307230859284877, 14.307230859284877, 14.307230859284877, 14.307230859284877, 14.307230859284877, 14.307230859284877, 14.307230859284877, 14.307230859284877, 14.307230859284877, 14.307230859284877, 14.307230859284877, 14.307230859284877, 14.307230859284877, 14.307230859284877], [14.908602003936025, 10.71920168121013, 17.877682158495805, 4.716786067744308, 23.81372576189956, 20.16147465272009, 4.124168659691351, 15.917854678275525, 19.57256719012857, 0.0, 24.084657973542225, 13.77176831277403, 4.712707865606524, 12.380991856871153, 3.9016917785876455, 5.614587878531951, 5.614587878531951, 5.614587878531951, 5.614587878531951, 5.614587878531951, 5.614587878531951, 5.614587878531951, 5.614587878531951, 5.614587878531951, 5.614587878531951, 5.614587878531951, 5.614587878531951, 5.614587878531951, 5.614587878531951, 5.614587878531951, 12.296323108368423, 8.602269476380773, 24.08610623923145, 22.08835331999502, 21.73098355695219, 14.884838584910456, 24.361485681473575, 16.66566430414841, 1.870601514435348, 20.329750912498476, 6.902726449544321, 18.390339365747565, 2.0625083063333918, 4.944144015011685, 24.08610623923145, 16.66566430414841, 21.73098355695219, 1.870601514435348, 14.884838584910456, 4.944144015011685, 14.908602003936025, 10.71920168121013, 17.877682158495805, 4.716786067744308, 23.81372576189956, 20.16147465272009, 4.124168659691351, 15.917854678275525, 19.57256719012857, 0.0, 24.084657973542225, 13.77176831277403, 4.712707865606524, 12.380991856871153, 3.9016917785876455, 5.614587878531951, 5.614587878531951, 5.614587878531951, 5.614587878531951, 5.614587878531951, 5.614587878531951, 5.614587878531951, 5.614587878531951, 5.614587878531951, 5.614587878531951, 5.614587878531951, 5.614587878531951, 5.614587878531951, 5.614587878531951, 5.614587878531951], [9.576515098692523, 16.807093282265996, 16.396339587278145, 28.04949602785054, 5.851973395386191, 15.607102204190387, 24.879857846315808, 14.095676108002529, 7.842203512560604, 24.084657973542225, 0.0, 10.39501294194452, 21.057986751035276, 12.409873692220675, 26.65248795859565, 18.470139143400424, 18.470139143400424, 18.470139143400424, 18.470139143400424, 18.470139143400424, 18.470139143400424, 18.470139143400424, 18.470139143400424, 18.470139143400424, 18.470139143400424, 18.470139143400424, 18.470139143400424, 18.470139143400424, 18.470139143400424, 18.470139143400424, 15.359061757178472, 20.41401161855631, 3.5316899569463645, 3.9072589139363885, 18.488816720397487, 9.226125932054805, 3.1506615343107724, 19.84695153769688, 22.46917483555079, 17.021020146263876, 23.811284980370935, 9.003832905669054, 24.18594826952446, 22.563793364923246, 3.5316899569463645, 19.84695153769688, 18.488816720397487, 22.46917483555079, 9.226125932054805, 22.563793364923246, 9.576515098692523, 16.807093282265996, 16.396339587278145, 28.04949602785054, 5.851973395386191, 15.607102204190387, 24.879857846315808, 14.095676108002529, 7.842203512560604, 24.084657973542225, 0.0, 10.39501294194452, 21.057986751035276, 12.409873692220675, 26.65248795859565, 18.470139143400424, 18.470139143400424, 18.470139143400424, 18.470139143400424, 18.470139143400424, 18.470139143400424, 18.470139143400424, 18.470139143400424, 18.470139143400424, 18.470139143400424, 18.470139143400424, 18.470139143400424, 18.470139143400424, 18.470139143400424, 18.470139143400424], [1.5458917935117233, 9.055855518290578, 11.202338911616538, 17.654578311899527, 11.549163002009564, 12.116422205952079, 15.074998740249145, 7.9631099849291065, 8.35267658192464, 13.77176831277403, 10.39501294194452, 0.0, 11.309876533924951, 4.2790930973431145, 16.261255227099696, 8.178595764014489, 8.178595764014489, 8.178595764014489, 8.178595764014489, 8.178595764014489, 8.178595764014489, 8.178595764014489, 8.178595764014489, 8.178595764014489, 8.178595764014489, 8.178595764014489, 8.178595764014489, 8.178595764014489, 8.178595764014489, 8.178595764014489, 8.462732190910383, 11.92456013089521, 11.051801733551155, 9.13687042183552, 15.007752896406002, 1.9091807400520486, 11.211080312196884, 15.153359406464123, 12.102748266353549, 13.182203317884415, 13.758272761939509, 6.207035156137943, 14.0834290198387, 12.985758277141917, 11.051801733551155, 15.153359406464123, 15.007752896406002, 12.102748266353549, 1.9091807400520486, 12.985758277141917, 1.5458917935117233, 9.055855518290578, 11.202338911616538, 17.654578311899527, 11.549163002009564, 12.116422205952079, 15.074998740249145, 7.9631099849291065, 8.35267658192464, 13.77176831277403, 10.39501294194452, 0.0, 11.309876533924951, 4.2790930973431145, 16.261255227099696, 8.178595764014489, 8.178595764014489, 8.178595764014489, 8.178595764014489, 8.178595764014489, 8.178595764014489, 8.178595764014489, 8.178595764014489, 8.178595764014489, 8.178595764014489, 8.178595764014489, 8.178595764014489, 8.178595764014489, 8.178595764014489, 8.178595764014489], [12.714563502408732, 6.1007424868065385, 18.368308127396674, 9.394520563301972, 19.951907325533302, 20.356784439033223, 3.82353748626278, 15.773519588542703, 15.599223685594787, 4.712707865606524, 21.057986751035276, 11.309876533924951, 0.0, 8.740447720039308, 8.60000773111709, 4.1071641431804045, 4.1071641431804045, 4.1071641431804045, 4.1071641431804045, 4.1071641431804045, 4.1071641431804045, 4.1071641431804045, 4.1071641431804045, 4.1071641431804045, 4.1071641431804045, 4.1071641431804045, 4.1071641431804045, 4.1071641431804045, 4.1071641431804045, 4.1071641431804045, 7.75846453653336, 4.028826120062959, 20.5301901676722, 18.557261749775297, 22.464057400311738, 11.91561845491821, 20.860559552926585, 12.035413767860193, 4.589665122115097, 20.841634958541864, 10.355652584686778, 16.91918271178215, 3.558445259097476, 1.7574366966060386, 20.5301901676722, 12.035413767860193, 22.464057400311738, 4.589665122115097, 11.91561845491821, 1.7574366966060386, 12.714563502408732, 6.1007424868065385, 18.368308127396674, 9.394520563301972, 19.951907325533302, 20.356784439033223, 3.82353748626278, 15.773519588542703, 15.599223685594787, 4.712707865606524, 21.057986751035276, 11.309876533924951, 0.0, 8.740447720039308, 8.60000773111709, 4.1071641431804045, 4.1071641431804045, 4.1071641431804045, 4.1071641431804045, 4.1071641431804045, 4.1071641431804045, 4.1071641431804045, 4.1071641431804045, 4.1071641431804045, 4.1071641431804045, 4.1071641431804045, 4.1071641431804045, 4.1071641431804045, 4.1071641431804045, 4.1071641431804045], [5.771819701541332, 4.931435701603144, 15.1448065991981, 16.847275430115285, 11.433076717368902, 16.279613614152776, 12.536604612130775, 11.922102332512125, 7.246022132251517, 12.380991856871153, 12.409873692220675, 4.2790930973431145, 8.740447720039308, 0.0, 15.623585490954344, 7.063892420406104, 7.063892420406104, 7.063892420406104, 7.063892420406104, 7.063892420406104, 7.063892420406104, 7.063892420406104, 7.063892420406104, 7.063892420406104, 7.063892420406104, 7.063892420406104, 7.063892420406104, 7.063892420406104, 7.063892420406104, 7.063892420406104, 4.1840202871734595, 8.205987614541149, 11.814185249297434, 9.830407492556436, 19.09156956057648, 3.717614705998645, 12.131391183018952, 10.929575153446892, 11.083051670904624, 17.270241116163753, 14.507755674013225, 10.42677405030655, 12.072411414691334, 10.172602719371625, 11.814185249297434, 10.929575153446892, 19.09156956057648, 11.083051670904624, 3.717614705998645, 10.172602719371625, 5.771819701541332, 4.931435701603144, 15.1448065991981, 16.847275430115285, 11.433076717368902, 16.279613614152776, 12.536604612130775, 11.922102332512125, 7.246022132251517, 12.380991856871153, 12.409873692220675, 4.2790930973431145, 8.740447720039308, 0.0, 15.623585490954344, 7.063892420406104, 7.063892420406104, 7.063892420406104, 7.063892420406104, 7.063892420406104, 7.063892420406104, 7.063892420406104, 7.063892420406104, 7.063892420406104, 7.063892420406104, 7.063892420406104, 7.063892420406104, 7.063892420406104, 7.063892420406104, 7.063892420406104], [17.166844078161986, 14.519503398673127, 17.953110154035045, 1.4781777636083089, 26.9868698583179, 20.378536131124438, 7.439627673168206, 16.627199631789956, 22.869599721556163, 3.9016917785876455, 26.65248795859565, 16.261255227099696, 8.60000773111709, 15.623585490954344, 0.0, 8.568489726095308, 8.568489726095308, 8.568489726095308, 8.568489726095308, 8.568489726095308, 8.568489726095308, 8.568489726095308, 8.568489726095308, 8.568489726095308, 8.568489726095308, 8.568489726095308, 8.568489726095308, 8.568489726095308, 8.568489726095308, 8.568489726095308, 16.035737503202945, 12.50074238128857, 27.03567074434281, 25.046307871443414, 21.434884530455605, 17.64143729622022, 27.26805048887322, 20.564471111814903, 4.57266366480352, 20.274909135557365, 5.198223419226806, 19.984421471012002, 5.6691844772977165, 8.779531506383478, 27.03567074434281, 20.564471111814903, 21.434884530455605, 4.57266366480352, 17.64143729622022, 8.779531506383478, 17.166844078161986, 14.519503398673127, 17.953110154035045, 1.4781777636083089, 26.9868698583179, 20.378536131124438, 7.439627673168206, 16.627199631789956, 22.869599721556163, 3.9016917785876455, 26.65248795859565, 16.261255227099696, 8.60000773111709, 15.623585490954344, 0.0, 8.568489726095308, 8.568489726095308, 8.568489726095308, 8.568489726095308, 8.568489726095308, 8.568489726095308, 8.568489726095308, 8.568489726095308, 8.568489726095308, 8.568489726095308, 8.568489726095308, 8.568489726095308, 8.568489726095308, 8.568489726095308, 8.568489726095308], [9.382218620920971, 7.11197413604202, 14.264703626679145, 9.83041130051194, 18.424402562221747, 16.253485683535217, 7.337847404140575, 11.683018942285916, 14.307230859284877, 5.614587878531951, 18.470139143400424, 8.178595764014489, 4.1071641431804045, 7.063892420406104, 8.568489726095308, 0.0, 0.0, 0.0, 0.0, 0.0, 0.0, 0.0, 0.0, 0.0, 0.0, 0.0, 0.0, 0.0, 0.0, 0.0, 8.220281004595735, 7.109086062761724, 18.554755318578504, 16.558189257785138, 18.367322487065664, 9.277866657485431, 18.81219228387676, 14.205114657522158, 4.078067512377111, 16.73616658521837, 8.042418499560265, 13.201072913270798, 6.002186698869202, 5.826831744552567, 18.554755318578504, 14.205114657522158, 18.367322487065664, 4.078067512377111, 9.277866657485431, 5.826831744552567, 9.382218620920971, 7.11197413604202, 14.264703626679145, 9.83041130051194, 18.424402562221747, 16.253485683535217, 7.337847404140575, 11.683018942285916, 14.307230859284877, 5.614587878531951, 18.470139143400424, 8.178595764014489, 4.1071641431804045, 7.063892420406104, 8.568489726095308, 0.0, 0.0, 0.0, 0.0, 0.0, 0.0, 0.0, 0.0, 0.0, 0.0, 0.0, 0.0, 0.0, 0.0, 0.0], [9.382218620920971, 7.11197413604202, 14.264703626679145, 9.83041130051194, 18.424402562221747, 16.253485683535217, 7.337847404140575, 11.683018942285916, 14.307230859284877, 5.614587878531951, 18.470139143400424, 8.178595764014489, 4.1071641431804045, 7.063892420406104, 8.568489726095308, 0.0, 0.0, 0.0, 0.0, 0.0, 0.0, 0.0, 0.0, 0.0, 0.0, 0.0, 0.0, 0.0, 0.0, 0.0, 8.220281004595735, 7.109086062761724, 18.554755318578504, 16.558189257785138, 18.367322487065664, 9.277866657485431, 18.81219228387676, 14.205114657522158, 4.078067512377111, 16.73616658521837, 8.042418499560265, 13.201072913270798, 6.002186698869202, 5.826831744552567, 18.554755318578504, 14.205114657522158, 18.367322487065664, 4.078067512377111, 9.277866657485431, 5.826831744552567, 9.382218620920971, 7.11197413604202, 14.264703626679145, 9.83041130051194, 18.424402562221747, 16.253485683535217, 7.337847404140575, 11.683018942285916, 14.307230859284877, 5.614587878531951, 18.470139143400424, 8.178595764014489, 4.1071641431804045, 7.063892420406104, 8.568489726095308, 0.0, 0.0, 0.0, 0.0, 0.0, 0.0, 0.0, 0.0, 0.0, 0.0, 0.0, 0.0, 0.0, 0.0, 0.0], [9.382218620920971, 7.11197413604202, 14.264703626679145, 9.83041130051194, 18.424402562221747, 16.253485683535217, 7.337847404140575, 11.683018942285916, 14.307230859284877, 5.614587878531951, 18.470139143400424, 8.178595764014489, 4.1071641431804045, 7.063892420406104, 8.568489726095308, 0.0, 0.0, 0.0, 0.0, 0.0, 0.0, 0.0, 0.0, 0.0, 0.0, 0.0, 0.0, 0.0, 0.0, 0.0, 8.220281004595735, 7.109086062761724, 18.554755318578504, 16.558189257785138, 18.367322487065664, 9.277866657485431, 18.81219228387676, 14.205114657522158, 4.078067512377111, 16.73616658521837, 8.042418499560265, 13.201072913270798, 6.002186698869202, 5.826831744552567, 18.554755318578504, 14.205114657522158, 18.367322487065664, 4.078067512377111, 9.277866657485431, 5.826831744552567, 9.382218620920971, 7.11197413604202, 14.264703626679145, 9.83041130051194, 18.424402562221747, 16.253485683535217, 7.337847404140575, 11.683018942285916, 14.307230859284877, 5.614587878531951, 18.470139143400424, 8.178595764014489, 4.1071641431804045, 7.063892420406104, 8.568489726095308, 0.0, 0.0, 0.0, 0.0, 0.0, 0.0, 0.0, 0.0, 0.0, 0.0, 0.0, 0.0, 0.0, 0.0, 0.0], [9.382218620920971, 7.11197413604202, 14.264703626679145, 9.83041130051194, 18.424402562221747, 16.253485683535217, 7.337847404140575, 11.683018942285916, 14.307230859284877, 5.614587878531951, 18.470139143400424, 8.178595764014489, 4.1071641431804045, 7.063892420406104, 8.568489726095308, 0.0, 0.0, 0.0, 0.0, 0.0, 0.0, 0.0, 0.0, 0.0, 0.0, 0.0, 0.0, 0.0, 0.0, 0.0, 8.220281004595735, 7.109086062761724, 18.554755318578504, 16.558189257785138, 18.367322487065664, 9.277866657485431, 18.81219228387676, 14.205114657522158, 4.078067512377111, 16.73616658521837, 8.042418499560265, 13.201072913270798, 6.002186698869202, 5.826831744552567, 18.554755318578504, 14.205114657522158, 18.367322487065664, 4.078067512377111, 9.277866657485431, 5.826831744552567, 9.382218620920971, 7.11197413604202, 14.264703626679145, 9.83041130051194, 18.424402562221747, 16.253485683535217, 7.337847404140575, 11.683018942285916, 14.307230859284877, 5.614587878531951, 18.470139143400424, 8.178595764014489, 4.1071641431804045, 7.063892420406104, 8.568489726095308, 0.0, 0.0, 0.0, 0.0, 0.0, 0.0, 0.0, 0.0, 0.0, 0.0, 0.0, 0.0, 0.0, 0.0, 0.0], [9.382218620920971, 7.11197413604202, 14.264703626679145, 9.83041130051194, 18.424402562221747, 16.253485683535217, 7.337847404140575, 11.683018942285916, 14.307230859284877, 5.614587878531951, 18.470139143400424, 8.178595764014489, 4.1071641431804045, 7.063892420406104, 8.568489726095308, 0.0, 0.0, 0.0, 0.0, 0.0, 0.0, 0.0, 0.0, 0.0, 0.0, 0.0, 0.0, 0.0, 0.0, 0.0, 8.220281004595735, 7.109086062761724, 18.554755318578504, 16.558189257785138, 18.367322487065664, 9.277866657485431, 18.81219228387676, 14.205114657522158, 4.078067512377111, 16.73616658521837, 8.042418499560265, 13.201072913270798, 6.002186698869202, 5.826831744552567, 18.554755318578504, 14.205114657522158, 18.367322487065664, 4.078067512377111, 9.277866657485431, 5.826831744552567, 9.382218620920971, 7.11197413604202, 14.264703626679145, 9.83041130051194, 18.424402562221747, 16.253485683535217, 7.337847404140575, 11.683018942285916, 14.307230859284877, 5.614587878531951, 18.470139143400424, 8.178595764014489, 4.1071641431804045, 7.063892420406104, 8.568489726095308, 0.0, 0.0, 0.0, 0.0, 0.0, 0.0, 0.0, 0.0, 0.0, 0.0, 0.0, 0.0, 0.0, 0.0, 0.0], [9.382218620920971, 7.11197413604202, 14.264703626679145, 9.83041130051194, 18.424402562221747, 16.253485683535217, 7.337847404140575, 11.683018942285916, 14.307230859284877, 5.614587878531951, 18.470139143400424, 8.178595764014489, 4.1071641431804045, 7.063892420406104, 8.568489726095308, 0.0, 0.0, 0.0, 0.0, 0.0, 0.0, 0.0, 0.0, 0.0, 0.0, 0.0, 0.0, 0.0, 0.0, 0.0, 8.220281004595735, 7.109086062761724, 18.554755318578504, 16.558189257785138, 18.367322487065664, 9.277866657485431, 18.81219228387676, 14.205114657522158, 4.078067512377111, 16.73616658521837, 8.042418499560265, 13.201072913270798, 6.002186698869202, 5.826831744552567, 18.554755318578504, 14.205114657522158, 18.367322487065664, 4.078067512377111, 9.277866657485431, 5.826831744552567, 9.382218620920971, 7.11197413604202, 14.264703626679145, 9.83041130051194, 18.424402562221747, 16.253485683535217, 7.337847404140575, 11.683018942285916, 14.307230859284877, 5.614587878531951, 18.470139143400424, 8.178595764014489, 4.1071641431804045, 7.063892420406104, 8.568489726095308, 0.0, 0.0, 0.0, 0.0, 0.0, 0.0, 0.0, 0.0, 0.0, 0.0, 0.0, 0.0, 0.0, 0.0, 0.0], [9.382218620920971, 7.11197413604202, 14.264703626679145, 9.83041130051194, 18.424402562221747, 16.253485683535217, 7.337847404140575, 11.683018942285916, 14.307230859284877, 5.614587878531951, 18.470139143400424, 8.178595764014489, 4.1071641431804045, 7.063892420406104, 8.568489726095308, 0.0, 0.0, 0.0, 0.0, 0.0, 0.0, 0.0, 0.0, 0.0, 0.0, 0.0, 0.0, 0.0, 0.0, 0.0, 8.220281004595735, 7.109086062761724, 18.554755318578504, 16.558189257785138, 18.367322487065664, 9.277866657485431, 18.81219228387676, 14.205114657522158, 4.078067512377111, 16.73616658521837, 8.042418499560265, 13.201072913270798, 6.002186698869202, 5.826831744552567, 18.554755318578504, 14.205114657522158, 18.367322487065664, 4.078067512377111, 9.277866657485431, 5.826831744552567, 9.382218620920971, 7.11197413604202, 14.264703626679145, 9.83041130051194, 18.424402562221747, 16.253485683535217, 7.337847404140575, 11.683018942285916, 14.307230859284877, 5.614587878531951, 18.470139143400424, 8.178595764014489, 4.1071641431804045, 7.063892420406104, 8.568489726095308, 0.0, 0.0, 0.0, 0.0, 0.0, 0.0, 0.0, 0.0, 0.0, 0.0, 0.0, 0.0, 0.0, 0.0, 0.0], [9.382218620920971, 7.11197413604202, 14.264703626679145, 9.83041130051194, 18.424402562221747, 16.253485683535217, 7.337847404140575, 11.683018942285916, 14.307230859284877, 5.614587878531951, 18.470139143400424, 8.178595764014489, 4.1071641431804045, 7.063892420406104, 8.568489726095308, 0.0, 0.0, 0.0, 0.0, 0.0, 0.0, 0.0, 0.0, 0.0, 0.0, 0.0, 0.0, 0.0, 0.0, 0.0, 8.220281004595735, 7.109086062761724, 18.554755318578504, 16.558189257785138, 18.367322487065664, 9.277866657485431, 18.81219228387676, 14.205114657522158, 4.078067512377111, 16.73616658521837, 8.042418499560265, 13.201072913270798, 6.002186698869202, 5.826831744552567, 18.554755318578504, 14.205114657522158, 18.367322487065664, 4.078067512377111, 9.277866657485431, 5.826831744552567, 9.382218620920971, 7.11197413604202, 14.264703626679145, 9.83041130051194, 18.424402562221747, 16.253485683535217, 7.337847404140575, 11.683018942285916, 14.307230859284877, 5.614587878531951, 18.470139143400424, 8.178595764014489, 4.1071641431804045, 7.063892420406104, 8.568489726095308, 0.0, 0.0, 0.0, 0.0, 0.0, 0.0, 0.0, 0.0, 0.0, 0.0, 0.0, 0.0, 0.0, 0.0, 0.0], [9.382218620920971, 7.11197413604202, 14.264703626679145, 9.83041130051194, 18.424402562221747, 16.253485683535217, 7.337847404140575, 11.683018942285916, 14.307230859284877, 5.614587878531951, 18.470139143400424, 8.178595764014489, 4.1071641431804045, 7.063892420406104, 8.568489726095308, 0.0, 0.0, 0.0, 0.0, 0.0, 0.0, 0.0, 0.0, 0.0, 0.0, 0.0, 0.0, 0.0, 0.0, 0.0, 8.220281004595735, 7.109086062761724, 18.554755318578504, 16.558189257785138, 18.367322487065664, 9.277866657485431, 18.81219228387676, 14.205114657522158, 4.078067512377111, 16.73616658521837, 8.042418499560265, 13.201072913270798, 6.002186698869202, 5.826831744552567, 18.554755318578504, 14.205114657522158, 18.367322487065664, 4.078067512377111, 9.277866657485431, 5.826831744552567, 9.382218620920971, 7.11197413604202, 14.264703626679145, 9.83041130051194, 18.424402562221747, 16.253485683535217, 7.337847404140575, 11.683018942285916, 14.307230859284877, 5.614587878531951, 18.470139143400424, 8.178595764014489, 4.1071641431804045, 7.063892420406104, 8.568489726095308, 0.0, 0.0, 0.0, 0.0, 0.0, 0.0, 0.0, 0.0, 0.0, 0.0, 0.0, 0.0, 0.0, 0.0, 0.0], [9.382218620920971, 7.11197413604202, 14.264703626679145, 9.83041130051194, 18.424402562221747, 16.253485683535217, 7.337847404140575, 11.683018942285916, 14.307230859284877, 5.614587878531951, 18.470139143400424, 8.178595764014489, 4.1071641431804045, 7.063892420406104, 8.568489726095308, 0.0, 0.0, 0.0, 0.0, 0.0, 0.0, 0.0, 0.0, 0.0, 0.0, 0.0, 0.0, 0.0, 0.0, 0.0, 8.220281004595735, 7.109086062761724, 18.554755318578504, 16.558189257785138, 18.367322487065664, 9.277866657485431, 18.81219228387676, 14.205114657522158, 4.078067512377111, 16.73616658521837, 8.042418499560265, 13.201072913270798, 6.002186698869202, 5.826831744552567, 18.554755318578504, 14.205114657522158, 18.367322487065664, 4.078067512377111, 9.277866657485431, 5.826831744552567, 9.382218620920971, 7.11197413604202, 14.264703626679145, 9.83041130051194, 18.424402562221747, 16.253485683535217, 7.337847404140575, 11.683018942285916, 14.307230859284877, 5.614587878531951, 18.470139143400424, 8.178595764014489, 4.1071641431804045, 7.063892420406104, 8.568489726095308, 0.0, 0.0, 0.0, 0.0, 0.0, 0.0, 0.0, 0.0, 0.0, 0.0, 0.0, 0.0, 0.0, 0.0, 0.0], [9.382218620920971, 7.11197413604202, 14.264703626679145, 9.83041130051194, 18.424402562221747, 16.253485683535217, 7.337847404140575, 11.683018942285916, 14.307230859284877, 5.614587878531951, 18.470139143400424, 8.178595764014489, 4.1071641431804045, 7.063892420406104, 8.568489726095308, 0.0, 0.0, 0.0, 0.0, 0.0, 0.0, 0.0, 0.0, 0.0, 0.0, 0.0, 0.0, 0.0, 0.0, 0.0, 8.220281004595735, 7.109086062761724, 18.554755318578504, 16.558189257785138, 18.367322487065664, 9.277866657485431, 18.81219228387676, 14.205114657522158, 4.078067512377111, 16.73616658521837, 8.042418499560265, 13.201072913270798, 6.002186698869202, 5.826831744552567, 18.554755318578504, 14.205114657522158, 18.367322487065664, 4.078067512377111, 9.277866657485431, 5.826831744552567, 9.382218620920971, 7.11197413604202, 14.264703626679145, 9.83041130051194, 18.424402562221747, 16.253485683535217, 7.337847404140575, 11.683018942285916, 14.307230859284877, 5.614587878531951, 18.470139143400424, 8.178595764014489, 4.1071641431804045, 7.063892420406104, 8.568489726095308, 0.0, 0.0, 0.0, 0.0, 0.0, 0.0, 0.0, 0.0, 0.0, 0.0, 0.0, 0.0, 0.0, 0.0, 0.0], [9.382218620920971, 7.11197413604202, 14.264703626679145, 9.83041130051194, 18.424402562221747, 16.253485683535217, 7.337847404140575, 11.683018942285916, 14.307230859284877, 5.614587878531951, 18.470139143400424, 8.178595764014489, 4.1071641431804045, 7.063892420406104, 8.568489726095308, 0.0, 0.0, 0.0, 0.0, 0.0, 0.0, 0.0, 0.0, 0.0, 0.0, 0.0, 0.0, 0.0, 0.0, 0.0, 8.220281004595735, 7.109086062761724, 18.554755318578504, 16.558189257785138, 18.367322487065664, 9.277866657485431, 18.81219228387676, 14.205114657522158, 4.078067512377111, 16.73616658521837, 8.042418499560265, 13.201072913270798, 6.002186698869202, 5.826831744552567, 18.554755318578504, 14.205114657522158, 18.367322487065664, 4.078067512377111, 9.277866657485431, 5.826831744552567, 9.382218620920971, 7.11197413604202, 14.264703626679145, 9.83041130051194, 18.424402562221747, 16.253485683535217, 7.337847404140575, 11.683018942285916, 14.307230859284877, 5.614587878531951, 18.470139143400424, 8.178595764014489, 4.1071641431804045, 7.063892420406104, 8.568489726095308, 0.0, 0.0, 0.0, 0.0, 0.0, 0.0, 0.0, 0.0, 0.0, 0.0, 0.0, 0.0, 0.0, 0.0, 0.0], [9.382218620920971, 7.11197413604202, 14.264703626679145, 9.83041130051194, 18.424402562221747, 16.253485683535217, 7.337847404140575, 11.683018942285916, 14.307230859284877, 5.614587878531951, 18.470139143400424, 8.178595764014489, 4.1071641431804045, 7.063892420406104, 8.568489726095308, 0.0, 0.0, 0.0, 0.0, 0.0, 0.0, 0.0, 0.0, 0.0, 0.0, 0.0, 0.0, 0.0, 0.0, 0.0, 8.22028100459