M = 99999999.0;
numWorkers = 30;
numRoles = 3;
numNodes = 80;
wStart = [60, 30, 0, 180, 210, 150, 270, 60, 90, 30, 30, 30, 30, 270, 210, 0, 0, 0, 0, 0, 0, 0, 0, 0, 0, 0, 0, 0, 0, 0, 180, 60, 30, 120, 30, 30, 330, 60, 180, 60, 210, 270, 240, 150, 30, 60, 30, 30, 270, 60, 360, 420, 150, 240, 270, 420, 390, 390, 180, 420, 240, 120, 480, 450, 450, 480, 480, 480, 480, 480, 480, 480, 480, 480, 480, 480, 480, 480, 480, 480];
wEnd = [60, 30, 0, 180, 210, 150, 270, 60, 90, 30, 30, 30, 30, 270, 210, 0, 0, 0, 0, 0, 0, 0, 0, 0, 0, 0, 0, 0, 0, 0, 450, 450, 420, 270, 150, 390, 450, 420, 270, 240, 360, 420, 360, 390, 420, 450, 150, 390, 420, 420, 360, 420, 150, 240, 270, 420, 390, 390, 180, 420, 240, 120, 480, 450, 450, 480, 480, 480, 480, 480, 480, 480, 480, 480, 480, 480, 480, 480, 480, 480];
p = [0, 0, 0, 0, 0, 0, 0, 0, 0, 0, 0, 0, 0, 0, 0, 0, 0, 0, 0, 0, 0, 0, 0, 0, 0, 0, 0, 0, 0, 0, 53.69000620151998, 69.68959662247754, 28.276860925034946, 65.15791136876831, 66.25750785278814, 34.00709864253872, 47.87331004636003, 33.87504925568345, 55.235811379732155, 46.87388143373659, 48.931611176800956, 49.281381096169106, 20.75434118645947, 36.661200755063476, 14.138430462517473, 34.84479831123877, 33.12875392639407, 17.00354932126936, 24.640690548084553, 16.937524627841725, 0, 0, 0, 0, 0, 0, 0, 0, 0, 0, 0, 0, 0, 0, 0, 0, 0, 0, 0, 0, 0, 0, 0, 0, 0, 0, 0, 0, 0, 0];
e = [[1, 1, 0], [0, 1, 1], [1, 0, 1], [1, 0, 1], [1, 1, 0], [0, 1, 1], [0, 1, 1], [0, 1, 0], [0, 1, 0], [0, 1, 1], [0, 1, 0], [0, 1, 1], [0, 1, 0], [0, 1, 1], [0, 1, 1], [0, 1, 0], [0, 1, 0], [0, 1, 0], [1, 1, 0], [1, 1, 0], [0, 1, 1], [1, 1, 0], [1, 1, 0], [1, 1, 0], [1, 1, 0], [1, 0, 0], [1, 0, 0], [0, 1, 0], [0, 0, 1], [0, 0, 1]];
d = [[0, 0, 1, 1, 1, 1, 1, 1, 1, 1, 1, 0, 1, 1, 2, 0, 2, 2, 0, 2], [1, 1, 2, 2, 0, 1, 1, 1, 1, 2, 1, 1, 0, 1, 4, 2, 0, 2, 2, 2], [1, 1, 0, 0, 1, 0, 0, 1, 1, 0, 0, 1, 1, 1, 0, 2, 2, 0, 2, 2]];
r = [155, 2040, 2964, 4095, 3684, 3309, 665, 1307, 2621, 686, 156, 3339, 4424, 2333, 2964, 2040, 3684, 3309, 3339, 1307];
g = [[0, 0, 0, 0, 0, 0, 0, 0, 0, 0, 0, 0, 0, 0, 0, 0, 0, 0, 0, 0], [0, 0, 0, 0, 0, 0, 0, 0, 0, 0, 0, 0, 0, 0, 0, 1, 0, 0, 0, 0], [0, 0, 0, 0, 0, 0, 0, 0, 0, 0, 0, 0, 0, 0, 1, 0, 0, 0, 0, 0], [0, 0, 0, 0, 0, 0, 0, 0, 0, 0, 0, 0, 0, 0, 0, 0, 0, 0, 0, 0], [0, 0, 0, 0, 0, 0, 0, 0, 0, 0, 0, 0, 0, 0, 0, 0, 1, 0, 0, 0], [0, 0, 0, 0, 0, 0, 0, 0, 0, 0, 0, 0, 0, 0, 0, 0, 0, 1, 0, 0], [0, 0, 0, 0, 0, 0, 0, 0, 0, 0, 0, 0, 0, 0, 0, 0, 0, 0, 0, 0], [0, 0, 0, 0, 0, 0, 0, 0, 0, 0, 0, 0, 0, 0, 0, 0, 0, 0, 0, 1], [0, 0, 0, 0, 0, 0, 0, 0, 0, 0, 0, 0, 0, 0, 0, 0, 0, 0, 0, 0], [0, 0, 0, 0, 0, 0, 0, 0, 0, 0, 0, 0, 0, 0, 0, 0, 0, 0, 0, 0], [0, 0, 0, 0, 0, 0, 0, 0, 0, 0, 0, 0, 0, 0, 0, 0, 0, 0, 0, 0], [0, 0, 0, 0, 0, 0, 0, 0, 0, 0, 0, 0, 0, 0, 0, 0, 0, 0, 1, 0], [0, 0, 0, 0, 0, 0, 0, 0, 0, 0, 0, 0, 0, 0, 0, 0, 0, 0, 0, 0], [0, 0, 0, 0, 0, 0, 0, 0, 0, 0, 0, 0, 0, 0, 0, 0, 0, 0, 0, 0], [0, 0, 1, 0, 0, 0, 0, 0, 0, 0, 0, 0, 0, 0, 0, 0, 0, 0, 0, 0], [0, 1, 0, 0, 0, 0, 0, 0, 0, 0, 0, 0, 0, 0, 0, 0, 0, 0, 0, 0], [0, 0, 0, 0, 1, 0, 0, 0, 0, 0, 0, 0, 0, 0, 0, 0, 0, 0, 0, 0], [0, 0, 0, 0, 0, 1, 0, 0, 0, 0, 0, 0, 0, 0, 0, 0, 0, 0, 0, 0], [0, 0, 0, 0, 0, 0, 0, 0, 0, 0, 0, 1, 0, 0, 0, 0, 0, 0, 0, 0], [0, 0, 0, 0, 0, 0, 0, 1, 0, 0, 0, 0, 0, 0, 0, 0, 0, 0, 0, 0]];
t = [[0.0, 7.687931025573437, 9.215851276236695, 12.784459474628296, 14.820906024154617, 19.245769826869918, 15.254303972832417, 19.480913703681047, 12.738544698921377, 26.81099570579775, 11.995444599524722, 17.46054415756829, 11.11476373795451, 25.872677706904167, 24.85268375355081, 11.820847433400647, 11.820847433400647, 11.820847433400647, 11.820847433400647, 11.820847433400647, 11.820847433400647, 11.820847433400647, 11.820847433400647, 11.820847433400647, 11.820847433400647, 11.820847433400647, 11.820847433400647, 11.820847433400647, 11.820847433400647, 11.820847433400647, 21.866552048634354, 25.73418023105043, 12.906872029474256, 20.60771396962179, 17.398749772798183, 24.80104821097971, 21.664775066630693, 24.75439474348974, 19.47372842980148, 20.30270596137333, 27.440741221128427, 13.407976478664748, 6.566365047534206, 9.54993763063269, 12.906872029474256, 25.73418023105043, 17.398749772798183, 24.80104821097971, 13.407976478664748, 24.75439474348974, 0.0, 7.687931025573437, 9.215851276236695, 12.784459474628296, 14.820906024154617, 19.245769826869918, 15.254303972832417, 19.480913703681047, 12.738544698921377, 26.81099570579775, 11.995444599524722, 17.46054415756829, 11.11476373795451, 25.872677706904167, 24.85268375355081, 11.820847433400647, 11.820847433400647, 11.820847433400647, 11.820847433400647, 11.820847433400647, 11.820847433400647, 11.820847433400647, 11.820847433400647, 11.820847433400647, 11.820847433400647, 11.820847433400647, 11.820847433400647, 11.820847433400647, 11.820847433400647, 11.820847433400647], [7.687931025573437, 0.0, 11.19574474059474, 10.944979280727058, 8.734977740598596, 16.62417696892129, 20.82098309764532, 21.715447068167663, 15.597619960490771, 30.0, 16.06589131936486, 11.88924573351044, 17.886463107800115, 22.293641993242066, 26.869193565204885, 13.796229119635456, 13.796229119635456, 13.796229119635456, 13.796229119635456, 13.796229119635456, 13.796229119635456, 13.796229119635456, 13.796229119635456, 13.796229119635456, 13.796229119635456, 13.796229119635456, 13.796229119635456, 13.796229119635456, 13.796229119635456, 13.796229119635456, 21.299785680223465, 26.33727101602893, 15.656453677528607, 23.500516614843207, 13.886427987463803, 25.851579134089764, 25.631282363114618, 29.275528744050323, 14.32233116565516, 17.511748457705316, 24.08687359984115, 17.46317770855534, 1.716803403774775, 7.68414175329976, 15.656453677528607, 26.33727101602893, 13.886427987463803, 25.851579134089764, 17.46317770855534, 29.275528744050323, 7.687931025573437, 0.0, 11.19574474059474, 10.944979280727058, 8.734977740598596, 16.62417696892129, 20.82098309764532, 21.715447068167663, 15.597619960490771, 30.0, 16.06589131936486, 11.88924573351044, 17.886463107800115, 22.293641993242066, 26.869193565204885, 13.796229119635456, 13.796229119635456, 13.796229119635456, 13.796229119635456, 13.796229119635456, 13.796229119635456, 13.796229119635456, 13.796229119635456, 13.796229119635456, 13.796229119635456, 13.796229119635456, 13.796229119635456, 13.796229119635456, 13.796229119635456, 13.796229119635456], [9.215851276236695, 11.19574474059474, 0.0, 5.744533891290756, 12.177547472338627, 11.411911050031637, 10.860629834710963, 10.764726398379633, 4.403007941619837, 18.846105516906057, 5.328085681497286, 13.277608965411124, 10.451411209362558, 18.256241004684796, 16.088693457465407, 2.753542340097637, 2.753542340097637, 2.753542340097637, 2.753542340097637, 2.753542340097637, 2.753542340097637, 2.753542340097637, 2.753542340097637, 2.753542340097637, 2.753542340097637, 2.753542340097637, 2.753542340097637, 2.753542340097637, 2.753542340097637, 2.753542340097637, 12.762668933742258, 16.54609631678155, 4.46188823378203, 12.362247032816732, 10.700142125795299, 15.68486910630301, 14.471262414435758, 18.216616371480264, 14.286862044187362, 12.487615562222476, 19.55577117866641, 6.565795548538409, 9.512925486434437, 5.000955604157401, 4.46188823378203, 16.54609631678155, 10.700142125795299, 15.68486910630301, 6.565795548538409, 18.216616371480264, 9.215851276236695, 11.19574474059474, 0.0, 5.744533891290756, 12.177547472338627, 11.411911050031637, 10.860629834710963, 10.764726398379633, 4.403007941619837, 18.846105516906057, 5.328085681497286, 13.277608965411124, 10.451411209362558, 18.256241004684796, 16.088693457465407, 2.753542340097637, 2.753542340097637, 2.753542340097637, 2.753542340097637, 2.753542340097637, 2.753542340097637, 2.753542340097637, 2.753542340097637, 2.753542340097637, 2.753542340097637, 2.753542340097637, 2.753542340097637, 2.753542340097637, 2.753542340097637, 2.753542340097637], [12.784459474628296, 10.944979280727058, 5.744533891290756, 0.0, 7.670246562853896, 6.462022463166404, 15.949114527275801, 12.228389071443061, 8.29663777387917, 20.740662512109907, 10.282165998644224, 7.8786149078017855, 16.18714172281861, 13.151785876794056, 16.806535947876476, 6.1970116933242645, 6.1970116933242645, 6.1970116933242645, 6.1970116933242645, 6.1970116933242645, 6.1970116933242645, 6.1970116933242645, 6.1970116933242645, 6.1970116933242645, 6.1970116933242645, 6.1970116933242645, 6.1970116933242645, 6.1970116933242645, 6.1970116933242645, 6.1970116933242645, 10.357013368021844, 15.557890297706033, 8.181506728030532, 14.459657567934698, 5.025946251512176, 15.260316416419318, 17.573047983922482, 21.58153798359004, 8.585332813043253, 7.518768752002389, 14.668472361461971, 11.127587230253837, 9.705144957143535, 3.497961543023369, 8.181506728030532, 15.557890297706033, 5.025946251512176, 15.260316416419318, 11.127587230253837, 21.58153798359004, 12.784459474628296, 10.944979280727058, 5.744533891290756, 0.0, 7.670246562853896, 6.462022463166404, 15.949114527275801, 12.228389071443061, 8.29663777387917, 20.740662512109907, 10.282165998644224, 7.8786149078017855, 16.18714172281861, 13.151785876794056, 16.806535947876476, 6.1970116933242645, 6.1970116933242645, 6.1970116933242645, 6.1970116933242645, 6.1970116933242645, 6.1970116933242645, 6.1970116933242645, 6.1970116933242645, 6.1970116933242645, 6.1970116933242645, 6.1970116933242645, 6.1970116933242645, 6.1970116933242645, 6.1970116933242645, 6.1970116933242645], [14.820906024154617, 8.734977740598596, 12.177547472338627, 7.670246562853896, 0.0, 10.18419590241233, 23.01544965878588, 19.80343151720003, 15.723881539821011, 28.269391409287152, 17.384353628236667, 3.234345896879784, 22.096883174094643, 14.363217452257954, 24.061957643772406, 13.57156795866384, 13.57156795866384, 13.57156795866384, 13.57156795866384, 13.57156795866384, 13.57156795866384, 13.57156795866384, 13.57156795866384, 13.57156795866384, 13.57156795866384, 13.57156795866384, 13.57156795866384, 13.57156795866384, 13.57156795866384, 13.57156795866384, 16.325322579516122, 22.027555735081783, 15.645414805946704, 22.088739319175954, 7.0311620461671405, 22.074559043088364, 25.242250574455692, 29.246526769236446, 5.769612943545964, 10.732651019444532, 16.234466441301265, 18.43456192306059, 8.744641454370708, 7.264204881419946, 15.645414805946704, 22.027555735081783, 7.0311620461671405, 22.074559043088364, 18.43456192306059, 29.246526769236446, 14.820906024154617, 8.734977740598596, 12.177547472338627, 7.670246562853896, 0.0, 10.18419590241233, 23.01544965878588, 19.80343151720003, 15.723881539821011, 28.269391409287152, 17.384353628236667, 3.234345896879784, 22.096883174094643, 14.363217452257954, 24.061957643772406, 13.57156795866384, 13.57156795866384, 13.57156795866384, 13.57156795866384, 13.57156795866384, 13.57156795866384, 13.57156795866384, 13.57156795866384, 13.57156795866384, 13.57156795866384, 13.57156795866384, 13.57156795866384, 13.57156795866384, 13.57156795866384, 13.57156795866384], [19.245769826869918, 16.62417696892129, 11.411911050031637, 6.462022463166404, 10.18419590241233, 0.0, 19.65561406460491, 12.444109598787893, 12.005316440226663, 20.097496017978898, 14.445185257341464, 8.088920301472319, 21.301687412866603, 6.846733350406596, 15.290213879372681, 10.498046328444444, 10.498046328444444, 10.498046328444444, 10.498046328444444, 10.498046328444444, 10.498046328444444, 10.498046328444444, 10.498046328444444, 10.498046328444444, 10.498046328444444, 10.498046328444444, 10.498046328444444, 10.498046328444444, 10.498046328444444, 10.498046328444444, 6.532753198366505, 12.298346442398632, 11.794045644937047, 14.869847449221925, 3.153391970122389, 12.692449377610139, 18.651932051523165, 22.599628780285645, 6.723446521285525, 1.0815914757547787, 8.241458683985714, 14.747178327802345, 15.668653792035483, 9.846646197443562, 11.794045644937047, 12.298346442398632, 3.153391970122389, 12.692449377610139, 14.747178327802345, 22.599628780285645, 19.245769826869918, 16.62417696892129, 11.411911050031637, 6.462022463166404, 10.18419590241233, 0.0, 19.65561406460491, 12.444109598787893, 12.005316440226663, 20.097496017978898, 14.445185257341464, 8.088920301472319, 21.301687412866603, 6.846733350406596, 15.290213879372681, 10.498046328444444, 10.498046328444444, 10.498046328444444, 10.498046328444444, 10.498046328444444, 10.498046328444444, 10.498046328444444, 10.498046328444444, 10.498046328444444, 10.498046328444444, 10.498046328444444, 10.498046328444444, 10.498046328444444, 10.498046328444444, 10.498046328444444], [15.254303972832417, 20.82098309764532, 10.860629834710963, 15.949114527275801, 23.01544965878588, 19.65561406460491, 0.0, 10.098894106416864, 7.807966698342891, 13.514175006739256, 5.67633141676893, 23.81614137870291, 5.542898919936361, 25.847774964497614, 14.008479391854234, 9.775767289027664, 9.775767289027664, 9.775767289027664, 9.775767289027664, 9.775767289027664, 9.775767289027664, 9.775767289027664, 9.775767289027664, 9.775767289027664, 9.775767289027664, 9.775767289027664, 9.775767289027664, 9.775767289027664, 9.775767289027664, 9.775767289027664, 17.208479104548047, 17.438017420675745, 7.982735212705761, 9.280468347729048, 20.251117377035218, 15.874664189727097, 7.8800561577066395, 9.885012657142621, 24.383517078740002, 20.5655601788019, 26.579257527234535, 4.948944961689271, 19.124486760842807, 15.856355689079022, 7.982735212705761, 17.438017420675745, 20.251117377035218, 15.874664189727097, 4.948944961689271, 9.885012657142621, 15.254303972832417, 20.82098309764532, 10.860629834710963, 15.949114527275801, 23.01544965878588, 19.65561406460491, 0.0, 10.098894106416864, 7.807966698342891, 13.514175006739256, 5.67633141676893, 23.81614137870291, 5.542898919936361, 25.847774964497614, 14.008479391854234, 9.775767289027664, 9.775767289027664, 9.775767289027664, 9.775767289027664, 9.775767289027664, 9.775767289027664, 9.775767289027664, 9.775767289027664, 9.775767289027664, 9.775767289027664, 9.775767289027664, 9.775767289027664, 9.775767289027664, 9.775767289027664, 9.775767289027664], [19.480913703681047, 21.715447068167663, 10.764726398379633, 12.228389071443061, 19.80343151720003, 12.444109598787893, 10.098894106416864, 0.0, 6.742433618497883, 8.520804567412089, 8.045613996132282, 19.196472322673163, 14.437022973511814, 17.28031494463555, 5.374885794978274, 8.021362508632423, 8.021362508632423, 8.021362508632423, 8.021362508632423, 8.021362508632423, 8.021362508632423, 8.021362508632423, 8.021362508632423, 8.021362508632423, 8.021362508632423, 8.021362508632423, 8.021362508632423, 8.021362508632423, 8.021362508632423, 8.021362508632423, 7.793036719736386, 7.440082897557452, 6.576863763323856, 2.432586118512063, 14.387483221621554, 5.9937701217676365, 6.245385254930522, 10.155790940671498, 18.727533423892872, 13.023473248130744, 17.59060332193274, 7.002076452495784, 20.09903712929895, 14.367271211154224, 6.576863763323856, 7.440082897557452, 14.387483221621554, 5.9937701217676365, 7.002076452495784, 10.155790940671498, 19.480913703681047, 21.715447068167663, 10.764726398379633, 12.228389071443061, 19.80343151720003, 12.444109598787893, 10.098894106416864, 0.0, 6.742433618497883, 8.520804567412089, 8.045613996132282, 19.196472322673163, 14.437022973511814, 17.28031494463555, 5.374885794978274, 8.021362508632423, 8.021362508632423, 8.021362508632423, 8.021362508632423, 8.021362508632423, 8.021362508632423, 8.021362508632423, 8.021362508632423, 8.021362508632423, 8.021362508632423, 8.021362508632423, 8.021362508632423, 8.021362508632423, 8.021362508632423, 8.021362508632423], [12.738544698921377, 15.597619960490771, 4.403007941619837, 8.29663777387917, 15.723881539821011, 12.005316440226663, 7.807966698342891, 6.742433618497883, 0.0, 14.496018070580325, 2.4761752494419844, 16.165747613895064, 9.631754687598185, 18.48990562237149, 12.114681384216802, 2.1530647533588265, 2.1530647533588265, 2.1530647533588265, 2.1530647533588265, 2.1530647533588265, 2.1530647533588265, 2.1530647533588265, 2.1530647533588265, 2.1530647533588265, 2.1530647533588265, 2.1530647533588265, 2.1530647533588265, 2.1530647533588265, 2.1530647533588265, 2.1530647533588265, 10.939891935215366, 13.406520700250724, 0.2463029715831367, 8.053460729464172, 12.443161998024845, 12.273432957825753, 10.088288352143396, 13.899004619928979, 16.597669023844468, 12.972379438648256, 19.439567135609806, 2.873218144057941, 13.910568033224061, 8.998606369387621, 0.2463029715831367, 13.406520700250724, 12.443161998024845, 12.273432957825753, 2.873218144057941, 13.899004619928979, 12.738544698921377, 15.597619960490771, 4.403007941619837, 8.29663777387917, 15.723881539821011, 12.005316440226663, 7.807966698342891, 6.742433618497883, 0.0, 14.496018070580325, 2.4761752494419844, 16.165747613895064, 9.631754687598185, 18.48990562237149, 12.114681384216802, 2.1530647533588265, 2.1530647533588265, 2.1530647533588265, 2.1530647533588265, 2.1530647533588265, 2.1530647533588265, 2.1530647533588265, 2.1530647533588265, 2.1530647533588265, 2.1530647533588265, 2.1530647533588265, 2.1530647533588265, 2.1530647533588265, 2.1530647533588265, 2.1530647533588265], [26.81099570579775, 30.0, 18.846105516906057, 20.740662512109907, 28.269391409287152, 20.097496017978898, 13.514175006739256, 8.520804567412089, 14.496018070580325, 0.0, 14.815640205462612, 27.454462088215312, 19.014790663568235, 23.44373002419271, 5.085417045372285, 16.204012349525726, 16.204012349525726, 16.204012349525726, 16.204012349525726, 16.204012349525726, 16.204012349525726, 16.204012349525726, 16.204012349525726, 16.204012349525726, 16.204012349525726, 16.204012349525726, 16.204012349525726, 16.204012349525726, 16.204012349525726, 16.204012349525726, 14.08802738191293, 9.740576867692507, 14.403843517243207, 6.500794154822774, 22.477297009381445, 8.361412402633489, 5.636138363859126, 5.7179685162895115, 26.707045404251694, 20.434705142559253, 23.178344736359698, 13.411873577547496, 28.34065832320861, 22.82720763349225, 14.403843517243207, 9.740576867692507, 22.477297009381445, 8.361412402633489, 13.411873577547496, 5.7179685162895115, 26.81099570579775, 30.0, 18.846105516906057, 20.740662512109907, 28.269391409287152, 20.097496017978898, 13.514175006739256, 8.520804567412089, 14.496018070580325, 0.0, 14.815640205462612, 27.454462088215312, 19.014790663568235, 23.44373002419271, 5.085417045372285, 16.204012349525726, 16.204012349525726, 16.204012349525726, 16.204012349525726, 16.204012349525726, 16.204012349525726, 16.204012349525726, 16.204012349525726, 16.204012349525726, 16.204012349525726, 16.204012349525726, 16.204012349525726, 16.204012349525726, 16.204012349525726, 16.204012349525726], [11.995444599524722, 16.06589131936486, 5.328085681497286, 10.282165998644224, 17.384353628236667, 14.445185257341464, 5.67633141676893, 8.045613996132282, 2.4761752494419844, 14.815640205462612, 0.0, 18.141999608795874, 7.201538399985324, 20.964278917518325, 13.246702651791466, 4.153252804271595, 4.153252804271595, 4.153252804271595, 4.153252804271595, 4.153252804271595, 4.153252804271595, 4.153252804271595, 4.153252804271595, 4.153252804271595, 4.153252804271595, 4.153252804271595, 4.153252804271595, 4.153252804271595, 4.153252804271595, 4.153252804271595, 13.269839511406463, 15.209428845115186, 2.7091427203911067, 8.716725058521579, 14.717337200952858, 13.927954609133252, 9.78364142955752, 13.235497998454504, 18.767103929297207, 15.425369080929865, 21.913504708359422, 1.4419118725920212, 14.349561336148826, 10.312919836788582, 2.7091427203911067, 15.209428845115186, 14.717337200952858, 13.927954609133252, 1.4419118725920212, 13.235497998454504, 11.995444599524722, 16.06589131936486, 5.328085681497286, 10.282165998644224, 17.384353628236667, 14.445185257341464, 5.67633141676893, 8.045613996132282, 2.4761752494419844, 14.815640205462612, 0.0, 18.141999608795874, 7.201538399985324, 20.964278917518325, 13.246702651791466, 4.153252804271595, 4.153252804271595, 4.153252804271595, 4.153252804271595, 4.153252804271595, 4.153252804271595, 4.153252804271595, 4.153252804271595, 4.153252804271595, 4.153252804271595, 4.153252804271595, 4.153252804271595, 4.153252804271595, 4.153252804271595, 4.153252804271595], [17.46054415756829, 11.88924573351044, 13.277608965411124, 7.8786149078017855, 3.234345896879784, 8.088920301472319, 23.81614137870291, 19.196472322673163, 16.165747613895064, 27.454462088215312, 18.141999608795874, 0.0, 23.616684932112907, 11.296584560135017, 22.93382696775866, 14.075618995504463, 14.075618995504463, 14.075618995504463, 14.075618995504463, 14.075618995504463, 14.075618995504463, 14.075618995504463, 14.075618995504463, 14.075618995504463, 14.075618995504463, 14.075618995504463, 14.075618995504463, 14.075618995504463, 14.075618995504463, 14.075618995504463, 14.56801928761967, 20.344412109014556, 16.04200628070967, 21.582868994344963, 5.105998803677472, 20.611866793295142, 25.021872365074778, 29.05602307120879, 2.550063997300481, 8.385804966000746, 13.178161914338752, 19.005497358087045, 11.73362386582636, 8.841715652959552, 16.04200628070967, 20.344412109014556, 5.105998803677472, 20.611866793295142, 19.005497358087045, 29.05602307120879, 17.46054415756829, 11.88924573351044, 13.277608965411124, 7.8786149078017855, 3.234345896879784, 8.088920301472319, 23.81614137870291, 19.196472322673163, 16.165747613895064, 27.454462088215312, 18.141999608795874, 0.0, 23.616684932112907, 11.296584560135017, 22.93382696775866, 14.075618995504463, 14.075618995504463, 14.075618995504463, 14.075618995504463, 14.075618995504463, 14.075618995504463, 14.075618995504463, 14.075618995504463, 14.075618995504463, 14.075618995504463, 14.075618995504463, 14.075618995504463, 14.075618995504463, 14.075618995504463, 14.075618995504463], [11.11476373795451, 17.886463107800115, 10.451411209362558, 16.18714172281861, 22.096883174094643, 21.301687412866603, 5.542898919936361, 14.437022973511814, 9.631754687598185, 19.014790663568235, 7.201538399985324, 23.616684932112907, 0.0, 27.985942474977595, 19.025882293633178, 10.808057287999029, 10.808057287999029, 10.808057287999029, 10.808057287999029, 10.808057287999029, 10.808057287999029, 10.808057287999029, 10.808057287999029, 10.808057287999029, 10.808057287999029, 10.808057287999029, 10.808057287999029, 10.808057287999029, 10.808057287999029, 10.808057287999029, 20.45301133286073, 21.865246676395955, 9.87418420584778, 14.222847619846743, 21.069861351226514, 20.424565286999446, 13.38062437117478, 15.327524778965886, 24.73625676875797, 22.32886043286247, 29.023894784694267, 7.643174476862161, 16.31291794241036, 14.888712842590918, 9.87418420584778, 21.865246676395955, 21.069861351226514, 20.424565286999446, 7.643174476862161, 15.327524778965886, 11.11476373795451, 17.886463107800115, 10.451411209362558, 16.18714172281861, 22.096883174094643, 21.301687412866603, 5.542898919936361, 14.437022973511814, 9.631754687598185, 19.014790663568235, 7.201538399985324, 23.616684932112907, 0.0, 27.985942474977595, 19.025882293633178, 10.808057287999029, 10.808057287999029, 10.808057287999029, 10.808057287999029, 10.808057287999029, 10.808057287999029, 10.808057287999029, 10.808057287999029, 10.808057287999029, 10.808057287999029, 10.808057287999029, 10.808057287999029, 10.808057287999029, 10.808057287999029, 10.808057287999029], [25.872677706904167, 22.293641993242066, 18.256241004684796, 13.151785876794056, 14.363217452257954, 6.846733350406596, 25.847774964497614, 17.28031494463555, 18.48990562237149, 23.44373002419271, 20.964278917518325, 11.296584560135017, 27.985942474977595, 0.0, 18.35878805703861, 17.19243967185908, 17.19243967185908, 17.19243967185908, 17.19243967185908, 17.19243967185908, 17.19243967185908, 17.19243967185908, 17.19243967185908, 17.19243967185908, 17.19243967185908, 17.19243967185908, 17.19243967185908, 17.19243967185908, 17.19243967185908, 17.19243967185908, 9.621526191939092, 14.039507486259664, 18.26205235742735, 19.531852530913653, 8.577487372691548, 15.145814309653241, 23.436278888308923, 27.105020249079267, 8.827069981332919, 5.768818688463127, 1.8826418471757644, 21.074273906883704, 21.627764677815744, 16.34132536435122, 18.26205235742735, 14.039507486259664, 8.577487372691548, 15.145814309653241, 21.074273906883704, 27.105020249079267, 25.872677706904167, 22.293641993242066, 18.256241004684796, 13.151785876794056, 14.363217452257954, 6.846733350406596, 25.847774964497614, 17.28031494463555, 18.48990562237149, 23.44373002419271, 20.964278917518325, 11.296584560135017, 27.985942474977595, 0.0, 18.35878805703861, 17.19243967185908, 17.19243967185908, 17.19243967185908, 17.19243967185908, 17.19243967185908, 17.19243967185908, 17.19243967185908, 17.19243967185908, 17.19243967185908, 17.19243967185908, 17.19243967185908, 17.19243967185908, 17.19243967185908, 17.19243967185908, 17.19243967185908], [24.85268375355081, 26.869193565204885, 16.088693457465407, 16.806535947876476, 24.061957643772406, 15.290213879372681, 14.008479391854234, 5.374885794978274, 12.114681384216802, 5.085417045372285, 13.246702651791466, 22.93382696775866, 19.025882293633178, 18.35878805703861, 0.0, 13.335696669837219, 13.335696669837219, 13.335696669837219, 13.335696669837219, 13.335696669837219, 13.335696669837219, 13.335696669837219, 13.335696669837219, 13.335696669837219, 13.335696669837219, 13.335696669837219, 13.335696669837219, 13.335696669837219, 13.335696669837219, 13.335696669837219, 9.075541689923005, 4.843632602299433, 11.951433551464605, 4.803036365715557, 17.86781509256774, 3.324609259276575, 7.165877602081842, 9.601403686618614, 21.98107748938489, 15.538085333171027, 18.107925654829053, 12.054623194360287, 25.292012174425995, 19.351545749764306, 11.951433551464605, 4.843632602299433, 17.86781509256774, 3.324609259276575, 12.054623194360287, 9.601403686618614, 24.85268375355081, 26.869193565204885, 16.088693457465407, 16.806535947876476, 24.061957643772406, 15.290213879372681, 14.008479391854234, 5.374885794978274, 12.114681384216802, 5.085417045372285, 13.246702651791466, 22.93382696775866, 19.025882293633178, 18.35878805703861, 0.0, 13.335696669837219, 13.335696669837219, 13.335696669837219, 13.335696669837219, 13.335696669837219, 13.335696669837219, 13.335696669837219, 13.335696669837219, 13.335696669837219, 13.335696669837219, 13.335696669837219, 13.335696669837219, 13.335696669837219, 13.335696669837219, 13.335696669837219], [11.820847433400647, 13.796229119635456, 2.753542340097637, 6.1970116933242645, 13.57156795866384, 10.498046328444444, 9.775767289027664, 8.021362508632423, 2.1530647533588265, 16.204012349525726, 4.153252804271595, 14.075618995504463, 10.808057287999029, 17.19243967185908, 13.335696669837219, 0.0, 0.0, 0.0, 0.0, 0.0, 0.0, 0.0, 0.0, 0.0, 0.0, 0.0, 0.0, 0.0, 0.0, 0.0, 10.567792366499992, 13.919254010642934, 2.091820508229264, 9.704292885942861, 10.571954159089243, 12.991283893221992, 12.095477682644788, 15.971213596560455, 14.619501386710064, 11.521018431999147, 18.2946101946408, 4.932230826699169, 12.143336266457514, 6.905587160248277, 2.091820508229264, 13.919254010642934, 10.571954159089243, 12.991283893221992, 4.932230826699169, 15.971213596560455, 11.820847433400647, 13.796229119635456, 2.753542340097637, 6.1970116933242645, 13.57156795866384, 10.498046328444444, 9.775767289027664, 8.021362508632423, 2.1530647533588265, 16.204012349525726, 4.153252804271595, 14.075618995504463, 10.808057287999029, 17.19243967185908, 13.335696669837219, 0.0, 0.0, 0.0, 0.0, 0.0, 0.0, 0.0, 0.0, 0.0, 0.0, 0.0, 0.0, 0.0, 0.0, 0.0], [11.820847433400647, 13.796229119635456, 2.753542340097637, 6.1970116933242645, 13.57156795866384, 10.498046328444444, 9.775767289027664, 8.021362508632423, 2.1530647533588265, 16.204012349525726, 4.153252804271595, 14.075618995504463, 10.808057287999029, 17.19243967185908, 13.335696669837219, 0.0, 0.0, 0.0, 0.0, 0.0, 0.0, 0.0, 0.0, 0.0, 0.0, 0.0, 0.0, 0.0, 0.0, 0.0, 10.567792366499992, 13.919254010642934, 2.091820508229264, 9.704292885942861, 10.571954159089243, 12.991283893221992, 12.095477682644788, 15.971213596560455, 14.619501386710064, 11.521018431999147, 18.2946101946408, 4.932230826699169, 12.143336266457514, 6.905587160248277, 2.091820508229264, 13.919254010642934, 10.571954159089243, 12.991283893221992, 4.932230826699169, 15.971213596560455, 11.820847433400647, 13.796229119635456, 2.753542340097637, 6.1970116933242645, 13.57156795866384, 10.498046328444444, 9.775767289027664, 8.021362508632423, 2.1530647533588265, 16.204012349525726, 4.153252804271595, 14.075618995504463, 10.808057287999029, 17.19243967185908, 13.335696669837219, 0.0, 0.0, 0.0, 0.0, 0.0, 0.0, 0.0, 0.0, 0.0, 0.0, 0.0, 0.0, 0.0, 0.0, 0.0], [11.820847433400647, 13.796229119635456, 2.753542340097637, 6.1970116933242645, 13.57156795866384, 10.498046328444444, 9.775767289027664, 8.021362508632423, 2.1530647533588265, 16.204012349525726, 4.153252804271595, 14.075618995504463, 10.808057287999029, 17.19243967185908, 13.335696669837219, 0.0, 0.0, 0.0, 0.0, 0.0, 0.0, 0.0, 0.0, 0.0, 0.0, 0.0, 0.0, 0.0, 0.0, 0.0, 10.567792366499992, 13.919254010642934, 2.091820508229264, 9.704292885942861, 10.571954159089243, 12.991283893221992, 12.095477682644788, 15.971213596560455, 14.619501386710064, 11.521018431999147, 18.2946101946408, 4.932230826699169, 12.143336266457514, 6.905587160248277, 2.091820508229264, 13.919254010642934, 10.571954159089243, 12.991283893221992, 4.932230826699169, 15.971213596560455, 11.820847433400647, 13.796229119635456, 2.753542340097637, 6.1970116933242645, 13.57156795866384, 10.498046328444444, 9.775767289027664, 8.021362508632423, 2.1530647533588265, 16.204012349525726, 4.153252804271595, 14.075618995504463, 10.808057287999029, 17.19243967185908, 13.335696669837219, 0.0, 0.0, 0.0, 0.0, 0.0, 0.0, 0.0, 0.0, 0.0, 0.0, 0.0, 0.0, 0.0, 0.0, 0.0], [11.820847433400647, 13.796229119635456, 2.753542340097637, 6.1970116933242645, 13.57156795866384, 10.498046328444444, 9.775767289027664, 8.021362508632423, 2.1530647533588265, 16.204012349525726, 4.153252804271595, 14.075618995504463, 10.808057287999029, 17.19243967185908, 13.335696669837219, 0.0, 0.0, 0.0, 0.0, 0.0, 0.0, 0.0, 0.0, 0.0, 0.0, 0.0, 0.0, 0.0, 0.0, 0.0, 10.567792366499992, 13.919254010642934, 2.091820508229264, 9.704292885942861, 10.571954159089243, 12.991283893221992, 12.095477682644788, 15.971213596560455, 14.619501386710064, 11.521018431999147, 18.2946101946408, 4.932230826699169, 12.143336266457514, 6.905587160248277, 2.091820508229264, 13.919254010642934, 10.571954159089243, 12.991283893221992, 4.932230826699169, 15.971213596560455, 11.820847433400647, 13.796229119635456, 2.753542340097637, 6.1970116933242645, 13.57156795866384, 10.498046328444444, 9.775767289027664, 8.021362508632423, 2.1530647533588265, 16.204012349525726, 4.153252804271595, 14.075618995504463, 10.808057287999029, 17.19243967185908, 13.335696669837219, 0.0, 0.0, 0.0, 0.0, 0.0, 0.0, 0.0, 0.0, 0.0, 0.0, 0.0, 0.0, 0.0, 0.0, 0.0], [11.820847433400647, 13.796229119635456, 2.753542340097637, 6.1970116933242645, 13.57156795866384, 10.498046328444444, 9.775767289027664, 8.021362508632423, 2.1530647533588265, 16.204012349525726, 4.153252804271595, 14.075618995504463, 10.808057287999029, 17.19243967185908, 13.335696669837219, 0.0, 0.0, 0.0, 0.0, 0.0, 0.0, 0.0, 0.0, 0.0, 0.0, 0.0, 0.0, 0.0, 0.0, 0.0, 10.567792366499992, 13.919254010642934, 2.091820508229264, 9.704292885942861, 10.571954159089243, 12.991283893221992, 12.095477682644788, 15.971213596560455, 14.619501386710064, 11.521018431999147, 18.2946101946408, 4.932230826699169, 12.143336266457514, 6.905587160248277, 2.091820508229264, 13.919254010642934, 10.571954159089243, 12.991283893221992, 4.932230826699169, 15.971213596560455, 11.820847433400647, 13.796229119635456, 2.753542340097637, 6.1970116933242645, 13.57156795866384, 10.498046328444444, 9.775767289027664, 8.021362508632423, 2.1530647533588265, 16.204012349525726, 4.153252804271595, 14.075618995504463, 10.808057287999029, 17.19243967185908, 13.335696669837219, 0.0, 0.0, 0.0, 0.0, 0.0, 0.0, 0.0, 0.0, 0.0, 0.0, 0.0, 0.0, 0.0, 0.0, 0.0], [11.820847433400647, 13.796229119635456, 2.753542340097637, 6.1970116933242645, 13.57156795866384, 10.498046328444444, 9.775767289027664, 8.021362508632423, 2.1530647533588265, 16.204012349525726, 4.153252804271595, 14.075618995504463, 10.808057287999029, 17.19243967185908, 13.335696669837219, 0.0, 0.0, 0.0, 0.0, 0.0, 0.0, 0.0, 0.0, 0.0, 0.0, 0.0, 0.0, 0.0, 0.0, 0.0, 10.567792366499992, 13.919254010642934, 2.091820508229264, 9.704292885942861, 10.571954159089243, 12.991283893221992, 12.095477682644788, 15.971213596560455, 14.619501386710064, 11.521018431999147, 18.2946101946408, 4.932230826699169, 12.143336266457514, 6.905587160248277, 2.091820508229264, 13.919254010642934, 10.571954159089243, 12.991283893221992, 4.932230826699169, 15.971213596560455, 11.820847433400647, 13.796229119635456, 2.753542340097637, 6.1970116933242645, 13.57156795866384, 10.498046328444444, 9.775767289027664, 8.021362508632423, 2.1530647533588265, 16.204012349525726, 4.153252804271595, 14.075618995504463, 10.808057287999029, 17.19243967185908, 13.335696669837219, 0.0, 0.0, 0.0, 0.0, 0.0, 0.0, 0.0, 0.0, 0.0, 0.0, 0.0, 0.0, 0.0, 0.0, 0.0], [11.820847433400647, 13.796229119635456, 2.753542340097637, 6.1970116933242645, 13.57156795866384, 10.498046328444444, 9.775767289027664, 8.021362508632423, 2.1530647533588265, 16.204012349525726, 4.153252804271595, 14.075618995504463, 10.808057287999029, 17.19243967185908, 13.335696669837219, 0.0, 0.0, 0.0, 0.0, 0.0, 0.0, 0.0, 0.0, 0.0, 0.0, 0.0, 0.0, 0.0, 0.0, 0.0, 10.567792366499992, 13.919254010642934, 2.091820508229264, 9.704292885942861, 10.571954159089243, 12.991283893221992, 12.095477682644788, 15.971213596560455, 14.619501386710064, 11.521018431999147, 18.2946101946408, 4.932230826699169, 12.143336266457514, 6.905587160248277, 2.091820508229264, 13.919254010642934, 10.571954159089243, 12.991283893221992, 4.932230826699169, 15.971213596560455, 11.820847433400647, 13.796229119635456, 2.753542340097637, 6.1970116933242645, 13.57156795866384, 10.498046328444444, 9.775767289027664, 8.021362508632423, 2.1530647533588265, 16.204012349525726, 4.153252804271595, 14.075618995504463, 10.808057287999029, 17.19243967185908, 13.335696669837219, 0.0, 0.0, 0.0, 0.0, 0.0, 0.0, 0.0, 0.0, 0.0, 0.0, 0.0, 0.0, 0.0, 0.0, 0.0], [11.820847433400647, 13.796229119635456, 2.753542340097637, 6.1970116933242645, 13.57156795866384, 10.498046328444444, 9.775767289027664, 8.021362508632423, 2.1530647533588265, 16.204012349525726, 4.153252804271595, 14.075618995504463, 10.808057287999029, 17.19243967185908, 13.335696669837219, 0.0, 0.0, 0.0, 0.0, 0.0, 0.0, 0.0, 0.0, 0.0, 0.0, 0.0, 0.0, 0.0, 0.0, 0.0, 10.567792366499992, 13.919254010642934, 2.091820508229264, 9.704292885942861, 10.571954159089243, 12.991283893221992, 12.095477682644788, 15.971213596560455, 14.619501386710064, 11.521018431999147, 18.2946101946408, 4.932230826699169, 12.143336266457514, 6.905587160248277, 2.091820508229264, 13.919254010642934, 10.571954159089243, 12.991283893221992, 4.932230826699169, 15.971213596560455, 11.820847433400647, 13.796229119635456, 2.753542340097637, 6.1970116933242645, 13.57156795866384, 10.498046328444444, 9.775767289027664, 8.021362508632423, 2.1530647533588265, 16.204012349525726, 4.153252804271595, 14.075618995504463, 10.808057287999029, 17.19243967185908, 13.335696669837219, 0.0, 0.0, 0.0, 0.0, 0.0, 0.0, 0.0, 0.0, 0.0, 0.0, 0.0, 0.0, 0.0, 0.0, 0.0], [11.820847433400647, 13.796229119635456, 2.753542340097637, 6.1970116933242645, 13.57156795866384, 10.498046328444444, 9.775767289027664, 8.021362508632423, 2.1530647533588265, 16.204012349525726, 4.153252804271595, 14.075618995504463, 10.808057287999029, 17.19243967185908, 13.335696669837219, 0.0, 0.0, 0.0, 0.0, 0.0, 0.0, 0.0, 0.0, 0.0, 0.0, 0.0, 0.0, 0.0, 0.0, 0.0, 10.567792366499992, 13.919254010642934, 2.091820508229264, 9.704292885942861, 10.571954159089243, 12.991283893221992, 12.095477682644788, 15.971213596560455, 14.619501386710064, 11.521018431999147, 18.2946101946408, 4.932230826699169, 12.143336266457514, 6.905587160248277, 2.091820508229264, 13.919254010642934, 10.571954159089243, 12.991283893221992, 4.932230826699169, 15.971213596560455, 11.820847433400647, 13.796229119635456, 2.753542340097637, 6.1970116933242645, 13.57156795866384, 10.498046328444444, 9.775767289027664, 8.021362508632423, 2.1530647533588265, 16.204012349525726, 4.153252804271595, 14.075618995504463, 10.808057287999029, 17.19243967185908, 13.335696669837219, 0.0, 0.0, 0.0, 0.0, 0.0, 0.0, 0.0, 0.0, 0.0, 0.0, 0.0, 0.0, 0.0, 0.0, 0.0], [11.820847433400647, 13.796229119635456, 2.753542340097637, 6.1970116933242645, 13.57156795866384, 10.498046328444444, 9.775767289027664, 8.021362508632423, 2.1530647533588265, 16.204012349525726, 4.153252804271595, 14.075618995504463, 10.808057287999029, 17.19243967185908, 13.335696669837219, 0.0, 0.0, 0.0, 0.0, 0.0, 0.0, 0.0, 0.0, 0.0, 0.0, 0.0, 0.0, 0.0, 0.0, 0.0, 10.567792366499992, 13.919254010642934, 2.091820508229264, 9.704292885942861, 10.571954159089243, 12.991283893221992, 12.095477682644788, 15.971213596560455, 14.619501386710064, 11.521018431999147, 18.2946101946408, 4.932230826699169, 12.143336266457514, 6.905587160248277, 2.091820508229264, 13.919254010642934, 10.571954159089243, 12.991283893221992, 4.932230826699169, 15.971213596560455, 11.820847433400647, 13.796229119635456, 2.753542340097637, 6.1970116933242645, 13.57156795866384, 10.498046328444444, 9.775767289027664, 8.021362508632423, 2.1530647533588265, 16.204012349525726, 4.153252804271595, 14.075618995504463, 10.808057287999029, 17.19243967185908, 13.335696669837219, 0.0, 0.0, 0.0, 0.0, 0.0, 0.0, 0.0, 0.0, 0.0, 0.0, 0.0, 0.0, 0.0, 0.0, 0.0], [11.820847433400647, 13.796229119635456, 2.753542340097637, 6.1970116933242645, 13.57156795866384, 10.498046328444444, 9.775767289027664, 8.021362508632423, 2.1530647533588265, 16.204012349525726, 4.153252804271595, 14.075618995504463, 10.808057287999029, 17.19243967185908, 13.335696669837219, 0.0, 0.0, 0.0, 0.0, 0.0, 0.0, 0.0, 0.0, 0.0, 0.0, 0.0, 0.0, 0.0, 0.0, 0.0, 10.567792366499992, 13.919254010642934, 2.091820508229264, 9.704292885942861, 10.571954159089243, 12.991283893221992, 12.095477682644788, 15.971213596560455, 14.619501386710064, 11.521018431999147, 18.2946101946408, 4.932230826699169, 12.143336266457514, 6.905587160248277, 2.091820508229264, 13.919254010642934, 10.571954159089243, 12.991283893221992, 4.932230826699169, 15.971213596560455, 11.820847433400647, 13.796229119635456, 2.753542340097637, 6.1970116933242645, 13.57156795866384, 10.498046328444444, 9.775767289027664, 8.021362508632423, 2.1530647533588265, 16.204012349525726, 4.153252804271595, 14.075618995504463, 10.808057287999029, 17.19243967185908, 13.335696669837219, 0.0, 0.0, 0.0, 0.0, 0.0, 0.0, 0.0, 0.0, 0.0, 0.0, 0.0, 0.0, 0.0, 0.0, 0.0], [11.820847433400647, 13.796229119635456, 2.753542340097637, 6.1970116933242645, 13.57156795866384, 10.498046328444444, 9.775767289027664, 8.021362508632423, 2.1530647533588265, 16.204012349525726, 4.153252804271595, 14.075618995504463, 10.808057287999029, 17.19243967185908, 13.335696669837219, 0.0, 0.0, 0.0, 0.0, 0.0, 0.0, 0.0, 0.0, 0.0, 0.0, 0.0, 0.0, 0.0, 0.0, 0.0, 10.567792366499992, 13.919254010642934, 2.091820508229264, 9.704292885942861, 10.571954159089243, 12.991283893221992, 12.095477682644788, 15.971213596560455, 14.619501386710064, 11.521018431999147, 18.2946101946408, 4.932230826699169, 12.143336266457514, 6.905587160248277, 2.091820508229264, 13.919254010642934, 10.571954159089243, 12.991283893221992, 4.932230826699169, 15.971213596560455, 11.820847433400647, 13.796229119635456, 2.753542340097637, 6.1970116933242645, 13.57156795866384, 10.498046328444444, 9.775767289027664, 8.021362508632423, 2.1530647533588265, 16.204012349525726, 4.153252804271595, 14.075618995504463, 10.808057287999029, 17.19243967185908, 13.335696669837219, 0.0, 0.0, 0.0, 0.0, 0.0, 0.0, 0.0, 0.0, 0.0, 0.0, 0.0, 0.0, 0.0, 0.0, 0.0], [11.820847433400647, 13.796229119635456, 2.753542340097637, 6.1970116933242645, 13.57156795866384, 10.4980463284444