M = 99999999.0;
numWorkers = 15;
numRoles = 5;
numNodes = 40;
wStart = [30, 150, 120, 30, 30, 300, 210, 150, 0, 0, 0, 0, 0, 0, 0, 150, 150, 30, 330, 150, 60, 180, 300, 240, 330, 450, 360, 390, 180, 450, 450, 390, 480, 480, 480, 480, 480, 480, 480, 480];
wEnd = [30, 150, 120, 30, 30, 300, 210, 150, 0, 0, 0, 0, 0, 0, 0, 420, 420, 330, 420, 240, 420, 390, 360, 420, 450, 450, 360, 390, 180, 450, 450, 390, 480, 480, 480, 480, 480, 480, 480, 480];
p = [0, 0, 0, 0, 0, 0, 0, 0, 0, 0, 0, 0, 0, 0, 0, 59.48540963849475, 58.75447925099114, 25.715280375325808, 61.10968034765607, 29.007126861451773, 67.74507859977615, 71.88996061502897, 42.971063207238416, 19.57535636882269, 71.51008631316793, 0, 0, 0, 0, 0, 0, 0, 0, 0, 0, 0, 0, 0, 0, 0];
e = [[1, 0, 1, 0, 0], [1, 0, 0, 0, 0], [1, 0, 0, 0, 1], [0, 0, 0, 1, 0], [0, 0, 1, 0, 0], [1, 0, 0, 0, 0], [0, 0, 0, 0, 1], [0, 0, 0, 1, 0], [0, 1, 0, 0, 0], [0, 1, 0, 0, 0], [0, 0, 0, 0, 1], [0, 0, 1, 0, 0], [0, 0, 0, 1, 0], [0, 1, 0, 0, 0], [0, 1, 0, 0, 0]];
d = [[0, 0, 0, 0, 0, 0, 0, 2, 2, 0], [1, 1, 0, 0, 1, 0, 0, 1, 1, 1], [4, 4, 0, 0, 4, 0, 0, 2, 2, 4], [0, 0, 2, 2, 0, 2, 2, 0, 0, 0], [0, 0, 1, 1, 0, 1, 1, 0, 0, 0]];
r = [3569, 1272, 970, 267, 3836, 4131, 2419, 4524, 2546, 399];
g = [[0, 0, 0, 0, 0, 0, 0, 0, 0, 0], [0, 0, 0, 0, 0, 0, 0, 0, 0, 0], [0, 0, 0, 0, 0, 0, 0, 0, 0, 0], [0, 0, 0, 0, 0, 0, 0, 0, 0, 0], [0, 0, 0, 0, 0, 0, 0, 0, 0, 0], [0, 0, 0, 0, 0, 0, 0, 0, 0, 0], [0, 0, 0, 0, 0, 0, 0, 0, 0, 0], [0, 0, 0, 0, 0, 0, 0, 0, 0, 0], [0, 0, 0, 0, 0, 0, 0, 0, 0, 0], [0, 0, 0, 0, 0, 0, 0, 0, 0, 0]];
t = [[0.0, 30.57040328293311, 24.481884073438692, 40.4480305745359, 15.13252741331013, 26.0366461759079, 27.679858677208244, 42.5018073522427, 36.43357712998766, 36.43357712998766, 36.43357712998766, 36.43357712998766, 36.43357712998766, 36.43357712998766, 36.43357712998766, 14.310339590111656, 33.612390477649065, 27.964753163748515, 47.65334490676347, 45.11333639683692, 27.766756306321955, 15.878438737128867, 51.99996313097504, 9.661691762034796, 22.845057935480206, 0.0, 30.57040328293311, 24.481884073438692, 40.4480305745359, 15.13252741331013, 26.0366461759079, 27.679858677208244, 42.5018073522427, 36.43357712998766, 36.43357712998766, 36.43357712998766, 36.43357712998766, 36.43357712998766, 36.43357712998766, 36.43357712998766], [30.57040328293311, 0.0, 35.61997912699136, 11.990933119776575, 44.79224916746019, 29.611395242810183, 36.69263109083105, 46.482952662953124, 18.95890692856775, 18.95890692856775, 18.95890692856775, 18.95890692856775, 18.95890692856775, 18.95890692856775, 18.95890692856775, 31.86696331753954, 23.07775815580067, 13.839108128569992, 30.482863184693308, 37.474299278856805, 3.0278241930566554, 18.147270351019415, 34.97194803078282, 29.16430511043377, 14.639628554731825, 30.57040328293311, 0.0, 35.61997912699136, 11.990933119776575, 44.79224916746019, 29.611395242810183, 36.69263109083105, 46.482952662953124, 18.95890692856775, 18.95890692856775, 18.95890692856775, 18.95890692856775, 18.95890692856775, 18.95890692856775, 18.95890692856775], [24.481884073438692, 35.61997912699136, 0.0, 38.937170489866226, 25.4371541625067, 7.760551178597233, 3.310605611646865, 18.083961010114155, 27.270077829497968, 27.270077829497968, 27.270077829497968, 27.270077829497968, 27.270077829497968, 27.270077829497968, 27.270077829497968, 10.193908055050429, 20.785124425003044, 42.12298300264327, 33.37429294409052, 24.951557536123545, 32.82112173105501, 19.2585954409484, 36.48828913900098, 33.3417411380033, 21.013699342998425, 24.481884073438692, 35.61997912699136, 0.0, 38.937170489866226, 25.4371541625067, 7.760551178597233, 3.310605611646865, 18.083961010114155, 27.270077829497968, 27.270077829497968, 27.270077829497968, 27.270077829497968, 27.270077829497968, 27.270077829497968, 27.270077829497968], [40.4480305745359, 11.990933119776575, 38.937170489866226, 0.0, 53.49893618754018, 31.613413761439368, 38.997257417113246, 45.21202033904893, 14.080395949215488, 14.080395949215488, 14.080395949215488, 14.080395949215488, 14.080395949215488, 14.080395949215488, 14.080395949215488, 38.20383429244275, 20.69320380061669, 25.194652621730143, 22.101486297451967, 32.56575967219225, 13.694153701057845, 25.67175730303652, 26.028368806584215, 40.52890735364708, 19.558719428868283, 40.4480305745359, 11.990933119776575, 38.937170489866226, 0.0, 53.49893618754018, 31.613413761439368, 38.997257417113246, 45.21202033904893, 14.080395949215488, 14.080395949215488, 14.080395949215488, 14.080395949215488, 14.080395949215488, 14.080395949215488, 14.080395949215488], [15.13252741331013, 44.79224916746019, 25.4371541625067, 53.49893618754018, 0.0, 30.826789750130587, 28.583214883753563, 42.187233016641244, 46.66517599068317, 46.66517599068317, 46.66517599068317, 46.66517599068317, 46.66517599068317, 46.66517599068317, 46.66517599068317, 17.684187134592147, 42.06751257732892, 43.08783238423248, 56.16731154920385, 50.06288563211992, 41.84855301804904, 27.833327830138558, 60.0, 22.746043501337674, 34.35874072458002, 15.13252741331013, 44.79224916746019, 25.4371541625067, 53.49893618754018, 0.0, 30.826789750130587, 28.583214883753563, 42.187233016641244, 46.66517599068317, 46.66517599068317, 46.66517599068317, 46.66517599068317, 46.66517599068317, 46.66517599068317, 46.66517599068317], [26.0366461759079, 29.611395242810183, 7.760551178597233, 31.613413761439368, 30.826789750130587, 0.0, 7.395443441453549, 18.513703885130724, 19.5289849019615, 19.5289849019615, 19.5289849019615, 19.5289849019615, 19.5289849019615, 19.5289849019615, 19.5289849019615, 13.407359526065198, 13.03920056173937, 37.99463639879802, 26.06149706118866, 19.53748458340218, 27.036007527689755, 15.766870039037617, 29.49321631986742, 33.57163958738654, 15.114430852625604, 26.0366461759079, 29.611395242810183, 7.760551178597233, 31.613413761439368, 30.826789750130587, 0.0, 7.395443441453549, 18.513703885130724, 19.5289849019615, 19.5289849019615, 19.5289849019615, 19.5289849019615, 19.5289849019615, 19.5289849019615, 19.5289849019615], [27.679858677208244, 36.69263109083105, 3.310605611646865, 38.997257417113246, 28.583214883753563, 7.395443441453549, 0.0, 14.830005440180813, 26.589549777339407, 26.589549777339407, 26.589549777339407, 26.589549777339407, 26.589549777339407, 26.589549777339407, 26.589549777339407, 13.43973160802474, 19.812215098943625, 44.08489427306618, 31.546636576459562, 22.22397004577348, 34.008307489531546, 21.272005057850585, 34.379326693432176, 36.39760592222394, 22.06777270495561, 27.679858677208244, 36.69263109083105, 3.310605611646865, 38.997257417113246, 28.583214883753563, 7.395443441453549, 0.0, 14.830005440180813, 26.589549777339407, 26.589549777339407, 26.589549777339407, 26.589549777339407, 26.589549777339407, 26.589549777339407, 26.589549777339407], [42.5018073522427, 46.482952662953124, 18.083961010114155, 45.21202033904893, 42.187233016641244, 18.513703885130724, 14.830005440180813, 0.0, 31.191657365316996, 31.191657365316996, 31.191657365316996, 31.191657365316996, 31.191657365316996, 31.191657365316996, 31.191657365316996, 28.265996955027514, 24.575125093987506, 56.236608414731286, 30.097102058421136, 16.67281857539027, 44.277115837817874, 34.28005420824183, 30.96785549634519, 51.07158798989038, 32.81714100026729, 42.5018073522427, 46.482952662953124, 18.083961010114155, 45.21202033904893, 42.187233016641244, 18.513703885130724, 14.830005440180813, 0.0, 31.191657365316996, 31.191657365316996, 31.191657365316996, 31.191657365316996, 31.191657365316996, 31.191657365316996, 31.191657365316996], [36.43357712998766, 18.95890692856775, 27.270077829497968, 14.080395949215488, 46.66517599068317, 19.5289849019615, 26.589549777339407, 31.191657365316996, 0.0, 0.0, 0.0, 0.0, 0.0, 0.0, 0.0, 29.48243536317899, 6.980384174283369, 32.19200252114082, 12.405701416024101, 19.009696070788294, 18.17698808064552, 20.60356353504105, 17.064890295501478, 39.86914311573628, 13.746391730151789, 36.43357712998766, 18.95890692856775, 27.270077829497968, 14.080395949215488, 46.66517599068317, 19.5289849019615, 26.589549777339407, 31.191657365316996, 0.0, 0.0, 0.0, 0.0, 0.0, 0.0, 0.0], [36.43357712998766, 18.95890692856775, 27.270077829497968, 14.080395949215488, 46.66517599068317, 19.5289849019615, 26.589549777339407, 31.191657365316996, 0.0, 0.0, 0.0, 0.0, 0.0, 0.0, 0.0, 29.48243536317899, 6.980384174283369, 32.19200252114082, 12.405701416024101, 19.009696070788294, 18.17698808064552, 20.60356353504105, 17.064890295501478, 39.86914311573628, 13.746391730151789, 36.43357712998766, 18.95890692856775, 27.270077829497968, 14.080395949215488, 46.66517599068317, 19.5289849019615, 26.589549777339407, 31.191657365316996, 0.0, 0.0, 0.0, 0.0, 0.0, 0.0, 0.0], [36.43357712998766, 18.95890692856775, 27.270077829497968, 14.080395949215488, 46.66517599068317, 19.5289849019615, 26.589549777339407, 31.191657365316996, 0.0, 0.0, 0.0, 0.0, 0.0, 0.0, 0.0, 29.48243536317899, 6.980384174283369, 32.19200252114082, 12.405701416024101, 19.009696070788294, 18.17698808064552, 20.60356353504105, 17.064890295501478, 39.86914311573628, 13.746391730151789, 36.43357712998766, 18.95890692856775, 27.270077829497968, 14.080395949215488, 46.66517599068317, 19.5289849019615, 26.589549777339407, 31.191657365316996, 0.0, 0.0, 0.0, 0.0, 0.0, 0.0, 0.0], [36.43357712998766, 18.95890692856775, 27.270077829497968, 14.080395949215488, 46.66517599068317, 19.5289849019615, 26.589549777339407, 31.191657365316996, 0.0, 0.0, 0.0, 0.0, 0.0, 0.0, 0.0, 29.48243536317899, 6.980384174283369, 32.19200252114082, 12.405701416024101, 19.009696070788294, 18.17698808064552, 20.60356353504105, 17.064890295501478, 39.86914311573628, 13.746391730151789, 36.43357712998766, 18.95890692856775, 27.270077829497968, 14.080395949215488, 46.66517599068317, 19.5289849019615, 26.589549777339407, 31.191657365316996, 0.0, 0.0, 0.0, 0.0, 0.0, 0.0, 0.0], [36.43357712998766, 18.95890692856775, 27.270077829497968, 14.080395949215488, 46.66517599068317, 19.5289849019615, 26.589549777339407, 31.191657365316996, 0.0, 0.0, 0.0, 0.0, 0.0, 0.0, 0.0, 29.48243536317899, 6.980384174283369, 32.19200252114082, 12.405701416024101, 19.009696070788294, 18.17698808064552, 20.60356353504105, 17.064890295501478, 39.86914311573628, 13.746391730151789, 36.43357712998766, 18.95890692856775, 27.270077829497968, 14.080395949215488, 46.66517599068317, 19.5289849019615, 26.589549777339407, 31.191657365316996, 0.0, 0.0, 0.0, 0.0, 0.0, 0.0, 0.0], [36.43357712998766, 18.95890692856775, 27.270077829497968, 14.080395949215488, 46.66517599068317, 19.5289849019615, 26.589549777339407, 31.191657365316996, 0.0, 0.0, 0.0, 0.0, 0.0, 0.0, 0.0, 29.48243536317899, 6.980384174283369, 32.19200252114082, 12.405701416024101, 19.009696070788294, 18.17698808064552, 20.60356353504105, 17.064890295501478, 39.86914311573628, 13.746391730151789, 36.43357712998766, 18.95890692856775, 27.270077829497968, 14.080395949215488, 46.66517599068317, 19.5289849019615, 26.589549777339407, 31.191657365316996, 0.0, 0.0, 0.0, 0.0, 0.0, 0.0, 0.0], [36.43357712998766, 18.95890692856775, 27.270077829497968, 14.080395949215488, 46.66517599068317, 19.5289849019615, 26.589549777339407, 31.191657365316996, 0.0, 0.0, 0.0, 0.0, 0.0, 0.0, 0.0, 29.48243536317899, 6.980384174283369, 32.19200252114082, 12.405701416024101, 19.009696070788294, 18.17698808064552, 20.60356353504105, 17.064890295501478, 39.86914311573628, 13.746391730151789, 36.43357712998766, 18.95890692856775, 27.270077829497968, 14.080395949215488, 46.66517599068317, 19.5289849019615, 26.589549777339407, 31.191657365316996, 0.0, 0.0, 0.0, 0.0, 0.0, 0.0, 0.0], [14.310339590111656, 31.86696331753954, 10.193908055050429, 38.20383429244275, 17.684187134592147, 13.407359526065198, 13.43973160802474, 28.265996955027514, 29.48243536317899, 29.48243536317899, 29.48243536317899, 29.48243536317899, 29.48243536317899, 29.48243536317899, 29.48243536317899, 0.0, 24.458239268224393, 35.27033705690364, 38.49701877029009, 32.92275095671812, 28.8534676295721, 13.74956560416361, 42.317874621301804, 23.39868997006429, 18.66459281078561, 14.310339590111656, 31.86696331753954, 10.193908055050429, 38.20383429244275, 17.684187134592147, 13.407359526065198, 13.43973160802474, 28.265996955027514, 29.48243536317899, 29.48243536317899, 29.48243536317899, 29.48243536317899, 29.48243536317899, 29.48243536317899, 29.48243536317899], [33.612390477649065, 23.07775815580067, 20.785124425003044, 20.69320380061669, 42.06751257732892, 13.03920056173937, 19.812215098943625, 24.575125093987506, 6.980384174283369, 6.980384174283369, 6.980384174283369, 6.980384174283369, 6.980384174283369, 6.980384174283369, 6.980384174283369, 24.458239268224393, 0.0, 35.052134236674675, 14.216060721175685, 14.745516990558643, 21.48837691202901, 18.586203597965717, 18.410309668562558, 38.61141898456033, 12.864350692469237, 33.612390477649065, 23.07775815580067, 20.785124425003044, 20.69320380061669, 42.06751257732892, 13.03920056173937, 19.812215098943625, 24.575125093987506, 6.980384174283369, 6.980384174283369, 6.980384174283369, 6.980384174283369, 6.980384174283369, 6.980384174283369, 6.980384174283369], [27.964753163748515, 13.839108128569992, 42.12298300264327, 25.194652621730143, 43.08783238423248, 37.99463639879802, 44.08489427306618, 56.236608414731286, 32.19200252114082, 32.19200252114082, 32.19200252114082, 32.19200252114082, 32.19200252114082, 32.19200252114082, 32.19200252114082, 35.27033705690364, 35.052134236674675, 0.0, 44.134606348505024, 49.79156769731631, 14.015870513146846, 22.868832560311983, 48.68373055727457, 22.307679629960646, 23.55066957113852, 27.964753163748515, 13.839108128569992, 42.12298300264327, 25.194652621730143, 43.08783238423248, 37.99463639879802, 44.08489427306618, 56.236608414731286, 32.19200252114082, 32.19200252114082, 32.19200252114082, 32.19200252114082, 32.19200252114082, 32.19200252114082, 32.19200252114082], [47.65334490676347, 30.482863184693308, 33.37429294409052, 22.101486297451967, 56.16731154920385, 26.06149706118866, 31.546636576459562, 30.097102058421136, 12.405701416024101, 12.405701416024101, 12.405701416024101, 12.405701416024101, 12.405701416024101, 12.405701416024101, 12.405701416024101, 38.49701877029009, 14.216060721175685, 44.134606348505024, 0.0, 13.778565622603844, 30.185684678524108, 32.18225951862064, 4.659217325007289, 51.92801680820463, 25.6608896837845, 47.65334490676347, 30.482863184693308, 33.37429294409052, 22.101486297451967, 56.16731154920385, 26.06149706118866, 31.546636576459562, 30.097102058421136, 12.405701416024101, 12.405701416024101, 12.405701416024101, 12.405701416024101, 12.405701416024101, 12.405701416024101, 12.405701416024101], [45.11333639683692, 37.474299278856805, 24.951557536123545, 32.56575967219225, 50.06288563211992, 19.53748458340218, 22.22397004577348, 16.67281857539027, 19.009696070788294, 19.009696070788294, 19.009696070788294, 19.009696070788294, 19.009696070788294, 19.009696070788294, 19.009696070788294, 32.92275095671812, 14.745516990558643, 49.79156769731631, 13.778565622603844, 0.0, 36.11780607176683, 31.87292396455178, 14.29737153529325, 51.6204115487059, 27.21431764467657, 45.11333639683692, 37.474299278856805, 24.951557536123545, 32.56575967219225, 50.06288563211992, 19.53748458340218, 22.22397004577348, 16.67281857539027, 19.009696070788294, 19.009696070788294, 19.009696070788294, 19.009696070788294, 19.009696070788294, 19.009696070788294, 19.009696070788294], [27.766756306321955, 3.0278241930566554, 32.82112173105501, 13.694153701057845, 41.84855301804904, 27.036007527689755, 34.008307489531546, 44.277115837817874, 18.17698808064552, 18.17698808064552, 18.17698808064552, 18.17698808064552, 18.17698808064552, 18.17698808064552, 18.17698808064552, 28.8534676295721, 21.48837691202901, 14.015870513146846, 30.185684678524108, 36.11780607176683, 0.0, 15.124924931435851, 34.771073806609614, 26.89738210305726, 11.949140402083426, 27.766756306321955, 3.0278241930566554, 32.82112173105501, 13.694153701057845, 41.84855301804904, 27.036007527689755, 34.008307489531546, 44.277115837817874, 18.17698808064552, 18.17698808064552, 18.17698808064552, 18.17698808064552, 18.17698808064552, 18.17698808064552, 18.17698808064552], [15.878438737128867, 18.147270351019415, 19.2585954409484, 25.67175730303652, 27.833327830138558, 15.766870039037617, 21.272005057850585, 34.28005420824183, 20.60356353504105, 20.60356353504105, 20.60356353504105, 20.60356353504105, 20.60356353504105, 20.60356353504105, 20.60356353504105, 13.74956560416361, 18.586203597965717, 22.868832560311983, 32.18225951862064, 31.87292396455178, 15.124924931435851, 0.0, 36.66603687425739, 20.035807869343447, 6.971234012430373, 15.878438737128867, 18.147270351019415, 19.2585954409484, 25.67175730303652, 27.833327830138558, 15.766870039037617, 21.272005057850585, 34.28005420824183, 20.60356353504105, 20.60356353504105, 20.60356353504105, 20.60356353504105, 20.60356353504105, 20.60356353504105, 20.60356353504105], [51.99996313097504, 34.97194803078282, 36.48828913900098, 26.028368806584215, 60.0, 29.49321631986742, 34.379326693432176, 30.96785549634519, 17.064890295501478, 17.064890295501478, 17.064890295501478, 17.064890295501478, 17.064890295501478, 17.064890295501478, 17.064890295501478, 42.317874621301804, 18.410309668562558, 48.68373055727457, 4.659217325007289, 14.29737153529325, 34.771073806609614, 36.66603687425739, 0.0, 56.49214007174491, 30.234527290635327, 51.99996313097504, 34.97194803078282, 36.48828913900098, 26.028368806584215, 60.0, 29.49321631986742, 34.379326693432176, 30.96785549634519, 17.064890295501478, 17.064890295501478, 17.064890295501478, 17.064890295501478, 17.064890295501478, 17.064890295501478, 17.064890295501478], [9.661691762034796, 29.16430511043377, 33.3417411380033, 40.52890735364708, 22.746043501337674, 33.57163958738654, 36.39760592222394, 51.07158798989038, 39.86914311573628, 39.86914311573628, 39.86914311573628, 39.86914311573628, 39.86914311573628, 39.86914311573628, 39.86914311573628, 23.39868997006429, 38.61141898456033, 22.307679629960646, 51.92801680820463, 51.6204115487059, 26.89738210305726, 20.035807869343447, 56.49214007174491, 0.0, 26.267304018967838, 9.661691762034796, 29.16430511043377, 33.3417411380033, 40.52890735364708, 22.746043501337674, 33.57163958738654, 36.39760592222394, 51.07158798989038, 39.86914311573628, 39.86914311573628, 39.86914311573628, 39.86914311573628, 39.86914311573628, 39.86914311573628, 39.86914311573628], [22.845057935480206, 14.639628554731825, 21.013699342998425, 19.558719428868283, 34.35874072458002, 15.114430852625604, 22.06777270495561, 32.81714100026729, 13.746391730151789, 13.746391730151789, 13.746391730151789, 13.746391730151789, 13.746391730151789, 13.746391730151789, 13.746391730151789, 18.66459281078561, 12.864350692469237, 23.55066957113852, 25.6608896837845, 27.21431764467657, 11.949140402083426, 6.971234012430373, 30.234527290635327, 26.267304018967838, 0.0, 22.845057935480206, 14.639628554731825, 21.013699342998425, 19.558719428868283, 34.35874072458002, 15.114430852625604, 22.06777270495561, 32.81714100026729, 13.746391730151789, 13.746391730151789, 13.746391730151789, 13.746391730151789, 13.746391730151789, 13.746391730151789, 13.746391730151789], [0.0, 30.57040328293311, 24.481884073438692, 40.4480305745359, 15.13252741331013, 26.0366461759079, 27.679858677208244, 42.5018073522427, 36.43357712998766, 36.43357712998766, 36.43357712998766, 36.43357712998766, 36.43357712998766, 36.43357712998766, 36.43357712998766, 14.310339590111656, 33.612390477649065, 27.964753163748515, 47.65334490676347, 45.11333639683692, 27.766756306321955, 15.878438737128867, 51.99996313097504, 9.661691762034796, 22.845057935480206, 0.0, 30.57040328293311, 24.481884073438692, 40.4480305745359, 15.13252741331013, 26.0366461759079, 27.679858677208244, 42.5018073522427, 36.43357712998766, 36.43357712998766, 36.43357712998766, 36.43357712998766, 36.43357712998766, 36.43357712998766, 36.43357712998766], [30.57040328293311, 0.0, 35.61997912699136, 11.990933119776575, 44.79224916746019, 29.611395242810183, 36.69263109083105, 46.482952662953124, 18.95890692856775, 18.95890692856775, 18.95890692856775, 18.95890692856775, 18.95890692856775, 18.95890692856775, 18.95890692856775, 31.86696331753954, 23.07775815580067, 13.839108128569992, 30.482863184693308, 37.474299278856805, 3.0278241930566554, 18.147270351019415, 34.97194803078282, 29.16430511043377, 14.639628554731825, 30.57040328293311, 0.0, 35.61997912699136, 11.990933119776575, 44.79224916746019, 29.611395242810183, 36.69263109083105, 46.482952662953124, 18.95890692856775, 18.95890692856775, 18.95890692856775, 18.95890692856775, 18.95890692856775, 18.95890692856775, 18.95890692856775], [24.481884073438692, 35.61997912699136, 0.0, 38.937170489866226, 25.4371541625067, 7.760551178597233, 3.310605611646865, 18.083961010114155, 27.270077829497968, 27.270077829497968, 27.270077829497968, 27.270077829497968, 27.270077829497968, 27.270077829497968, 27.270077829497968, 10.193908055050429, 20.785124425003044, 42.12298300264327, 33.37429294409052, 24.951557536123545, 32.82112173105501, 19.2585954409484, 36.48828913900098, 33.3417411380033, 21.013699342998425, 24.481884073438692, 35.61997912699136, 0.0, 38.937170489866226, 25.4371541625067, 7.760551178597233, 3.310605611646865, 18.083961010114155, 27.270077829497968, 27.270077829497968, 27.270077829497968, 27.270077829497968, 27.270077829497968, 27.270077829497968, 27.270077829497968], [40.4480305745359, 11.990933119776575, 38.937170489866226, 0.0, 53.49893618754018, 31.613413761439368, 38.997257417113246, 45.21202033904893, 14.080395949215488, 14.080395949215488, 14.080395949215488, 14.080395949215488, 14.080395949215488, 14.080395949215488, 14.080395949215488, 38.20383429244275, 20.69320380061669, 25.194652621730143, 22.101486297451967, 32.56575967219225, 13.694153701057845, 25.67175730303652, 26.028368806584215, 40.52890735364708, 19.558719428868283, 40.4480305745359, 11.990933119776575, 38.937170489866226, 0.0, 53.49893618754018, 31.613413761439368, 38.997257417113246, 45.21202033904893, 14.080395949215488, 14.080395949215488, 14.080395949215488, 14.080395949215488, 14.080395949215488, 14.080395949215488, 14.080395949215488], [15.13252741331013, 44.79224916746019, 25.4371541625067, 53.49893618754018, 0.0, 30.826789750130587, 28.583214883753563, 42.187233016641244, 46.66517599068317, 46.66517599068317, 46.66517599068317, 46.66517599068317, 46.66517599068317, 46.66517599068317, 46.66517599068317, 17.684187134592147, 42.06751257732892, 43.08783238423248, 56.16731154920385, 50.06288563211992, 41.84855301804904, 27.833327830138558, 60.0, 22.746043501337674, 34.35874072458002, 15.13252741331013, 44.79224916746019, 25.4371541625067, 53.49893618754018, 0.0, 30.826789750130587, 28.583214883753563, 42.187233016641244, 46.66517599068317, 46.66517599068317, 46.66517599068317, 46.66517599068317, 46.66517599068317, 46.66517599068317, 46.66517599068317], [26.0366461759079, 29.611395242810183, 7.760551178597233, 31.613413761439368, 30.826789750130587, 0.0, 7.395443441453549, 18.513703885130724, 19.5289849019615, 19.5289849019615, 19.5289849019615, 19.5289849019615, 19.5289849019615, 19.5289849019615, 19.5289849019615, 13.407359526065198, 13.03920056173937, 37.99463639879802, 26.06149706118866, 19.53748458340218, 27.036007527689755, 15.766870039037617, 29.49321631986742, 33.57163958738654, 15.114430852625604, 26.0366461759079, 29.611395242810183, 7.760551178597233, 31.613413761439368, 30.826789750130587, 0.0, 7.395443441453549, 18.513703885130724, 19.5289849019615, 19.5289849019615, 19.5289849019615, 19.5289849019615, 19.5289849019615, 19.5289849019615, 19.5289849019615], [27.679858677208244, 36.69263109083105, 3.310605611646865, 38.997257417113246, 28.583214883753563, 7.395443441453549, 0.0, 14.830005440180813, 26.589549777339407, 26.589549777339407, 26.589549777339407, 26.589549777339407, 26.589549777339407, 26.589549777339407, 26.589549777339407, 13.43973160802474, 19.812215098943625, 44.08489427306618, 31.546636576459562, 22.22397004577348, 34.008307489531546, 21.272005057850585, 34.379326693432176, 36.39760592222394, 22.06777270495561, 27.679858677208244, 36.69263109083105, 3.310605611646865, 38.997257417113246, 28.583214883753563, 7.395443441453549, 0.0, 14.830005440180813, 26.589549777339407, 26.589549777339407, 26.589549777339407, 26.589549777339407, 26.589549777339407, 26.589549777339407, 26.589549777339407], [42.5018073522427, 46.482952662953124, 18.083961010114155, 45.21202033904893, 42.187233016641244, 18.513703885130724, 14.830005440180813, 0.0, 31.191657365316996, 31.191657365316996, 31.191657365316996, 31.191657365316996, 31.191657365316996, 31.191657365316996, 31.191657365316996, 28.265996955027514, 24.575125093987506, 56.236608414731286, 30.097102058421136, 16.67281857539027, 44.277115837817874, 34.28005420824183, 30.96785549634519, 51.07158798989038, 32.81714100026729, 42.5018073522427, 46.482952662953124, 18.083961010114155, 45.21202033904893, 42.187233016641244, 18.513703885130724, 14.830005440180813, 0.0, 31.191657365316996, 31.191657365316996, 31.191657365316996, 31.191657365316996, 31.191657365316996, 31.191657365316996, 31.191657365316996], [36.43357712998766, 18.95890692856775, 27.270077829497968, 14.080395949215488, 46.66517599068317, 19.5289849019615, 26.589549777339407, 31.191657365316996, 0.0, 0.0, 0.0, 0.0, 0.0, 0.0, 0.0, 29.48243536317899, 6.980384174283369, 32.19200252114082, 12.405701416024101, 19.009696070788294, 18.17698808064552, 20.60356353504105, 17.064890295501478, 39.86914311573628, 13.746391730151789, 36.43357712998766, 18.95890692856775, 27.270077829497968, 14.080395949215488, 46.66517599068317, 19.5289849019615, 26.589549777339407, 31.191657365316996, 0.0, 0.0, 0.0, 0.0, 0.0, 0.0, 0.0], [36.43357712998766, 18.95890692856775, 27.270077829497968, 14.080395949215488, 46.66517599068317, 19.5289849019615, 26.589549777339407, 31.191657365316996, 0.0, 0.0, 0.0, 0.0, 0.0, 0.0, 0.0, 29.48243536317899, 6.980384174283369, 32.19200252114082, 12.405701416024101, 19.009696070788294, 18.17698808064552, 20.60356353504105, 17.064890295501478, 39.86914311573628, 13.746391730151789, 36.43357712998766, 18.95890692856775, 27.270077829497968, 14.080395949215488, 46.66517599068317, 19.5289849019615, 26.589549777339407, 31.191657365316996, 0.0, 0.0, 0.0, 0.0, 0.0, 0.0, 0.0], [36.43357712998766, 18.95890692856775, 27.270077829497968, 14.080395949215488, 46.66517599068317, 19.5289849019615, 26.589549777339407, 31.191657365316996, 0.0, 0.0, 0.0, 0.0, 0.0, 0.0, 0.0, 29.48243536317899, 6.980384174283369, 32.19200252114082, 12.405701416024101, 19.009696070788294, 18.17698808064552, 20.60356353504105, 17.064890295501478, 39.86914311573628, 13.746391730151789, 36.43357712998766, 18.95890692856775, 27.270077829497968, 14.080395949215488, 46.66517599068317, 19.5289849019615, 26.589549777339407, 31.191657365316996, 0.0, 0.0, 0.0, 0.0, 0.0, 0.0, 0.0], [36.43357712998766, 18.95890692856775, 27.270077829497968, 14.080395949215488, 46.66517599068317, 19.5289849019615, 26.589549777339407, 31.191657365316996, 0.0, 0.0, 0.0, 0.0, 0.0, 0.0, 0.0, 29.48243536317899, 6.980384174283369, 32.19200252114082, 12.405701416024101, 19.009696070788294, 18.17698808064552, 20.60356353504105, 17.064890295501478, 39.86914311573628, 13.746391730151789, 36.43357712998766, 18.95890692856775, 27.270077829497968, 14.080395949215488, 46.66517599068317, 19.5289849019615, 26.589549777339407, 31.191657365316996, 0.0, 0.0, 0.0, 0.0, 0.0, 0.0, 0.0], [36.43357712998766, 18.95890692856775, 27.270077829497968, 14.080395949215488, 46.66517599068317, 19.5289849019615, 26.589549777339407, 31.191657365316996, 0.0, 0.0, 0.0, 0.0, 0.0, 0.0, 0.0, 29.48243536317899, 6.980384174283369, 32.19200252114082, 12.405701416024101, 19.009696070788294, 18.17698808064552, 20.60356353504105, 17.064890295501478, 39.86914311573628, 13.746391730151789, 36.43357712998766, 18.95890692856775, 27.270077829497968, 14.080395949215488, 46.66517599068317, 19.5289849019615, 26.589549777339407, 31.191657365316996, 0.0, 0.0, 0.0, 0.0, 0.0, 0.0, 0.0], [36.43357712998766, 18.95890692856775, 27.270077829497968, 14.080395949215488, 46.66517599068317, 19.5289849019615, 26.589549777339407, 31.191657365316996, 0.0, 0.0, 0.0, 0.0, 0.0, 0.0, 0.0, 29.48243536317899, 6.980384174283369, 32.19200252114082, 12.405701416024101, 19.009696070788294, 18.17698808064552, 20.60356353504105, 17.064890295501478, 39.86914311573628, 13.746391730151789, 36.43357712998766, 18.95890692856775, 27.270077829497968, 14.080395949215488, 46.66517599068317, 19.5289849019615, 26.589549777339407, 31.191657365316996, 0.0, 0.0, 0.0, 0.0, 0.0, 0.0, 0.0], [36.43357712998766, 18.95890692856775, 27.270077829497968, 14.080395949215488, 46.66517599068317, 19.5289849019615, 26.589549777339407, 31.191657365316996, 0.0, 0.0, 0.0, 0.0, 0.0, 0.0, 0.0, 29.48243536317899, 6.980384174283369, 32.19200252114082, 12.405701416024101, 19.009696070788294, 18.17698808064552, 20.60356353504105, 17.064890295501478, 39.86914311573628, 13.746391730151789, 36.43357712998766, 18.95890692856775, 27.270077829497968, 14.080395949215488, 46.66517599068317, 19.5289849019615, 26.589549777339407, 31.191657365316996, 0.0, 0.0, 0.0, 0.0, 0.0, 0.0, 0.0]];
