M = 99999999.0;
numWorkers = 15;
numRoles = 3;
numNodes = 40;
wStart = [90, 60, 30, 150, 30, 240, 150, 30, 0, 0, 0, 0, 0, 0, 0, 60, 150, 60, 30, 60, 60, 60, 60, 150, 60, 480, 270, 330, 270, 480, 450, 480, 450, 480, 480, 480, 480, 480, 480, 480];
wEnd = [90, 60, 30, 150, 30, 240, 150, 30, 0, 0, 0, 0, 0, 0, 0, 420, 300, 330, 420, 360, 390, 420, 330, 300, 360, 480, 270, 330, 270, 480, 450, 480, 450, 480, 480, 480, 480, 480, 480, 480];
p = [0, 0, 0, 0, 0, 0, 0, 0, 0, 0, 0, 0, 0, 0, 0, 34.398197604985526, 57.05757499318585, 70.56572523384781, 49.585453605662146, 34.326754769317624, 17.09247129611116, 15.900492795041448, 35.28286261692391, 28.528787496592926, 17.163377384658812, 0, 0, 0, 0, 0, 0, 0, 0, 0, 0, 0, 0, 0, 0, 0];
e = [[0, 1, 1], [1, 0, 1], [1, 1, 0], [1, 1, 0], [1, 1, 0], [1, 1, 0], [1, 1, 0], [0, 1, 1], [0, 1, 0], [0, 1, 1], [0, 0, 1], [0, 1, 0], [0, 1, 0], [0, 1, 0], [0, 0, 1]];
d = [[0, 1, 1, 0, 1, 0, 1, 2, 2, 2], [2, 0, 0, 0, 0, 0, 0, 0, 0, 0], [1, 0, 1, 1, 0, 3, 1, 2, 0, 0]];
r = [2953, 4271, 3257, 4008, 3928, 1782, 412, 3257, 4271, 3928];
g = [[0, 0, 0, 0, 0, 0, 0, 0, 0, 0], [0, 0, 0, 0, 0, 0, 0, 0, 1, 0], [0, 0, 0, 0, 0, 0, 0, 1, 0, 0], [0, 0, 0, 0, 0, 0, 0, 0, 0, 0], [0, 0, 0, 0, 0, 0, 0, 0, 0, 1], [0, 0, 0, 0, 0, 0, 0, 0, 0, 0], [0, 0, 0, 0, 0, 0, 0, 0, 0, 0], [0, 0, 1, 0, 0, 0, 0, 0, 0, 0], [0, 1, 0, 0, 0, 0, 0, 0, 0, 0], [0, 0, 0, 0, 1, 0, 0, 0, 0, 0]];
t = [[0.0, 14.105665583964644, 2.924094892995972, 22.510301604673156, 3.951590930610424, 13.469570571101885, 17.880117782984268, 26.114050180831928, 9.134007996907268, 9.134007996907268, 9.134007996907268, 9.134007996907268, 9.134007996907268, 9.134007996907268, 9.134007996907268, 12.436113467258307, 14.205197149178272, 6.745175099373624, 11.147719586390643, 23.285225110143937, 15.330836166089968, 8.62966092179248, 6.745175099373624, 14.205197149178272, 23.285225110143937, 0.0, 14.105665583964644, 2.924094892995972, 22.510301604673156, 3.951590930610424, 13.469570571101885, 17.880117782984268, 26.114050180831928, 9.134007996907268, 9.134007996907268, 9.134007996907268, 9.134007996907268, 9.134007996907268, 9.134007996907268, 9.134007996907268], [14.105665583964644, 0.0, 11.182049267290523, 11.552982795184986, 11.3214587707286, 2.992621185401575, 7.917419718853668, 20.14661496770616, 5.498937634277628, 5.498937634277628, 5.498937634277628, 5.498937634277628, 5.498937634277628, 5.498937634277628, 5.498937634277628, 18.068942473800558, 1.6379891284534347, 12.510017609594037, 6.217716088761132, 9.247697535617927, 9.878187220715308, 13.071017001928675, 12.510017609594037, 1.6379891284534347, 9.247697535617927, 14.105665583964644, 0.0, 11.182049267290523, 11.552982795184986, 11.3214587707286, 2.992621185401575, 7.917419718853668, 20.14661496770616, 5.498937634277628, 5.498937634277628, 5.498937634277628, 5.498937634277628, 5.498937634277628, 5.498937634277628, 5.498937634277628], [2.924094892995972, 11.182049267290523, 0.0, 19.893228817529884, 2.547607042601538, 10.642244424057926, 15.311971848973515, 24.293076424538853, 6.315967692248953, 6.315967692248953, 6.315967692248953, 6.315967692248953, 6.315967692248953, 6.315967692248953, 6.315967692248953, 12.506552991565485, 11.312931022639013, 5.937273418936116, 8.566744499709719, 20.36462582146446, 13.21970804566822, 7.81154271037355, 5.937273418936116, 11.312931022639013, 20.36462582146446, 2.924094892995972, 11.182049267290523, 0.0, 19.893228817529884, 2.547607042601538, 10.642244424057926, 15.311971848973515, 24.293076424538853, 6.315967692248953, 6.315967692248953, 6.315967692248953, 6.315967692248953, 6.315967692248953, 6.315967692248953, 6.315967692248953], [22.510301604673156, 11.552982795184986, 19.893228817529884, 0.0, 21.138275717035896, 14.47449593108588, 17.889054304472065, 10.76384337744052, 16.256425828271457, 16.256425828271457, 16.256425828271457, 16.256425828271457, 16.256425828271457, 16.256425828271457, 16.256425828271457, 19.50003336349, 12.964481880893063, 17.576543039520896, 11.363462003115831, 8.83360161934519, 21.12127190164418, 16.75887831146507, 17.576543039520896, 12.964481880893063, 8.83360161934519, 22.510301604673156, 11.552982795184986, 19.893228817529884, 0.0, 21.138275717035896, 14.47449593108588, 17.889054304472065, 10.76384337744052, 16.256425828271457, 16.256425828271457, 16.256425828271457, 16.256425828271457, 16.256425828271457, 16.256425828271457, 16.256425828271457], [3.951590930610424, 11.3214587707286, 2.547607042601538, 21.138275717035896, 0.0, 10.109404702741935, 14.075651707642468, 26.345411760405785, 5.907586689043921, 5.907586689043921, 5.907586689043921, 5.907586689043921, 5.907586689043921, 5.907586689043921, 5.907586689043921, 15.042976055893234, 11.080833978756328, 8.478069452095998, 10.088873441357785, 20.558032760693713, 11.37929567501153, 10.338678864793858, 8.478069452095998, 11.080833978756328, 20.558032760693713, 3.951590930610424, 11.3214587707286, 2.547607042601538, 21.138275717035896, 0.0, 10.109404702741935, 14.075651707642468, 26.345411760405785, 5.907586689043921, 5.907586689043921, 5.907586689043921, 5.907586689043921, 5.907586689043921, 5.907586689043921, 5.907586689043921], [13.469570571101885, 2.992621185401575, 10.642244424057926, 14.47449593108588, 10.109404702741935, 0.0, 5.662007574399393, 23.095599784188163, 4.3359421588936415, 4.3359421588936415, 4.3359421588936415, 4.3359421588936415, 4.3359421588936415, 4.3359421588936415, 4.3359421588936415, 19.524701974301827, 1.5295007335964426, 13.371887249773994, 8.187343764799785, 10.94589856290954, 6.905580578765966, 14.304406523018585, 13.371887249773994, 1.5295007335964426, 10.94589856290954, 13.469570571101885, 2.992621185401575, 10.642244424057926, 14.47449593108588, 10.109404702741935, 0.0, 5.662007574399393, 23.095599784188163, 4.3359421588936415, 4.3359421588936415, 4.3359421588936415, 4.3359421588936415, 4.3359421588936415, 4.3359421588936415, 4.3359421588936415], [17.880117782984268, 7.917419718853668, 15.311971848973515, 17.889054304472065, 14.075651707642468, 5.662007574399393, 0.0, 27.61412115078679, 9.242871327143963, 9.242871327143963, 9.242871327143963, 9.242871327143963, 9.242871327143963, 9.242871327143963, 9.242871327143963, 25.15642395245446, 6.348445066461573, 18.864146219586804, 13.799770574461366, 11.5160419896416, 4.6815004542726095, 19.906875545275273, 18.864146219586804, 6.348445066461573, 11.5160419896416, 17.880117782984268, 7.917419718853668, 15.311971848973515, 17.889054304472065, 14.075651707642468, 5.662007574399393, 0.0, 27.61412115078679, 9.242871327143963, 9.242871327143963, 9.242871327143963, 9.242871327143963, 9.242871327143963, 9.242871327143963, 9.242871327143963], [26.114050180831928, 20.14661496770616, 24.293076424538853, 10.76384337744052, 26.345411760405785, 23.095599784188163, 27.61412115078679, 0.0, 23.225852393100133, 23.225852393100133, 23.225852393100133, 23.225852393100133, 23.225852393100133, 23.225852393100133, 23.225852393100133, 17.58493376673017, 21.76999546488681, 19.587220790964857, 16.64584478102654, 19.596851636272927, 30.0, 17.931220470400927, 19.587220790964857, 21.76999546488681, 19.596851636272927, 26.114050180831928, 20.14661496770616, 24.293076424538853, 10.76384337744052, 26.345411760405785, 23.095599784188163, 27.61412115078679, 0.0, 23.225852393100133, 23.225852393100133, 23.225852393100133, 23.225852393100133, 23.225852393100133, 23.225852393100133, 23.225852393100133], [9.134007996907268, 5.498937634277628, 6.315967692248953, 16.256425828271457, 5.907586689043921, 4.3359421588936415, 9.242871327143963, 23.225852393100133, 0.0, 0.0, 0.0, 0.0, 0.0, 0.0, 0.0, 16.356171162995604, 5.1778239487613975, 9.781746049701866, 6.7244615277647055, 14.68260226818066, 8.309307714871673, 11.06025639408022, 9.781746049701866, 5.1778239487613975, 14.68260226818066, 9.134007996907268, 5.498937634277628, 6.315967692248953, 16.256425828271457, 5.907586689043921, 4.3359421588936415, 9.242871327143963, 23.225852393100133, 0.0, 0.0, 0.0, 0.0, 0.0, 0.0, 0.0], [9.134007996907268, 5.498937634277628, 6.315967692248953, 16.256425828271457, 5.907586689043921, 4.3359421588936415, 9.242871327143963, 23.225852393100133, 0.0, 0.0, 0.0, 0.0, 0.0, 0.0, 0.0, 16.356171162995604, 5.1778239487613975, 9.781746049701866, 6.7244615277647055, 14.68260226818066, 8.309307714871673, 11.06025639408022, 9.781746049701866, 5.1778239487613975, 14.68260226818066, 9.134007996907268, 5.498937634277628, 6.315967692248953, 16.256425828271457, 5.907586689043921, 4.3359421588936415, 9.242871327143963, 23.225852393100133, 0.0, 0.0, 0.0, 0.0, 0.0, 0.0, 0.0], [9.134007996907268, 5.498937634277628, 6.315967692248953, 16.256425828271457, 5.907586689043921, 4.3359421588936415, 9.242871327143963, 23.225852393100133, 0.0, 0.0, 0.0, 0.0, 0.0, 0.0, 0.0, 16.356171162995604, 5.1778239487613975, 9.781746049701866, 6.7244615277647055, 14.68260226818066, 8.309307714871673, 11.06025639408022, 9.781746049701866, 5.1778239487613975, 14.68260226818066, 9.134007996907268, 5.498937634277628, 6.315967692248953, 16.256425828271457, 5.907586689043921, 4.3359421588936415, 9.242871327143963, 23.225852393100133, 0.0, 0.0, 0.0, 0.0, 0.0, 0.0, 0.0], [9.134007996907268, 5.498937634277628, 6.315967692248953, 16.256425828271457, 5.907586689043921, 4.3359421588936415, 9.242871327143963, 23.225852393100133, 0.0, 0.0, 0.0, 0.0, 0.0, 0.0, 0.0, 16.356171162995604, 5.1778239487613975, 9.781746049701866, 6.7244615277647055, 14.68260226818066, 8.309307714871673, 11.06025639408022, 9.781746049701866, 5.1778239487613975, 14.68260226818066, 9.134007996907268, 5.498937634277628, 6.315967692248953, 16.256425828271457, 5.907586689043921, 4.3359421588936415, 9.242871327143963, 23.225852393100133, 0.0, 0.0, 0.0, 0.0, 0.0, 0.0, 0.0], [9.134007996907268, 5.498937634277628, 6.315967692248953, 16.256425828271457, 5.907586689043921, 4.3359421588936415, 9.242871327143963, 23.225852393100133, 0.0, 0.0, 0.0, 0.0, 0.0, 0.0, 0.0, 16.356171162995604, 5.1778239487613975, 9.781746049701866, 6.7244615277647055, 14.68260226818066, 8.309307714871673, 11.06025639408022, 9.781746049701866, 5.1778239487613975, 14.68260226818066, 9.134007996907268, 5.498937634277628, 6.315967692248953, 16.256425828271457, 5.907586689043921, 4.3359421588936415, 9.242871327143963, 23.225852393100133, 0.0, 0.0, 0.0, 0.0, 0.0, 0.0, 0.0], [9.134007996907268, 5.498937634277628, 6.315967692248953, 16.256425828271457, 5.907586689043921, 4.3359421588936415, 9.242871327143963, 23.225852393100133, 0.0, 0.0, 0.0, 0.0, 0.0, 0.0, 0.0, 16.356171162995604, 5.1778239487613975, 9.781746049701866, 6.7244615277647055, 14.68260226818066, 8.309307714871673, 11.06025639408022, 9.781746049701866, 5.1778239487613975, 14.68260226818066, 9.134007996907268, 5.498937634277628, 6.315967692248953, 16.256425828271457, 5.907586689043921, 4.3359421588936415, 9.242871327143963, 23.225852393100133, 0.0, 0.0, 0.0, 0.0, 0.0, 0.0, 0.0], [9.134007996907268, 5.498937634277628, 6.315967692248953, 16.256425828271457, 5.907586689043921, 4.3359421588936415, 9.242871327143963, 23.225852393100133, 0.0, 0.0, 0.0, 0.0, 0.0, 0.0, 0.0, 16.356171162995604, 5.1778239487613975, 9.781746049701866, 6.7244615277647055, 14.68260226818066, 8.309307714871673, 11.06025639408022, 9.781746049701866, 5.1778239487613975, 14.68260226818066, 9.134007996907268, 5.498937634277628, 6.315967692248953, 16.256425828271457, 5.907586689043921, 4.3359421588936415, 9.242871327143963, 23.225852393100133, 0.0, 0.0, 0.0, 0.0, 0.0, 0.0, 0.0], [12.436113467258307, 18.068942473800558, 12.506552991565485, 19.50003336349, 15.042976055893234, 19.524701974301827, 25.15642395245446, 17.58493376673017, 16.356171162995604, 16.356171162995604, 16.356171162995604, 16.356171162995604, 16.356171162995604, 16.356171162995604, 16.356171162995604, 0.0, 19.233135327233157, 6.770163485909542, 11.910361059554251, 24.828579906161394, 24.61017810257213, 5.297450734627679, 6.770163485909542, 19.233135327233157, 24.828579906161394, 12.436113467258307, 18.068942473800558, 12.506552991565485, 19.50003336349, 15.042976055893234, 19.524701974301827, 25.15642395245446, 17.58493376673017, 16.356171162995604, 16.356171162995604, 16.356171162995604, 16.356171162995604, 16.356171162995604, 16.356171162995604, 16.356171162995604], [14.205197149178272, 1.6379891284534347, 11.312931022639013, 12.964481880893063, 11.080833978756328, 1.5295007335964426, 6.348445066461573, 21.76999546488681, 5.1778239487613975, 5.1778239487613975, 5.1778239487613975, 5.1778239487613975, 5.1778239487613975, 5.1778239487613975, 5.1778239487613975, 19.233135327233157, 0.0, 13.37470486892573, 7.544904628528307, 9.634818242077664, 8.2897561850339, 14.116389281509703, 13.37470486892573, 0.0, 9.634818242077664, 14.205197149178272, 1.6379891284534347, 11.312931022639013, 12.964481880893063, 11.080833978756328, 1.5295007335964426, 6.348445066461573, 21.76999546488681, 5.1778239487613975, 5.1778239487613975, 5.1778239487613975, 5.1778239487613975, 5.1778239487613975, 5.1778239487613975, 5.1778239487613975], [6.745175099373624, 12.510017609594037, 5.937273418936116, 17.576543039520896, 8.478069452095998, 13.371887249773994, 18.864146219586804, 19.587220790964857, 9.781746049701866, 9.781746049701866, 9.781746049701866, 9.781746049701866, 9.781746049701866, 9.781746049701866, 9.781746049701866, 6.770163485909542, 13.37470486892573, 0.0, 7.078156225407468, 20.62886282608112, 17.92805475388244, 1.9162999203742286, 0.0, 13.37470486892573, 20.62886282608112, 6.745175099373624, 12.510017609594037, 5.937273418936116, 17.576543039520896, 8.478069452095998, 13.371887249773994, 18.864146219586804, 19.587220790964857, 9.781746049701866, 9.781746049701866, 9.781746049701866, 9.781746049701866, 9.781746049701866, 9.781746049701866, 9.781746049701866], [11.147719586390643, 6.217716088761132, 8.566744499709719, 11.363462003115831, 10.088873441357785, 8.187343764799785, 13.799770574461366, 16.64584478102654, 6.7244615277647055, 6.7244615277647055, 6.7244615277647055, 6.7244615277647055, 6.7244615277647055, 6.7244615277647055, 6.7244615277647055, 11.910361059554251, 7.544904628528307, 7.078156225407468, 0.0, 13.562321308040316, 14.49640182942842, 7.149070160896442, 7.078156225407468, 7.544904628528307, 13.562321308040316, 11.147719586390643, 6.217716088761132, 8.566744499709719, 11.363462003115831, 10.088873441357785, 8.187343764799785, 13.799770574461366, 16.64584478102654, 6.7244615277647055, 6.7244615277647055, 6.7244615277647055, 6.7244615277647055, 6.7244615277647055, 6.7244615277647055, 6.7244615277647055], [23.285225110143937, 9.247697535617927, 20.36462582146446, 8.83360161934519, 20.558032760693713, 10.94589856290954, 11.5160419896416, 19.596851636272927, 14.68260226818066, 14.68260226818066, 14.68260226818066, 14.68260226818066, 14.68260226818066, 14.68260226818066, 14.68260226818066, 24.828579906161394, 9.634818242077664, 20.62886282608112, 13.562321308040316, 0.0, 15.832372370310026, 20.618474478586826, 20.62886282608112, 9.634818242077664, 0.0, 23.285225110143937, 9.247697535617927, 20.36462582146446, 8.83360161934519, 20.558032760693713, 10.94589856290954, 11.5160419896416, 19.596851636272927, 14.68260226818066, 14.68260226818066, 14.68260226818066, 14.68260226818066, 14.68260226818066, 14.68260226818066, 14.68260226818066], [15.330836166089968, 9.878187220715308, 13.21970804566822, 21.12127190164418, 11.37929567501153, 6.905580578765966, 4.6815004542726095, 30.0, 8.309307714871673, 8.309307714871673, 8.309307714871673, 8.309307714871673, 8.309307714871673, 8.309307714871673, 8.309307714871673, 24.61017810257213, 8.2897561850339, 17.92805475388244, 14.49640182942842, 15.832372370310026, 0.0, 19.32809801356382, 17.92805475388244, 8.2897561850339, 15.832372370310026, 15.330836166089968, 9.878187220715308, 13.21970804566822, 21.12127190164418, 11.37929567501153, 6.905580578765966, 4.6815004542726095, 30.0, 8.309307714871673, 8.309307714871673, 8.309307714871673, 8.309307714871673, 8.309307714871673, 8.309307714871673, 8.309307714871673], [8.62966092179248, 13.071017001928675, 7.81154271037355, 16.75887831146507, 10.338678864793858, 14.304406523018585, 19.906875545275273, 17.931220470400927, 11.06025639408022, 11.06025639408022, 11.06025639408022, 11.06025639408022, 11.06025639408022, 11.06025639408022, 11.06025639408022, 5.297450734627679, 14.116389281509703, 1.9162999203742286, 7.149070160896442, 20.618474478586826, 19.32809801356382, 0.0, 1.9162999203742286, 14.116389281509703, 20.618474478586826, 8.62966092179248, 13.071017001928675, 7.81154271037355, 16.75887831146507, 10.338678864793858, 14.304406523018585, 19.906875545275273, 17.931220470400927, 11.06025639408022, 11.06025639408022, 11.06025639408022, 11.06025639408022, 11.06025639408022, 11.06025639408022, 11.06025639408022], [6.745175099373624, 12.510017609594037, 5.937273418936116, 17.576543039520896, 8.478069452095998, 13.371887249773994, 18.864146219586804, 19.587220790964857, 9.781746049701866, 9.781746049701866, 9.781746049701866, 9.781746049701866, 9.781746049701866, 9.781746049701866, 9.781746049701866, 6.770163485909542, 13.37470486892573, 0.0, 7.078156225407468, 20.62886282608112, 17.92805475388244, 1.9162999203742286, 0.0, 13.37470486892573, 20.62886282608112, 6.745175099373624, 12.510017609594037, 5.937273418936116, 17.576543039520896, 8.478069452095998, 13.371887249773994, 18.864146219586804, 19.587220790964857, 9.781746049701866, 9.781746049701866, 9.781746049701866, 9.781746049701866, 9.781746049701866, 9.781746049701866, 9.781746049701866], [14.205197149178272, 1.6379891284534347, 11.312931022639013, 12.964481880893063, 11.080833978756328, 1.5295007335964426, 6.348445066461573, 21.76999546488681, 5.1778239487613975, 5.1778239487613975, 5.1778239487613975, 5.1778239487613975, 5.1778239487613975, 5.1778239487613975, 5.1778239487613975, 19.233135327233157, 0.0, 13.37470486892573, 7.544904628528307, 9.634818242077664, 8.2897561850339, 14.116389281509703, 13.37470486892573, 0.0, 9.634818242077664, 14.205197149178272, 1.6379891284534347, 11.312931022639013, 12.964481880893063, 11.080833978756328, 1.5295007335964426, 6.348445066461573, 21.76999546488681, 5.1778239487613975, 5.1778239487613975, 5.1778239487613975, 5.1778239487613975, 5.1778239487613975, 5.1778239487613975, 5.1778239487613975], [23.285225110143937, 9.247697535617927, 20.36462582146446, 8.83360161934519, 20.558032760693713, 10.94589856290954, 11.5160419896416, 19.596851636272927, 14.68260226818066, 14.68260226818066, 14.68260226818066, 14.68260226818066, 14.68260226818066, 14.68260226818066, 14.68260226818066, 24.828579906161394, 9.634818242077664, 20.62886282608112, 13.562321308040316, 0.0, 15.832372370310026, 20.618474478586826, 20.62886282608112, 9.634818242077664, 0.0, 23.285225110143937, 9.247697535617927, 20.36462582146446, 8.83360161934519, 20.558032760693713, 10.94589856290954, 11.5160419896416, 19.596851636272927, 14.68260226818066, 14.68260226818066, 14.68260226818066, 14.68260226818066, 14.68260226818066, 14.68260226818066, 14.68260226818066], [0.0, 14.105665583964644, 2.924094892995972, 22.510301604673156, 3.951590930610424, 13.469570571101885, 17.880117782984268, 26.114050180831928, 9.134007996907268, 9.134007996907268, 9.134007996907268, 9.134007996907268, 9.134007996907268, 9.134007996907268, 9.134007996907268, 12.436113467258307, 14.205197149178272, 6.745175099373624, 11.147719586390643, 23.285225110143937, 15.330836166089968, 8.62966092179248, 6.745175099373624, 14.205197149178272, 23.285225110143937, 0.0, 14.105665583964644, 2.924094892995972, 22.510301604673156, 3.951590930610424, 13.469570571101885, 17.880117782984268, 26.114050180831928, 9.134007996907268, 9.134007996907268, 9.134007996907268, 9.134007996907268, 9.134007996907268, 9.134007996907268, 9.134007996907268], [14.105665583964644, 0.0, 11.182049267290523, 11.552982795184986, 11.3214587707286, 2.992621185401575, 7.917419718853668, 20.14661496770616, 5.498937634277628, 5.498937634277628, 5.498937634277628, 5.498937634277628, 5.498937634277628, 5.498937634277628, 5.498937634277628, 18.068942473800558, 1.6379891284534347, 12.510017609594037, 6.217716088761132, 9.247697535617927, 9.878187220715308, 13.071017001928675, 12.510017609594037, 1.6379891284534347, 9.247697535617927, 14.105665583964644, 0.0, 11.182049267290523, 11.552982795184986, 11.3214587707286, 2.992621185401575, 7.917419718853668, 20.14661496770616, 5.498937634277628, 5.498937634277628, 5.498937634277628, 5.498937634277628, 5.498937634277628, 5.498937634277628, 5.498937634277628], [2.924094892995972, 11.182049267290523, 0.0, 19.893228817529884, 2.547607042601538, 10.642244424057926, 15.311971848973515, 24.293076424538853, 6.315967692248953, 6.315967692248953, 6.315967692248953, 6.315967692248953, 6.315967692248953, 6.315967692248953, 6.315967692248953, 12.506552991565485, 11.312931022639013, 5.937273418936116, 8.566744499709719, 20.36462582146446, 13.21970804566822, 7.81154271037355, 5.937273418936116, 11.312931022639013, 20.36462582146446, 2.924094892995972, 11.182049267290523, 0.0, 19.893228817529884, 2.547607042601538, 10.642244424057926, 15.311971848973515, 24.293076424538853, 6.315967692248953, 6.315967692248953, 6.315967692248953, 6.315967692248953, 6.315967692248953, 6.315967692248953, 6.315967692248953], [22.510301604673156, 11.552982795184986, 19.893228817529884, 0.0, 21.138275717035896, 14.47449593108588, 17.889054304472065, 10.76384337744052, 16.256425828271457, 16.256425828271457, 16.256425828271457, 16.256425828271457, 16.256425828271457, 16.256425828271457, 16.256425828271457, 19.50003336349, 12.964481880893063, 17.576543039520896, 11.363462003115831, 8.83360161934519, 21.12127190164418, 16.75887831146507, 17.576543039520896, 12.964481880893063, 8.83360161934519, 22.510301604673156, 11.552982795184986, 19.893228817529884, 0.0, 21.138275717035896, 14.47449593108588, 17.889054304472065, 10.76384337744052, 16.256425828271457, 16.256425828271457, 16.256425828271457, 16.256425828271457, 16.256425828271457, 16.256425828271457, 16.256425828271457], [3.951590930610424, 11.3214587707286, 2.547607042601538, 21.138275717035896, 0.0, 10.109404702741935, 14.075651707642468, 26.345411760405785, 5.907586689043921, 5.907586689043921, 5.907586689043921, 5.907586689043921, 5.907586689043921, 5.907586689043921, 5.907586689043921, 15.042976055893234, 11.080833978756328, 8.478069452095998, 10.088873441357785, 20.558032760693713, 11.37929567501153, 10.338678864793858, 8.478069452095998, 11.080833978756328, 20.558032760693713, 3.951590930610424, 11.3214587707286, 2.547607042601538, 21.138275717035896, 0.0, 10.109404702741935, 14.075651707642468, 26.345411760405785, 5.907586689043921, 5.907586689043921, 5.907586689043921, 5.907586689043921, 5.907586689043921, 5.907586689043921, 5.907586689043921], [13.469570571101885, 2.992621185401575, 10.642244424057926, 14.47449593108588, 10.109404702741935, 0.0, 5.662007574399393, 23.095599784188163, 4.3359421588936415, 4.3359421588936415, 4.3359421588936415, 4.3359421588936415, 4.3359421588936415, 4.3359421588936415, 4.3359421588936415, 19.524701974301827, 1.5295007335964426, 13.371887249773994, 8.187343764799785, 10.94589856290954, 6.905580578765966, 14.304406523018585, 13.371887249773994, 1.5295007335964426, 10.94589856290954, 13.469570571101885, 2.992621185401575, 10.642244424057926, 14.47449593108588, 10.109404702741935, 0.0, 5.662007574399393, 23.095599784188163, 4.3359421588936415, 4.3359421588936415, 4.3359421588936415, 4.3359421588936415, 4.3359421588936415, 4.3359421588936415, 4.3359421588936415], [17.880117782984268, 7.917419718853668, 15.311971848973515, 17.889054304472065, 14.075651707642468, 5.662007574399393, 0.0, 27.61412115078679, 9.242871327143963, 9.242871327143963, 9.242871327143963, 9.242871327143963, 9.242871327143963, 9.242871327143963, 9.242871327143963, 25.15642395245446, 6.348445066461573, 18.864146219586804, 13.799770574461366, 11.5160419896416, 4.6815004542726095, 19.906875545275273, 18.864146219586804, 6.348445066461573, 11.5160419896416, 17.880117782984268, 7.917419718853668, 15.311971848973515, 17.889054304472065, 14.075651707642468, 5.662007574399393, 0.0, 27.61412115078679, 9.242871327143963, 9.242871327143963, 9.242871327143963, 9.242871327143963, 9.242871327143963, 9.242871327143963, 9.242871327143963], [26.114050180831928, 20.14661496770616, 24.293076424538853, 10.76384337744052, 26.345411760405785, 23.095599784188163, 27.61412115078679, 0.0, 23.225852393100133, 23.225852393100133, 23.225852393100133, 23.225852393100133, 23.225852393100133, 23.225852393100133, 23.225852393100133, 17.58493376673017, 21.76999546488681, 19.587220790964857, 16.64584478102654, 19.596851636272927, 30.0, 17.931220470400927, 19.587220790964857, 21.76999546488681, 19.596851636272927, 26.114050180831928, 20.14661496770616, 24.293076424538853, 10.76384337744052, 26.345411760405785, 23.095599784188163, 27.61412115078679, 0.0, 23.225852393100133, 23.225852393100133, 23.225852393100133, 23.225852393100133, 23.225852393100133, 23.225852393100133, 23.225852393100133], [9.134007996907268, 5.498937634277628, 6.315967692248953, 16.256425828271457, 5.907586689043921, 4.3359421588936415, 9.242871327143963, 23.225852393100133, 0.0, 0.0, 0.0, 0.0, 0.0, 0.0, 0.0, 16.356171162995604, 5.1778239487613975, 9.781746049701866, 6.7244615277647055, 14.68260226818066, 8.309307714871673, 11.06025639408022, 9.781746049701866, 5.1778239487613975, 14.68260226818066, 9.134007996907268, 5.498937634277628, 6.315967692248953, 16.256425828271457, 5.907586689043921, 4.3359421588936415, 9.242871327143963, 23.225852393100133, 0.0, 0.0, 0.0, 0.0, 0.0, 0.0, 0.0], [9.134007996907268, 5.498937634277628, 6.315967692248953, 16.256425828271457, 5.907586689043921, 4.3359421588936415, 9.242871327143963, 23.225852393100133, 0.0, 0.0, 0.0, 0.0, 0.0, 0.0, 0.0, 16.356171162995604, 5.1778239487613975, 9.781746049701866, 6.7244615277647055, 14.68260226818066, 8.309307714871673, 11.06025639408022, 9.781746049701866, 5.1778239487613975, 14.68260226818066, 9.134007996907268, 5.498937634277628, 6.315967692248953, 16.256425828271457, 5.907586689043921, 4.3359421588936415, 9.242871327143963, 23.225852393100133, 0.0, 0.0, 0.0, 0.0, 0.0, 0.0, 0.0], [9.134007996907268, 5.498937634277628, 6.315967692248953, 16.256425828271457, 5.907586689043921, 4.3359421588936415, 9.242871327143963, 23.225852393100133, 0.0, 0.0, 0.0, 0.0, 0.0, 0.0, 0.0, 16.356171162995604, 5.1778239487613975, 9.781746049701866, 6.7244615277647055, 14.68260226818066, 8.309307714871673, 11.06025639408022, 9.781746049701866, 5.1778239487613975, 14.68260226818066, 9.134007996907268, 5.498937634277628, 6.315967692248953, 16.256425828271457, 5.907586689043921, 4.3359421588936415, 9.242871327143963, 23.225852393100133, 0.0, 0.0, 0.0, 0.0, 0.0, 0.0, 0.0], [9.134007996907268, 5.498937634277628, 6.315967692248953, 16.256425828271457, 5.907586689043921, 4.3359421588936415, 9.242871327143963, 23.225852393100133, 0.0, 0.0, 0.0, 0.0, 0.0, 0.0, 0.0, 16.356171162995604, 5.1778239487613975, 9.781746049701866, 6.7244615277647055, 14.68260226818066, 8.309307714871673, 11.06025639408022, 9.781746049701866, 5.1778239487613975, 14.68260226818066, 9.134007996907268, 5.498937634277628, 6.315967692248953, 16.256425828271457, 5.907586689043921, 4.3359421588936415, 9.242871327143963, 23.225852393100133, 0.0, 0.0, 0.0, 0.0, 0.0, 0.0, 0.0], [9.134007996907268, 5.498937634277628, 6.315967692248953, 16.256425828271457, 5.907586689043921, 4.3359421588936415, 9.242871327143963, 23.225852393100133, 0.0, 0.0, 0.0, 0.0, 0.0, 0.0, 0.0, 16.356171162995604, 5.1778239487613975, 9.781746049701866, 6.7244615277647055, 14.68260226818066, 8.309307714871673, 11.06025639408022, 9.781746049701866, 5.1778239487613975, 14.68260226818066, 9.134007996907268, 5.498937634277628, 6.315967692248953, 16.256425828271457, 5.907586689043921, 4.3359421588936415, 9.242871327143963, 23.225852393100133, 0.0, 0.0, 0.0, 0.0, 0.0, 0.0, 0.0], [9.134007996907268, 5.498937634277628, 6.315967692248953, 16.256425828271457, 5.907586689043921, 4.3359421588936415, 9.242871327143963, 23.225852393100133, 0.0, 0.0, 0.0, 0.0, 0.0, 0.0, 0.0, 16.356171162995604, 5.1778239487613975, 9.781746049701866, 6.7244615277647055, 14.68260226818066, 8.309307714871673, 11.06025639408022, 9.781746049701866, 5.1778239487613975, 14.68260226818066, 9.134007996907268, 5.498937634277628, 6.315967692248953, 16.256425828271457, 5.907586689043921, 4.3359421588936415, 9.242871327143963, 23.225852393100133, 0.0, 0.0, 0.0, 0.0, 0.0, 0.0, 0.0], [9.134007996907268, 5.498937634277628, 6.315967692248953, 16.256425828271457, 5.907586689043921, 4.3359421588936415, 9.242871327143963, 23.225852393100133, 0.0, 0.0, 0.0, 0.0, 0.0, 0.0, 0.0, 16.356171162995604, 5.1778239487613975, 9.781746049701866, 6.7244615277647055, 14.68260226818066, 8.309307714871673, 11.06025639408022, 9.781746049701866, 5.1778239487613975, 14.68260226818066, 9.134007996907268, 5.498937634277628, 6.315967692248953, 16.256425828271457, 5.907586689043921, 4.3359421588936415, 9.242871327143963, 23.225852393100133, 0.0, 0.0, 0.0, 0.0, 0.0, 0.0, 0.0]];
