M = 99999999.0;
numWorkers = 15;
numRoles = 3;
numNodes = 40;
wStart = [360, 330, 30, 180, 30, 30, 90, 30, 0, 0, 0, 0, 0, 0, 0, 30, 210, 60, 120, 90, 330, 60, 60, 120, 60, 450, 480, 330, 390, 450, 270, 450, 180, 480, 480, 480, 480, 480, 480, 480];
wEnd = [360, 330, 30, 180, 30, 30, 90, 30, 0, 0, 0, 0, 0, 0, 0, 390, 300, 450, 300, 390, 450, 300, 300, 300, 450, 450, 480, 330, 390, 450, 270, 450, 180, 480, 480, 480, 480, 480, 480, 480];
p = [0, 0, 0, 0, 0, 0, 0, 0, 0, 0, 0, 0, 0, 0, 0, 73.59153204014449, 58.806122976567664, 21.607376976477568, 39.63627639809626, 67.87558592342246, 23.71239400469148, 29.91970300244548, 14.95985150122274, 19.81813819904813, 10.803688488238784, 0, 0, 0, 0, 0, 0, 0, 0, 0, 0, 0, 0, 0, 0, 0];
e = [[0, 1, 1], [0, 1, 1], [1, 1, 0], [0, 1, 1], [1, 1, 0], [0, 1, 1], [0, 1, 1], [0, 1, 0], [1, 1, 0], [1, 1, 0], [0, 0, 1], [0, 1, 0], [0, 1, 0], [1, 0, 0], [1, 0, 0]];
d = [[2, 1, 2, 1, 2, 1, 2, 4, 2, 4], [1, 0, 1, 1, 1, 0, 1, 2, 2, 2], [0, 0, 0, 1, 0, 0, 0, 0, 2, 0]];
r = [2749, 4382, 2501, 1853, 1902, 1079, 160, 160, 1853, 2501];
g = [[0, 0, 0, 0, 0, 0, 0, 0, 0, 0], [0, 0, 0, 0, 0, 0, 0, 0, 0, 0], [0, 0, 0, 0, 0, 0, 0, 0, 0, 1], [0, 0, 0, 0, 0, 0, 0, 0, 1, 0], [0, 0, 0, 0, 0, 0, 0, 0, 0, 0], [0, 0, 0, 0, 0, 0, 0, 0, 0, 0], [0, 0, 0, 0, 0, 0, 0, 1, 0, 0], [0, 0, 0, 0, 0, 0, 1, 0, 0, 0], [0, 0, 0, 1, 0, 0, 0, 0, 0, 0], [0, 0, 1, 0, 0, 0, 0, 0, 0, 0]];
t = [[0.0, 9.455061851493523, 6.849205473387792, 17.67986328223028, 7.184773255320429, 17.157078293471535, 28.703965599102244, 26.117680291106385, 20.57917510039396, 20.57917510039396, 20.57917510039396, 20.57917510039396, 20.57917510039396, 20.57917510039396, 20.57917510039396, 21.45731185394211, 17.052307439995616, 8.9694454634471, 16.997589353193472, 19.76201598114421, 19.52497197101364, 6.687217962572121, 6.687217962572121, 16.997589353193472, 8.9694454634471, 0.0, 9.455061851493523, 6.849205473387792, 17.67986328223028, 7.184773255320429, 17.157078293471535, 28.703965599102244, 26.117680291106385, 20.57917510039396, 20.57917510039396, 20.57917510039396, 20.57917510039396, 20.57917510039396, 20.57917510039396, 20.57917510039396], [9.455061851493523, 0.0, 3.378922338166166, 20.009477056776706, 15.660609281630279, 14.627159075571988, 23.261086003666826, 19.851655081989065, 14.053176349875152, 14.053176349875152, 14.053176349875152, 14.053176349875152, 14.053176349875152, 14.053176349875152, 14.053176349875152, 26.682813226442494, 16.6506402005326, 15.538511058609462, 18.651179470155043, 18.673192224670665, 15.153598135985204, 4.138643228973018, 4.138643228973018, 18.651179470155043, 15.538511058609462, 9.455061851493523, 0.0, 3.378922338166166, 20.009477056776706, 15.660609281630279, 14.627159075571988, 23.261086003666826, 19.851655081989065, 14.053176349875152, 14.053176349875152, 14.053176349875152, 14.053176349875152, 14.053176349875152, 14.053176349875152, 14.053176349875152], [6.849205473387792, 3.378922338166166, 0.0, 17.152896508109794, 12.43467836864082, 13.023586067722277, 23.13026827321798, 20.10651313734307, 14.365085612595662, 14.365085612595662, 14.365085612595662, 14.365085612595662, 14.365085612595662, 14.365085612595662, 14.365085612595662, 23.43558538404728, 14.392773829056557, 12.160148292775252, 15.91100850462092, 16.692214756034765, 14.357015346174821, 0.8363964187883636, 0.8363964187883636, 15.91100850462092, 12.160148292775252, 6.849205473387792, 3.378922338166166, 0.0, 17.152896508109794, 12.43467836864082, 13.023586067722277, 23.13026827321798, 20.10651313734307, 14.365085612595662, 14.365085612595662, 14.365085612595662, 14.365085612595662, 14.365085612595662, 14.365085612595662, 14.365085612595662], [17.67986328223028, 20.009477056776706, 17.152896508109794, 0.0, 14.219011756638087, 9.407080217282362, 19.861482786986556, 19.8929567426718, 17.52252552052902, 17.52252552052902, 17.52252552052902, 17.52252552052902, 17.52252552052902, 17.52252552052902, 17.52252552052902, 8.885265475194469, 5.5702406649154454, 10.303137168586662, 1.7039441382898806, 6.905430741378702, 12.98468023070408, 16.32430660706481, 16.32430660706481, 1.7039441382898806, 10.303137168586662, 17.67986328223028, 20.009477056776706, 17.152896508109794, 0.0, 14.219011756638087, 9.407080217282362, 19.861482786986556, 19.8929567426718, 17.52252552052902, 17.52252552052902, 17.52252552052902, 17.52252552052902, 17.52252552052902, 17.52252552052902, 17.52252552052902], [7.184773255320429, 15.660609281630279, 12.43467836864082, 14.219011756638087, 0.0, 17.613604220415574, 30.0, 28.258557085723513, 23.407313421959888, 23.407313421959888, 23.407313421959888, 23.407313421959888, 23.407313421959888, 23.407313421959888, 23.407313421959888, 15.36926581642011, 15.920675949537834, 3.9229266808270995, 14.2243721533626, 18.658369903107978, 20.90459377355334, 11.880376622266029, 11.880376622266029, 14.2243721533626, 3.9229266808270995, 7.184773255320429, 15.660609281630279, 12.43467836864082, 14.219011756638087, 0.0, 17.613604220415574, 30.0, 28.258557085723513, 23.407313421959888, 23.407313421959888, 23.407313421959888, 23.407313421959888, 23.407313421959888, 23.407313421959888, 23.407313421959888], [17.157078293471535, 14.627159075571988, 13.023586067722277, 9.407080217282362, 17.613604220415574, 0.0, 12.406626127717885, 11.203201358239802, 8.115651390323501, 8.115651390323501, 8.115651390323501, 8.115651390323501, 8.115651390323501, 8.115651390323501, 8.115651390323501, 18.266923724058206, 3.85747083937303, 14.320167776791612, 7.720675843886692, 4.386516991832296, 3.768167863613356, 12.399400369427468, 12.399400369427468, 7.720675843886692, 14.320167776791612, 17.157078293471535, 14.627159075571988, 13.023586067722277, 9.407080217282362, 17.613604220415574, 0.0, 12.406626127717885, 11.203201358239802, 8.115651390323501, 8.115651390323501, 8.115651390323501, 8.115651390323501, 8.115651390323501, 8.115651390323501, 8.115651390323501], [28.703965599102244, 23.261086003666826, 23.13026827321798, 19.861482786986556, 30.0, 12.406626127717885, 0.0, 4.055870145328397, 9.333956044385943, 9.333956044385943, 9.333956044385943, 9.333956044385943, 9.333956044385943, 9.333956044385943, 9.333956044385943, 28.28616914907441, 15.006397109829376, 26.714931746922193, 18.505180214064893, 12.965773899005582, 9.239307840747522, 22.781618759831055, 22.781618759831055, 18.505180214064893, 26.714931746922193, 28.703965599102244, 23.261086003666826, 23.13026827321798, 19.861482786986556, 30.0, 12.406626127717885, 0.0, 4.055870145328397, 9.333956044385943, 9.333956044385943, 9.333956044385943, 9.333956044385943, 9.333956044385943, 9.333956044385943, 9.333956044385943], [26.117680291106385, 19.851655081989065, 20.10651313734307, 19.8929567426718, 28.258557085723513, 11.203201358239802, 4.055870145328397, 0.0, 5.8060045117151695, 5.8060045117151695, 5.8060045117151695, 5.8060045117151695, 5.8060045117151695, 5.8060045117151695, 5.8060045117151695, 28.674527805882143, 14.532561197670935, 25.294141425810587, 18.349773774641054, 13.124486697176138, 7.501955137537497, 19.858448609356568, 19.858448609356568, 18.349773774641054, 25.294141425810587, 26.117680291106385, 19.851655081989065, 20.10651313734307, 19.8929567426718, 28.258557085723513, 11.203201358239802, 4.055870145328397, 0.0, 5.8060045117151695, 5.8060045117151695, 5.8060045117151695, 5.8060045117151695, 5.8060045117151695, 5.8060045117151695, 5.8060045117151695], [20.57917510039396, 14.053176349875152, 14.365085612595662, 17.52252552052902, 23.407313421959888, 8.115651390323501, 9.333956044385943, 5.8060045117151695, 0.0, 0.0, 0.0, 0.0, 0.0, 0.0, 0.0, 26.37773278376633, 11.962708676438874, 20.838083705700306, 15.835621420361782, 11.680486805493363, 4.79426989895967, 14.164762097142724, 14.164762097142724, 15.835621420361782, 20.838083705700306, 20.57917510039396, 14.053176349875152, 14.365085612595662, 17.52252552052902, 23.407313421959888, 8.115651390323501, 9.333956044385943, 5.8060045117151695, 0.0, 0.0, 0.0, 0.0, 0.0, 0.0, 0.0], [20.57917510039396, 14.053176349875152, 14.365085612595662, 17.52252552052902, 23.407313421959888, 8.115651390323501, 9.333956044385943, 5.8060045117151695, 0.0, 0.0, 0.0, 0.0, 0.0, 0.0, 0.0, 26.37773278376633, 11.962708676438874, 20.838083705700306, 15.835621420361782, 11.680486805493363, 4.79426989895967, 14.164762097142724, 14.164762097142724, 15.835621420361782, 20.838083705700306, 20.57917510039396, 14.053176349875152, 14.365085612595662, 17.52252552052902, 23.407313421959888, 8.115651390323501, 9.333956044385943, 5.8060045117151695, 0.0, 0.0, 0.0, 0.0, 0.0, 0.0, 0.0], [20.57917510039396, 14.053176349875152, 14.365085612595662, 17.52252552052902, 23.407313421959888, 8.115651390323501, 9.333956044385943, 5.8060045117151695, 0.0, 0.0, 0.0, 0.0, 0.0, 0.0, 0.0, 26.37773278376633, 11.962708676438874, 20.838083705700306, 15.835621420361782, 11.680486805493363, 4.79426989895967, 14.164762097142724, 14.164762097142724, 15.835621420361782, 20.838083705700306, 20.57917510039396, 14.053176349875152, 14.365085612595662, 17.52252552052902, 23.407313421959888, 8.115651390323501, 9.333956044385943, 5.8060045117151695, 0.0, 0.0, 0.0, 0.0, 0.0, 0.0, 0.0], [20.57917510039396, 14.053176349875152, 14.365085612595662, 17.52252552052902, 23.407313421959888, 8.115651390323501, 9.333956044385943, 5.8060045117151695, 0.0, 0.0, 0.0, 0.0, 0.0, 0.0, 0.0, 26.37773278376633, 11.962708676438874, 20.838083705700306, 15.835621420361782, 11.680486805493363, 4.79426989895967, 14.164762097142724, 14.164762097142724, 15.835621420361782, 20.838083705700306, 20.57917510039396, 14.053176349875152, 14.365085612595662, 17.52252552052902, 23.407313421959888, 8.115651390323501, 9.333956044385943, 5.8060045117151695, 0.0, 0.0, 0.0, 0.0, 0.0, 0.0, 0.0], [20.57917510039396, 14.053176349875152, 14.365085612595662, 17.52252552052902, 23.407313421959888, 8.115651390323501, 9.333956044385943, 5.8060045117151695, 0.0, 0.0, 0.0, 0.0, 0.0, 0.0, 0.0, 26.37773278376633, 11.962708676438874, 20.838083705700306, 15.835621420361782, 11.680486805493363, 4.79426989895967, 14.164762097142724, 14.164762097142724, 15.835621420361782, 20.838083705700306, 20.57917510039396, 14.053176349875152, 14.365085612595662, 17.52252552052902, 23.407313421959888, 8.115651390323501, 9.333956044385943, 5.8060045117151695, 0.0, 0.0, 0.0, 0.0, 0.0, 0.0, 0.0], [20.57917510039396, 14.053176349875152, 14.365085612595662, 17.52252552052902, 23.407313421959888, 8.115651390323501, 9.333956044385943, 5.8060045117151695, 0.0, 0.0, 0.0, 0.0, 0.0, 0.0, 0.0, 26.37773278376633, 11.962708676438874, 20.838083705700306, 15.835621420361782, 11.680486805493363, 4.79426989895967, 14.164762097142724, 14.164762097142724, 15.835621420361782, 20.838083705700306, 20.57917510039396, 14.053176349875152, 14.365085612595662, 17.52252552052902, 23.407313421959888, 8.115651390323501, 9.333956044385943, 5.8060045117151695, 0.0, 0.0, 0.0, 0.0, 0.0, 0.0, 0.0], [20.57917510039396, 14.053176349875152, 14.365085612595662, 17.52252552052902, 23.407313421959888, 8.115651390323501, 9.333956044385943, 5.8060045117151695, 0.0, 0.0, 0.0, 0.0, 0.0, 0.0, 0.0, 26.37773278376633, 11.962708676438874, 20.838083705700306, 15.835621420361782, 11.680486805493363, 4.79426989895967, 14.164762097142724, 14.164762097142724, 15.835621420361782, 20.838083705700306, 20.57917510039396, 14.053176349875152, 14.365085612595662, 17.52252552052902, 23.407313421959888, 8.115651390323501, 9.333956044385943, 5.8060045117151695, 0.0, 0.0, 0.0, 0.0, 0.0, 0.0, 0.0], [21.45731185394211, 26.682813226442494, 23.43558538404728, 8.885265475194469, 15.36926581642011, 18.266923724058206, 28.28616914907441, 28.674527805882143, 26.37773278376633, 26.37773278376633, 26.37773278376633, 26.37773278376633, 26.37773278376633, 26.37773278376633, 26.37773278376633, 0.0, 14.45114926857397, 12.492548322351062, 10.549670678665679, 15.559552538207878, 21.869938893601752, 22.61339997898586, 22.61339997898586, 10.549670678665679, 12.492548322351062, 21.45731185394211, 26.682813226442494, 23.43558538404728, 8.885265475194469, 15.36926581642011, 18.266923724058206, 28.28616914907441, 28.674527805882143, 26.37773278376633, 26.37773278376633, 26.37773278376633, 26.37773278376633, 26.37773278376633, 26.37773278376633, 26.37773278376633], [17.052307439995616, 16.6506402005326, 14.392773829056557, 5.5702406649154454, 15.920675949537834, 3.85747083937303, 15.006397109829376, 14.532561197670935, 11.962708676438874, 11.962708676438874, 11.962708676438874, 11.962708676438874, 11.962708676438874, 11.962708676438874, 11.962708676438874, 14.45114926857397, 0.0, 12.233098355367472, 3.907985155077242, 2.7804770736188438, 7.427642480651513, 13.641649285213122, 13.641649285213122, 3.907985155077242, 12.233098355367472, 17.052307439995616, 16.6506402005326, 14.392773829056557, 5.5702406649154454, 15.920675949537834, 3.85747083937303, 15.006397109829376, 14.532561197670935, 11.962708676438874, 11.962708676438874, 11.962708676438874, 11.962708676438874, 11.962708676438874, 11.962708676438874, 11.962708676438874], [8.9694454634471, 15.538511058609462, 12.160148292775252, 10.303137168586662, 3.9229266808270995, 14.320167776791612, 26.714931746922193, 25.294141425810587, 20.838083705700306, 20.838083705700306, 20.838083705700306, 20.838083705700306, 20.838083705700306, 20.838083705700306, 20.838083705700306, 12.492548322351062, 12.233098355367472, 0.0, 10.314269854461406, 14.921110047031542, 17.821828548513157, 11.433716492504203, 11.433716492504203, 10.314269854461406, 0.0, 8.9694454634471, 15.538511058609462, 12.160148292775252, 10.303137168586662, 3.9229266808270995, 14.320167776791612, 26.714931746922193, 25.294141425810587, 20.838083705700306, 20.838083705700306, 20.838083705700306, 20.838083705700306, 20.838083705700306, 20.838083705700306, 20.838083705700306], [16.997589353193472, 18.651179470155043, 15.91100850462092, 1.7039441382898806, 14.2243721533626, 7.720675843886692, 18.505180214064893, 18.349773774641054, 15.835621420361782, 15.835621420361782, 15.835621420361782, 15.835621420361782, 15.835621420361782, 15.835621420361782, 15.835621420361782, 10.549670678665679, 3.907985155077242, 10.314269854461406, 0.0, 5.560153085117418, 11.335478953403243, 15.092907636787022, 15.092907636787022, 0.0, 10.314269854461406, 16.997589353193472, 18.651179470155043, 15.91100850462092, 1.7039441382898806, 14.2243721533626, 7.720675843886692, 18.505180214064893, 18.349773774641054, 15.835621420361782, 15.835621420361782, 15.835621420361782, 15.835621420361782, 15.835621420361782, 15.835621420361782, 15.835621420361782], [19.76201598114421, 18.673192224670665, 16.692214756034765, 6.905430741378702, 18.658369903107978, 4.386516991832296, 12.965773899005582, 13.124486697176138, 11.680486805493363, 11.680486805493363, 11.680486805493363, 11.680486805493363, 11.680486805493363, 11.680486805493363, 11.680486805493363, 15.559552538207878, 2.7804770736188438, 14.921110047031542, 5.560153085117418, 0.0, 6.888369093581707, 15.982160070403587, 15.982160070403587, 5.560153085117418, 14.921110047031542, 19.76201598114421, 18.673192224670665, 16.692214756034765, 6.905430741378702, 18.658369903107978, 4.386516991832296, 12.965773899005582, 13.124486697176138, 11.680486805493363, 11.680486805493363, 11.680486805493363, 11.680486805493363, 11.680486805493363, 11.680486805493363, 11.680486805493363], [19.52497197101364, 15.153598135985204, 14.357015346174821, 12.98468023070408, 20.90459377355334, 3.768167863613356, 9.239307840747522, 7.501955137537497, 4.79426989895967, 4.79426989895967, 4.79426989895967, 4.79426989895967, 4.79426989895967, 4.79426989895967, 4.79426989895967, 21.869938893601752, 7.427642480651513, 17.821828548513157, 11.335478953403243, 6.888369093581707, 0.0, 13.89788998537193, 13.89788998537193, 11.335478953403243, 17.821828548513157, 19.52497197101364, 15.153598135985204, 14.357015346174821, 12.98468023070408, 20.90459377355334, 3.768167863613356, 9.239307840747522, 7.501955137537497, 4.79426989895967, 4.79426989895967, 4.79426989895967, 4.79426989895967, 4.79426989895967, 4.79426989895967, 4.79426989895967], [6.687217962572121, 4.138643228973018, 0.8363964187883636, 16.32430660706481, 11.880376622266029, 12.399400369427468, 22.781618759831055, 19.858448609356568, 14.164762097142724, 14.164762097142724, 14.164762097142724, 14.164762097142724, 14.164762097142724, 14.164762097142724, 14.164762097142724, 22.61339997898586, 13.641649285213122, 11.433716492504203, 15.092907636787022, 15.982160070403587, 13.89788998537193, 0.0, 0.0, 15.092907636787022, 11.433716492504203, 6.687217962572121, 4.138643228973018, 0.8363964187883636, 16.32430660706481, 11.880376622266029, 12.399400369427468, 22.781618759831055, 19.858448609356568, 14.164762097142724, 14.164762097142724, 14.164762097142724, 14.164762097142724, 14.164762097142724, 14.164762097142724, 14.164762097142724], [6.687217962572121, 4.138643228973018, 0.8363964187883636, 16.32430660706481, 11.880376622266029, 12.399400369427468, 22.781618759831055, 19.858448609356568, 14.164762097142724, 14.164762097142724, 14.164762097142724, 14.164762097142724, 14.164762097142724, 14.164762097142724, 14.164762097142724, 22.61339997898586, 13.641649285213122, 11.433716492504203, 15.092907636787022, 15.982160070403587, 13.89788998537193, 0.0, 0.0, 15.092907636787022, 11.433716492504203, 6.687217962572121, 4.138643228973018, 0.8363964187883636, 16.32430660706481, 11.880376622266029, 12.399400369427468, 22.781618759831055, 19.858448609356568, 14.164762097142724, 14.164762097142724, 14.164762097142724, 14.164762097142724, 14.164762097142724, 14.164762097142724, 14.164762097142724], [16.997589353193472, 18.651179470155043, 15.91100850462092, 1.7039441382898806, 14.2243721533626, 7.720675843886692, 18.505180214064893, 18.349773774641054, 15.835621420361782, 15.835621420361782, 15.835621420361782, 15.835621420361782, 15.835621420361782, 15.835621420361782, 15.835621420361782, 10.549670678665679, 3.907985155077242, 10.314269854461406, 0.0, 5.560153085117418, 11.335478953403243, 15.092907636787022, 15.092907636787022, 0.0, 10.314269854461406, 16.997589353193472, 18.651179470155043, 15.91100850462092, 1.7039441382898806, 14.2243721533626, 7.720675843886692, 18.505180214064893, 18.349773774641054, 15.835621420361782, 15.835621420361782, 15.835621420361782, 15.835621420361782, 15.835621420361782, 15.835621420361782, 15.835621420361782], [8.9694454634471, 15.538511058609462, 12.160148292775252, 10.303137168586662, 3.9229266808270995, 14.320167776791612, 26.714931746922193, 25.294141425810587, 20.838083705700306, 20.838083705700306, 20.838083705700306, 20.838083705700306, 20.838083705700306, 20.838083705700306, 20.838083705700306, 12.492548322351062, 12.233098355367472, 0.0, 10.314269854461406, 14.921110047031542, 17.821828548513157, 11.433716492504203, 11.433716492504203, 10.314269854461406, 0.0, 8.9694454634471, 15.538511058609462, 12.160148292775252, 10.303137168586662, 3.9229266808270995, 14.320167776791612, 26.714931746922193, 25.294141425810587, 20.838083705700306, 20.838083705700306, 20.838083705700306, 20.838083705700306, 20.838083705700306, 20.838083705700306, 20.838083705700306], [0.0, 9.455061851493523, 6.849205473387792, 17.67986328223028, 7.184773255320429, 17.157078293471535, 28.703965599102244, 26.117680291106385, 20.57917510039396, 20.57917510039396, 20.57917510039396, 20.57917510039396, 20.57917510039396, 20.57917510039396, 20.57917510039396, 21.45731185394211, 17.052307439995616, 8.9694454634471, 16.997589353193472, 19.76201598114421, 19.52497197101364, 6.687217962572121, 6.687217962572121, 16.997589353193472, 8.9694454634471, 0.0, 9.455061851493523, 6.849205473387792, 17.67986328223028, 7.184773255320429, 17.157078293471535, 28.703965599102244, 26.117680291106385, 20.57917510039396, 20.57917510039396, 20.57917510039396, 20.57917510039396, 20.57917510039396, 20.57917510039396, 20.57917510039396], [9.455061851493523, 0.0, 3.378922338166166, 20.009477056776706, 15.660609281630279, 14.627159075571988, 23.261086003666826, 19.851655081989065, 14.053176349875152, 14.053176349875152, 14.053176349875152, 14.053176349875152, 14.053176349875152, 14.053176349875152, 14.053176349875152, 26.682813226442494, 16.6506402005326, 15.538511058609462, 18.651179470155043, 18.673192224670665, 15.153598135985204, 4.138643228973018, 4.138643228973018, 18.651179470155043, 15.538511058609462, 9.455061851493523, 0.0, 3.378922338166166, 20.009477056776706, 15.660609281630279, 14.627159075571988, 23.261086003666826, 19.851655081989065, 14.053176349875152, 14.053176349875152, 14.053176349875152, 14.053176349875152, 14.053176349875152, 14.053176349875152, 14.053176349875152], [6.849205473387792, 3.378922338166166, 0.0, 17.152896508109794, 12.43467836864082, 13.023586067722277, 23.13026827321798, 20.10651313734307, 14.365085612595662, 14.365085612595662, 14.365085612595662, 14.365085612595662, 14.365085612595662, 14.365085612595662, 14.365085612595662, 23.43558538404728, 14.392773829056557, 12.160148292775252, 15.91100850462092, 16.692214756034765, 14.357015346174821, 0.8363964187883636, 0.8363964187883636, 15.91100850462092, 12.160148292775252, 6.849205473387792, 3.378922338166166, 0.0, 17.152896508109794, 12.43467836864082, 13.023586067722277, 23.13026827321798, 20.10651313734307, 14.365085612595662, 14.365085612595662, 14.365085612595662, 14.365085612595662, 14.365085612595662, 14.365085612595662, 14.365085612595662], [17.67986328223028, 20.009477056776706, 17.152896508109794, 0.0, 14.219011756638087, 9.407080217282362, 19.861482786986556, 19.8929567426718, 17.52252552052902, 17.52252552052902, 17.52252552052902, 17.52252552052902, 17.52252552052902, 17.52252552052902, 17.52252552052902, 8.885265475194469, 5.5702406649154454, 10.303137168586662, 1.7039441382898806, 6.905430741378702, 12.98468023070408, 16.32430660706481, 16.32430660706481, 1.7039441382898806, 10.303137168586662, 17.67986328223028, 20.009477056776706, 17.152896508109794, 0.0, 14.219011756638087, 9.407080217282362, 19.861482786986556, 19.8929567426718, 17.52252552052902, 17.52252552052902, 17.52252552052902, 17.52252552052902, 17.52252552052902, 17.52252552052902, 17.52252552052902], [7.184773255320429, 15.660609281630279, 12.43467836864082, 14.219011756638087, 0.0, 17.613604220415574, 30.0, 28.258557085723513, 23.407313421959888, 23.407313421959888, 23.407313421959888, 23.407313421959888, 23.407313421959888, 23.407313421959888, 23.407313421959888, 15.36926581642011, 15.920675949537834, 3.9229266808270995, 14.2243721533626, 18.658369903107978, 20.90459377355334, 11.880376622266029, 11.880376622266029, 14.2243721533626, 3.9229266808270995, 7.184773255320429, 15.660609281630279, 12.43467836864082, 14.219011756638087, 0.0, 17.613604220415574, 30.0, 28.258557085723513, 23.407313421959888, 23.407313421959888, 23.407313421959888, 23.407313421959888, 23.407313421959888, 23.407313421959888, 23.407313421959888], [17.157078293471535, 14.627159075571988, 13.023586067722277, 9.407080217282362, 17.613604220415574, 0.0, 12.406626127717885, 11.203201358239802, 8.115651390323501, 8.115651390323501, 8.115651390323501, 8.115651390323501, 8.115651390323501, 8.115651390323501, 8.115651390323501, 18.266923724058206, 3.85747083937303, 14.320167776791612, 7.720675843886692, 4.386516991832296, 3.768167863613356, 12.399400369427468, 12.399400369427468, 7.720675843886692, 14.320167776791612, 17.157078293471535, 14.627159075571988, 13.023586067722277, 9.407080217282362, 17.613604220415574, 0.0, 12.406626127717885, 11.203201358239802, 8.115651390323501, 8.115651390323501, 8.115651390323501, 8.115651390323501, 8.115651390323501, 8.115651390323501, 8.115651390323501], [28.703965599102244, 23.261086003666826, 23.13026827321798, 19.861482786986556, 30.0, 12.406626127717885, 0.0, 4.055870145328397, 9.333956044385943, 9.333956044385943, 9.333956044385943, 9.333956044385943, 9.333956044385943, 9.333956044385943, 9.333956044385943, 28.28616914907441, 15.006397109829376, 26.714931746922193, 18.505180214064893, 12.965773899005582, 9.239307840747522, 22.781618759831055, 22.781618759831055, 18.505180214064893, 26.714931746922193, 28.703965599102244, 23.261086003666826, 23.13026827321798, 19.861482786986556, 30.0, 12.406626127717885, 0.0, 4.055870145328397, 9.333956044385943, 9.333956044385943, 9.333956044385943, 9.333956044385943, 9.333956044385943, 9.333956044385943, 9.333956044385943], [26.117680291106385, 19.851655081989065, 20.10651313734307, 19.8929567426718, 28.258557085723513, 11.203201358239802, 4.055870145328397, 0.0, 5.8060045117151695, 5.8060045117151695, 5.8060045117151695, 5.8060045117151695, 5.8060045117151695, 5.8060045117151695, 5.8060045117151695, 28.674527805882143, 14.532561197670935, 25.294141425810587, 18.349773774641054, 13.124486697176138, 7.501955137537497, 19.858448609356568, 19.858448609356568, 18.349773774641054, 25.294141425810587, 26.117680291106385, 19.851655081989065, 20.10651313734307, 19.8929567426718, 28.258557085723513, 11.203201358239802, 4.055870145328397, 0.0, 5.8060045117151695, 5.8060045117151695, 5.8060045117151695, 5.8060045117151695, 5.8060045117151695, 5.8060045117151695, 5.8060045117151695], [20.57917510039396, 14.053176349875152, 14.365085612595662, 17.52252552052902, 23.407313421959888, 8.115651390323501, 9.333956044385943, 5.8060045117151695, 0.0, 0.0, 0.0, 0.0, 0.0, 0.0, 0.0, 26.37773278376633, 11.962708676438874, 20.838083705700306, 15.835621420361782, 11.680486805493363, 4.79426989895967, 14.164762097142724, 14.164762097142724, 15.835621420361782, 20.838083705700306, 20.57917510039396, 14.053176349875152, 14.365085612595662, 17.52252552052902, 23.407313421959888, 8.115651390323501, 9.333956044385943, 5.8060045117151695, 0.0, 0.0, 0.0, 0.0, 0.0, 0.0, 0.0], [20.57917510039396, 14.053176349875152, 14.365085612595662, 17.52252552052902, 23.407313421959888, 8.115651390323501, 9.333956044385943, 5.8060045117151695, 0.0, 0.0, 0.0, 0.0, 0.0, 0.0, 0.0, 26.37773278376633, 11.962708676438874, 20.838083705700306, 15.835621420361782, 11.680486805493363, 4.79426989895967, 14.164762097142724, 14.164762097142724, 15.835621420361782, 20.838083705700306, 20.57917510039396, 14.053176349875152, 14.365085612595662, 17.52252552052902, 23.407313421959888, 8.115651390323501, 9.333956044385943, 5.8060045117151695, 0.0, 0.0, 0.0, 0.0, 0.0, 0.0, 0.0], [20.57917510039396, 14.053176349875152, 14.365085612595662, 17.52252552052902, 23.407313421959888, 8.115651390323501, 9.333956044385943, 5.8060045117151695, 0.0, 0.0, 0.0, 0.0, 0.0, 0.0, 0.0, 26.37773278376633, 11.962708676438874, 20.838083705700306, 15.835621420361782, 11.680486805493363, 4.79426989895967, 14.164762097142724, 14.164762097142724, 15.835621420361782, 20.838083705700306, 20.57917510039396, 14.053176349875152, 14.365085612595662, 17.52252552052902, 23.407313421959888, 8.115651390323501, 9.333956044385943, 5.8060045117151695, 0.0, 0.0, 0.0, 0.0, 0.0, 0.0, 0.0], [20.57917510039396, 14.053176349875152, 14.365085612595662, 17.52252552052902, 23.407313421959888, 8.115651390323501, 9.333956044385943, 5.8060045117151695, 0.0, 0.0, 0.0, 0.0, 0.0, 0.0, 0.0, 26.37773278376633, 11.962708676438874, 20.838083705700306, 15.835621420361782, 11.680486805493363, 4.79426989895967, 14.164762097142724, 14.164762097142724, 15.835621420361782, 20.838083705700306, 20.57917510039396, 14.053176349875152, 14.365085612595662, 17.52252552052902, 23.407313421959888, 8.115651390323501, 9.333956044385943, 5.8060045117151695, 0.0, 0.0, 0.0, 0.0, 0.0, 0.0, 0.0], [20.57917510039396, 14.053176349875152, 14.365085612595662, 17.52252552052902, 23.407313421959888, 8.115651390323501, 9.333956044385943, 5.8060045117151695, 0.0, 0.0, 0.0, 0.0, 0.0, 0.0, 0.0, 26.37773278376633, 11.962708676438874, 20.838083705700306, 15.835621420361782, 11.680486805493363, 4.79426989895967, 14.164762097142724, 14.164762097142724, 15.835621420361782, 20.838083705700306, 20.57917510039396, 14.053176349875152, 14.365085612595662, 17.52252552052902, 23.407313421959888, 8.115651390323501, 9.333956044385943, 5.8060045117151695, 0.0, 0.0, 0.0, 0.0, 0.0, 0.0, 0.0], [20.57917510039396, 14.053176349875152, 14.365085612595662, 17.52252552052902, 23.407313421959888, 8.115651390323501, 9.333956044385943, 5.8060045117151695, 0.0, 0.0, 0.0, 0.0, 0.0, 0.0, 0.0, 26.37773278376633, 11.962708676438874, 20.838083705700306, 15.835621420361782, 11.680486805493363, 4.79426989895967, 14.164762097142724, 14.164762097142724, 15.835621420361782, 20.838083705700306, 20.57917510039396, 14.053176349875152, 14.365085612595662, 17.52252552052902, 23.407313421959888, 8.115651390323501, 9.333956044385943, 5.8060045117151695, 0.0, 0.0, 0.0, 0.0, 0.0, 0.0, 0.0], [20.57917510039396, 14.053176349875152, 14.365085612595662, 17.52252552052902, 23.407313421959888, 8.115651390323501, 9.333956044385943, 5.8060045117151695, 0.0, 0.0, 0.0, 0.0, 0.0, 0.0, 0.0, 26.37773278376633, 11.962708676438874, 20.838083705700306, 15.835621420361782, 11.680486805493363, 4.79426989895967, 14.164762097142724, 14.164762097142724, 15.835621420361782, 20.838083705700306, 20.57917510039396, 14.053176349875152, 14.365085612595662, 17.52252552052902, 23.407313421959888, 8.115651390323501, 9.333956044385943, 5.8060045117151695, 0.0, 0.0, 0.0, 0.0, 0.0, 0.0, 0.0]];
