M = 99999999.0;
numWorkers = 30;
numRoles = 3;
numNodes = 80;
wStart = [60, 30, 270, 60, 30, 330, 0, 180, 90, 0, 180, 30, 150, 300, 180, 0, 0, 0, 0, 0, 0, 0, 0, 0, 0, 0, 0, 0, 0, 0, 150, 90, 30, 390, 120, 90, 120, 30, 90, 120, 120, 120, 90, 210, 150, 210, 120, 90, 120, 90, 150, 450, 330, 300, 480, 450, 420, 300, 420, 390, 420, 450, 360, 360, 270, 480, 480, 480, 480, 480, 480, 480, 480, 480, 480, 480, 480, 480, 480, 480];
wEnd = [60, 30, 270, 60, 30, 330, 0, 180, 90, 0, 180, 30, 150, 300, 180, 0, 0, 0, 0, 0, 0, 0, 0, 0, 0, 0, 0, 0, 0, 0, 270, 420, 210, 420, 390, 240, 390, 360, 210, 150, 420, 270, 450, 450, 270, 450, 420, 210, 270, 240, 150, 450, 330, 300, 480, 450, 420, 300, 420, 390, 420, 450, 360, 360, 270, 480, 480, 480, 480, 480, 480, 480, 480, 480, 480, 480, 480, 480, 480, 480];
p = [0, 0, 0, 0, 0, 0, 0, 0, 0, 0, 0, 0, 0, 0, 0, 0, 0, 0, 0, 0, 0, 0, 0, 0, 0, 0, 0, 0, 0, 0, 70.15472708020553, 22.10813711623001, 68.31359971342147, 74.69704049530034, 43.15358045591445, 68.95113869203857, 35.84227355409641, 25.351878645418317, 21.08598725578919, 67.4290363346003, 68.67460905686558, 25.34407982281687, 58.14223829184306, 49.08657654080727, 35.077363540102766, 24.543288270403636, 34.33730452843279, 10.542993627894594, 12.672039911408435, 34.475569346019284, 0, 0, 0, 0, 0, 0, 0, 0, 0, 0, 0, 0, 0, 0, 0, 0, 0, 0, 0, 0, 0, 0, 0, 0, 0, 0, 0, 0, 0, 0];
e = [[1, 1, 0], [1, 1, 0], [1, 1, 0], [1, 1, 0], [0, 1, 1], [1, 1, 0], [1, 1, 0], [0, 1, 1], [1, 1, 0], [0, 1, 0], [0, 1, 0], [0, 1, 1], [1, 1, 0], [0, 1, 1], [0, 1, 1], [1, 1, 0], [0, 1, 1], [0, 1, 0], [1, 1, 0], [0, 1, 1], [0, 1, 1], [0, 0, 1], [0, 0, 1], [0, 0, 1], [0, 1, 0], [0, 1, 0], [1, 0, 0], [0, 1, 0], [1, 0, 0], [0, 0, 1]];
d = [[0, 1, 0, 0, 0, 0, 1, 0, 0, 1, 1, 0, 1, 0, 0, 0, 2, 0, 0, 0], [0, 0, 0, 1, 0, 1, 0, 1, 1, 0, 0, 1, 0, 0, 0, 0, 0, 2, 2, 2], [1, 1, 1, 1, 1, 1, 1, 1, 1, 0, 0, 1, 0, 1, 2, 2, 0, 2, 2, 2]];
r = [4730, 3266, 1782, 3926, 319, 1225, 3429, 897, 1178, 879, 674, 2851, 3404, 3253, 4730, 3253, 674, 1178, 2851, 1225];
g = [[0, 0, 0, 0, 0, 0, 0, 0, 0, 0, 0, 0, 0, 0, 1, 0, 0, 0, 0, 0], [0, 0, 0, 0, 0, 0, 0, 0, 0, 0, 0, 0, 0, 0, 0, 0, 0, 0, 0, 0], [0, 0, 0, 0, 0, 0, 0, 0, 0, 0, 0, 0, 0, 0, 0, 0, 0, 0, 0, 0], [0, 0, 0, 0, 0, 0, 0, 0, 0, 0, 0, 0, 0, 0, 0, 0, 0, 0, 0, 0], [0, 0, 0, 0, 0, 0, 0, 0, 0, 0, 0, 0, 0, 0, 0, 0, 0, 0, 0, 0], [0, 0, 0, 0, 0, 0, 0, 0, 0, 0, 0, 0, 0, 0, 0, 0, 0, 0, 0, 1], [0, 0, 0, 0, 0, 0, 0, 0, 0, 0, 0, 0, 0, 0, 0, 0, 0, 0, 0, 0], [0, 0, 0, 0, 0, 0, 0, 0, 0, 0, 0, 0, 0, 0, 0, 0, 0, 0, 0, 0], [0, 0, 0, 0, 0, 0, 0, 0, 0, 0, 0, 0, 0, 0, 0, 0, 0, 1, 0, 0], [0, 0, 0, 0, 0, 0, 0, 0, 0, 0, 0, 0, 0, 0, 0, 0, 0, 0, 0, 0], [0, 0, 0, 0, 0, 0, 0, 0, 0, 0, 0, 0, 0, 0, 0, 0, 1, 0, 0, 0], [0, 0, 0, 0, 0, 0, 0, 0, 0, 0, 0, 0, 0, 0, 0, 0, 0, 0, 1, 0], [0, 0, 0, 0, 0, 0, 0, 0, 0, 0, 0, 0, 0, 0, 0, 0, 0, 0, 0, 0], [0, 0, 0, 0, 0, 0, 0, 0, 0, 0, 0, 0, 0, 0, 0, 1, 0, 0, 0, 0], [1, 0, 0, 0, 0, 0, 0, 0, 0, 0, 0, 0, 0, 0, 0, 0, 0, 0, 0, 0], [0, 0, 0, 0, 0, 0, 0, 0, 0, 0, 0, 0, 0, 1, 0, 0, 0, 0, 0, 0], [0, 0, 0, 0, 0, 0, 0, 0, 0, 0, 1, 0, 0, 0, 0, 0, 0, 0, 0, 0], [0, 0, 0, 0, 0, 0, 0, 0, 1, 0, 0, 0, 0, 0, 0, 0, 0, 0, 0, 0], [0, 0, 0, 0, 0, 0, 0, 0, 0, 0, 0, 1, 0, 0, 0, 0, 0, 0, 0, 0], [0, 0, 0, 0, 0, 1, 0, 0, 0, 0, 0, 0, 0, 0, 0, 0, 0, 0, 0, 0]];
t = [[0.0, 12.93309634900892, 12.157496890575688, 11.239403290480126, 8.594553023936605, 3.7082846402642313, 16.180630461879836, 13.534021691895877, 22.992216529041016, 8.325925068471726, 11.678226304400509, 2.674664190983144, 20.9764399386759, 5.707326967481129, 11.569002021252418, 26.023940724063177, 26.023940724063177, 26.023940724063177, 26.023940724063177, 26.023940724063177, 26.023940724063177, 26.023940724063177, 26.023940724063177, 26.023940724063177, 26.023940724063177, 26.023940724063177, 26.023940724063177, 26.023940724063177, 26.023940724063177, 26.023940724063177, 18.395211888263535, 12.578150303255002, 13.497368143812864, 12.416795413495917, 24.729145401247095, 16.42362136486657, 11.161766197361093, 15.041593901114377, 6.218440522941219, 5.58866287813184, 20.72242998337522, 5.007820870897611, 11.179573894951567, 7.355671101732784, 18.395211888263535, 7.355671101732784, 20.72242998337522, 6.218440522941219, 5.007820870897611, 16.42362136486657, 0.0, 12.93309634900892, 12.157496890575688, 11.239403290480126, 8.594553023936605, 3.7082846402642313, 16.180630461879836, 13.534021691895877, 22.992216529041016, 8.325925068471726, 11.678226304400509, 2.674664190983144, 20.9764399386759, 5.707326967481129, 11.569002021252418, 26.023940724063177, 26.023940724063177, 26.023940724063177, 26.023940724063177, 26.023940724063177, 26.023940724063177, 26.023940724063177, 26.023940724063177, 26.023940724063177, 26.023940724063177, 26.023940724063177, 26.023940724063177, 26.023940724063177, 26.023940724063177, 26.023940724063177], [12.93309634900892, 0.0, 3.7826013891121093, 7.041786885856605, 4.718874528487912, 16.23834198148916, 15.29977881540998, 5.6765818424975025, 22.111979680284545, 6.472674894759092, 5.940899138828611, 11.1170658253319, 19.33073391051544, 9.100851884539344, 1.3665723958316403, 14.504882113506602, 14.504882113506602, 14.504882113506602, 14.504882113506602, 14.504882113506602, 14.504882113506602, 14.504882113506602, 14.504882113506602, 14.504882113506602, 14.504882113506602, 14.504882113506602, 14.504882113506602, 14.504882113506602, 14.504882113506602, 14.504882113506602, 21.000697817517594, 19.199559644437063, 19.001035281198686, 7.048956781397056, 13.214540342149878, 20.601798516909053, 8.29613115521343, 2.231876034387148, 7.337655398462973, 13.26886797639334, 19.23033980843078, 15.191573932793434, 1.9770605000969106, 18.91126960996894, 21.000697817517594, 18.91126960996894, 19.23033980843078, 7.337655398462973, 15.191573932793434, 20.601798516909053, 12.93309634900892, 0.0, 3.7826013891121093, 7.041786885856605, 4.718874528487912, 16.23834198148916, 15.29977881540998, 5.6765818424975025, 22.111979680284545, 6.472674894759092, 5.940899138828611, 11.1170658253319, 19.33073391051544, 9.100851884539344, 1.3665723958316403, 14.504882113506602, 14.504882113506602, 14.504882113506602, 14.504882113506602, 14.504882113506602, 14.504882113506602, 14.504882113506602, 14.504882113506602, 14.504882113506602, 14.504882113506602, 14.504882113506602, 14.504882113506602, 14.504882113506602, 14.504882113506602, 14.504882113506602], [12.157496890575688, 3.7826013891121093, 0.0, 3.3719808403315175, 5.9666931738710325, 15.787107846227578, 18.32930546163603, 9.21631192204952, 25.365712261229444, 8.20727247923213, 8.999582941457255, 9.817157746326155, 22.63242489530316, 9.99422876338445, 3.6284533085626136, 17.802786880735788, 17.802786880735788, 17.802786880735788, 17.802786880735788, 17.802786880735788, 17.802786880735788, 17.802786880735788, 17.802786880735788, 17.802786880735788, 17.802786880735788, 17.802786880735788, 17.802786880735788, 17.802786880735788, 17.802786880735788, 17.802786880735788, 23.611316183151725, 20.81652520956166, 20.88520490613614, 10.22981394526061, 16.547326697815535, 22.864923941340386, 4.64216239926861, 4.374815904558915, 5.946898377235784, 14.073660782712745, 22.506742461663908, 15.537014972001703, 4.424738409729196, 18.996599951988923, 23.611316183151725, 18.996599951988923, 22.506742461663908, 5.946898377235784, 15.537014972001703, 22.864923941340386, 12.157496890575688, 3.7826013891121093, 0.0, 3.3719808403315175, 5.9666931738710325, 15.787107846227578, 18.32930546163603, 9.21631192204952, 25.365712261229444, 8.20727247923213, 8.999582941457255, 9.817157746326155, 22.63242489530316, 9.99422876338445, 3.6284533085626136, 17.802786880735788, 17.802786880735788, 17.802786880735788, 17.802786880735788, 17.802786880735788, 17.802786880735788, 17.802786880735788, 17.802786880735788, 17.802786880735788, 17.802786880735788, 17.802786880735788, 17.802786880735788, 17.802786880735788, 17.802786880735788, 17.802786880735788], [11.239403290480126, 7.041786885856605, 3.3719808403315175, 0.0, 7.679363830477239, 14.945122753739481, 20.515359873779257, 12.09701218617665, 27.702512272826382, 9.855800810648464, 11.510785770455495, 8.615636991804717, 25.046511618991026, 10.77386293377285, 6.546375123780789, 21.160348392434212, 21.160348392434212, 21.160348392434212, 21.160348392434212, 21.160348392434212, 21.160348392434212, 21.160348392434212, 21.160348392434212, 21.160348392434212, 21.160348392434212, 21.160348392434212, 21.160348392434212, 21.160348392434212, 21.160348392434212, 21.160348392434212, 25.304136981793143, 21.64174131571571, 21.950405345519435, 12.773593390727006, 19.910498174181136, 24.238775059629205, 1.2703010647696755, 7.716259454853142, 5.415588733596229, 14.445223273398158, 24.893855178031878, 15.423487047884244, 7.166888111615279, 18.50829810550608, 25.304136981793143, 18.50829810550608, 24.893855178031878, 5.415588733596229, 15.423487047884244, 24.238775059629205, 11.239403290480126, 7.041786885856605, 3.3719808403315175, 0.0, 7.679363830477239, 14.945122753739481, 20.515359873779257, 12.09701218617665, 27.702512272826382, 9.855800810648464, 11.510785770455495, 8.615636991804717, 25.046511618991026, 10.77386293377285, 6.546375123780789, 21.160348392434212, 21.160348392434212, 21.160348392434212, 21.160348392434212, 21.160348392434212, 21.160348392434212, 21.160348392434212, 21.160348392434212, 21.160348392434212, 21.160348392434212, 21.160348392434212, 21.160348392434212, 21.160348392434212, 21.160348392434212, 21.160348392434212], [8.594553023936605, 4.718874528487912, 5.9666931738710325, 7.679363830477239, 0.0, 11.663322697441215, 12.843260573953243, 5.6430624897537065, 20.053145169124903, 2.2548305764780165, 4.303313993777009, 7.29619983740278, 17.434974940315925, 4.404085797247859, 3.4203424065327437, 17.6046795136807, 17.6046795136807, 17.6046795136807, 17.6046795136807, 17.6046795136807, 17.6046795136807, 17.6046795136807, 17.6046795136807, 17.6046795136807, 17.6046795136807, 17.6046795136807, 17.6046795136807, 17.6046795136807, 17.6046795136807, 17.6046795136807, 17.749328212248265, 14.924019234224419, 14.932146527738114, 5.504704767274665, 16.298554602147014, 16.908473876080578, 8.59682221164592, 6.949757674544295, 4.373721424835123, 8.58950988734901, 17.270214021065122, 10.472779630322801, 2.7655542953326404, 14.200307244556557, 17.749328212248265, 14.200307244556557, 17.270214021065122, 4.373721424835123, 10.472779630322801, 16.908473876080578, 8.594553023936605, 4.718874528487912, 5.9666931738710325, 7.679363830477239, 0.0, 11.663322697441215, 12.843260573953243, 5.6430624897537065, 20.053145169124903, 2.2548305764780165, 4.303313993777009, 7.29619983740278, 17.434974940315925, 4.404085797247859, 3.4203424065327437, 17.6046795136807, 17.6046795136807, 17.6046795136807, 17.6046795136807, 17.6046795136807, 17.6046795136807, 17.6046795136807, 17.6046795136807, 17.6046795136807, 17.6046795136807, 17.6046795136807, 17.6046795136807, 17.6046795136807, 17.6046795136807, 17.6046795136807], [3.7082846402642313, 16.23834198148916, 15.787107846227578, 14.945122753739481, 11.663322697441215, 0.0, 16.42852010854784, 15.947908366904567, 22.637562783336648, 10.853364176033779, 14.009921825742067, 6.347518258445423, 20.98267534963402, 7.883618974783691, 14.87437620045915, 28.545629211064625, 28.545629211064625, 28.545629211064625, 28.545629211064625, 28.545629211064625, 28.545629211064625, 28.545629211064625, 28.545629211064625, 28.545629211064625, 28.545629211064625, 28.545629211064625, 28.545629211064625, 28.545629211064625, 28.545629211064625, 28.545629211064625, 17.307552306219108, 10.695982243151022, 11.929910250681122, 14.497904470636064, 27.27698684420112, 14.994726229769054, 14.836142181125007, 18.411432108075356, 9.88010072169284, 5.455424701122087, 20.70302284560947, 3.36780383214559, 14.380398132521936, 3.85672746150025, 17.307552306219108, 3.85672746150025, 20.70302284560947, 9.88010072169284, 3.36780383214559, 14.994726229769054, 3.7082846402642313, 16.23834198148916, 15.787107846227578, 14.945122753739481, 11.663322697441215, 0.0, 16.42852010854784, 15.947908366904567, 22.637562783336648, 10.853364176033779, 14.009921825742067, 6.347518258445423, 20.98267534963402, 7.883618974783691, 14.87437620045915, 28.545629211064625, 28.545629211064625, 28.545629211064625, 28.545629211064625, 28.545629211064625, 28.545629211064625, 28.545629211064625, 28.545629211064625, 28.545629211064625, 28.545629211064625, 28.545629211064625, 28.545629211064625, 28.545629211064625, 28.545629211064625, 28.545629211064625], [16.180630461879836, 15.29977881540998, 18.32930546163603, 20.515359873779257, 12.843260573953243, 16.42852010854784, 0.0, 9.897548385458046, 7.252589781558119, 10.758027385613667, 9.393783943954794, 17.067338718325047, 4.850895245083736, 11.248939382328757, 14.79874671641111, 17.871998031404367, 17.871998031404367, 17.871998031404367, 17.871998031404367, 17.871998031404367, 17.871998031404367, 17.871998031404367, 17.871998031404367, 17.871998031404367, 17.871998031404367, 17.871998031404367, 17.871998031404367, 17.871998031404367, 17.871998031404367, 17.871998031404367, 6.377648966383334, 9.390783108391584, 8.0296031853648, 8.251333012773626, 16.989131387381207, 7.35855434071047, 21.432795744213085, 16.85763444665219, 16.424728433162244, 11.039907308213612, 4.6246637777845185, 13.12865458880117, 13.943862216098081, 15.759144738354555, 6.377648966383334, 15.759144738354555, 4.6246637777845185, 16.424728433162244, 13.12865458880117, 7.35855434071047, 16.180630461879836, 15.29977881540998, 18.32930546163603, 20.515359873779257, 12.843260573953243, 16.42852010854784, 0.0, 9.897548385458046, 7.252589781558119, 10.758027385613667, 9.393783943954794, 17.067338718325047, 4.850895245083736, 11.248939382328757, 14.79874671641111, 17.871998031404367, 17.871998031404367, 17.871998031404367, 17.871998031404367, 17.871998031404367, 17.871998031404367, 17.871998031404367, 17.871998031404367, 17.871998031404367, 17.871998031404367, 17.871998031404367, 17.871998031404367, 17.871998031404367, 17.871998031404367, 17.871998031404367], [13.534021691895877, 5.6765818424975025, 9.21631192204952, 12.09701218617665, 5.6430624897537065, 15.947908366904567, 9.897548385458046, 0.0, 16.48450869965832, 5.209589715639426, 1.9477732690873655, 12.745411866668396, 13.688011395326628, 8.073190600447214, 5.611751853711561, 12.598057275405603, 12.598057275405603, 12.598057275405603, 12.598057275405603, 12.598057275405603, 12.598057275405603, 12.598057275405603, 12.598057275405603, 12.598057275405603, 12.598057275405603, 12.598057275405603, 12.598057275405603, 12.598057275405603, 12.598057275405603, 12.598057275405603, 15.951777284967331, 15.548617276480815, 14.972441063087638, 2.0443841270588505, 11.33008071630123, 15.991499206939837, 13.250834779505205, 6.981431232594684, 9.999835497441426, 11.435478098789334, 13.599551798385157, 13.815081422445191, 4.930161535664332, 17.577623874269186, 15.951777284967331, 17.577623874269186, 13.599551798385157, 9.999835497441426, 13.815081422445191, 15.991499206939837, 13.534021691895877, 5.6765818424975025, 9.21631192204952, 12.09701218617665, 5.6430624897537065, 15.947908366904567, 9.897548385458046, 0.0, 16.48450869965832, 5.209589715639426, 1.9477732690873655, 12.745411866668396, 13.688011395326628, 8.073190600447214, 5.611751853711561, 12.598057275405603, 12.598057275405603, 12.598057275405603, 12.598057275405603, 12.598057275405603, 12.598057275405603, 12.598057275405603, 12.598057275405603, 12.598057275405603, 12.598057275405603, 12.598057275405603, 12.598057275405603, 12.598057275405603, 12.598057275405603, 12.598057275405603], [22.992216529041016, 22.111979680284545, 25.365712261229444, 27.702512272826382, 20.053145169124903, 22.637562783336648, 7.252589781558119, 16.48450869965832, 0.0, 18.002082844604725, 16.36622816591627, 24.13647182666122, 2.8170903659642943, 18.406733525197758, 21.771452701082247, 20.90802526674284, 20.90802526674284, 20.90802526674284, 20.90802526674284, 20.90802526674284, 20.90802526674284, 20.90802526674284, 20.90802526674284, 20.90802526674284, 20.90802526674284, 20.90802526674284, 20.90802526674284, 20.90802526674284, 20.90802526674284, 20.90802526674284, 6.432424844684549, 13.269975590373223, 11.680921567999913, 15.145571159234755, 20.40286387441554, 9.104390637779911, 28.649913680283426, 23.420578183369575, 23.67382057763034, 17.549551867273625, 2.885022689623044, 19.270209460221924, 20.944198385348535, 21.112690870939858, 6.432424844684549, 21.112690870939858, 2.885022689623044, 23.67382057763034, 19.270209460221924, 9.104390637779911, 22.992216529041016, 22.111979680284545, 25.365712261229444, 27.702512272826382, 20.053145169124903, 22.637562783336648, 7.252589781558119, 16.48450869965832, 0.0, 18.002082844604725, 16.36622816591627, 24.13647182666122, 2.8170903659642943, 18.406733525197758, 21.771452701082247, 20.90802526674284, 20.90802526674284, 20.90802526674284, 20.90802526674284, 20.90802526674284, 20.90802526674284, 20.90802526674284, 20.90802526674284, 20.90802526674284, 20.90802526674284, 20.90802526674284, 20.90802526674284, 20.90802526674284, 20.90802526674284, 20.90802526674284], [8.325925068471726, 6.472674894759092, 8.20727247923213, 9.855800810648464, 2.2548305764780165, 10.853364176033779, 10.758027385613667, 5.209589715639426, 18.002082844604725, 0.0, 3.3703248183831827, 7.733615268408981, 15.447033752364478, 3.0040978841417787, 5.3345183446318725, 17.75851731528167, 17.75851731528167, 17.75851731528167, 17.75851731528167, 17.75851731528167, 17.75851731528167, 17.75851731528167, 17.75851731528167, 17.75851731528167, 17.75851731528167, 17.75851731528167, 17.75851731528167, 17.75851731528167, 17.75851731528167, 17.75851731528167, 15.503759442701867, 12.802236785211958, 12.736637515665105, 4.269957144671561, 16.474969140351654, 14.658944796036868, 10.703561463563162, 8.664116466956152, 5.8205830534893215, 6.942410952142757, 15.266190048831955, 9.095570377292745, 4.5228629493674495, 12.89140851378879, 15.503759442701867, 12.89140851378879, 15.266190048831955, 5.8205830534893215, 9.095570377292745, 14.658944796036868, 8.325925068471726, 6.472674894759092, 8.20727247923213, 9.855800810648464, 2.2548305764780165, 10.853364176033779, 10.758027385613667, 5.209589715639426, 18.002082844604725, 0.0, 3.3703248183831827, 7.733615268408981, 15.447033752364478, 3.0040978841417787, 5.3345183446318725, 17.75851731528167, 17.75851731528167, 17.75851731528167, 17.75851731528167, 17.75851731528167, 17.75851731528167, 17.75851731528167, 17.75851731528167, 17.75851731528167, 17.75851731528167, 17.75851731528167, 17.75851731528167, 17.75851731528167, 17.75851731528167, 17.75851731528167], [11.678226304400509, 5.940899138828611, 8.999582941457255, 11.510785770455495, 4.303313993777009, 14.009921825742067, 9.393783943954794, 1.9477732690873655, 16.36622816591627, 3.3703248183831827, 0.0, 11.055212629645048, 13.63739873660933, 6.146052153396732, 5.417206962702393, 14.536756074838474, 14.536756074838474, 14.536756074838474, 14.536756074838474, 14.536756074838474, 14.536756074838474, 14.536756074838474, 14.536756074838474, 14.536756074838474, 14.536756074838474, 14.536756074838474, 14.536756074838474, 14.536756074838474, 14.536756074838474, 14.536756074838474, 15.082935364376057, 13.98258843153008, 13.535217880287524, 1.2630945714237805, 13.272981955259873, 14.832199910488622, 12.572653005958871, 7.708350333328233, 8.645493152878597, 9.508583841263736, 13.50831712958543, 11.874895684360636, 4.579004877694225, 15.644357580035331, 15.082935364376057, 15.644357580035331, 13.50831712958543, 8.645493152878597, 11.874895684360636, 14.832199910488622, 11.678226304400509, 5.940899138828611, 8.999582941457255, 11.510785770455495, 4.303313993777009, 14.009921825742067, 9.393783943954794, 1.9477732690873655, 16.36622816591627, 3.3703248183831827, 0.0, 11.055212629645048, 13.63739873660933, 6.146052153396732, 5.417206962702393, 14.536756074838474, 14.536756074838474, 14.536756074838474, 14.536756074838474, 14.536756074838474, 14.536756074838474, 14.536756074838474, 14.536756074838474, 14.536756074838474, 14.536756074838474, 14.536756074838474, 14.536756074838474, 14.536756074838474, 14.536756074838474, 14.536756074838474], [2.674664190983144, 11.1170658253319, 9.817157746326155, 8.615636991804717, 7.29619983740278, 6.347518258445423, 17.067338718325047, 12.745411866668396, 24.13647182666122, 7.733615268408981, 11.055212629645048, 0.0, 21.91748448080747, 5.880120934728605, 9.788283931316247, 24.894487697636542, 24.894487697636542, 24.894487697636542, 24.894487697636542, 24.894487697636542, 24.894487697636542, 24.894487697636542, 24.894487697636542, 24.894487697636542, 24.894487697636542, 24.894487697636542, 24.894487697636542, 24.894487697636542, 24.894487697636542, 24.894487697636542, 20.046317967783242, 14.736394386140002, 15.493484505562602, 12.002304460327887, 23.587190419606237, 18.290796679806228, 8.492912917021354, 13.096006552616085, 3.9204648031534646, 7.417074210234319, 21.684813775498444, 7.444936128385081, 9.56055851689071, 10.029625373099682, 20.046317967783242, 10.029625373099682, 21.684813775498444, 3.9204648031534646, 7.444936128385081, 18.290796679806228, 2.674664190983144, 11.1170658253319, 9.817157746326155, 8.615636991804717, 7.29619983740278, 6.347518258445423, 17.067338718325047, 12.745411866668396, 24.13647182666122, 7.733615268408981, 11.055212629645048, 0.0, 21.91748448080747, 5.880120934728605, 9.788283931316247, 24.894487697636542, 24.894487697636542, 24.894487697636542, 24.894487697636542, 24.894487697636542, 24.894487697636542, 24.894487697636542, 24.894487697636542, 24.894487697636542, 24.894487697636542, 24.894487697636542, 24.894487697636542, 24.894487697636542, 24.894487697636542, 24.894487697636542], [20.9764399386759, 19.33073391051544, 22.63242489530316, 25.046511618991026, 17.434974940315925, 20.98267534963402, 4.850895245083736, 13.688011395326628, 2.8170903659642943, 15.447033752364478, 13.63739873660933, 21.91748448080747, 0.0, 16.096928120184035, 19.025016047231745, 18.542547706117514, 18.542547706117514, 18.542547706117514, 18.542547706117514, 18.542547706117514, 18.542547706117514, 18.542547706117514, 18.542547706117514, 18.542547706117514, 18.542547706117514, 18.542547706117514, 18.542547706117514, 18.542547706117514, 18.542547706117514, 18.542547706117514, 6.571078463956614, 12.501140392234419, 10.930814489698866, 12.402856947634598, 17.94825325240035, 8.90803395502305, 26.024194259016088, 20.611273868843185, 21.19194565166041, 15.701077872944252, 0.30421214279787495, 17.63094229939903, 18.207793074862167, 19.87171232983691, 6.571078463956614, 19.87171232983691, 0.30421214279787495, 21.19194565166041, 17.63094229939903, 8.90803395502305, 20.9764399386759, 19.33073391051544, 22.63242489530316, 25.046511618991026, 17.434974940315925, 20.98267534963402, 4.850895245083736, 13.688011395326628, 2.8170903659642943, 15.447033752364478, 13.63739873660933, 21.91748448080747, 0.0, 16.096928120184035, 19.025016047231745, 18.542547706117514, 18.542547706117514, 18.542547706117514, 18.542547706117514, 18.542547706117514, 18.542547706117514, 18.542547706117514, 18.542547706117514, 18.542547706117514, 18.542547706117514, 18.542547706117514, 18.542547706117514, 18.542547706117514, 18.542547706117514, 18.542547706117514], [5.707326967481129, 9.100851884539344, 9.99422876338445, 10.77386293377285, 4.404085797247859, 7.883618974783691, 11.248939382328757, 8.073190600447214, 18.406733525197758, 3.0040978841417787, 6.146052153396732, 5.880120934728605, 16.096928120184035, 0.0, 7.823360572126922, 20.669920248909953, 20.669920248909953, 20.669920248909953, 20.669920248909953, 20.669920248909953, 20.669920248909953, 20.669920248909953, 20.669920248909953, 20.669920248909953, 20.669920248909953, 20.669920248909953, 20.669920248909953, 20.669920248909953, 20.669920248909953, 20.669920248909953, 14.883467519772454, 10.913776004562381, 11.176946184661542, 6.755508557008836, 19.39728335135038, 13.55219013223466, 11.334865743649635, 11.331863173739787, 5.667995324641841, 4.187569929678574, 15.873599331956873, 6.149427086622712, 7.127098494449453, 9.930534249530888, 14.883467519772454, 9.930534249530888, 15.873599331956873, 5.667995324641841, 6.149427086622712, 13.55219013223466, 5.707326967481129, 9.100851884539344, 9.99422876338445, 10.77386293377285, 4.404085797247859, 7.883618974783691, 11.248939382328757, 8.073190600447214, 18.406733525197758, 3.0040978841417787, 6.146052153396732, 5.880120934728605, 16.096928120184035, 0.0, 7.823360572126922, 20.669920248909953, 20.669920248909953, 20.669920248909953, 20.669920248909953, 20.669920248909953, 20.669920248909953, 20.669920248909953, 20.669920248909953, 20.669920248909953, 20.669920248909953, 20.669920248909953, 20.669920248909953, 20.669920248909953, 20.669920248909953, 20.669920248909953], [11.569002021252418, 1.3665723958316403, 3.6284533085626136, 6.546375123780789, 3.4203424065327437, 14.87437620045915, 14.79874671641111, 5.611751853711561, 21.771452701082247, 5.3345183446318725, 5.417206962702393, 9.788283931316247, 19.025016047231745, 7.823360572126922, 0.0, 15.572575116646064, 15.572575116646064, 15.572575116646064, 15.572575116646064, 15.572575116646064, 15.572575116646064, 15.572575116646064, 15.572575116646064, 15.572575116646064, 15.572575116646064, 15.572575116646064, 15.572575116646064, 15.572575116646064, 15.572575116646064, 15.572575116646064, 20.287613234681718, 18.130310703909473, 18.00816120964264, 6.6259408526315156, 14.271416052825936, 19.742901287028438, 7.748104864085007, 3.559288828855104, 6.064459177008991, 12.00613954179919, 18.904908651146616, 13.876648940074428, 0.8783170164149712, 17.579507292565545, 20.287613234681718, 17.579507292565545, 18.904908651146616, 6.064459177008991, 13.876648940074428, 19.742901287028438, 11.569002021252418, 1.3665723958316403, 3.6284533085626136, 6.546375123780789, 3.4203424065327437, 14.87437620045915, 14.79874671641111, 5.611751853711561, 21.771452701082247, 5.3345183446318725, 5.417206962702393, 9.788283931316247, 19.025016047231745, 7.823360572126922, 0.0, 15.572575116646064, 15.572575116646064, 15.572575116646064, 15.572575116646064, 15.572575116646064, 15.572575116646064, 15.572575116646064, 15.572575116646064, 15.572575116646064, 15.572575116646064, 15.572575116646064, 15.572575116646064, 15.572575116646064, 15.572575116646064, 15.572575116646064], [26.023940724063177, 14.504882113506602, 17.802786880735788, 21.160348392434212, 17.6046795136807, 28.545629211064625, 17.871998031404367, 12.598057275405603, 20.90802526674284, 17.75851731528167, 14.536756074838474, 24.894487697636542, 18.542547706117514, 20.669920248909953, 15.572575116646064, 0.0, 0.0, 0.0, 0.0, 0.0, 0.0, 0.0, 0.0, 0.0, 0.0, 0.0, 0.0, 0.0, 0.0, 0.0, 23.976495854995537, 26.448584645369344, 25.413062274992562, 14.167772654032529, 1.3088746288021758, 25.22842698408741, 22.42455020394382, 13.445715758944832, 21.516343108448446, 23.8649685326508, 18.674493382823037, 26.29973299961875, 15.519353213657904, 30.0, 23.976495854995537, 30.0, 18.674493382823037, 21.516343108448446, 26.29973299961875, 25.22842698408741, 26.023940724063177, 14.504882113506602, 17.802786880735788, 21.160348392434212, 17.6046795136807, 28.545629211064625, 17.871998031404367, 12.598057275405603, 20.90802526674284, 17.75851731528167, 14.536756074838474, 24.894487697636542, 18.542547706117514, 20.669920248909953, 15.572575116646064, 0.0, 0.0, 0.0, 0.0, 0.0, 0.0, 0.0, 0.0, 0.0, 0.0, 0.0, 0.0, 0.0, 0.0, 0.0], [26.023940724063177, 14.504882113506602, 17.802786880735788, 21.160348392434212, 17.6046795136807, 28.545629211064625, 17.871998031404367, 12.598057275405603, 20.90802526674284, 17.75851731528167, 14.536756074838474, 24.894487697636542, 18.542547706117514, 20.669920248909953, 15.572575116646064, 0.0, 0.0, 0.0, 0.0, 0.0, 0.0, 0.0, 0.0, 0.0, 0.0, 0.0, 0.0, 0.0, 0.0, 0.0, 23.976495854995537, 26.448584645369344, 25.413062274992562, 14.167772654032529, 1.3088746288021758, 25.22842698408741, 22.42455020394382, 13.445715758944832, 21.516343108448446, 23.8649685326508, 18.674493382823037, 26.29973299961875, 15.519353213657904, 30.0, 23.976495854995537, 30.0, 18.674493382823037, 21.516343108448446, 26.29973299961875, 25.22842698408741, 26.023940724063177, 14.504882113506602, 17.802786880735788, 21.160348392434212, 17.6046795136807, 28.545629211064625, 17.871998031404367, 12.598057275405603, 20.90802526674284, 17.75851731528167, 14.536756074838474, 24.894487697636542, 18.542547706117514, 20.669920248909953, 15.572575116646064, 0.0, 0.0, 0.0, 0.0, 0.0, 0.0, 0.0, 0.0, 0.0, 0.0, 0.0, 0.0, 0.0, 0.0, 0.0], [26.023940724063177, 14.504882113506602, 17.802786880735788, 21.160348392434212, 17.6046795136807, 28.545629211064625, 17.871998031404367, 12.598057275405603, 20.90802526674284, 17.75851731528167, 14.536756074838474, 24.894487697636542, 18.542547706117514, 20.669920248909953, 15.572575116646064, 0.0, 0.0, 0.0, 0.0, 0.0, 0.0, 0.0, 0.0, 0.0, 0.0, 0.0, 0.0, 0.0, 0.0, 0.0, 23.976495854995537, 26.448584645369344, 25.413062274992562, 14.167772654032529, 1.3088746288021758, 25.22842698408741, 22.42455020394382, 13.445715758944832, 21.516343108448446, 23.8649685326508, 18.674493382823037, 26.29973299961875, 15.519353213657904, 30.0, 23.976495854995537, 30.0, 18.674493382823037, 21.516343108448446, 26.29973299961875, 25.22842698408741, 26.023940724063177, 14.504882113506602, 17.802786880735788, 21.160348392434212, 17.6046795136807, 28.545629211064625, 17.871998031404367, 12.598057275405603, 20.90802526674284, 17.75851731528167, 14.536756074838474, 24.894487697636542, 18.542547706117514, 20.669920248909953, 15.572575116646064, 0.0, 0.0, 0.0, 0.0, 0.0, 0.0, 0.0, 0.0, 0.0, 0.0, 0.0, 0.0, 0.0, 0.0, 0.0], [26.023940724063177, 14.504882113506602, 17.802786880735788, 21.160348392434212, 17.6046795136807, 28.545629211064625, 17.871998031404367, 12.598057275405603, 20.90802526674284, 17.75851731528167, 14.536756074838474, 24.894487697636542, 18.542547706117514, 20.669920248909953, 15.572575116646064, 0.0, 0.0, 0.0, 0.0, 0.0, 0.0, 0.0, 0.0, 0.0, 0.0, 0.0, 0.0, 0.0, 0.0, 0.0, 23.976495854995537, 26.448584645369344, 25.413062274992562, 14.167772654032529, 1.3088746288021758, 25.22842698408741, 22.42455020394382, 13.445715758944832, 21.516343108448446, 23.8649685326508, 18.674493382823037, 26.29973299961875, 15.519353213657904, 30.0, 23.976495854995537, 30.0, 18.674493382823037, 21.516343108448446, 26.29973299961875, 25.22842698408741, 26.023940724063177, 14.504882113506602, 17.802786880735788, 21.160348392434212, 17.6046795136807, 28.545629211064625, 17.871998031404367, 12.598057275405603, 20.90802526674284, 17.75851731528167, 14.536756074838474, 24.894487697636542, 18.542547706117514, 20.669920248909953, 15.572575116646064, 0.0, 0.0, 0.0, 0.0, 0.0, 0.0, 0.0, 0.0, 0.0, 0.0, 0.0, 0.0, 0.0, 0.0, 0.0], [26.023940724063177, 14.504882113506602, 17.802786880735788, 21.160348392434212, 17.6046795136807, 28.545629211064625, 17.871998031404367, 12.598057275405603, 20.90802526674284, 17.75851731528167, 14.536756074838474, 24.894487697636542, 18.542547706117514, 20.669920248909953, 15.572575116646064, 0.0, 0.0, 0.0, 0.0, 0.0, 0.0, 0.0, 0.0, 0.0, 0.0, 0.0, 0.0, 0.0, 0.0, 0.0, 23.976495854995537, 26.448584645369344, 25.413062274992562, 14.167772654032529, 1.3088746288021758, 25.22842698408741, 22.42455020394382, 13.445715758944832, 21.516343108448446, 23.8649685326508, 18.674493382823037, 26.29973299961875, 15.519353213657904, 30.0, 23.976495854995537, 30.0, 18.674493382823037, 21.516343108448446, 26.29973299961875, 25.22842698408741, 26.023940724063177, 14.504882113506602, 17.802786880735788, 21.160348392434212, 17.6046795136807, 28.545629211064625, 17.871998031404367, 12.598057275405603, 20.90802526674284, 17.75851731528167, 14.536756074838474, 24.894487697636542, 18.542547706117514, 20.669920248909953, 15.572575116646064, 0.0, 0.0, 0.0, 0.0, 0.0, 0.0, 0.0, 0.0, 0.0, 0.0, 0.0, 0.0, 0.0, 0.0, 0.0], [26.023940724063177, 14.504882113506602, 17.802786880735788, 21.160348392434212, 17.6046795136807, 28.545629211064625, 17.871998031404367, 12.598057275405603, 20.90802526674284, 17.75851731528167, 14.536756074838474, 24.894487697636542, 18.542547706117514, 20.669920248909953, 15.572575116646064, 0.0, 0.0, 0.0, 0.0, 0.0, 0.0, 0.0, 0.0, 0.0, 0.0, 0.0, 0.0, 0.0, 0.0, 0.0, 23.976495854995537, 26.448584645369344, 25.413062274992562, 14.167772654032529, 1.3088746288021758, 25.22842698408741, 22.42455020394382, 13.445715758944832, 21.516343108448446, 23.8649685326508, 18.674493382823037, 26.29973299961875, 15.519353213657904, 30.0, 23.976495854995537, 30.0, 18.674493382823037, 21.516343108448446, 26.29973299961875, 25.22842698408741, 26.023940724063177, 14.504882113506602, 17.802786880735788, 21.160348392434212, 17.6046795136807, 28.545629211064625, 17.871998031404367, 12.598057275405603, 20.90802526674284, 17.75851731528167, 14.536756074838474, 24.894487697636542, 18.542547706117514, 20.669920248909953, 15.572575116646064, 0.0, 0.0, 0.0, 0.0, 0.0, 0.0, 0.0, 0.0, 0.0, 0.0, 0.0, 0.0, 0.0, 0.0, 0.0], [26.023940724063177, 14.504882113506602, 17.802786880735788, 21.160348392434212, 17.6046795136807, 28.545629211064625, 17.871998031404367, 12.598057275405603, 20.90802526674284, 17.75851731528167, 14.536756074838474, 24.894487697636542, 18.542547706117514, 20.669920248909953, 15.572575116646064, 0.0, 0.0, 0.0, 0.0, 0.0, 0.0, 0.0, 0.0, 0.0, 0.0, 0.0, 0.0, 0.0, 0.0, 0.0, 23.976495854995537, 26.448584645369344, 25.413062274992562, 14.167772654032529, 1.3088746288021758, 25.22842698408741, 22.42455020394382, 13.445715758944832, 21.516343108448446, 23.8649685326508, 18.674493382823037, 26.29973299961875, 15.519353213657904, 30.0, 23.976495854995537, 30.0, 18.674493382823037, 21.516343108448446, 26.29973299961875, 25.22842698408741, 26.023940724063177, 14.504882113506602, 17.802786880735788, 21.160348392434212, 17.6046795136807, 28.545629211064625, 17.871998031404367, 12.598057275405603, 20.90802526674284, 17.75851731528167, 14.536756074838474, 24.894487697636542, 18.542547706117514, 20.669920248909953, 15.572575116646064, 0.0, 0.0, 0.0, 0.0, 0.0, 0.0, 0.0, 0.0, 0.0, 0.0, 0.0, 0.0, 0.0, 0.0, 0.0], [26.023940724063177, 14.504882113506602, 17.802786880735788, 21.160348392434212, 17.6046795136807, 28.545629211064625, 17.871998031404367, 12.598057275405603, 20.90802526674284, 17.75851731528167, 14.536756074838474, 24.894487697636542, 18.542547706117514, 20.669920248909953, 15.572575116646064, 0.0, 0.0, 0.0, 0.0, 0.0, 0.0, 0.0, 0.0, 0.0, 0.0, 0.0, 0.0, 0.0, 0.0, 0.0, 23.976495854995537, 26.448584645369344, 25.413062274992562, 14.167772654032529, 1.3088746288021758, 25.22842698408741, 22.42455020394382, 13.445715758944832, 21.516343108448446, 23.8649685326508, 18.674493382823037, 26.29973299961875, 15.519353213657904, 30.0, 23.976495854995537, 30.0, 18.674493382823037, 21.516343108448446, 26.29973299961875, 25.22842698408741, 26.023940724063177, 14.504882113506602, 17.802786880735788, 21.160348392434212, 17.6046795136807, 28.545629211064625, 17.871998031404367, 12.598057275405603, 20.90802526674284, 17.75851731528167, 14.536756074838474, 24.894487697636542, 18.542547706117514, 20.669920248909953, 15.572575116646064, 0.0, 0.0, 0.0, 0.0, 0.0, 0.0, 0.0, 0.0, 0.0, 0.0, 0.0, 0.0, 0.0, 0.0, 0.0], [26.023940724063177, 14.504882113506602, 17.802786880735788, 21.160348392434212, 17.6046795136807, 28.545629211064625, 17.871998031404367, 12.598057275405603, 20.90802526674284, 17.75851731528167, 14.536756074838474, 24.894487697636542, 18.542547706117514, 20.669920248909953, 15.572575116646064, 0.0, 0.0, 0.0, 0.0, 0.0, 0.0, 0.0, 0.0, 0.0, 0.0, 0.0, 0.0, 0.0, 0.0, 0.0, 23.976495854995537, 26.448584645369344, 25.413062274992562, 14.167772654032529, 1.3088746288021758, 25.22842698408741, 22.42455020394382, 13.445715758944832, 21.516343108448446, 23.8649685326508, 18.674493382823037, 26.29973299961875, 15.519353213657904, 30.0, 23.976495854995537, 30.0, 18.674493382823037, 21.516343108448446, 26.29973299961875, 25.22842698408741, 26.023940724063177, 14.504882113506602, 17.802786880735788, 21.160348392434212, 17.6046795136807, 28.545629211064625, 17.871998031404367, 12.598057275405603, 20.90802526674284, 17.75851731528167, 14.536756074838474, 24.894487697636542, 18.542547706117514, 20.669920248909953, 15.572575116646064, 0.0, 0.0, 0.0, 0.0, 0.0, 0.0, 0.0, 0.0, 0.0, 0.0, 0.0, 0.0, 0.0, 0.0, 0.0], [26.023940724063177, 14.504882113506602, 17.802786880735788, 21.160348392434212, 17.6046795136807, 28.545629211064625, 17.871998031404367, 12.598057275405603, 20.90802526674284, 17.75851731528167, 14.536756074838474, 24.894487697636542, 18.542547706117514, 20.669920248909953, 15.572575116646064, 0.0, 0.0, 0.0, 0.0, 0.0, 0.0, 0.0, 0.0, 0.0, 0.0, 0.0, 0.0, 0.0, 0.0, 0.0, 23.976495854995537, 26.448584645369344, 25.413062274992562, 14.167772654032529, 1.3088746288021758, 25.22842698408741, 22.42455020394382, 13.445715758944832, 21.516343108448446, 23.8649685326508, 18.674493382823037, 26.29973299961875, 15.519353213657904, 30.0, 23.976495854995537, 30.0, 18.674493382823037, 21.516343108448446, 26.29973299961875, 25.22842698408741, 26.023940724063177, 14.504882113506602, 17.802786880735788, 21.160348392434212, 17.6046795136807, 28.545629211064625, 17.871998031404367, 12.598057275405603, 20.90802526674284, 17.75851731528167, 14.536756074838474, 24.894487697636542, 18.542547706117514, 20.669920248909953, 15.572575116646064, 0.0, 0.0, 0.0, 0.0, 0.0, 0.0, 0.0, 0.0, 0.0, 0.0, 0.0, 0.0, 0.0, 0.0, 0.0], [26.023940724063177, 14.504882113506602, 17.802786880735788, 21.160348392434212, 17.6046795136807, 28.545629211064625, 17.871998031404367, 12.598057275405603, 20.90802526674284, 17.75851731528167, 14.536756074838474, 24.894487697636542, 18.542547706117514, 20.669920248909953, 15.572575116646064, 0.0, 0.0, 0.0, 0.0, 0.0, 0.0, 0.0, 0.0, 0.0, 0.0, 0.0, 0.0, 0.0, 0.0, 0.0, 23.976495854995537, 26.448584645369344, 25.413062274992562, 14.167772654032529, 1.3088746288021758, 25.22842698408741, 22.42455020394382, 13.445715758944832, 21.516343108448446, 23.8649685326508, 18.674493382823037, 26.29973299961875, 15.519353213657904, 30.0, 23.976495854995537, 30.0, 18.674493382823037, 21.516343108448446, 26.29973299961875, 25.22842698408741, 26.023940724063177, 14.504882113506602, 17.802786880735788, 21.160348392434212, 17.6046795136807, 28.545629211064625, 17.871998031404367, 12.598057275405603, 20.90802526674284, 17.75851731528167, 14.536756074838474, 24.894487697636542, 18.542547706117514, 20.669920248909953, 15.572575116646064, 0.0, 0.0, 0.0, 0.0, 0.0, 0.0, 0.0, 0.0, 0.0, 0.0, 0.0, 0.0, 0.0, 0.0, 0.0], [26.023940724063177, 14.504882113506602, 17.802786880735788, 21.160348392434212, 17.6046795136807, 28.545629211064625, 17.871998031404367, 12.598057275405603, 20.90802526674284, 17.75851731528167, 14.536756074838474, 24.894487697636542, 18.542547706117514, 20.669920248909953, 15.572575116646064, 0.0, 0.0, 0.0, 0.0, 0.0, 0.0, 0.0, 0.0, 0.0, 0.0, 0.0, 0.0, 0.0, 0.0, 0.0, 23.976495854995537, 26.448584645369344, 25.413062274992562, 14.167772654032529, 1.3088746288021758, 25.22842698408741, 22.42455020394382, 13.445715758944832, 21.516343108448446, 23.8649685326508, 18.674493382823037, 26.29973299961875, 15.519353213657904, 30.0, 23.976495854995537, 30.0, 18.674493382823037, 21.516343108448446, 26.29973299961875, 25.22842698408741, 26.023940724063177, 14.504882113506602, 17.802786880735788, 21.160348392434212, 17.6046795136807, 28.545629211064625, 17.871998031404367, 12.598057275405603, 20.90802526674284, 17.75851731528167, 14.536756074838474, 24.894487697636542, 18.542547706117514, 20.669920248909953, 15.572575116646064, 0.0, 0.0, 0.0, 0.0, 0.0, 0.0, 0.0, 0.0, 0.0, 0.0, 0.0, 0.0, 0.0, 0.0, 0.0], [26.023940724063177, 14.504882113506602, 17.802786880735788, 21.160348392434212, 17.6046795136807, 28.545629211064625, 17.871998031404367, 12.598057275405603, 20.90802526674284, 17.75851731528167, 14.536756074838474, 24.894487697636542, 18.542547706117514, 20.669920248909953, 15.572575116646064, 0.0, 0.0, 0.0, 0.0, 0.0, 0.0, 0.0, 0.0, 0.0, 0.0, 0.0, 