M = 99999999.0;
numWorkers = 30;
numRoles = 5;
numNodes = 80;
wStart = [180, 60, 120, 240, 90, 30, 0, 0, 60, 150, 60, 60, 420, 30, 60, 0, 0, 0, 0, 0, 0, 0, 0, 0, 0, 0, 0, 0, 0, 0, 210, 90, 120, 180, 60, 60, 270, 150, 30, 330, 60, 210, 90, 60, 300, 210, 90, 120, 30, 150, 480, 330, 360, 450, 420, 60, 180, 450, 420, 180, 270, 150, 480, 300, 300, 480, 480, 480, 480, 480, 480, 480, 480, 480, 480, 480, 480, 480, 480, 480];
wEnd = [180, 60, 120, 240, 90, 30, 0, 0, 60, 150, 60, 60, 420, 30, 60, 0, 0, 0, 0, 0, 0, 0, 0, 0, 0, 0, 0, 0, 0, 0, 330, 300, 420, 420, 450, 150, 300, 270, 300, 420, 300, 330, 450, 270, 390, 420, 450, 300, 270, 450, 480, 330, 360, 450, 420, 60, 180, 450, 420, 180, 270, 150, 480, 300, 300, 480, 480, 480, 480, 480, 480, 480, 480, 480, 480, 480, 480, 480, 480, 480];
p = [0, 0, 0, 0, 0, 0, 0, 0, 0, 0, 0, 0, 0, 0, 0, 0, 0, 0, 0, 0, 0, 0, 0, 0, 0, 0, 0, 0, 0, 0, 50.4631672580346, 23.77819235586864, 17.896366151968998, 71.0866639254659, 16.61389796148295, 31.750078143464158, 31.37091917168901, 19.500598597607652, 52.74136728884923, 20.709839503359053, 72.88057575199659, 28.04720124179012, 33.68900009580231, 45.65741631510629, 44.33553200453997, 36.782782886056815, 19.71395351835784, 53.41484022655754, 63.99755728070181, 32.73796839643827, 0, 0, 0, 0, 0, 0, 0, 0, 0, 0, 0, 0, 0, 0, 0, 0, 0, 0, 0, 0, 0, 0, 0, 0, 0, 0, 0, 0, 0, 0];
e = [[1, 1, 0, 0, 0], [1, 0, 1, 0, 0], [1, 0, 1, 0, 0], [0, 1, 1, 0, 0], [1, 0, 0, 0, 1], [0, 1, 0, 0, 0], [1, 1, 0, 0, 0], [0, 0, 1, 0, 0], [0, 0, 0, 0, 1], [1, 0, 0, 0, 0], [0, 1, 0, 0, 0], [0, 1, 0, 0, 0], [0, 0, 0, 1, 0], [1, 0, 0, 0, 0], [0, 0, 1, 0, 0], [0, 0, 0, 0, 1], [0, 0, 0, 0, 1], [0, 1, 0, 0, 0], [0, 0, 0, 1, 0], [0, 1, 0, 0, 0], [0, 0, 0, 0, 1], [0, 0, 0, 1, 0], [0, 0, 0, 1, 0], [0, 0, 1, 0, 0], [1, 0, 0, 0, 0], [0, 0, 0, 0, 1], [1, 0, 0, 0, 0], [0, 1, 0, 0, 0], [0, 0, 0, 1, 0], [0, 0, 0, 1, 0]];
d = [[2, 2, 2, 0, 2, 1, 0, 0, 0, 1, 1, 1, 2, 1, 1, 1, 1, 0, 2, 0], [0, 0, 0, 2, 0, 1, 2, 2, 2, 1, 1, 1, 0, 1, 1, 1, 1, 0, 0, 0], [0, 0, 0, 0, 0, 3, 0, 0, 0, 2, 3, 2, 0, 3, 3, 2, 2, 3, 0, 3], [2, 2, 2, 0, 2, 0, 0, 0, 0, 0, 0, 0, 2, 0, 0, 0, 0, 1, 2, 1], [0, 0, 0, 1, 0, 0, 1, 1, 1, 1, 0, 1, 0, 0, 0, 1, 1, 1, 0, 1]];
r = [1441, 4786, 3576, 563, 3955, 877, 4006, 196, 4709, 3489, 3371, 3901, 4461, 3572, 4630, 3864, 3968, 3071, 1469, 2530];
g = [[0, 0, 0, 0, 0, 0, 0, 0, 0, 0, 0, 0, 0, 0, 0, 0, 0, 0, 0, 0], [0, 0, 0, 0, 0, 0, 0, 0, 0, 0, 0, 0, 0, 0, 0, 0, 0, 0, 0, 0], [0, 0, 0, 0, 0, 0, 0, 0, 0, 0, 0, 0, 0, 0, 0, 0, 0, 0, 0, 0], [0, 0, 0, 0, 0, 0, 0, 0, 0, 0, 0, 0, 0, 0, 0, 0, 0, 0, 0, 0], [0, 0, 0, 0, 0, 0, 0, 0, 0, 0, 0, 0, 0, 0, 0, 0, 0, 0, 0, 0], [0, 0, 0, 0, 0, 0, 0, 0, 0, 0, 0, 0, 0, 0, 0, 0, 0, 0, 0, 0], [0, 0, 0, 0, 0, 0, 0, 0, 0, 0, 0, 0, 0, 0, 0, 0, 0, 0, 0, 0], [0, 0, 0, 0, 0, 0, 0, 0, 0, 0, 0, 0, 0, 0, 0, 0, 0, 0, 0, 0], [0, 0, 0, 0, 0, 0, 0, 0, 0, 0, 0, 0, 0, 0, 0, 0, 0, 0, 0, 0], [0, 0, 0, 0, 0, 0, 0, 0, 0, 0, 0, 0, 0, 0, 0, 0, 0, 0, 0, 0], [0, 0, 0, 0, 0, 0, 0, 0, 0, 0, 0, 0, 0, 0, 0, 0, 0, 0, 0, 0], [0, 0, 0, 0, 0, 0, 0, 0, 0, 0, 0, 0, 0, 0, 0, 0, 0, 0, 0, 0], [0, 0, 0, 0, 0, 0, 0, 0, 0, 0, 0, 0, 0, 0, 0, 0, 0, 0, 0, 0], [0, 0, 0, 0, 0, 0, 0, 0, 0, 0, 0, 0, 0, 0, 0, 0, 0, 0, 0, 0], [0, 0, 0, 0, 0, 0, 0, 0, 0, 0, 0, 0, 0, 0, 0, 0, 0, 0, 0, 0], [0, 0, 0, 0, 0, 0, 0, 0, 0, 0, 0, 0, 0, 0, 0, 0, 0, 0, 0, 0], [0, 0, 0, 0, 0, 0, 0, 0, 0, 0, 0, 0, 0, 0, 0, 0, 0, 0, 0, 0], [0, 0, 0, 0, 0, 0, 0, 0, 0, 0, 0, 0, 0, 0, 0, 0, 0, 0, 0, 0], [0, 0, 0, 0, 0, 0, 0, 0, 0, 0, 0, 0, 0, 0, 0, 0, 0, 0, 0, 0], [0, 0, 0, 0, 0, 0, 0, 0, 0, 0, 0, 0, 0, 0, 0, 0, 0, 0, 0, 0]];
t = [[0.0, 34.92009931803191, 48.31566277721957, 22.844521551978698, 45.0144758801234, 37.74444436421232, 35.62849358800884, 18.75038075892736, 24.724410401069452, 49.09993071036414, 21.804498413900465, 29.006790907972754, 38.880512038323424, 31.57808924066617, 27.94764728882325, 26.453489319217507, 26.453489319217507, 26.453489319217507, 26.453489319217507, 26.453489319217507, 26.453489319217507, 26.453489319217507, 26.453489319217507, 26.453489319217507, 26.453489319217507, 26.453489319217507, 26.453489319217507, 26.453489319217507, 26.453489319217507, 26.453489319217507, 34.3056884523407, 31.38378750343834, 7.016128502286107, 30.020298154262065, 9.464013019860452, 34.349971873709585, 29.20956669034164, 1.925706922711593, 42.074702612171784, 13.503478393011285, 37.46610984832695, 44.07021902770593, 25.21603161241473, 32.377876597348106, 30.36206603020551, 29.43418980971547, 11.14754675780254, 6.870595359783033, 44.916336068241016, 43.201333195592184, 0.0, 34.92009931803191, 48.31566277721957, 22.844521551978698, 45.0144758801234, 37.74444436421232, 35.62849358800884, 18.75038075892736, 24.724410401069452, 49.09993071036414, 21.804498413900465, 29.006790907972754, 38.880512038323424, 31.57808924066617, 27.94764728882325, 26.453489319217507, 26.453489319217507, 26.453489319217507, 26.453489319217507, 26.453489319217507, 26.453489319217507, 26.453489319217507, 26.453489319217507, 26.453489319217507, 26.453489319217507, 26.453489319217507, 26.453489319217507, 26.453489319217507, 26.453489319217507, 26.453489319217507], [34.92009931803191, 0.0, 28.66058633337566, 24.607286261115636, 30.54511568985253, 9.11061241344674, 27.89961726102284, 16.322219953747762, 18.52846146628184, 27.614108278376428, 28.375627294872487, 50.37496738472821, 39.914235415764466, 45.971576175263415, 7.113184927804365, 48.06520691499331, 48.06520691499331, 48.06520691499331, 48.06520691499331, 48.06520691499331, 48.06520691499331, 48.06520691499331, 48.06520691499331, 48.06520691499331, 48.06520691499331, 48.06520691499331, 48.06520691499331, 48.06520691499331, 48.06520691499331, 48.06520691499331, 16.202282368789866, 32.231235283038416, 37.85889371386629, 36.03122059340977, 40.489796692447264, 19.36035585149486, 38.70035160794629, 36.011572903821865, 32.66259100394537, 21.93703899436602, 20.71668414792808, 33.68797822382684, 23.18273320030356, 46.75119980669541, 19.77488586263111, 46.455057080088245, 45.56221160830732, 34.99438411926029, 35.098188278079654, 17.674930356500052, 34.92009931803191, 0.0, 28.66058633337566, 24.607286261115636, 30.54511568985253, 9.11061241344674, 27.89961726102284, 16.322219953747762, 18.52846146628184, 27.614108278376428, 28.375627294872487, 50.37496738472821, 39.914235415764466, 45.971576175263415, 7.113184927804365, 48.06520691499331, 48.06520691499331, 48.06520691499331, 48.06520691499331, 48.06520691499331, 48.06520691499331, 48.06520691499331, 48.06520691499331, 48.06520691499331, 48.06520691499331, 48.06520691499331, 48.06520691499331, 48.06520691499331, 48.06520691499331, 48.06520691499331], [48.31566277721957, 28.66058633337566, 0.0, 25.963127799453222, 6.379100310709435, 19.56416200424295, 14.840664304123333, 33.64480669211387, 23.815041283837218, 2.4065623162180474, 28.454661965760952, 45.95113870987129, 23.86436800662165, 37.780866043433456, 29.316874534670237, 44.79245703155832, 44.79245703155832, 44.79245703155832, 44.79245703155832, 44.79245703155832, 44.79245703155832, 44.79245703155832, 44.79245703155832, 44.79245703155832, 44.79245703155832, 44.79245703155832, 44.79245703155832, 44.79245703155832, 44.79245703155832, 44.79245703155832, 15.361685392747404, 22.50511864988948, 46.83389817923205, 27.35811861736655, 48.26427954285271, 47.865198617097015, 30.893552905921304, 48.26350745236498, 12.098224951767502, 40.64354354705133, 11.062092439338759, 11.193328612906148, 49.419307708161384, 38.15921761462688, 17.983715318348544, 40.17258789050437, 59.10835021265015, 44.118746285651156, 12.117324547211402, 11.3523773309917, 48.31566277721957, 28.66058633337566, 0.0, 25.963127799453222, 6.379100310709435, 19.56416200424295, 14.840664304123333, 33.64480669211387, 23.815041283837218, 2.4065623162180474, 28.454661965760952, 45.95113870987129, 23.86436800662165, 37.780866043433456, 29.316874534670237, 44.79245703155832, 44.79245703155832, 44.79245703155832, 44.79245703155832, 44.79245703155832, 44.79245703155832, 44.79245703155832, 44.79245703155832, 44.79245703155832, 44.79245703155832, 44.79245703155832, 44.79245703155832, 44.79245703155832, 44.79245703155832, 44.79245703155832], [22.844521551978698, 24.607286261115636, 25.963127799453222, 0.0, 22.19745563196525, 21.608597681507746, 12.821323728307515, 14.61557489040166, 6.12345127456371, 27.07949020951707, 3.8918924194767914, 26.090443669566465, 19.257752198452433, 21.42015101027362, 18.827373730682048, 23.96197801679362, 23.96197801679362, 23.96197801679362, 23.96197801679362, 23.96197801679362, 23.96197801679362, 23.96197801679362, 23.96197801679362, 23.96197801679362, 23.96197801679362, 23.96197801679362, 23.96197801679362, 23.96197801679362, 23.96197801679362, 23.96197801679362, 14.296764108763346, 10.543765935596427, 20.8743290384811, 12.41022577480344, 22.41254439987972, 36.746741811697, 14.424165197829915, 22.54381926832918, 19.38473991140834, 19.22855279898055, 15.770059797682181, 21.352897591229226, 32.87480735692419, 22.22000954589487, 8.866220061729278, 21.863492493050845, 33.29675496467023, 18.163048820846793, 22.297196660183943, 23.467827949692392, 22.844521551978698, 24.607286261115636, 25.963127799453222, 0.0, 22.19745563196525, 21.608597681507746, 12.821323728307515, 14.61557489040166, 6.12345127456371, 27.07949020951707, 3.8918924194767914, 26.090443669566465, 19.257752198452433, 21.42015101027362, 18.827373730682048, 23.96197801679362, 23.96197801679362, 23.96197801679362, 23.96197801679362, 23.96197801679362, 23.96197801679362, 23.96197801679362, 23.96197801679362, 23.96197801679362, 23.96197801679362, 23.96197801679362, 23.96197801679362, 23.96197801679362, 23.96197801679362, 23.96197801679362], [45.0144758801234, 30.54511568985253, 6.379100310709435, 22.19745563196525, 0.0, 21.842135344360052, 9.78107621515907, 32.27052986724639, 21.476336816653994, 8.710900755217049, 24.060071003549147, 40.00794544183078, 17.494764762176036, 31.654116895737815, 29.690483081967486, 38.990534915780195, 38.990534915780195, 38.990534915780195, 38.990534915780195, 38.990534915780195, 38.990534915780195, 38.990534915780195, 38.990534915780195, 38.990534915780195, 38.990534915780195, 38.990534915780195, 38.990534915780195, 38.990534915780195, 38.990534915780195, 38.990534915780195, 15.108063799727184, 16.885752125155506, 42.76310742902869, 21.53222558697409, 43.924712952989715, 49.09449954160355, 25.004663495795228, 44.740188222569564, 5.737172263069899, 38.92009677062275, 10.21642963883555, 4.891531673623343, 49.321055321650874, 31.99369116337453, 15.59144021242613, 34.166321966258984, 55.460899389155024, 40.203058122509375, 5.98614072263887, 15.00556607354683, 45.0144758801234, 30.54511568985253, 6.379100310709435, 22.19745563196525, 0.0, 21.842135344360052, 9.78107621515907, 32.27052986724639, 21.476336816653994, 8.710900755217049, 24.060071003549147, 40.00794544183078, 17.494764762176036, 31.654116895737815, 29.690483081967486, 38.990534915780195, 38.990534915780195, 38.990534915780195, 38.990534915780195, 38.990534915780195, 38.990534915780195, 38.990534915780195, 38.990534915780195, 38.990534915780195, 38.990534915780195, 38.990534915780195, 38.990534915780195, 38.990534915780195, 38.990534915780195, 38.990534915780195], [37.74444436421232, 9.11061241344674, 19.56416200424295, 21.608597681507746, 21.842135344360052, 0.0, 20.860760343293496, 19.419655160905616, 15.792879968743925, 18.510004776979596, 25.482812592730703, 47.567226948064764, 33.31793392508062, 41.825664121639655, 11.644188139923491, 45.52771670142456, 45.52771670142456, 45.52771670142456, 45.52771670142456, 45.52771670142456, 45.52771670142456, 45.52771670142456, 45.52771670142456, 45.52771670142456, 45.52771670142456, 45.52771670142456, 45.52771670142456, 45.52771670142456, 45.52771670142456, 45.52771670142456, 9.044558755868222, 26.653078399690877, 39.097460271367936, 31.120142821429887, 41.40829308053549, 28.427757805785756, 34.24883400810232, 38.43116818382645, 24.63282187513108, 26.321691249468113, 12.623329467691796, 25.405614934589142, 31.236846104585684, 42.522882107604, 14.213978559731695, 42.90584608595266, 48.842285156871306, 36.12954154888335, 26.812554405886257, 8.625965819904515, 37.74444436421232, 9.11061241344674, 19.56416200424295, 21.608597681507746, 21.842135344360052, 0.0, 20.860760343293496, 19.419655160905616, 15.792879968743925, 18.510004776979596, 25.482812592730703, 47.567226948064764, 33.31793392508062, 41.825664121639655, 11.644188139923491, 45.52771670142456, 45.52771670142456, 45.52771670142456, 45.52771670142456, 45.52771670142456, 45.52771670142456, 45.52771670142456, 45.52771670142456, 45.52771670142456, 45.52771670142456, 45.52771670142456, 45.52771670142456, 45.52771670142456, 45.52771670142456, 45.52771670142456], [35.62849358800884, 27.89961726102284, 14.840664304123333, 12.821323728307515, 9.78107621515907, 20.860760343293496, 0.0, 24.933816062325512, 13.69550067988735, 16.60313696837494, 14.318594589944476, 31.403289013933865, 12.490469884670626, 23.70010944861034, 24.85522498412302, 30.08981319760036, 30.08981319760036, 30.08981319760036, 30.08981319760036, 30.08981319760036, 30.08981319760036, 30.08981319760036, 30.08981319760036, 30.08981319760036, 30.08981319760036, 30.08981319760036, 30.08981319760036, 30.08981319760036, 30.08981319760036, 30.08981319760036, 11.929358421498748, 7.833800372673799, 33.046898467473596, 12.833383917152453, 34.154221742761074, 44.53356568620696, 16.400212286899077, 35.23398141185977, 6.6728427145987865, 30.95312852570217, 8.816666507161669, 8.58257657999802, 42.9734348164502, 24.199016324809936, 8.753866589387458, 25.7696273743111, 45.86073079160126, 30.54370546866614, 9.639250566550816, 17.612494727799522, 35.62849358800884, 27.89961726102284, 14.840664304123333, 12.821323728307515, 9.78107621515907, 20.860760343293496, 0.0, 24.933816062325512, 13.69550067988735, 16.60313696837494, 14.318594589944476, 31.403289013933865, 12.490469884670626, 23.70010944861034, 24.85522498412302, 30.08981319760036, 30.08981319760036, 30.08981319760036, 30.08981319760036, 30.08981319760036, 30.08981319760036, 30.08981319760036, 30.08981319760036, 30.08981319760036, 30.08981319760036, 30.08981319760036, 30.08981319760036, 30.08981319760036, 30.08981319760036, 30.08981319760036], [18.75038075892736, 16.322219953747762, 33.64480669211387, 14.61557489040166, 32.27052986724639, 19.419655160905616, 24.933816062325512, 0.0, 11.23831552931387, 33.77362289707064, 17.12990384947941, 36.825988990482536, 33.75645865546243, 34.50710926171137, 9.247250914550703, 34.29705173009754, 34.29705173009754, 34.29705173009754, 34.29705173009754, 34.29705173009754, 34.29705173009754, 34.29705173009754, 34.29705173009754, 34.29705173009754, 34.29705173009754, 34.29705173009754, 34.29705173009754, 34.29705173009754, 34.29705173009754, 34.29705173009754, 18.335916377921695, 25.02883234093914, 21.61812767653112, 26.886529377740544, 24.31441435895814, 22.552422592864048, 28.38858763438425, 19.734874872789604, 31.457805830158847, 7.14731204503177, 22.69711276801095, 33.189341247128546, 18.35794884780224, 35.36309975045149, 16.773092907814934, 34.069689235245995, 29.662680948644432, 18.814953038818665, 34.40858285581075, 26.05676948942299, 18.75038075892736, 16.322219953747762, 33.64480669211387, 14.61557489040166, 32.27052986724639, 19.419655160905616, 24.933816062325512, 0.0, 11.23831552931387, 33.77362289707064, 17.12990384947941, 36.825988990482536, 33.75645865546243, 34.50710926171137, 9.247250914550703, 34.29705173009754, 34.29705173009754, 34.29705173009754, 34.29705173009754, 34.29705173009754, 34.29705173009754, 34.29705173009754, 34.29705173009754, 34.29705173009754, 34.29705173009754, 34.29705173009754, 34.29705173009754, 34.29705173009754, 34.29705173009754, 34.29705173009754], [24.724410401069452, 18.52846146628184, 23.815041283837218, 6.12345127456371, 21.476336816653994, 15.792879968743925, 13.69550067988735, 11.23831552931387, 0.0, 24.43176382541708, 9.982198156669487, 32.1775228029654, 23.28677524760786, 27.445134072471937, 13.096939623408716, 30.003284499139507, 30.003284499139507, 30.003284499139507, 30.003284499139507, 30.003284499139507, 30.003284499139507, 30.003284499139507, 30.003284499139507, 30.003284499139507, 30.003284499139507, 30.003284499139507, 30.003284499139507, 30.003284499139507, 30.003284499139507, 30.003284499139507, 9.742676934300347, 14.758514517322153, 24.39187715211814, 17.814212858837557, 26.39171470855953, 31.927877711686733, 20.246941887097133, 24.889823848496565, 20.24147800404509, 17.492054686615162, 12.810434545507231, 22.007656265250727, 29.38662253975622, 28.2286429991968, 5.929820509230207, 27.980319438019535, 35.7389795132256, 21.470203979214972, 23.200947357514405, 18.944096050944186, 24.724410401069452, 18.52846146628184, 23.815041283837218, 6.12345127456371, 21.476336816653994, 15.792879968743925, 13.69550067988735, 11.23831552931387, 0.0, 24.43176382541708, 9.982198156669487, 32.1775228029654, 23.28677524760786, 27.445134072471937, 13.096939623408716, 30.003284499139507, 30.003284499139507, 30.003284499139507, 30.003284499139507, 30.003284499139507, 30.003284499139507, 30.003284499139507, 30.003284499139507, 30.003284499139507, 30.003284499139507, 30.003284499139507, 30.003284499139507, 30.003284499139507, 30.003284499139507, 30.003284499139507], [49.09993071036414, 27.614108278376428, 2.4065623162180474, 27.07949020951707, 8.710900755217049, 18.510004776979596, 16.60313696837494, 33.77362289707064, 24.43176382541708, 0.0, 29.78680017054813, 47.90481662756118, 26.145729624785222, 39.85164570146423, 28.8324184951882, 46.67220123124531, 46.67220123124531, 46.67220123124531, 46.67220123124531, 46.67220123124531, 46.67220123124531, 46.67220123124531, 46.67220123124531, 46.67220123124531, 46.67220123124531, 46.67220123124531, 46.67220123124531, 46.67220123124531, 46.67220123124531, 46.67220123124531, 15.445780319516416, 24.37484217259864, 47.935583945450595, 29.29352168541324, 49.473018194158854, 46.9312161274555, 32.847505440790755, 49.13710572432923, 14.38621839271065, 40.851535117305055, 11.6350924379058, 13.56405066342279, 48.96725536915599, 40.25394748020968, 18.75306608767481, 42.16937009847287, 60.0, 45.16723960079867, 14.514106321482615, 10.000847306067527, 49.09993071036414, 27.614108278376428, 2.4065623162180474, 27.07949020951707, 8.710900755217049, 18.510004776979596, 16.60313696837494, 33.77362289707064, 24.43176382541708, 0.0, 29.78680017054813, 47.90481662756118, 26.145729624785222, 39.85164570146423, 28.8324184951882, 46.67220123124531, 46.67220123124531, 46.67220123124531, 46.67220123124531, 46.67220123124531, 46.67220123124531, 46.67220123124531, 46.67220123124531, 46.67220123124531, 46.67220123124531, 46.67220123124531, 46.67220123124531, 46.67220123124531, 46.67220123124531, 46.67220123124531], [21.804498413900465, 28.375627294872487, 28.454661965760952, 3.8918924194767914, 24.060071003549147, 25.482812592730703, 14.318594589944476, 17.12990384947941, 9.982198156669487, 29.78680017054813, 0.0, 22.2033505861808, 17.960636260315454, 17.848044991782462, 22.3747349116556, 20.07073384108805, 20.07073384108805, 20.07073384108805, 20.07073384108805, 20.07073384108805, 20.07073384108805, 20.07073384108805, 20.07073384108805, 20.07073384108805, 20.07073384108805, 20.07073384108805, 20.07073384108805, 20.07073384108805, 20.07073384108805, 20.07073384108805, 17.936259177303175, 9.721148783890351, 18.730921040344207, 9.964853354550824, 19.88602399854718, 39.61161051468834, 11.269832909169267, 21.190245957412817, 20.450217655339273, 20.637136989282013, 18.87228737636519, 22.45896915648015, 34.96535679299485, 18.671868643728107, 12.334172146943816, 18.08494339007404, 31.636493994075497, 16.281282038205298, 23.213844051281775, 26.980103455042418, 21.804498413900465, 28.375627294872487, 28.454661965760952, 3.8918924194767914, 24.060071003549147, 25.482812592730703, 14.318594589944476, 17.12990384947941, 9.982198156669487, 29.78680017054813, 0.0, 22.2033505861808, 17.960636260315454, 17.848044991782462, 22.3747349116556, 20.07073384108805, 20.07073384108805, 20.07073384108805, 20.07073384108805, 20.07073384108805, 20.07073384108805, 20.07073384108805, 20.07073384108805, 20.07073384108805, 20.07073384108805, 20.07073384108805, 20.07073384108805, 20.07073384108805, 20.07073384108805, 20.07073384108805], [29.006790907972754, 50.37496738472821, 45.95113870987129, 26.090443669566465, 40.00794544183078, 47.567226948064764, 31.403289013933865, 36.825988990482536, 32.1775228029654, 47.90481662756118, 22.2033505861808, 0.0, 24.189683711985012, 8.955953408049632, 43.962466018219395, 2.6406777369294603, 2.6406777369294603, 2.6406777369294603, 2.6406777369294603, 2.6406777369294603, 2.6406777369294603, 2.6406777369294603, 2.6406777369294603, 2.6406777369294603, 2.6406777369294603, 2.6406777369294603, 2.6406777369294603, 2.6406777369294603, 2.6406777369294603, 2.6406777369294603, 39.44285895445128, 23.570821346480365, 22.041663098421733, 18.61160696029897, 20.104981290097033, 58.78977766309568, 15.05993707602324, 27.200594139137745, 34.550182378477935, 37.003506506830675, 39.02337543659933, 36.190427978885666, 51.74986467100869, 9.021344351570646, 33.74822964180054, 5.92034371021925, 32.187701935067615, 22.603341967950495, 36.09924822979536, 47.861302453766235, 29.006790907972754, 50.37496738472821, 45.95113870987129, 26.090443669566465, 40.00794544183078, 47.567226948064764, 31.403289013933865, 36.825988990482536, 32.1775228029654, 47.90481662756118, 22.2033505861808, 0.0, 24.189683711985012, 8.955953408049632, 43.962466018219395, 2.6406777369294603, 2.6406777369294603, 2.6406777369294603, 2.6406777369294603, 2.6406777369294603, 2.6406777369294603, 2.6406777369294603, 2.6406777369294603, 2.6406777369294603, 2.6406777369294603, 2.6406777369294603, 2.6406777369294603, 2.6406777369294603, 2.6406777369294603, 2.6406777369294603], [38.880512038323424, 39.914235415764466, 23.86436800662165, 19.257752198452433, 17.494764762176036, 33.31793392508062, 12.490469884670626, 33.75645865546243, 23.28677524760786, 26.145729624785222, 17.960636260315454, 24.189683711985012, 0.0, 15.285288327185965, 35.97272787674897, 23.84467426455539, 23.84467426455539, 23.84467426455539, 23.84467426455539, 23.84467426455539, 23.84467426455539, 23.84467426455539, 23.84467426455539, 23.84467426455539, 23.84467426455539, 23.84467426455539, 23.84467426455539, 23.84467426455539, 23.84467426455539, 23.84467426455539, 24.317981287259894, 8.73147060146246, 34.22267912555702, 8.916797742418447, 34.30382974841811, 55.209849688989415, 10.859959731735476, 37.89557621042474, 11.766455552182656, 38.36422413519434, 21.216551936230555, 12.903338302390326, 52.09272009349686, 15.402920240331563, 20.1653959909445, 18.30107581262479, 47.381746558781884, 32.497271877323996, 12.437806456106145, 29.71167625397197, 38.880512038323424, 39.914235415764466, 23.86436800662165, 19.257752198452433, 17.494764762176036, 33.31793392508062, 12.490469884670626, 33.75645865546243, 23.28677524760786, 26.145729624785222, 17.960636260315454, 24.189683711985012, 0.0, 15.285288327185965, 35.97272787674897, 23.84467426455539, 23.84467426455539, 23.84467426455539, 23.84467426455539, 23.84467426455539, 23.84467426455539, 23.84467426455539, 23.84467426455539, 23.84467426455539, 23.84467426455539, 23.84467426455539, 23.84467426455539, 23.84467426455539, 23.84467426455539, 23.84467426455539], [31.57808924066617, 45.971576175263415, 37.780866043433456, 21.42015101027362, 31.654116895737815, 41.825664121639655, 23.70010944861034, 34.50710926171137, 27.445134072471937, 39.85164570146423, 17.848044991782462, 8.955953408049632, 15.285288327185965, 0.0, 40.20313120548069, 9.080468176211888, 9.080468176211888, 9.080468176211888, 9.080468176211888, 9.080468176211888, 9.080468176211888, 9.080468176211888, 9.080468176211888, 9.080468176211888, 9.080468176211888, 9.080468176211888, 9.080468176211888, 9.080468176211888, 9.080468176211888, 9.080468176211888, 33.1579524515042, 16.000080698486894, 25.228573968948716, 11.021580059073552, 24.158624243521587, 57.04437051204907, 7.615093141268577, 30.039774728384806, 26.055845489883676, 36.411421288940794, 31.936612683269466, 27.589470709772534, 51.308258729394694, 0.8675570387254632, 27.632577012386307, 3.2924446171882384, 37.30104188604959, 24.714819262767797, 27.3956288914204, 40.900389110541404, 31.57808924066617, 45.971576175263415, 37.780866043433456, 21.42015101027362, 31.654116895737815, 41.825664121639655, 23.70010944861034, 34.50710926171137, 27.445134072471937, 39.85164570146423, 17.848044991782462, 8.955953408049632, 15.285288327185965, 0.0, 40.20313120548069, 9.080468176211888, 9.080468176211888, 9.080468176211888, 9.080468176211888, 9.080468176211888, 9.080468176211888, 9.080468176211888, 9.080468176211888, 9.080468176211888, 9.080468176211888, 9.080468176211888, 9.080468176211888, 9.080468176211888, 9.080468176211888, 9.080468176211888], [27.94764728882325, 7.113184927804365, 29.316874534670237, 18.827373730682048, 29.690483081967486, 11.644188139923491, 24.85522498412302, 9.247250914550703, 13.096939623408716, 28.8324184951882, 22.3747349116556, 43.962466018219395, 35.97272787674897, 40.20313120548069, 0.0, 41.57411931094296, 41.57411931094296, 41.57411931094296, 41.57411931094296, 41.57411931094296, 41.57411931094296, 41.57411931094296, 41.57411931094296, 41.57411931094296, 41.57411931094296, 41.57411931094296, 41.57411931094296, 41.57411931094296, 41.57411931094296, 41.57411931094296, 14.582880508856336, 27.69896692103394, 30.745736645899903, 30.90682890597651, 33.37949960819483, 19.717289681948564, 33.22722032896013, 28.97682907500332, 30.55928202905801, 15.324284795682388, 19.474635299458637, 31.926881449437953, 20.135133826707463, 41.01579260875497, 16.137540538521016, 40.38754437107352, 38.7338614622587, 27.882790517494765, 33.29426871436552, 19.67793375797563, 27.94764728882325, 7.113184927804365, 29.316874534670237, 18.827373730682048, 29.690483081967486, 11.644188139923491, 24.85522498412302, 9.247250914550703, 13.096939623408716, 28.8324184951882, 22.3747349116556, 43.962466018219395, 35.97272787674897, 40.20313120548069, 0.0, 41.57411931094296, 41.57411931094296, 41.57411931094296, 41.57411931094296, 41.57411931094296, 41.57411931094296, 41.57411931094296, 41.57411931094296, 41.57411931094296, 41.57411931094296, 41.57411931094296, 41.57411931094296, 41.57411931094296, 41.57411931094296, 41.57411931094296], [26.453489319217507, 48.06520691499331, 44.79245703155832, 23.96197801679362, 38.990534915780195, 45.52771670142456, 30.08981319760036, 34.29705173009754, 30.003284499139507, 46.67220123124531, 20.07073384108805, 2.6406777369294603, 23.84467426455539, 9.080468176211888, 41.57411931094296, 0.0, 0.0, 0.0, 0.0, 0.0, 0.0, 0.0, 0.0, 0.0, 0.0, 0.0, 0.0, 0.0, 0.0, 0.0, 37.577159820921295, 22.299334554454614, 19.51704581213514, 17.463573386582585, 17.67898775075434, 56.189586989653115, 14.000428649874577, 24.6655356177782, 33.66368568087711, 34.373726748986904, 37.410241128176466, 35.382764263922375, 49.110983485823425, 9.39016715119511, 31.87367909126604, 5.78969507847549, 30.04136522417679, 19.99567493096006, 35.39138677882348, 46.16397972435222, 26.453489319217507, 48.06520691499331, 44.79245703155832, 23.96197801679362, 38.990534915780195, 45.52771670142456, 30.08981319760036, 34.29705173009754, 30.003284499139507, 46.67220123124531, 20.07073384108805, 2.6406777369294603, 23.84467426455539, 9.080468176211888, 41.57411931094296, 0.0, 0.0, 0.0, 0.0, 0.0, 0.0, 0.0, 0.0, 0.0, 0.0, 0.0, 0.0, 0.0, 0.0, 0.0], [26.453489319217507, 48.06520691499331, 44.79245703155832, 23.96197801679362, 38.990534915780195, 45.52771670142456, 30.08981319760036, 34.29705173009754, 30.003284499139507, 46.67220123124531, 20.07073384108805, 2.6406777369294603, 23.84467426455539, 9.080468176211888, 41.57411931094296, 0.0, 0.0, 0.0, 0.0, 0.0, 0.0, 0.0, 0.0, 0.0, 0.0, 0.0, 0.0, 0.0, 0.0, 0.0, 37.577159820921295, 22.299334554454614, 19.51704581213514, 17.463573386582585, 17.67898775075434, 56.189586989653115, 14.000428649874577, 24.6655356177782, 33.66368568087711, 34.373726748986904, 37.410241128176466, 35.382764263922375, 49.110983485823425, 9.39016715119511, 31.87367909126604, 5.78969507847549, 30.04136522417679, 19.99567493096006, 35.39138677882348, 46.16397972435222, 26.453489319217507, 48.06520691499331, 44.79245703155832, 23.96197801679362, 38.990534915780195, 45.52771670142456, 30.08981319760036, 34.29705173009754, 30.003284499139507, 46.67220123124531, 20.07073384108805, 2.6406777369294603, 23.84467426455539, 9.080468176211888, 41.57411931094296, 0.0, 0.0, 0.0, 0.0, 0.0, 0.0, 0.0, 0.0, 0.0, 0.0, 0.0, 0.0, 0.0, 0.0, 0.0], [26.453489319217507, 48.06520691499331, 44.79245703155832, 23.96197801679362, 38.990534915780195, 45.52771670142456, 30.08981319760036, 34.29705173009754, 30.003284499139507, 46.67220123124531, 20.07073384108805, 2.6406777369294603, 23.84467426455539, 9.080468176211888, 41.57411931094296, 0.0, 0.0, 0.0, 0.0, 0.0, 0.0, 0.0, 0.0, 0.0, 0.0, 0.0, 0.0, 0.0, 0.0, 0.0, 37.577159820921295, 22.299334554454614, 19.51704581213514, 17.463573386582585, 17.67898775075434, 56.189586989653115, 14.000428649874577, 24.6655356177782, 33.66368568087711, 34.373726748986904, 37.410241128176466, 35.382764263922375, 49.110983485823425, 9.39016715119511, 31.87367909126604, 5.78969507847549, 30.04136522417679, 19.99567493096006, 35.39138677882348, 46.16397972435222, 26.453489319217507, 48.06520691499331, 44.79245703155832, 23.96197801679362, 38.990534915780195, 45.52771670142456, 30.08981319760036, 34.29705173009754, 30.003284499139507, 46.67220123124531, 20.07073384108805, 2.6406777369294603, 23.84467426455539, 9.080468176211888, 41.57411931094296, 0.0, 0.0, 0.0, 0.0, 0.0, 0.0, 0.0, 0.0, 0.0, 0.0, 0.0, 0.0, 0.0, 0.0, 0.0], [26.453489319217507, 48.06520691499331, 44.79245703155832, 23.96197801679362, 38.990534915780195, 45.52771670142456, 30.08981319760036, 34.29705173009754, 30.003284499139507, 46.67220123124531, 20.07073384108805, 2.6406777369294603, 23.84467426455539, 9.080468176211888, 41.57411931094296, 0.0, 0.0, 0.0, 0.0, 0.0, 0.0, 0.0, 0.0, 0.0, 0.0, 0.0, 0.0, 0.0, 0.0, 0.0, 37.577159820921295, 22.299334554454614, 19.51704581213514, 17.463573386582585, 17.67898775075434, 56.189586989653115, 14.000428649874577, 24.6655356177782, 33.66368568087711, 34.373726748986904, 37.410241128176466, 35.382764263922375, 49.110983485823425, 9.39016715119511, 31.87367909126604, 5.78969507847549, 30.04136522417679, 19.99567493096006, 35.39138677882348, 46.16397972435222, 26.453489319217507, 48.06520691499331, 44.79245703155832, 23.96197801679362, 38.990534915780195, 45.52771670142456, 30.08981319760036, 34.29705173009754, 30.003284499139507, 46.67220123124531, 20.07073384108805, 2.6406777369294603, 23.84467426455539, 9.080468176211888, 41.57411931094296, 0.0, 0.0, 0.0, 0.0, 0.0, 0.0, 0.0, 0.0, 0.0, 0.0, 0.0, 0.0, 0.0, 0.0, 0.0], [26.453489319217507, 48.06520691499331, 44.79245703155832, 23.96197801679362, 38.990534915780195, 45.52771670142456, 30.08981319760036, 34.29705173009754, 30.003284499139507, 46.67220123124531, 20.07073384108805, 2.6406777369294603, 23.84467426455539, 9.080468176211888, 41.57411931094296, 0.0, 0.0, 0.0, 0.0, 0.0, 0.0, 0.0, 0.0, 0.0, 0.0, 0.0, 0.0, 0.0, 0.0, 0.0, 37.577159820921295, 22.299334554454614, 19.51704581213514, 17.463573386582585, 17.67898775075434, 56.189586989653115, 14.000428649874577, 24.6655356177782, 33.66368568087711, 34.373726748986904, 37.410241128176466, 35.382764263922375, 49.110983485823425, 9.39016715119511, 31.87367909126604, 5.78969507847549, 30.04136522417679, 19.99567493096006, 35.39138677882348, 46.16397972435222, 26.453489319217507, 48.06520691499331, 44.79245703155832, 23.96197801679362, 38.990534915780195, 45.52771670142456, 30.08981319760036, 34.29705173009754, 30.003284499139507, 46.67220123124531, 20.07073384108805, 2.6406777369294603, 23.84467426455539, 9.080468176211888, 41.57411931094296, 0.0, 0.0, 0.0, 0.0, 0.0, 0.0, 0.0, 0.0, 0.0, 0.0, 0.0, 0.0, 0.0, 0.0, 0.0], [26.453489319217507, 48.06520691499331, 44.79245703155832, 23.96197801679362, 38.990534915780195, 45.52771670142456, 30.08981319760036, 34.29705173009754, 30.003284499139507, 46.67220123124531, 20.07073384108805, 2.6406777369294603, 23.84467426455539, 9.080468176211888, 41.57411931094296, 0.0, 0.0, 0.0, 0.0, 0.0, 0.0, 0.0, 0.0, 0.0, 0.0, 0.0, 0.0, 0.0, 0.0, 0.0, 37.577159820921295, 22.299334554454614, 19.51704581213514, 17.463573386582585, 17.67898775075434, 56.189586989653115, 14.000428649874577, 24.6655356177782, 33.66368568087711, 34.373726748986904, 37.410241128176466, 35.382764263922375, 49.110983485823425, 9.39016715119511, 31.87367909126604, 5.78969507847549, 30.04136522417679, 19.99567493096006, 35.39138677882348, 46.16397972435222, 26.453489319217507, 48.06520691499331, 44.79245703155832, 23.96197801679362, 38.990534915780195, 45.52771670142456, 30.08981319760036, 34.29705173009754, 30.003284499139507, 46.67220123124531, 20.07073384108805, 2.6406777369294603, 23.84467426455539, 9.080468176211888, 41.57411931094296, 0.0, 0.0, 0.0, 0.0, 0.0, 0.0, 0.0, 0.0, 0.0, 0.0, 0.0, 0.0, 0.0, 0.0, 0.0], [26.453489319217507, 48.06520691499331, 44.79245703155832, 23.96197801679362, 38.990534915780195, 45.52771670142456, 30.08981319760036, 34.29705173009754, 30.003284499139507, 46.67220123124531, 20.07073384108805, 2.6406777369294603, 23.84467426455539, 9.080468176211888, 41.57411931094296, 0.0, 0.0, 0.0, 0.0, 0.0, 0.0, 0.0, 0.0, 0.0, 0.0, 0.0, 0.0, 0.0, 0.0, 0.0, 37.577159820921295, 22.299334554454614, 19.51704581213514, 17.463573386582585, 17.67898775075434, 56.189586989653115, 14.000428649874577, 24.6655356177782, 33.66368568087711, 34.373726748986904, 37.410241128176466, 35.382764263922375, 49.110983485823425, 9.39016715119511, 31.87367909126604, 5.78969507847549, 30.04136522417679, 19.99567493096006, 35.39138677882348, 46.16397972435222, 26.453489319217507, 48.06520691499331, 44.79245703155832, 23.96197801679362, 38.990534915780195, 45.52771670142456, 30.08981319760036, 34.29705173009754, 30.003284499139507, 46.67220123124531, 20.07073384108805, 2.6406777369294603, 23.84467426455539, 9.080468176211888, 41.57411931094296, 0.0, 0.0, 0.0, 0.0, 0.0, 0.0, 0.0, 0.0, 0.0, 0.0, 0.0, 0.0, 0.0, 0.0, 0.0], [26.453489319217507, 48.06520691499331, 44.79245703155832, 23.96197801679362, 38.990534915780195, 45.52771670142456, 30.08981319760036, 34.29705173009754, 30.003284499139507, 46.67220123124531, 20.07073384108805, 2.6406777369294603, 23.84467426455539, 9.080468176211888, 41.57411931094296, 0.0, 0.0, 0.0, 0.0, 0.0, 0.0, 0.0, 0.0, 0.0, 0.0, 0.0, 0.0, 0.0, 0.0, 0.0, 37.577159820921295, 22.299334554454614, 19.51704581213514, 17.463573386582585, 17.67898775075434, 56.189586989653115, 14.000428649874577, 24.6655356177782, 33.66368568087711, 34.373726748986904, 37.410241128176466, 35.382764263922375, 49.110983485823425, 9.39016715119511, 31.87367909126604, 5.78969507847549, 30.04136522417679, 19.99567493096006, 35.39138677882348, 46.16397972435222, 26.453489319217507, 48.06520691499331, 44.79245703155832, 23.96197801679362, 38.990534915780195, 45.52771670142456, 30.08981319760036, 34.29705173009754, 30.003284499139507, 46.67220123124531, 20.07073384108805, 2.6406777369294603, 23.84467426455539, 9.080468176211888, 41.57411931094296, 0.0, 0.0, 0.0, 0.0, 0.0, 0.0, 0.0, 0.0, 0.0, 0.0, 0.0, 0.0, 0.0, 0.0, 0.0], [26.453489319217507, 48.06520691499331, 44.79245703155832, 23.96197801679362, 38.990534915780195, 45.52771670142456, 30.08981319760036, 34.29705173009754, 30.003284499139507, 46.67220123124531, 20.07073384108805, 2.6406777369294603, 23.84467426455539, 9.080468176211888, 41.57411931094296, 0.0, 0.0, 0.0, 0.0, 0.0, 0.0, 0.0, 0.0, 0.0, 0.0, 0.0, 0.0, 0.0, 0.0, 0.0, 37.577159820921295, 22.299334554454614, 19.51704581213514, 17.463573386582585, 17.67898775075434, 56.189586989653115, 14.000428649874577, 24.6655356177782, 33.66368568087711, 34.373726748986904, 37.410241128176466, 35.382764263922375, 49.110983485823425, 9.39016715119511, 31.87367909126604, 5.78969507847549, 30.04136522417679, 19.99567493096006, 35.39138677882348, 46.16397972435222, 26.453489319217507, 48.06520691499331, 44.79245703155832, 23.96197801679362, 38.990534915780195, 45.52771670142456, 30.08981319760036, 34.29705173009754, 30.003284499139507, 46.67220123124531, 20.07073384108805, 2.6406777369294603, 23.84467426455539, 9.080468176211888, 41.57411931094296, 0.0, 0.0, 0.0, 0.0, 0.0, 0.0, 0.0, 0.0, 0.0, 0.0, 0.0, 0.0, 0.0, 0.0, 0.0], [26.453489319217507, 48.06520691499331, 44.79245703155832, 23.96197801679362, 38.990534915780195, 45.52771670142456, 30.08981319760036, 34.29705173009754, 30.003284499139507, 46.67220123124531, 20.07073384108805, 2.6406777369294603, 23.84467426455539, 9.080468176211888, 41.57411931094296, 0.0, 0.0, 0.0, 0.0, 0.0, 0.0, 0.0, 0.0, 0.0, 0.0, 0.0, 0.0, 0.0, 0.0, 0.0, 37.577159820921295, 22.299334554454614, 19.51704581213514, 17.463573386582585, 17.67898775075434, 56.189586989653115, 14.000428649874577, 24.6655356177782, 33.66368568087711, 34.373726748986904, 37.410241128176466, 35.382764263922375, 49.110983485823425, 9.39016715119511, 31.87367909126604, 5.78969507847549, 30.04136522417679, 19.99567493096006, 35.39138677882348, 46.16397972435222, 26.453489319217507, 48.06520691499331, 44.79245703155832, 23.96197801679362, 38.990534915780195, 45.52771670142456, 30.08981319760036, 34.29705173009754, 30.003284499139507, 46.67220123124531, 20.07073384108805, 2.6406777369294603, 23.84467426455539, 9.080468176211888, 41.57411931094296, 0.0, 0.0, 0.0, 0.0, 0.0, 0.0, 0.0, 0.0, 0.0, 0.0, 0.0, 0.0, 0.0, 0.0, 0.0], [26.453489319217507, 48.06520691499331, 44.79245703155832, 23.96197801679362, 38.990534915780195, 45.52771670142456, 30.08981319760036, 34.29705173009754, 30.003284499139507, 46.67220123124531, 20.07073384108805, 2.6406777369294603, 23.84467426455539, 9.080468176211888, 41.57411931094296, 0.0, 0.0, 0.0, 0.0, 0.0, 0.0, 0.0, 0.0, 0.0, 0.0, 0.0, 0.0, 0.0, 0.0, 0.0, 37.577159820921295, 22.299334554454614, 19.51704581213514, 17.463573386582585, 17.67898775075434, 56.189586989653115, 14.000428649874577, 24.6655356177782, 33.66368568087711, 34.373726748986904, 37.410241128176466, 35.382764263922375, 49.110983485823425, 9.39016715119511, 31.87367909126604, 5.78969507847549, 30.04136522417679, 19.99567493096006, 35.39138677882348, 46.16397972435222, 26.453489319217507, 48.06520691499331, 44.79245703155832, 23.96197801679362, 38.990534915780195, 45.52771670142456, 30.08981319760036, 34.29705173009754, 30.003284499139507, 46.67220123124531, 20.07073384108805, 2.6406777369294603, 23.84467426455539, 9.080468176211888, 41.57411931094296, 0.0, 0.0, 0.0, 0.0, 0.0, 0.0, 0.0, 0.0, 0.0, 0.0, 0.0, 0.0, 0.0, 0.0, 0.0], [26.453489319217507, 48.06520691499331, 44.79245703155832, 23.96197801679362, 38.990534915780195, 45.52771670142456, 30.08981319760036, 34.29705173009754, 30.003284499139507, 46.67220123124531, 20.07073384108805, 2.6406777369294603, 23.84467426455539, 9.080468176211888, 41.57411931094296, 0.0, 0.0, 0.0, 0.0, 0.0, 0.0, 0.0, 0.0, 0.0, 0.0, 0.0, 0.0, 0.0, 0.0, 0.0, 37.577159820921295, 22.299334554454614, 19.51704581213514, 17.463573386582585, 17.67898775075434, 56.189586989653115, 14.000428649874577, 24.6655356177782, 33.66368568087711, 34.373726748986904, 37.410241128176466, 35.382764263922375, 49.110983485823425, 9.39016715119511, 31.87367909126604, 5.78969507847549, 30.04136522417679, 19.99567493096006, 35.39138677882348, 46.16397972435222, 26.453489319217507, 48.06520691499331, 44.79245703155832, 23.96197801679362, 38.990534915780195, 45.52771670142456, 30.08981319760036, 34.29705173009754, 30.003284499139507, 46.67220123124531, 20.07073384108805, 2.6406777369294603, 23.84467426455539, 9.080468176211888, 41.57411931094296, 0.0, 0.0, 0.0, 0.0, 0.0, 0.0, 0.0, 0.0, 0.0, 0.0, 0.0, 0.0, 0.0, 0.0, 0.0], [26.453489319217507, 48.06520691499331, 44.79245703155832, 23.96197801679362, 38.990534915780195, 45.52771670142456, 30.08981319760036, 34.29705173009754, 30.003284499139507, 46.67220123124531, 20.07073384108805, 2.6406777369294603, 