M = 99999999.0;
numWorkers = 15;
numRoles = 5;
numNodes = 40;
wStart = [120, 240, 120, 30, 90, 270, 0, 240, 0, 0, 0, 0, 0, 0, 0, 150, 30, 240, 330, 300, 90, 270, 60, 120, 90, 270, 270, 300, 240, 210, 330, 420, 360, 480, 480, 480, 480, 480, 480, 480];
wEnd = [120, 240, 120, 30, 90, 270, 0, 240, 0, 0, 0, 0, 0, 0, 0, 330, 270, 450, 390, 450, 420, 360, 450, 300, 270, 270, 270, 300, 240, 210, 330, 420, 360, 480, 480, 480, 480, 480, 480, 480];
p = [0, 0, 0, 0, 0, 0, 0, 0, 0, 0, 0, 0, 0, 0, 0, 55.82492467601201, 24.092993268147755, 49.18022189475902, 17.576063036912966, 54.631830615565036, 26.23093234319387, 23.708105343978634, 48.2234072373617, 63.80942351760767, 51.69985103351005, 0, 0, 0, 0, 0, 0, 0, 0, 0, 0, 0, 0, 0, 0, 0];
e = [[1, 0, 1, 0, 0], [1, 0, 1, 0, 0], [0, 0, 1, 0, 0], [0, 1, 0, 0, 0], [1, 0, 0, 0, 0], [0, 0, 0, 1, 0], [0, 0, 0, 0, 1], [0, 0, 0, 1, 0], [0, 1, 0, 0, 0], [0, 1, 0, 0, 0], [1, 0, 0, 0, 0], [0, 0, 0, 0, 1], [0, 0, 0, 0, 1], [0, 0, 0, 1, 0], [0, 1, 0, 0, 0]];
d = [[1, 0, 2, 0, 0, 0, 1, 0, 0, 0], [1, 0, 1, 0, 3, 0, 1, 3, 0, 0], [1, 1, 0, 1, 0, 1, 1, 0, 0, 1], [1, 2, 1, 2, 2, 2, 1, 2, 1, 2], [0, 0, 1, 0, 0, 0, 0, 0, 2, 0]];
r = [1351, 1719, 4670, 3077, 2733, 3059, 2473, 1801, 520, 1160];
g = [[0, 0, 0, 0, 0, 0, 0, 0, 0, 0], [0, 0, 0, 0, 0, 0, 0, 0, 0, 0], [0, 0, 0, 0, 0, 0, 0, 0, 0, 0], [0, 0, 0, 0, 0, 0, 0, 0, 0, 0], [0, 0, 0, 0, 0, 0, 0, 0, 0, 0], [0, 0, 0, 0, 0, 0, 0, 0, 0, 0], [0, 0, 0, 0, 0, 0, 0, 0, 0, 0], [0, 0, 0, 0, 0, 0, 0, 0, 0, 0], [0, 0, 0, 0, 0, 0, 0, 0, 0, 0], [0, 0, 0, 0, 0, 0, 0, 0, 0, 0]];
t = [[0.0, 26.566746646165022, 26.503427030277066, 18.610010299071313, 39.76451911600705, 25.85792250591243, 38.11789300293289, 24.72326626243576, 17.39225911174189, 17.39225911174189, 17.39225911174189, 17.39225911174189, 17.39225911174189, 17.39225911174189, 17.39225911174189, 30.79136421933685, 16.492074396428176, 42.31545190341792, 15.212374718471859, 44.98535553305575, 31.324088618430775, 21.37583492622606, 38.057175864664, 16.66868963669134, 22.95604003842975, 0.0, 26.566746646165022, 26.503427030277066, 18.610010299071313, 39.76451911600705, 25.85792250591243, 38.11789300293289, 24.72326626243576, 17.39225911174189, 17.39225911174189, 17.39225911174189, 17.39225911174189, 17.39225911174189, 17.39225911174189, 17.39225911174189], [26.566746646165022, 0.0, 9.830719286495581, 11.656596870152836, 14.921305799785863, 6.394961114510321, 12.343876946002233, 18.69416645249395, 17.178327007196053, 17.178327007196053, 17.178327007196053, 17.178327007196053, 17.178327007196053, 17.178327007196053, 17.178327007196053, 47.851472363369055, 41.13964660511506, 38.099322275550364, 13.885132483570738, 32.42625633924387, 6.7698399555782025, 19.75370112607568, 13.78834056769409, 9.91049189248557, 26.96524263566692, 26.566746646165022, 0.0, 9.830719286495581, 11.656596870152836, 14.921305799785863, 6.394961114510321, 12.343876946002233, 18.69416645249395, 17.178327007196053, 17.178327007196053, 17.178327007196053, 17.178327007196053, 17.178327007196053, 17.178327007196053, 17.178327007196053], [26.503427030277066, 9.830719286495581, 0.0, 7.898589977323692, 14.216889628191144, 15.878184154722604, 19.786934115853317, 9.589312419277519, 23.573179113065333, 23.573179113065333, 23.573179113065333, 23.573179113065333, 23.573179113065333, 23.573179113065333, 23.573179113065333, 41.15660933780846, 38.13561525168984, 28.26932851162861, 18.882625286633672, 23.42549439612187, 16.10317835031234, 27.275785198653836, 12.293580670250718, 12.851875746466778, 18.879779279140536, 26.503427030277066, 9.830719286495581, 0.0, 7.898589977323692, 14.216889628191144, 15.878184154722604, 19.786934115853317, 9.589312419277519, 23.573179113065333, 23.573179113065333, 23.573179113065333, 23.573179113065333, 23.573179113065333, 23.573179113065333, 23.573179113065333], [18.610010299071313, 11.656596870152836, 7.898589977323692, 0.0, 21.65809885451803, 15.378164702139172, 23.869694341297755, 9.772474754150036, 18.457750443418952, 18.457750443418952, 18.457750443418952, 18.457750443418952, 18.457750443418952, 18.457750443418952, 18.457750443418952, 36.19553609714933, 30.800434092471882, 30.567098162848215, 13.323246966810618, 28.852575389319227, 18.308654759297575, 22.828352490806147, 19.826818091931095, 7.413525820359635, 15.897459362897324, 18.610010299071313, 11.656596870152836, 7.898589977323692, 0.0, 21.65809885451803, 15.378164702139172, 23.869694341297755, 9.772474754150036, 18.457750443418952, 18.457750443418952, 18.457750443418952, 18.457750443418952, 18.457750443418952, 18.457750443418952, 18.457750443418952], [39.76451911600705, 14.921305799785863, 14.216889628191144, 21.65809885451803, 0.0, 20.12577147343781, 13.712621078604302, 22.231558144601237, 32.06282812140075, 32.06282812140075, 32.06282812140075, 32.06282812140075, 32.06282812140075, 32.06282812140075, 32.06282812140075, 54.57793830154295, 52.31427469317989, 34.7739768129075, 28.711575660167192, 24.664341990470053, 15.829601846950265, 34.260422475733314, 1.9779770459822754, 23.892316919829764, 31.857654804370014, 39.76451911600705, 14.921305799785863, 14.216889628191144, 21.65809885451803, 0.0, 20.12577147343781, 13.712621078604302, 22.231558144601237, 32.06282812140075, 32.06282812140075, 32.06282812140075, 32.06282812140075, 32.06282812140075, 32.06282812140075, 32.06282812140075], [25.85792250591243, 6.394961114510321, 15.878184154722604, 15.378164702139172, 20.12577147343781, 0.0, 12.704926618834428, 23.95771488169081, 12.637132249206703, 12.637132249206703, 12.637132249206703, 12.637132249206703, 12.637132249206703, 12.637132249206703, 12.637132249206703, 50.70105349771601, 41.64826010123549, 44.0293255894886, 11.091465436439664, 38.805580395187555, 5.877596210737592, 14.16721150304684, 19.34667309780354, 10.253057985861304, 31.272479516229698, 25.85792250591243, 6.394961114510321, 15.878184154722604, 15.378164702139172, 20.12577147343781, 0.0, 12.704926618834428, 23.95771488169081, 12.637132249206703, 12.637132249206703, 12.637132249206703, 12.637132249206703, 12.637132249206703, 12.637132249206703, 12.637132249206703], [38.11789300293289, 12.343876946002233, 19.786934115853317, 23.869694341297755, 13.712621078604302, 12.704926618834428, 0.0, 29.375051172824236, 25.03410017527404, 25.03410017527404, 25.03410017527404, 25.03410017527404, 25.03410017527404, 25.03410017527404, 25.03410017527404, 60.0, 53.29232471538998, 46.34898628377737, 23.762270624670407, 37.74668960095188, 6.87391489423352, 25.472964196876685, 14.279697838844005, 21.638260125075895, 38.451844998307045, 38.11789300293289, 12.343876946002233, 19.786934115853317, 23.869694341297755, 13.712621078604302, 12.704926618834428, 0.0, 29.375051172824236, 25.03410017527404, 25.03410017527404, 25.03410017527404, 25.03410017527404, 25.03410017527404, 25.03410017527404, 25.03410017527404], [24.72326626243576, 18.69416645249395, 9.589312419277519, 9.772474754150036, 22.231558144601237, 23.95771488169081, 29.375051172824236, 0.0, 28.191876405742676, 28.191876405742676, 28.191876405742676, 28.191876405742676, 28.191876405742676, 28.191876405742676, 28.191876405742676, 32.34733166062635, 32.464664549559004, 20.79741867307661, 23.035496947140167, 20.329795582103102, 25.334193958587576, 32.59948574597025, 20.260252371301803, 17.18510292092267, 9.641050483278736, 24.72326626243576, 18.69416645249395, 9.589312419277519, 9.772474754150036, 22.231558144601237, 23.95771488169081, 29.375051172824236, 0.0, 28.191876405742676, 28.191876405742676, 28.191876405742676, 28.191876405742676, 28.191876405742676, 28.191876405742676, 28.191876405742676], [17.39225911174189, 17.178327007196053, 23.573179113065333, 18.457750443418952, 32.06282812140075, 12.637132249206703, 25.03410017527404, 28.191876405742676, 0.0, 0.0, 0.0, 0.0, 0.0, 0.0, 0.0, 46.89802566155572, 33.862297627022095, 48.92867561724469, 5.1665266980332465, 46.76560039611854, 18.418108185349368, 4.7430007925107285, 30.965552435687602, 11.148625136846086, 32.18850482075547, 17.39225911174189, 17.178327007196053, 23.573179113065333, 18.457750443418952, 32.06282812140075, 12.637132249206703, 25.03410017527404, 28.191876405742676, 0.0, 0.0, 0.0, 0.0, 0.0, 0.0, 0.0], [17.39225911174189, 17.178327007196053, 23.573179113065333, 18.457750443418952, 32.06282812140075, 12.637132249206703, 25.03410017527404, 28.191876405742676, 0.0, 0.0, 0.0, 0.0, 0.0, 0.0, 0.0, 46.89802566155572, 33.862297627022095, 48.92867561724469, 5.1665266980332465, 46.76560039611854, 18.418108185349368, 4.7430007925107285, 30.965552435687602, 11.148625136846086, 32.18850482075547, 17.39225911174189, 17.178327007196053, 23.573179113065333, 18.457750443418952, 32.06282812140075, 12.637132249206703, 25.03410017527404, 28.191876405742676, 0.0, 0.0, 0.0, 0.0, 0.0, 0.0, 0.0], [17.39225911174189, 17.178327007196053, 23.573179113065333, 18.457750443418952, 32.06282812140075, 12.637132249206703, 25.03410017527404, 28.191876405742676, 0.0, 0.0, 0.0, 0.0, 0.0, 0.0, 0.0, 46.89802566155572, 33.862297627022095, 48.92867561724469, 5.1665266980332465, 46.76560039611854, 18.418108185349368, 4.7430007925107285, 30.965552435687602, 11.148625136846086, 32.18850482075547, 17.39225911174189, 17.178327007196053, 23.573179113065333, 18.457750443418952, 32.06282812140075, 12.637132249206703, 25.03410017527404, 28.191876405742676, 0.0, 0.0, 0.0, 0.0, 0.0, 0.0, 0.0], [17.39225911174189, 17.178327007196053, 23.573179113065333, 18.457750443418952, 32.06282812140075, 12.637132249206703, 25.03410017527404, 28.191876405742676, 0.0, 0.0, 0.0, 0.0, 0.0, 0.0, 0.0, 46.89802566155572, 33.862297627022095, 48.92867561724469, 5.1665266980332465, 46.76560039611854, 18.418108185349368, 4.7430007925107285, 30.965552435687602, 11.148625136846086, 32.18850482075547, 17.39225911174189, 17.178327007196053, 23.573179113065333, 18.457750443418952, 32.06282812140075, 12.637132249206703, 25.03410017527404, 28.191876405742676, 0.0, 0.0, 0.0, 0.0, 0.0, 0.0, 0.0], [17.39225911174189, 17.178327007196053, 23.573179113065333, 18.457750443418952, 32.06282812140075, 12.637132249206703, 25.03410017527404, 28.191876405742676, 0.0, 0.0, 0.0, 0.0, 0.0, 0.0, 0.0, 46.89802566155572, 33.862297627022095, 48.92867561724469, 5.1665266980332465, 46.76560039611854, 18.418108185349368, 4.7430007925107285, 30.965552435687602, 11.148625136846086, 32.18850482075547, 17.39225911174189, 17.178327007196053, 23.573179113065333, 18.457750443418952, 32.06282812140075, 12.637132249206703, 25.03410017527404, 28.191876405742676, 0.0, 0.0, 0.0, 0.0, 0.0, 0.0, 0.0], [17.39225911174189, 17.178327007196053, 23.573179113065333, 18.457750443418952, 32.06282812140075, 12.637132249206703, 25.03410017527404, 28.191876405742676, 0.0, 0.0, 0.0, 0.0, 0.0, 0.0, 0.0, 46.89802566155572, 33.862297627022095, 48.92867561724469, 5.1665266980332465, 46.76560039611854, 18.418108185349368, 4.7430007925107285, 30.965552435687602, 11.148625136846086, 32.18850482075547, 17.39225911174189, 17.178327007196053, 23.573179113065333, 18.457750443418952, 32.06282812140075, 12.637132249206703, 25.03410017527404, 28.191876405742676, 0.0, 0.0, 0.0, 0.0, 0.0, 0.0, 0.0], [17.39225911174189, 17.178327007196053, 23.573179113065333, 18.457750443418952, 32.06282812140075, 12.637132249206703, 25.03410017527404, 28.191876405742676, 0.0, 0.0, 0.0, 0.0, 0.0, 0.0, 0.0, 46.89802566155572, 33.862297627022095, 48.92867561724469, 5.1665266980332465, 46.76560039611854, 18.418108185349368, 4.7430007925107285, 30.965552435687602, 11.148625136846086, 32.18850482075547, 17.39225911174189, 17.178327007196053, 23.573179113065333, 18.457750443418952, 32.06282812140075, 12.637132249206703, 25.03410017527404, 28.191876405742676, 0.0, 0.0, 0.0, 0.0, 0.0, 0.0, 0.0], [30.79136421933685, 47.851472363369055, 41.15660933780846, 36.19553609714933, 54.57793830154295, 50.70105349771601, 60.0, 32.34733166062635, 46.89802566155572, 46.89802566155572, 46.89802566155572, 46.89802566155572, 46.89802566155572, 46.89802566155572, 46.89802566155572, 0.0, 18.886264587898946, 32.91401065311977, 43.02514134471332, 43.702338510761976, 54.445422608080996, 51.4017910726397, 52.60517503402382, 40.584538900520364, 22.748765621547555, 30.79136421933685, 47.851472363369055, 41.15660933780846, 36.19553609714933, 54.57793830154295, 50.70105349771601, 60.0, 32.34733166062635, 46.89802566155572, 46.89802566155572, 46.89802566155572, 46.89802566155572, 46.89802566155572, 46.89802566155572, 46.89802566155572], [16.492074396428176, 41.13964660511506, 38.13561525168984, 30.800434092471882, 52.31427469317989, 41.64826010123549, 53.29232471538998, 32.464664549559004, 33.862297627022095, 33.862297627022095, 33.862297627022095, 33.862297627022095, 33.862297627022095, 33.862297627022095, 33.862297627022095, 18.886264587898946, 0.0, 43.31833779984881, 31.518629517720658, 50.337153957536565, 46.728791110114045, 37.67100091119531, 50.41710609615482, 31.711623989052022, 25.61784714219165, 16.492074396428176, 41.13964660511506, 38.13561525168984, 30.800434092471882, 52.31427469317989, 41.64826010123549, 53.29232471538998, 32.464664549559004, 33.862297627022095, 33.862297627022095, 33.862297627022095, 33.862297627022095, 33.862297627022095, 33.862297627022095, 33.862297627022095], [42.31545190341792, 38.099322275550364, 28.26932851162861, 30.567098162848215, 34.7739768129075, 44.0293255894886, 46.34898628377737, 20.79741867307661, 48.92867561724469, 48.92867561724469, 48.92867561724469, 48.92867561724469, 48.92867561724469, 48.92867561724469, 48.92867561724469, 32.91401065311977, 43.31833779984881, 0.0, 43.76270920952851, 13.096698752611589, 44.13151442022983, 53.38524072458587, 33.26483258445378, 37.980621521592965, 19.43748774688796, 42.31545190341792, 38.099322275550364, 28.26932851162861, 30.567098162848215, 34.7739768129075, 44.0293255894886, 46.34898628377737, 20.79741867307661, 48.92867561724469, 48.92867561724469, 48.92867561724469, 48.92867561724469, 48.92867561724469, 48.92867561724469, 48.92867561724469], [15.212374718471859, 13.885132483570738, 18.882625286633672, 13.323246966810618, 28.711575660167192, 11.091465436439664, 23.762270624670407, 23.035496947140167, 5.1665266980332465, 5.1665266980332465, 5.1665266980332465, 5.1665266980332465, 5.1665266980332465, 5.1665266980332465, 5.1665266980332465, 43.02514134471332, 31.518629517720658, 43.76270920952851, 0.0, 41.832361485474344, 16.892424968450808, 9.757063522320633, 27.411229079069283, 6.137418323136312, 27.191514836447503, 15.212374718471859, 13.885132483570738, 18.882625286633672, 13.323246966810618, 28.711575660167192, 11.091465436439664, 23.762270624670407, 23.035496947140167, 5.1665266980332465, 5.1665266980332465, 5.1665266980332465, 5.1665266980332465, 5.1665266980332465, 5.1665266980332465, 5.1665266980332465], [44.98535553305575, 32.42625633924387, 23.42549439612187, 28.852575389319227, 24.664341990470053, 38.805580395187555, 37.74668960095188, 20.329795582103102, 46.76560039611854, 46.76560039611854, 46.76560039611854, 46.76560039611854, 46.76560039611854, 46.76560039611854, 46.76560039611854, 43.702338510761976, 50.337153957536565, 13.096698752611589, 41.832361485474344, 0.0, 37.254382243052596, 50.658609286478466, 23.601910408717433, 35.695616019487076, 24.71979912403967, 44.98535553305575, 32.42625633924387, 23.42549439612187, 28.852575389319227, 24.664341990470053, 38.805580395187555, 37.74668960095188, 20.329795582103102, 46.76560039611854, 46.76560039611854, 46.76560039611854, 46.76560039611854, 46.76560039611854, 46.76560039611854, 46.76560039611854], [31.324088618430775, 6.7698399555782025, 16.10317835031234, 18.308654759297575, 15.829601846950265, 5.877596210737592, 6.87391489423352, 25.334193958587576, 18.418108185349368, 18.418108185349368, 18.418108185349368, 18.418108185349368, 18.418108185349368, 18.418108185349368, 18.418108185349368, 54.445422608080996, 46.728791110114045, 44.13151442022983, 16.892424968450808, 37.254382243052596, 0.0, 19.40730356489334, 15.508068309986761, 15.017490006173318, 33.73492305479299, 31.324088618430775, 6.7698399555782025, 16.10317835031234, 18.308654759297575, 15.829601846950265, 5.877596210737592, 6.87391489423352, 25.334193958587576, 18.418108185349368, 18.418108185349368, 18.418108185349368, 18.418108185349368, 18.418108185349368, 18.418108185349368, 18.418108185349368], [21.37583492622606, 19.75370112607568, 27.275785198653836, 22.828352490806147, 34.260422475733314, 14.16721150304684, 25.472964196876685, 32.59948574597025, 4.7430007925107285, 4.7430007925107285, 4.7430007925107285, 4.7430007925107285, 4.7430007925107285, 4.7430007925107285, 4.7430007925107285, 51.4017910726397, 37.67100091119531, 53.38524072458587, 9.757063522320633, 50.658609286478466, 19.40730356489334, 0.0, 33.38049337473748, 15.423799356172571, 36.90372575377311, 21.37583492622606, 19.75370112607568, 27.275785198653836, 22.828352490806147, 34.260422475733314, 14.16721150304684, 25.472964196876685, 32.59948574597025, 4.7430007925107285, 4.7430007925107285, 4.7430007925107285, 4.7430007925107285, 4.7430007925107285, 4.7430007925107285, 4.7430007925107285], [38.057175864664, 13.78834056769409, 12.293580670250718, 19.826818091931095, 1.9779770459822754, 19.34667309780354, 14.279697838844005, 20.260252371301803, 30.965552435687602, 30.965552435687602, 30.965552435687602, 30.965552435687602, 30.965552435687602, 30.965552435687602, 30.965552435687602, 52.60517503402382, 50.41710609615482, 33.26483258445378, 27.411229079069283, 23.601910408717433, 15.508068309986761, 33.38049337473748, 0.0, 22.3914330208233, 29.889916775518792, 38.057175864664, 13.78834056769409, 12.293580670250718, 19.826818091931095, 1.9779770459822754, 19.34667309780354, 14.279697838844005, 20.260252371301803, 30.965552435687602, 30.965552435687602, 30.965552435687602, 30.965552435687602, 30.965552435687602, 30.965552435687602, 30.965552435687602], [16.66868963669134, 9.91049189248557, 12.851875746466778, 7.413525820359635, 23.892316919829764, 10.253057985861304, 21.638260125075895, 17.18510292092267, 11.148625136846086, 11.148625136846086, 11.148625136846086, 11.148625136846086, 11.148625136846086, 11.148625136846086, 11.148625136846086, 40.584538900520364, 31.711623989052022, 37.980621521592965, 6.137418323136312, 35.695616019487076, 15.017490006173318, 15.423799356172571, 22.3914330208233, 0.0, 22.451734881690008, 16.66868963669134, 9.91049189248557, 12.851875746466778, 7.413525820359635, 23.892316919829764, 10.253057985861304, 21.638260125075895, 17.18510292092267, 11.148625136846086, 11.148625136846086, 11.148625136846086, 11.148625136846086, 11.148625136846086, 11.148625136846086, 11.148625136846086], [22.95604003842975, 26.96524263566692, 18.879779279140536, 15.897459362897324, 31.857654804370014, 31.272479516229698, 38.451844998307045, 9.641050483278736, 32.18850482075547, 32.18850482075547, 32.18850482075547, 32.18850482075547, 32.18850482075547, 32.18850482075547, 32.18850482075547, 22.748765621547555, 25.61784714219165, 19.43748774688796, 27.191514836447503, 24.71979912403967, 33.73492305479299, 36.90372575377311, 29.889916775518792, 22.451734881690008, 0.0, 22.95604003842975, 26.96524263566692, 18.879779279140536, 15.897459362897324, 31.857654804370014, 31.272479516229698, 38.451844998307045, 9.641050483278736, 32.18850482075547, 32.18850482075547, 32.18850482075547, 32.18850482075547, 32.18850482075547, 32.18850482075547, 32.18850482075547], [0.0, 26.566746646165022, 26.503427030277066, 18.610010299071313, 39.76451911600705, 25.85792250591243, 38.11789300293289, 24.72326626243576, 17.39225911174189, 17.39225911174189, 17.39225911174189, 17.39225911174189, 17.39225911174189, 17.39225911174189, 17.39225911174189, 30.79136421933685, 16.492074396428176, 42.31545190341792, 15.212374718471859, 44.98535553305575, 31.324088618430775, 21.37583492622606, 38.057175864664, 16.66868963669134, 22.95604003842975, 0.0, 26.566746646165022, 26.503427030277066, 18.610010299071313, 39.76451911600705, 25.85792250591243, 38.11789300293289, 24.72326626243576, 17.39225911174189, 17.39225911174189, 17.39225911174189, 17.39225911174189, 17.39225911174189, 17.39225911174189, 17.39225911174189], [26.566746646165022, 0.0, 9.830719286495581, 11.656596870152836, 14.921305799785863, 6.394961114510321, 12.343876946002233, 18.69416645249395, 17.178327007196053, 17.178327007196053, 17.178327007196053, 17.178327007196053, 17.178327007196053, 17.178327007196053, 17.178327007196053, 47.851472363369055, 41.13964660511506, 38.099322275550364, 13.885132483570738, 32.42625633924387, 6.7698399555782025, 19.75370112607568, 13.78834056769409, 9.91049189248557, 26.96524263566692, 26.566746646165022, 0.0, 9.830719286495581, 11.656596870152836, 14.921305799785863, 6.394961114510321, 12.343876946002233, 18.69416645249395, 17.178327007196053, 17.178327007196053, 17.178327007196053, 17.178327007196053, 17.178327007196053, 17.178327007196053, 17.178327007196053], [26.503427030277066, 9.830719286495581, 0.0, 7.898589977323692, 14.216889628191144, 15.878184154722604, 19.786934115853317, 9.589312419277519, 23.573179113065333, 23.573179113065333, 23.573179113065333, 23.573179113065333, 23.573179113065333, 23.573179113065333, 23.573179113065333, 41.15660933780846, 38.13561525168984, 28.26932851162861, 18.882625286633672, 23.42549439612187, 16.10317835031234, 27.275785198653836, 12.293580670250718, 12.851875746466778, 18.879779279140536, 26.503427030277066, 9.830719286495581, 0.0, 7.898589977323692, 14.216889628191144, 15.878184154722604, 19.786934115853317, 9.589312419277519, 23.573179113065333, 23.573179113065333, 23.573179113065333, 23.573179113065333, 23.573179113065333, 23.573179113065333, 23.573179113065333], [18.610010299071313, 11.656596870152836, 7.898589977323692, 0.0, 21.65809885451803, 15.378164702139172, 23.869694341297755, 9.772474754150036, 18.457750443418952, 18.457750443418952, 18.457750443418952, 18.457750443418952, 18.457750443418952, 18.457750443418952, 18.457750443418952, 36.19553609714933, 30.800434092471882, 30.567098162848215, 13.323246966810618, 28.852575389319227, 18.308654759297575, 22.828352490806147, 19.826818091931095, 7.413525820359635, 15.897459362897324, 18.610010299071313, 11.656596870152836, 7.898589977323692, 0.0, 21.65809885451803, 15.378164702139172, 23.869694341297755, 9.772474754150036, 18.457750443418952, 18.457750443418952, 18.457750443418952, 18.457750443418952, 18.457750443418952, 18.457750443418952, 18.457750443418952], [39.76451911600705, 14.921305799785863, 14.216889628191144, 21.65809885451803, 0.0, 20.12577147343781, 13.712621078604302, 22.231558144601237, 32.06282812140075, 32.06282812140075, 32.06282812140075, 32.06282812140075, 32.06282812140075, 32.06282812140075, 32.06282812140075, 54.57793830154295, 52.31427469317989, 34.7739768129075, 28.711575660167192, 24.664341990470053, 15.829601846950265, 34.260422475733314, 1.9779770459822754, 23.892316919829764, 31.857654804370014, 39.76451911600705, 14.921305799785863, 14.216889628191144, 21.65809885451803, 0.0, 20.12577147343781, 13.712621078604302, 22.231558144601237, 32.06282812140075, 32.06282812140075, 32.06282812140075, 32.06282812140075, 32.06282812140075, 32.06282812140075, 32.06282812140075], [25.85792250591243, 6.394961114510321, 15.878184154722604, 15.378164702139172, 20.12577147343781, 0.0, 12.704926618834428, 23.95771488169081, 12.637132249206703, 12.637132249206703, 12.637132249206703, 12.637132249206703, 12.637132249206703, 12.637132249206703, 12.637132249206703, 50.70105349771601, 41.64826010123549, 44.0293255894886, 11.091465436439664, 38.805580395187555, 5.877596210737592, 14.16721150304684, 19.34667309780354, 10.253057985861304, 31.272479516229698, 25.85792250591243, 6.394961114510321, 15.878184154722604, 15.378164702139172, 20.12577147343781, 0.0, 12.704926618834428, 23.95771488169081, 12.637132249206703, 12.637132249206703, 12.637132249206703, 12.637132249206703, 12.637132249206703, 12.637132249206703, 12.637132249206703], [38.11789300293289, 12.343876946002233, 19.786934115853317, 23.869694341297755, 13.712621078604302, 12.704926618834428, 0.0, 29.375051172824236, 25.03410017527404, 25.03410017527404, 25.03410017527404, 25.03410017527404, 25.03410017527404, 25.03410017527404, 25.03410017527404, 60.0, 53.29232471538998, 46.34898628377737, 23.762270624670407, 37.74668960095188, 6.87391489423352, 25.472964196876685, 14.279697838844005, 21.638260125075895, 38.451844998307045, 38.11789300293289, 12.343876946002233, 19.786934115853317, 23.869694341297755, 13.712621078604302, 12.704926618834428, 0.0, 29.375051172824236, 25.03410017527404, 25.03410017527404, 25.03410017527404, 25.03410017527404, 25.03410017527404, 25.03410017527404, 25.03410017527404], [24.72326626243576, 18.69416645249395, 9.589312419277519, 9.772474754150036, 22.231558144601237, 23.95771488169081, 29.375051172824236, 0.0, 28.191876405742676, 28.191876405742676, 28.191876405742676, 28.191876405742676, 28.191876405742676, 28.191876405742676, 28.191876405742676, 32.34733166062635, 32.464664549559004, 20.79741867307661, 23.035496947140167, 20.329795582103102, 25.334193958587576, 32.59948574597025, 20.260252371301803, 17.18510292092267, 9.641050483278736, 24.72326626243576, 18.69416645249395, 9.589312419277519, 9.772474754150036, 22.231558144601237, 23.95771488169081, 29.375051172824236, 0.0, 28.191876405742676, 28.191876405742676, 28.191876405742676, 28.191876405742676, 28.191876405742676, 28.191876405742676, 28.191876405742676], [17.39225911174189, 17.178327007196053, 23.573179113065333, 18.457750443418952, 32.06282812140075, 12.637132249206703, 25.03410017527404, 28.191876405742676, 0.0, 0.0, 0.0, 0.0, 0.0, 0.0, 0.0, 46.89802566155572, 33.862297627022095, 48.92867561724469, 5.1665266980332465, 46.76560039611854, 18.418108185349368, 4.7430007925107285, 30.965552435687602, 11.148625136846086, 32.18850482075547, 17.39225911174189, 17.178327007196053, 23.573179113065333, 18.457750443418952, 32.06282812140075, 12.637132249206703, 25.03410017527404, 28.191876405742676, 0.0, 0.0, 0.0, 0.0, 0.0, 0.0, 0.0], [17.39225911174189, 17.178327007196053, 23.573179113065333, 18.457750443418952, 32.06282812140075, 12.637132249206703, 25.03410017527404, 28.191876405742676, 0.0, 0.0, 0.0, 0.0, 0.0, 0.0, 0.0, 46.89802566155572, 33.862297627022095, 48.92867561724469, 5.1665266980332465, 46.76560039611854, 18.418108185349368, 4.7430007925107285, 30.965552435687602, 11.148625136846086, 32.18850482075547, 17.39225911174189, 17.178327007196053, 23.573179113065333, 18.457750443418952, 32.06282812140075, 12.637132249206703, 25.03410017527404, 28.191876405742676, 0.0, 0.0, 0.0, 0.0, 0.0, 0.0, 0.0], [17.39225911174189, 17.178327007196053, 23.573179113065333, 18.457750443418952, 32.06282812140075, 12.637132249206703, 25.03410017527404, 28.191876405742676, 0.0, 0.0, 0.0, 0.0, 0.0, 0.0, 0.0, 46.89802566155572, 33.862297627022095, 48.92867561724469, 5.1665266980332465, 46.76560039611854, 18.418108185349368, 4.7430007925107285, 30.965552435687602, 11.148625136846086, 32.18850482075547, 17.39225911174189, 17.178327007196053, 23.573179113065333, 18.457750443418952, 32.06282812140075, 12.637132249206703, 25.03410017527404, 28.191876405742676, 0.0, 0.0, 0.0, 0.0, 0.0, 0.0, 0.0], [17.39225911174189, 17.178327007196053, 23.573179113065333, 18.457750443418952, 32.06282812140075, 12.637132249206703, 25.03410017527404, 28.191876405742676, 0.0, 0.0, 0.0, 0.0, 0.0, 0.0, 0.0, 46.89802566155572, 33.862297627022095, 48.92867561724469, 5.1665266980332465, 46.76560039611854, 18.418108185349368, 4.7430007925107285, 30.965552435687602, 11.148625136846086, 32.18850482075547, 17.39225911174189, 17.178327007196053, 23.573179113065333, 18.457750443418952, 32.06282812140075, 12.637132249206703, 25.03410017527404, 28.191876405742676, 0.0, 0.0, 0.0, 0.0, 0.0, 0.0, 0.0], [17.39225911174189, 17.178327007196053, 23.573179113065333, 18.457750443418952, 32.06282812140075, 12.637132249206703, 25.03410017527404, 28.191876405742676, 0.0, 0.0, 0.0, 0.0, 0.0, 0.0, 0.0, 46.89802566155572, 33.862297627022095, 48.92867561724469, 5.1665266980332465, 46.76560039611854, 18.418108185349368, 4.7430007925107285, 30.965552435687602, 11.148625136846086, 32.18850482075547, 17.39225911174189, 17.178327007196053, 23.573179113065333, 18.457750443418952, 32.06282812140075, 12.637132249206703, 25.03410017527404, 28.191876405742676, 0.0, 0.0, 0.0, 0.0, 0.0, 0.0, 0.0], [17.39225911174189, 17.178327007196053, 23.573179113065333, 18.457750443418952, 32.06282812140075, 12.637132249206703, 25.03410017527404, 28.191876405742676, 0.0, 0.0, 0.0, 0.0, 0.0, 0.0, 0.0, 46.89802566155572, 33.862297627022095, 48.92867561724469, 5.1665266980332465, 46.76560039611854, 18.418108185349368, 4.7430007925107285, 30.965552435687602, 11.148625136846086, 32.18850482075547, 17.39225911174189, 17.178327007196053, 23.573179113065333, 18.457750443418952, 32.06282812140075, 12.637132249206703, 25.03410017527404, 28.191876405742676, 0.0, 0.0, 0.0, 0.0, 0.0, 0.0, 0.0], [17.39225911174189, 17.178327007196053, 23.573179113065333, 18.457750443418952, 32.06282812140075, 12.637132249206703, 25.03410017527404, 28.191876405742676, 0.0, 0.0, 0.0, 0.0, 0.0, 0.0, 0.0, 46.89802566155572, 33.862297627022095, 48.92867561724469, 5.1665266980332465, 46.76560039611854, 18.418108185349368, 4.7430007925107285, 30.965552435687602, 11.148625136846086, 32.18850482075547, 17.39225911174189, 17.178327007196053, 23.573179113065333, 18.457750443418952, 32.06282812140075, 12.637132249206703, 25.03410017527404, 28.191876405742676, 0.0, 0.0, 0.0, 0.0, 0.0, 0.0, 0.0]];
