M = 99999999.0;
numWorkers = 15;
numRoles = 5;
numNodes = 40;
wStart = [180, 0, 60, 30, 330, 210, 90, 150, 0, 0, 0, 0, 0, 0, 0, 30, 30, 330, 150, 30, 300, 90, 270, 120, 210, 300, 150, 150, 330, 390, 270, 360, 330, 480, 480, 480, 480, 480, 480, 480];
wEnd = [180, 0, 60, 30, 330, 210, 90, 150, 0, 0, 0, 0, 0, 0, 0, 420, 360, 420, 240, 270, 330, 420, 420, 390, 270, 300, 150, 150, 330, 390, 270, 360, 330, 480, 480, 480, 480, 480, 480, 480];
p = [0, 0, 0, 0, 0, 0, 0, 0, 0, 0, 0, 0, 0, 0, 0, 39.557545775651306, 73.84636737171076, 52.663564104757235, 60.091613276826514, 73.91985222832272, 31.34361349988292, 54.03962462950025, 70.22675271315916, 66.13791214824656, 47.909280915831644, 0, 0, 0, 0, 0, 0, 0, 0, 0, 0, 0, 0, 0, 0, 0];
e = [[1, 1, 0, 0, 0], [1, 0, 0, 0, 1], [0, 0, 1, 0, 0], [0, 1, 0, 0, 0], [0, 0, 1, 0, 0], [0, 0, 0, 1, 0], [0, 0, 0, 1, 0], [0, 1, 0, 0, 0], [1, 0, 0, 0, 0], [1, 0, 0, 0, 0], [0, 1, 0, 0, 0], [0, 0, 0, 0, 1], [0, 0, 1, 0, 0], [0, 0, 0, 0, 1], [0, 0, 0, 1, 0]];
d = [[1, 1, 1, 1, 2, 2, 0, 0, 1, 1], [1, 1, 0, 1, 0, 0, 0, 0, 0, 0], [1, 0, 1, 0, 2, 2, 1, 1, 1, 1], [1, 2, 0, 2, 0, 0, 1, 1, 0, 0], [1, 0, 1, 0, 0, 0, 1, 1, 1, 1]];
r = [3045, 1702, 2257, 387, 919, 4265, 2176, 3999, 372, 3113];
g = [[0, 0, 0, 0, 0, 0, 0, 0, 0, 0], [0, 0, 0, 0, 0, 0, 0, 0, 0, 0], [0, 0, 0, 0, 0, 0, 0, 0, 0, 0], [0, 0, 0, 0, 0, 0, 0, 0, 0, 0], [0, 0, 0, 0, 0, 0, 0, 0, 0, 0], [0, 0, 0, 0, 0, 0, 0, 0, 0, 0], [0, 0, 0, 0, 0, 0, 0, 0, 0, 0], [0, 0, 0, 0, 0, 0, 0, 0, 0, 0], [0, 0, 0, 0, 0, 0, 0, 0, 0, 0], [0, 0, 0, 0, 0, 0, 0, 0, 0, 0]];
t = [[0.0, 26.222031241375905, 26.981370416107087, 23.227204138713812, 24.15066820362982, 48.81964307465346, 47.06645922979318, 17.084861872043632, 41.47542340088895, 41.47542340088895, 41.47542340088895, 41.47542340088895, 41.47542340088895, 41.47542340088895, 41.47542340088895, 15.096948467507737, 27.00191692213213, 40.493758190558815, 26.468342880024228, 34.87800667897663, 24.226694178883427, 28.81929836298269, 46.19228131204126, 47.57758410075252, 9.405964882164628, 0.0, 26.222031241375905, 26.981370416107087, 23.227204138713812, 24.15066820362982, 48.81964307465346, 47.06645922979318, 17.084861872043632, 41.47542340088895, 41.47542340088895, 41.47542340088895, 41.47542340088895, 41.47542340088895, 41.47542340088895, 41.47542340088895], [26.222031241375905, 0.0, 38.93232157500796, 42.387445620593844, 2.6413753210173154, 23.989161450993908, 35.6781291863179, 20.03203475088397, 31.367897630344896, 31.367897630344896, 31.367897630344896, 31.367897630344896, 31.367897630344896, 31.367897630344896, 31.367897630344896, 11.129037070774634, 35.59486319255319, 28.205962981465213, 44.29987099617136, 12.967038724209392, 28.74449469896463, 42.81418829861442, 47.56280488654507, 40.57422985295992, 17.799020885854432, 26.222031241375905, 0.0, 38.93232157500796, 42.387445620593844, 2.6413753210173154, 23.989161450993908, 35.6781291863179, 20.03203475088397, 31.367897630344896, 31.367897630344896, 31.367897630344896, 31.367897630344896, 31.367897630344896, 31.367897630344896, 31.367897630344896], [26.981370416107087, 38.93232157500796, 0.0, 10.993885972243286, 38.573331031772334, 52.014066218857465, 34.04919412289914, 18.959647847776345, 29.396781425587672, 29.396781425587672, 29.396781425587672, 29.396781425587672, 29.396781425587672, 29.396781425587672, 29.396781425587672, 31.645573176585827, 4.764361512563465, 31.13760153469206, 9.470203908016973, 38.46019835944364, 11.285994939008571, 4.288566497217319, 21.98060462817176, 30.06369357865937, 25.790118428611237, 26.981370416107087, 38.93232157500796, 0.0, 10.993885972243286, 38.573331031772334, 52.014066218857465, 34.04919412289914, 18.959647847776345, 29.396781425587672, 29.396781425587672, 29.396781425587672, 29.396781425587672, 29.396781425587672, 29.396781425587672, 29.396781425587672], [23.227204138713812, 42.387445620593844, 10.993885972243286, 0.0, 41.36185826562156, 59.23020027986905, 44.479785095527824, 23.129174318005248, 39.521859711444954, 39.521859711444954, 39.521859711444954, 39.521859711444954, 39.521859711444954, 39.521859711444954, 39.521859711444954, 32.955718287911424, 15.101303413727136, 40.76744507472768, 3.5663720360589513, 44.984620982882056, 19.526169918222546, 9.065824347605464, 32.54575566296585, 40.968859893209654, 26.02382167603575, 23.227204138713812, 42.387445620593844, 10.993885972243286, 0.0, 41.36185826562156, 59.23020027986905, 44.479785095527824, 23.129174318005248, 39.521859711444954, 39.521859711444954, 39.521859711444954, 39.521859711444954, 39.521859711444954, 39.521859711444954, 39.521859711444954], [24.15066820362982, 2.6413753210173154, 38.573331031772334, 41.36185826562156, 0.0, 26.598178084499203, 37.57206149895197, 19.615862901469857, 33.067284222658245, 33.067284222658245, 33.067284222658245, 33.067284222658245, 33.067284222658245, 33.067284222658245, 33.067284222658245, 9.18177680635733, 35.48514885403716, 30.056849418074417, 43.44438593689413, 15.4558491256296, 28.800476288623052, 42.33023416504798, 48.41956470204708, 42.13150179071683, 16.13796982911715, 24.15066820362982, 2.6413753210173154, 38.573331031772334, 41.36185826562156, 0.0, 26.598178084499203, 37.57206149895197, 19.615862901469857, 33.067284222658245, 33.067284222658245, 33.067284222658245, 33.067284222658245, 33.067284222658245, 33.067284222658245, 33.067284222658245], [48.81964307465346, 23.989161450993908, 52.014066218857465, 59.23020027986905, 26.598178084499203, 0.0, 29.48217564984132, 36.620623138432144, 28.900321503853167, 28.900321503853167, 28.900321503853167, 28.900321503853167, 28.900321503853167, 28.900321503853167, 28.900321503853167, 34.20218320930358, 47.4824176687339, 25.122734248482598, 60.0, 14.48318123815697, 40.76643761436513, 56.30238299491465, 50.21195749469271, 37.33097565105003, 39.540967869634706, 48.81964307465346, 23.989161450993908, 52.014066218857465, 59.23020027986905, 26.598178084499203, 0.0, 29.48217564984132, 36.620623138432144, 28.900321503853167, 28.900321503853167, 28.900321503853167, 28.900321503853167, 28.900321503853167, 28.900321503853167, 28.900321503853167], [47.06645922979318, 35.6781291863179, 34.04919412289914, 44.479785095527824, 37.57206149895197, 29.48217564984132, 0.0, 29.986860224764325, 5.601082398448016, 5.601082398448016, 5.601082398448016, 5.601082398448016, 5.601082398448016, 5.601082398448016, 5.601082398448016, 38.58706062049883, 29.4754129196974, 7.534606477181475, 43.50946573938065, 24.437420123431306, 25.85297588674286, 37.768534082506775, 22.562150931075223, 8.093171249957848, 38.94511510586455, 47.06645922979318, 35.6781291863179, 34.04919412289914, 44.479785095527824, 37.57206149895197, 29.48217564984132, 0.0, 29.986860224764325, 5.601082398448016, 5.601082398448016, 5.601082398448016, 5.601082398448016, 5.601082398448016, 5.601082398448016, 5.601082398448016], [17.084861872043632, 20.03203475088397, 18.959647847776345, 23.129174318005248, 19.615862901469857, 36.620623138432144, 29.986860224764325, 0.0, 24.392731285535277, 24.392731285535277, 24.392731285535277, 24.392731285535277, 24.392731285535277, 24.392731285535277, 24.392731285535277, 13.456563573554915, 16.03678079214443, 23.568700323251754, 24.5956898251982, 22.171174360742715, 9.931245698971704, 22.783690079614875, 31.895929658719922, 30.794879741353157, 9.882347023210658, 17.084861872043632, 20.03203475088397, 18.959647847776345, 23.129174318005248, 19.615862901469857, 36.620623138432144, 29.986860224764325, 0.0, 24.392731285535277, 24.392731285535277, 24.392731285535277, 24.392731285535277, 24.392731285535277, 24.392731285535277, 24.392731285535277], [41.47542340088895, 31.367897630344896, 29.396781425587672, 39.521859711444954, 33.067284222658245, 28.900321503853167, 5.601082398448016, 24.392731285535277, 0.0, 0.0, 0.0, 0.0, 0.0, 0.0, 0.0, 33.381708002873, 24.70941175442714, 3.894503727904893, 38.78604111025637, 21.213531431039424, 20.530048846707334, 33.305674936573666, 21.368419423457535, 9.473283647328802, 33.435048048059194, 41.47542340088895, 31.367897630344896, 29.396781425587672, 39.521859711444954, 33.067284222658245, 28.900321503853167, 5.601082398448016, 24.392731285535277, 0.0, 0.0, 0.0, 0.0, 0.0, 0.0, 0.0], [41.47542340088895, 31.367897630344896, 29.396781425587672, 39.521859711444954, 33.067284222658245, 28.900321503853167, 5.601082398448016, 24.392731285535277, 0.0, 0.0, 0.0, 0.0, 0.0, 0.0, 0.0, 33.381708002873, 24.70941175442714, 3.894503727904893, 38.78604111025637, 21.213531431039424, 20.530048846707334, 33.305674936573666, 21.368419423457535, 9.473283647328802, 33.435048048059194, 41.47542340088895, 31.367897630344896, 29.396781425587672, 39.521859711444954, 33.067284222658245, 28.900321503853167, 5.601082398448016, 24.392731285535277, 0.0, 0.0, 0.0, 0.0, 0.0, 0.0, 0.0], [41.47542340088895, 31.367897630344896, 29.396781425587672, 39.521859711444954, 33.067284222658245, 28.900321503853167, 5.601082398448016, 24.392731285535277, 0.0, 0.0, 0.0, 0.0, 0.0, 0.0, 0.0, 33.381708002873, 24.70941175442714, 3.894503727904893, 38.78604111025637, 21.213531431039424, 20.530048846707334, 33.305674936573666, 21.368419423457535, 9.473283647328802, 33.435048048059194, 41.47542340088895, 31.367897630344896, 29.396781425587672, 39.521859711444954, 33.067284222658245, 28.900321503853167, 5.601082398448016, 24.392731285535277, 0.0, 0.0, 0.0, 0.0, 0.0, 0.0, 0.0], [41.47542340088895, 31.367897630344896, 29.396781425587672, 39.521859711444954, 33.067284222658245, 28.900321503853167, 5.601082398448016, 24.392731285535277, 0.0, 0.0, 0.0, 0.0, 0.0, 0.0, 0.0, 33.381708002873, 24.70941175442714, 3.894503727904893, 38.78604111025637, 21.213531431039424, 20.530048846707334, 33.305674936573666, 21.368419423457535, 9.473283647328802, 33.435048048059194, 41.47542340088895, 31.367897630344896, 29.396781425587672, 39.521859711444954, 33.067284222658245, 28.900321503853167, 5.601082398448016, 24.392731285535277, 0.0, 0.0, 0.0, 0.0, 0.0, 0.0, 0.0], [41.47542340088895, 31.367897630344896, 29.396781425587672, 39.521859711444954, 33.067284222658245, 28.900321503853167, 5.601082398448016, 24.392731285535277, 0.0, 0.0, 0.0, 0.0, 0.0, 0.0, 0.0, 33.381708002873, 24.70941175442714, 3.894503727904893, 38.78604111025637, 21.213531431039424, 20.530048846707334, 33.305674936573666, 21.368419423457535, 9.473283647328802, 33.435048048059194, 41.47542340088895, 31.367897630344896, 29.396781425587672, 39.521859711444954, 33.067284222658245, 28.900321503853167, 5.601082398448016, 24.392731285535277, 0.0, 0.0, 0.0, 0.0, 0.0, 0.0, 0.0], [41.47542340088895, 31.367897630344896, 29.396781425587672, 39.521859711444954, 33.067284222658245, 28.900321503853167, 5.601082398448016, 24.392731285535277, 0.0, 0.0, 0.0, 0.0, 0.0, 0.0, 0.0, 33.381708002873, 24.70941175442714, 3.894503727904893, 38.78604111025637, 21.213531431039424, 20.530048846707334, 33.305674936573666, 21.368419423457535, 9.473283647328802, 33.435048048059194, 41.47542340088895, 31.367897630344896, 29.396781425587672, 39.521859711444954, 33.067284222658245, 28.900321503853167, 5.601082398448016, 24.392731285535277, 0.0, 0.0, 0.0, 0.0, 0.0, 0.0, 0.0], [41.47542340088895, 31.367897630344896, 29.396781425587672, 39.521859711444954, 33.067284222658245, 28.900321503853167, 5.601082398448016, 24.392731285535277, 0.0, 0.0, 0.0, 0.0, 0.0, 0.0, 0.0, 33.381708002873, 24.70941175442714, 3.894503727904893, 38.78604111025637, 21.213531431039424, 20.530048846707334, 33.305674936573666, 21.368419423457535, 9.473283647328802, 33.435048048059194, 41.47542340088895, 31.367897630344896, 29.396781425587672, 39.521859711444954, 33.067284222658245, 28.900321503853167, 5.601082398448016, 24.392731285535277, 0.0, 0.0, 0.0, 0.0, 0.0, 0.0, 0.0], [15.096948467507737, 11.129037070774634, 31.645573176585827, 32.955718287911424, 9.18177680635733, 34.20218320930358, 38.58706062049883, 13.456563573554915, 33.381708002873, 33.381708002873, 33.381708002873, 33.381708002873, 33.381708002873, 33.381708002873, 33.381708002873, 0.0, 29.304502287850106, 31.19686483428478, 35.33068995596898, 20.979085524136895, 23.37911697975742, 35.02948145938021, 44.93944213542341, 41.49777311921026, 7.10357635071707, 15.096948467507737, 11.129037070774634, 31.645573176585827, 32.955718287911424, 9.18177680635733, 34.20218320930358, 38.58706062049883, 13.456563573554915, 33.381708002873, 33.381708002873, 33.381708002873, 33.381708002873, 33.381708002873, 33.381708002873, 33.381708002873], [27.00191692213213, 35.59486319255319, 4.764361512563465, 15.101303413727136, 35.48514885403716, 47.4824176687339, 29.4754129196974, 16.03678079214443, 24.70941175442714, 24.70941175442714, 24.70941175442714, 24.70941175442714, 24.70941175442714, 24.70941175442714, 24.70941175442714, 29.304502287850106, 0.0, 26.380176090892604, 14.077459953216025, 34.15121608718204, 7.064129363327736, 8.959392435166233, 19.70669729453518, 25.941738650544675, 24.15026549809828, 27.00191692213213, 35.59486319255319, 4.764361512563465, 15.101303413727136, 35.48514885403716, 47.4824176687339, 29.4754129196974, 16.03678079214443, 24.70941175442714, 24.70941175442714, 24.70941175442714, 24.70941175442714, 24.70941175442714, 24.70941175442714, 24.70941175442714], [40.493758190558815, 28.205962981465213, 31.13760153469206, 40.76744507472768, 30.056849418074417, 25.122734248482598, 7.534606477181475, 23.568700323251754, 3.894503727904893, 3.894503727904893, 3.894503727904893, 3.894503727904893, 3.894503727904893, 3.894503727904893, 3.894503727904893, 31.19686483428478, 26.380176090892604, 0.0, 40.35234785950722, 17.493883102616223, 21.348478739222852, 35.21247646156333, 25.090045430200504, 13.231366347402968, 32.00160714188874, 40.493758190558815, 28.205962981465213, 31.13760153469206, 40.76744507472768, 30.056849418074417, 25.122734248482598, 7.534606477181475, 23.568700323251754, 3.894503727904893, 3.894503727904893, 3.894503727904893, 3.894503727904893, 3.894503727904893, 3.894503727904893, 3.894503727904893], [26.468342880024228, 44.29987099617136, 9.470203908016973, 3.5663720360589513, 43.44438593689413, 60.0, 43.50946573938065, 24.5956898251982, 38.78604111025637, 38.78604111025637, 38.78604111025637, 38.78604111025637, 38.78604111025637, 38.78604111025637, 38.78604111025637, 35.33068995596898, 14.077459953216025, 40.35234785950722, 0.0, 45.959276982271454, 19.550944166362683, 6.418306842617425, 30.028845478877873, 39.43138016127156, 28.55531413883479, 26.468342880024228, 44.29987099617136, 9.470203908016973, 3.5663720360589513, 43.44438593689413, 60.0, 43.50946573938065, 24.5956898251982, 38.78604111025637, 38.78604111025637, 38.78604111025637, 38.78604111025637, 38.78604111025637, 38.78604111025637, 38.78604111025637], [34.87800667897663, 12.967038724209392, 38.46019835944364, 44.984620982882056, 15.4558491256296, 14.48318123815697, 24.437420123431306, 22.171174360742715, 21.213531431039424, 21.213531431039424, 21.213531431039424, 21.213531431039424, 21.213531431039424, 21.213531431039424, 21.213531431039424, 20.979085524136895, 34.15121608718204, 17.493883102616223, 45.959276982271454, 0.0, 27.187748426120713, 42.71845019924299, 40.698126479839274, 30.680863857544256, 25.490092043713666, 34.87800667897663, 12.967038724209392, 38.46019835944364, 44.984620982882056, 15.4558491256296, 14.48318123815697, 24.437420123431306, 22.171174360742715, 21.213531431039424, 21.213531431039424, 21.213531431039424, 21.213531431039424, 21.213531431039424, 21.213531431039424, 21.213531431039424], [24.226694178883427, 28.74449469896463, 11.285994939008571, 19.526169918222546, 28.800476288623052, 40.76643761436513, 25.85297588674286, 9.931245698971704, 20.530048846707334, 20.530048846707334, 20.530048846707334, 20.530048846707334, 20.530048846707334, 20.530048846707334, 20.530048846707334, 23.37911697975742, 7.064129363327736, 21.348478739222852, 19.550944166362683, 27.187748426120713, 0.0, 15.563541396021156, 22.37655654491211, 24.220846488118227, 19.23700397850689, 24.226694178883427, 28.74449469896463, 11.285994939008571, 19.526169918222546, 28.800476288623052, 40.76643761436513, 25.85297588674286, 9.931245698971704, 20.530048846707334, 20.530048846707334, 20.530048846707334, 20.530048846707334, 20.530048846707334, 20.530048846707334, 20.530048846707334], [28.81929836298269, 42.81418829861442, 4.288566497217319, 9.065824347605464, 42.33023416504798, 56.30238299491465, 37.768534082506775, 22.783690079614875, 33.305674936573666, 33.305674936573666, 33.305674936573666, 33.305674936573666, 33.305674936573666, 33.305674936573666, 33.305674936573666, 35.02948145938021, 8.959392435166233, 35.21247646156333, 6.418306842617425, 42.71845019924299, 15.563541396021156, 0.0, 23.634393874790533, 33.27060083837101, 28.8213980790425, 28.81929836298269, 42.81418829861442, 4.288566497217319, 9.065824347605464, 42.33023416504798, 56.30238299491465, 37.768534082506775, 22.783690079614875, 33.305674936573666, 33.305674936573666, 33.305674936573666, 33.305674936573666, 33.305674936573666, 33.305674936573666, 33.305674936573666], [46.19228131204126, 47.56280488654507, 21.98060462817176, 32.54575566296585, 48.41956470204708, 50.21195749469271, 22.562150931075223, 31.895929658719922, 21.368419423457535, 21.368419423457535, 21.368419423457535, 21.368419423457535, 21.368419423457535, 21.368419423457535, 21.368419423457535, 44.93944213542341, 19.70669729453518, 25.090045430200504, 30.028845478877873, 40.698126479839274, 22.37655654491211, 23.634393874790533, 0.0, 14.884906324777468, 41.55605249645989, 46.19228131204126, 47.56280488654507, 21.98060462817176, 32.54575566296585, 48.41956470204708, 50.21195749469271, 22.562150931075223, 31.895929658719922, 21.368419423457535, 21.368419423457535, 21.368419423457535, 21.368419423457535, 21.368419423457535, 21.368419423457535, 21.368419423457535], [47.57758410075252, 40.57422985295992, 30.06369357865937, 40.968859893209654, 42.13150179071683, 37.33097565105003, 8.093171249957848, 30.794879741353157, 9.473283647328802, 9.473283647328802, 9.473283647328802, 9.473283647328802, 9.473283647328802, 9.473283647328802, 9.473283647328802, 41.49777311921026, 25.941738650544675, 13.231366347402968, 39.43138016127156, 30.680863857544256, 24.220846488118227, 33.27060083837101, 14.884906324777468, 0.0, 40.47072505155677, 47.57758410075252, 40.57422985295992, 30.06369357865937, 40.968859893209654, 42.13150179071683, 37.33097565105003, 8.093171249957848, 30.794879741353157, 9.473283647328802, 9.473283647328802, 9.473283647328802, 9.473283647328802, 9.473283647328802, 9.473283647328802, 9.473283647328802], [9.405964882164628, 17.799020885854432, 25.790118428611237, 26.02382167603575, 16.13796982911715, 39.540967869634706, 38.94511510586455, 9.882347023210658, 33.435048048059194, 33.435048048059194, 33.435048048059194, 33.435048048059194, 33.435048048059194, 33.435048048059194, 33.435048048059194, 7.10357635071707, 24.15026549809828, 32.00160714188874, 28.55531413883479, 25.490092043713666, 19.23700397850689, 28.8213980790425, 41.55605249645989, 40.47072505155677, 0.0, 9.405964882164628, 17.799020885854432, 25.790118428611237, 26.02382167603575, 16.13796982911715, 39.540967869634706, 38.94511510586455, 9.882347023210658, 33.435048048059194, 33.435048048059194, 33.435048048059194, 33.435048048059194, 33.435048048059194, 33.435048048059194, 33.435048048059194], [0.0, 26.222031241375905, 26.981370416107087, 23.227204138713812, 24.15066820362982, 48.81964307465346, 47.06645922979318, 17.084861872043632, 41.47542340088895, 41.47542340088895, 41.47542340088895, 41.47542340088895, 41.47542340088895, 41.47542340088895, 41.47542340088895, 15.096948467507737, 27.00191692213213, 40.493758190558815, 26.468342880024228, 34.87800667897663, 24.226694178883427, 28.81929836298269, 46.19228131204126, 47.57758410075252, 9.405964882164628, 0.0, 26.222031241375905, 26.981370416107087, 23.227204138713812, 24.15066820362982, 48.81964307465346, 47.06645922979318, 17.084861872043632, 41.47542340088895, 41.47542340088895, 41.47542340088895, 41.47542340088895, 41.47542340088895, 41.47542340088895, 41.47542340088895], [26.222031241375905, 0.0, 38.93232157500796, 42.387445620593844, 2.6413753210173154, 23.989161450993908, 35.6781291863179, 20.03203475088397, 31.367897630344896, 31.367897630344896, 31.367897630344896, 31.367897630344896, 31.367897630344896, 31.367897630344896, 31.367897630344896, 11.129037070774634, 35.59486319255319, 28.205962981465213, 44.29987099617136, 12.967038724209392, 28.74449469896463, 42.81418829861442, 47.56280488654507, 40.57422985295992, 17.799020885854432, 26.222031241375905, 0.0, 38.93232157500796, 42.387445620593844, 2.6413753210173154, 23.989161450993908, 35.6781291863179, 20.03203475088397, 31.367897630344896, 31.367897630344896, 31.367897630344896, 31.367897630344896, 31.367897630344896, 31.367897630344896, 31.367897630344896], [26.981370416107087, 38.93232157500796, 0.0, 10.993885972243286, 38.573331031772334, 52.014066218857465, 34.04919412289914, 18.959647847776345, 29.396781425587672, 29.396781425587672, 29.396781425587672, 29.396781425587672, 29.396781425587672, 29.396781425587672, 29.396781425587672, 31.645573176585827, 4.764361512563465, 31.13760153469206, 9.470203908016973, 38.46019835944364, 11.285994939008571, 4.288566497217319, 21.98060462817176, 30.06369357865937, 25.790118428611237, 26.981370416107087, 38.93232157500796, 0.0, 10.993885972243286, 38.573331031772334, 52.014066218857465, 34.04919412289914, 18.959647847776345, 29.396781425587672, 29.396781425587672, 29.396781425587672, 29.396781425587672, 29.396781425587672, 29.396781425587672, 29.396781425587672], [23.227204138713812, 42.387445620593844, 10.993885972243286, 0.0, 41.36185826562156, 59.23020027986905, 44.479785095527824, 23.129174318005248, 39.521859711444954, 39.521859711444954, 39.521859711444954, 39.521859711444954, 39.521859711444954, 39.521859711444954, 39.521859711444954, 32.955718287911424, 15.101303413727136, 40.76744507472768, 3.5663720360589513, 44.984620982882056, 19.526169918222546, 9.065824347605464, 32.54575566296585, 40.968859893209654, 26.02382167603575, 23.227204138713812, 42.387445620593844, 10.993885972243286, 0.0, 41.36185826562156, 59.23020027986905, 44.479785095527824, 23.129174318005248, 39.521859711444954, 39.521859711444954, 39.521859711444954, 39.521859711444954, 39.521859711444954, 39.521859711444954, 39.521859711444954], [24.15066820362982, 2.6413753210173154, 38.573331031772334, 41.36185826562156, 0.0, 26.598178084499203, 37.57206149895197, 19.615862901469857, 33.067284222658245, 33.067284222658245, 33.067284222658245, 33.067284222658245, 33.067284222658245, 33.067284222658245, 33.067284222658245, 9.18177680635733, 35.48514885403716, 30.056849418074417, 43.44438593689413, 15.4558491256296, 28.800476288623052, 42.33023416504798, 48.41956470204708, 42.13150179071683, 16.13796982911715, 24.15066820362982, 2.6413753210173154, 38.573331031772334, 41.36185826562156, 0.0, 26.598178084499203, 37.57206149895197, 19.615862901469857, 33.067284222658245, 33.067284222658245, 33.067284222658245, 33.067284222658245, 33.067284222658245, 33.067284222658245, 33.067284222658245], [48.81964307465346, 23.989161450993908, 52.014066218857465, 59.23020027986905, 26.598178084499203, 0.0, 29.48217564984132, 36.620623138432144, 28.900321503853167, 28.900321503853167, 28.900321503853167, 28.900321503853167, 28.900321503853167, 28.900321503853167, 28.900321503853167, 34.20218320930358, 47.4824176687339, 25.122734248482598, 60.0, 14.48318123815697, 40.76643761436513, 56.30238299491465, 50.21195749469271, 37.33097565105003, 39.540967869634706, 48.81964307465346, 23.989161450993908, 52.014066218857465, 59.23020027986905, 26.598178084499203, 0.0, 29.48217564984132, 36.620623138432144, 28.900321503853167, 28.900321503853167, 28.900321503853167, 28.900321503853167, 28.900321503853167, 28.900321503853167, 28.900321503853167], [47.06645922979318, 35.6781291863179, 34.04919412289914, 44.479785095527824, 37.57206149895197, 29.48217564984132, 0.0, 29.986860224764325, 5.601082398448016, 5.601082398448016, 5.601082398448016, 5.601082398448016, 5.601082398448016, 5.601082398448016, 5.601082398448016, 38.58706062049883, 29.4754129196974, 7.534606477181475, 43.50946573938065, 24.437420123431306, 25.85297588674286, 37.768534082506775, 22.562150931075223, 8.093171249957848, 38.94511510586455, 47.06645922979318, 35.6781291863179, 34.04919412289914, 44.479785095527824, 37.57206149895197, 29.48217564984132, 0.0, 29.986860224764325, 5.601082398448016, 5.601082398448016, 5.601082398448016, 5.601082398448016, 5.601082398448016, 5.601082398448016, 5.601082398448016], [17.084861872043632, 20.03203475088397, 18.959647847776345, 23.129174318005248, 19.615862901469857, 36.620623138432144, 29.986860224764325, 0.0, 24.392731285535277, 24.392731285535277, 24.392731285535277, 24.392731285535277, 24.392731285535277, 24.392731285535277, 24.392731285535277, 13.456563573554915, 16.03678079214443, 23.568700323251754, 24.5956898251982, 22.171174360742715, 9.931245698971704, 22.783690079614875, 31.895929658719922, 30.794879741353157, 9.882347023210658, 17.084861872043632, 20.03203475088397, 18.959647847776345, 23.129174318005248, 19.615862901469857, 36.620623138432144, 29.986860224764325, 0.0, 24.392731285535277, 24.392731285535277, 24.392731285535277, 24.392731285535277, 24.392731285535277, 24.392731285535277, 24.392731285535277], [41.47542340088895, 31.367897630344896, 29.396781425587672, 39.521859711444954, 33.067284222658245, 28.900321503853167, 5.601082398448016, 24.392731285535277, 0.0, 0.0, 0.0, 0.0, 0.0, 0.0, 0.0, 33.381708002873, 24.70941175442714, 3.894503727904893, 38.78604111025637, 21.213531431039424, 20.530048846707334, 33.305674936573666, 21.368419423457535, 9.473283647328802, 33.435048048059194, 41.47542340088895, 31.367897630344896, 29.396781425587672, 39.521859711444954, 33.067284222658245, 28.900321503853167, 5.601082398448016, 24.392731285535277, 0.0, 0.0, 0.0, 0.0, 0.0, 0.0, 0.0], [41.47542340088895, 31.367897630344896, 29.396781425587672, 39.521859711444954, 33.067284222658245, 28.900321503853167, 5.601082398448016, 24.392731285535277, 0.0, 0.0, 0.0, 0.0, 0.0, 0.0, 0.0, 33.381708002873, 24.70941175442714, 3.894503727904893, 38.78604111025637, 21.213531431039424, 20.530048846707334, 33.305674936573666, 21.368419423457535, 9.473283647328802, 33.435048048059194, 41.47542340088895, 31.367897630344896, 29.396781425587672, 39.521859711444954, 33.067284222658245, 28.900321503853167, 5.601082398448016, 24.392731285535277, 0.0, 0.0, 0.0, 0.0, 0.0, 0.0, 0.0], [41.47542340088895, 31.367897630344896, 29.396781425587672, 39.521859711444954, 33.067284222658245, 28.900321503853167, 5.601082398448016, 24.392731285535277, 0.0, 0.0, 0.0, 0.0, 0.0, 0.0, 0.0, 33.381708002873, 24.70941175442714, 3.894503727904893, 38.78604111025637, 21.213531431039424, 20.530048846707334, 33.305674936573666, 21.368419423457535, 9.473283647328802, 33.435048048059194, 41.47542340088895, 31.367897630344896, 29.396781425587672, 39.521859711444954, 33.067284222658245, 28.900321503853167, 5.601082398448016, 24.392731285535277, 0.0, 0.0, 0.0, 0.0, 0.0, 0.0, 0.0], [41.47542340088895, 31.367897630344896, 29.396781425587672, 39.521859711444954, 33.067284222658245, 28.900321503853167, 5.601082398448016, 24.392731285535277, 0.0, 0.0, 0.0, 0.0, 0.0, 0.0, 0.0, 33.381708002873, 24.70941175442714, 3.894503727904893, 38.78604111025637, 21.213531431039424, 20.530048846707334, 33.305674936573666, 21.368419423457535, 9.473283647328802, 33.435048048059194, 41.47542340088895, 31.367897630344896, 29.396781425587672, 39.521859711444954, 33.067284222658245, 28.900321503853167, 5.601082398448016, 24.392731285535277, 0.0, 0.0, 0.0, 0.0, 0.0, 0.0, 0.0], [41.47542340088895, 31.367897630344896, 29.396781425587672, 39.521859711444954, 33.067284222658245, 28.900321503853167, 5.601082398448016, 24.392731285535277, 0.0, 0.0, 0.0, 0.0, 0.0, 0.0, 0.0, 33.381708002873, 24.70941175442714, 3.894503727904893, 38.78604111025637, 21.213531431039424, 20.530048846707334, 33.305674936573666, 21.368419423457535, 9.473283647328802, 33.435048048059194, 41.47542340088895, 31.367897630344896, 29.396781425587672, 39.521859711444954, 33.067284222658245, 28.900321503853167, 5.601082398448016, 24.392731285535277, 0.0, 0.0, 0.0, 0.0, 0.0, 0.0, 0.0], [41.47542340088895, 31.367897630344896, 29.396781425587672, 39.521859711444954, 33.067284222658245, 28.900321503853167, 5.601082398448016, 24.392731285535277, 0.0, 0.0, 0.0, 0.0, 0.0, 0.0, 0.0, 33.381708002873, 24.70941175442714, 3.894503727904893, 38.78604111025637, 21.213531431039424, 20.530048846707334, 33.305674936573666, 21.368419423457535, 9.473283647328802, 33.435048048059194, 41.47542340088895, 31.367897630344896, 29.396781425587672, 39.521859711444954, 33.067284222658245, 28.900321503853167, 5.601082398448016, 24.392731285535277, 0.0, 0.0, 0.0, 0.0, 0.0, 0.0, 0.0], [41.47542340088895, 31.367897630344896, 29.396781425587672, 39.521859711444954, 33.067284222658245, 28.900321503853167, 5.601082398448016, 24.392731285535277, 0.0, 0.0, 0.0, 0.0, 0.0, 0.0, 0.0, 33.381708002873, 24.70941175442714, 3.894503727904893, 38.78604111025637, 21.213531431039424, 20.530048846707334, 33.305674936573666, 21.368419423457535, 9.473283647328802, 33.435048048059194, 41.47542340088895, 31.367897630344896, 29.396781425587672, 39.521859711444954, 33.067284222658245, 28.900321503853167, 5.601082398448016, 24.392731285535277, 0.0, 0.0, 0.0, 0.0, 0.0, 0.0, 0.0]];
