M = 99999999.0;
numWorkers = 15;
numRoles = 3;
numNodes = 40;
wStart = [120, 30, 390, 0, 60, 270, 270, 30, 0, 0, 0, 0, 0, 0, 0, 210, 60, 240, 60, 30, 210, 30, 30, 60, 60, 450, 450, 450, 420, 330, 360, 390, 450, 480, 480, 480, 480, 480, 480, 480];
wEnd = [120, 30, 390, 0, 60, 270, 270, 30, 0, 0, 0, 0, 0, 0, 0, 450, 210, 390, 330, 90, 360, 330, 90, 330, 210, 450, 450, 450, 420, 330, 360, 390, 450, 480, 480, 480, 480, 480, 480, 480];
p = [0, 0, 0, 0, 0, 0, 0, 0, 0, 0, 0, 0, 0, 0, 0, 45.07089332608717, 51.49971174155432, 64.05605859561612, 36.422415269333584, 53.55069426012556, 40.25357233915122, 29.172177680588813, 26.77534713006278, 18.211207634666792, 25.74985587077716, 0, 0, 0, 0, 0, 0, 0, 0, 0, 0, 0, 0, 0, 0, 0];
e = [[1, 1, 0], [1, 1, 0], [1, 0, 1], [1, 1, 0], [0, 1, 1], [1, 1, 0], [0, 1, 0], [0, 1, 1], [0, 1, 1], [1, 1, 0], [0, 1, 0], [0, 1, 0], [0, 0, 1], [0, 0, 1], [0, 1, 0]];
d = [[2, 1, 0, 1, 1, 1, 2, 2, 2, 2], [1, 0, 1, 0, 0, 0, 1, 0, 0, 0], [0, 0, 0, 1, 0, 1, 0, 0, 2, 0]];
r = [2197, 204, 4378, 3249, 592, 2229, 3869, 592, 3249, 204];
g = [[0, 0, 0, 0, 0, 0, 0, 0, 0, 0], [0, 0, 0, 0, 0, 0, 0, 0, 0, 1], [0, 0, 0, 0, 0, 0, 0, 0, 0, 0], [0, 0, 0, 0, 0, 0, 0, 0, 1, 0], [0, 0, 0, 0, 0, 0, 0, 1, 0, 0], [0, 0, 0, 0, 0, 0, 0, 0, 0, 0], [0, 0, 0, 0, 0, 0, 0, 0, 0, 0], [0, 0, 0, 0, 1, 0, 0, 0, 0, 0], [0, 0, 0, 1, 0, 0, 0, 0, 0, 0], [0, 1, 0, 0, 0, 0, 0, 0, 0, 0]];
t = [[0.0, 3.666495899014573, 15.0515370504478, 9.313255587729794, 13.122847853722718, 14.438049654135849, 12.351555146956027, 8.95454882241858, 17.46167669606811, 17.46167669606811, 17.46167669606811, 17.46167669606811, 17.46167669606811, 17.46167669606811, 17.46167669606811, 6.988533485593358, 17.70206096082554, 15.47873370043194, 12.307603447257716, 5.121725672337039, 3.083062577626288, 9.381660079844359, 5.121725672337039, 12.307603447257716, 17.70206096082554, 0.0, 3.666495899014573, 15.0515370504478, 9.313255587729794, 13.122847853722718, 14.438049654135849, 12.351555146956027, 8.95454882241858, 17.46167669606811, 17.46167669606811, 17.46167669606811, 17.46167669606811, 17.46167669606811, 17.46167669606811, 17.46167669606811], [3.666495899014573, 0.0, 11.641304924435456, 9.520691611193831, 10.120277220956769, 10.938332608210754, 14.944911844951246, 9.87841353563591, 15.281807512779647, 15.281807512779647, 15.281807512779647, 15.281807512779647, 15.281807512779647, 15.281807512779647, 15.281807512779647, 9.538629284897985, 15.266072852658333, 12.442181216765835, 13.232084075736472, 2.4088652057905398, 5.566116614229305, 11.027388305701601, 2.4088652057905398, 13.232084075736472, 15.266072852658333, 3.666495899014573, 0.0, 11.641304924435456, 9.520691611193831, 10.120277220956769, 10.938332608210754, 14.944911844951246, 9.87841353563591, 15.281807512779647, 15.281807512779647, 15.281807512779647, 15.281807512779647, 15.281807512779647, 15.281807512779647, 15.281807512779647], [15.0515370504478, 11.641304924435456, 0.0, 13.66289125756706, 3.3741019791211073, 8.604400916825819, 22.563160493821396, 15.33961561453114, 18.135846753119072, 18.135846753119072, 18.135846753119072, 18.135846753119072, 18.135846753119072, 18.135846753119072, 18.135846753119072, 21.050902017964372, 17.161418288309687, 3.0232727286429513, 23.158015731017368, 9.983845400714564, 15.468755261654042, 21.90781508887129, 9.983845400714564, 23.158015731017368, 17.161418288309687, 15.0515370504478, 11.641304924435456, 0.0, 13.66289125756706, 3.3741019791211073, 8.604400916825819, 22.563160493821396, 15.33961561453114, 18.135846753119072, 18.135846753119072, 18.135846753119072, 18.135846753119072, 18.135846753119072, 18.135846753119072, 18.135846753119072], [9.313255587729794, 9.520691611193831, 13.66289125756706, 0.0, 10.389824271229642, 18.109988084638033, 9.127063995388259, 1.8616883215019315, 24.552639763352886, 24.552639763352886, 24.552639763352886, 24.552639763352886, 24.552639763352886, 24.552639763352886, 24.552639763352886, 15.891486211355945, 24.344732611064, 12.183157186837278, 21.618898689318772, 7.755506600647767, 6.777756809584774, 18.63728783467452, 7.755506600647767, 21.618898689318772, 24.344732611064, 9.313255587729794, 9.520691611193831, 13.66289125756706, 0.0, 10.389824271229642, 18.109988084638033, 9.127063995388259, 1.8616883215019315, 24.552639763352886, 24.552639763352886, 24.552639763352886, 24.552639763352886, 24.552639763352886, 24.552639763352886, 24.552639763352886], [13.122847853722718, 10.120277220956769, 3.3741019791211073, 10.389824271229642, 0.0, 10.650422246875825, 19.400065318144733, 12.120277223735926, 19.668574817257852, 19.668574817257852, 19.668574817257852, 19.668574817257852, 19.668574817257852, 19.668574817257852, 19.668574817257852, 19.65109743631194, 18.884277886419806, 2.3559216510233667, 22.721150784111746, 8.02734311023802, 12.98544289418448, 20.994005315663355, 8.02734311023802, 22.721150784111746, 18.884277886419806, 13.122847853722718, 10.120277220956769, 3.3741019791211073, 10.389824271229642, 0.0, 10.650422246875825, 19.400065318144733, 12.120277223735926, 19.668574817257852, 19.668574817257852, 19.668574817257852, 19.668574817257852, 19.668574817257852, 19.668574817257852, 19.668574817257852], [14.438049654135849, 10.938332608210754, 8.604400916825819, 18.109988084638033, 10.650422246875825, 0.0, 25.50874390909794, 19.25117958356706, 9.63556172508163, 9.63556172508163, 9.63556172508163, 9.63556172508163, 9.63556172508163, 9.63556172508163, 9.63556172508163, 17.975289232690898, 8.578649588900259, 11.513010347612164, 17.52263134817766, 11.064854025096137, 16.434442686712206, 17.49066577827519, 11.064854025096137, 17.52263134817766, 8.578649588900259, 14.438049654135849, 10.938332608210754, 8.604400916825819, 18.109988084638033, 10.650422246875825, 0.0, 25.50874390909794, 19.25117958356706, 9.63556172508163, 9.63556172508163, 9.63556172508163, 9.63556172508163, 9.63556172508163, 9.63556172508163, 9.63556172508163], [12.351555146956027, 14.944911844951246, 22.563160493821396, 9.127063995388259, 19.400065318144733, 25.50874390909794, 0.0, 7.307384406311658, 29.807890355014155, 29.807890355014155, 29.807890355014155, 29.807890355014155, 29.807890355014155, 29.807890355014155, 29.807890355014155, 15.839267380924726, 30.0, 21.29203528135146, 22.719752547071266, 14.447692747833868, 9.477747270629283, 19.212867185569035, 14.447692747833868, 22.719752547071266, 30.0, 12.351555146956027, 14.944911844951246, 22.563160493821396, 9.127063995388259, 19.400065318144733, 25.50874390909794, 0.0, 7.307384406311658, 29.807890355014155, 29.807890355014155, 29.807890355014155, 29.807890355014155, 29.807890355014155, 29.807890355014155, 29.807890355014155], [8.95454882241858, 9.87841353563591, 15.33961561453114, 1.8616883215019315, 12.120277223735926, 19.25117958356706, 7.307384406311658, 0.0, 25.12809206397914, 25.12809206397914, 25.12809206397914, 25.12809206397914, 25.12809206397914, 25.12809206397914, 25.12809206397914, 15.109517478742498, 25.024254017643788, 13.984651855468169, 21.18447545240494, 8.476362259674511, 6.081881300497844, 18.044288053729524, 8.476362259674511, 21.18447545240494, 25.024254017643788, 8.95454882241858, 9.87841353563591, 15.33961561453114, 1.8616883215019315, 12.120277223735926, 19.25117958356706, 7.307384406311658, 0.0, 25.12809206397914, 25.12809206397914, 25.12809206397914, 25.12809206397914, 25.12809206397914, 25.12809206397914, 25.12809206397914], [17.46167669606811, 15.281807512779647, 18.135846753119072, 24.552639763352886, 19.668574817257852, 9.63556172508163, 29.807890355014155, 25.12809206397914, 0.0, 0.0, 0.0, 0.0, 0.0, 0.0, 0.0, 17.11230581842249, 1.4784683268528764, 20.91761982496091, 12.981425042005228, 16.797793788109907, 20.37534763678223, 14.89255460693538, 16.797793788109907, 12.981425042005228, 1.4784683268528764, 17.46167669606811, 15.281807512779647, 18.135846753119072, 24.552639763352886, 19.668574817257852, 9.63556172508163, 29.807890355014155, 25.12809206397914, 0.0, 0.0, 0.0, 0.0, 0.0, 0.0, 0.0], [17.46167669606811, 15.281807512779647, 18.135846753119072, 24.552639763352886, 19.668574817257852, 9.63556172508163, 29.807890355014155, 25.12809206397914, 0.0, 0.0, 0.0, 0.0, 0.0, 0.0, 0.0, 17.11230581842249, 1.4784683268528764, 20.91761982496091, 12.981425042005228, 16.797793788109907, 20.37534763678223, 14.89255460693538, 16.797793788109907, 12.981425042005228, 1.4784683268528764, 17.46167669606811, 15.281807512779647, 18.135846753119072, 24.552639763352886, 19.668574817257852, 9.63556172508163, 29.807890355014155, 25.12809206397914, 0.0, 0.0, 0.0, 0.0, 0.0, 0.0, 0.0], [17.46167669606811, 15.281807512779647, 18.135846753119072, 24.552639763352886, 19.668574817257852, 9.63556172508163, 29.807890355014155, 25.12809206397914, 0.0, 0.0, 0.0, 0.0, 0.0, 0.0, 0.0, 17.11230581842249, 1.4784683268528764, 20.91761982496091, 12.981425042005228, 16.797793788109907, 20.37534763678223, 14.89255460693538, 16.797793788109907, 12.981425042005228, 1.4784683268528764, 17.46167669606811, 15.281807512779647, 18.135846753119072, 24.552639763352886, 19.668574817257852, 9.63556172508163, 29.807890355014155, 25.12809206397914, 0.0, 0.0, 0.0, 0.0, 0.0, 0.0, 0.0], [17.46167669606811, 15.281807512779647, 18.135846753119072, 24.552639763352886, 19.668574817257852, 9.63556172508163, 29.807890355014155, 25.12809206397914, 0.0, 0.0, 0.0, 0.0, 0.0, 0.0, 0.0, 17.11230581842249, 1.4784683268528764, 20.91761982496091, 12.981425042005228, 16.797793788109907, 20.37534763678223, 14.89255460693538, 16.797793788109907, 12.981425042005228, 1.4784683268528764, 17.46167669606811, 15.281807512779647, 18.135846753119072, 24.552639763352886, 19.668574817257852, 9.63556172508163, 29.807890355014155, 25.12809206397914, 0.0, 0.0, 0.0, 0.0, 0.0, 0.0, 0.0], [17.46167669606811, 15.281807512779647, 18.135846753119072, 24.552639763352886, 19.668574817257852, 9.63556172508163, 29.807890355014155, 25.12809206397914, 0.0, 0.0, 0.0, 0.0, 0.0, 0.0, 0.0, 17.11230581842249, 1.4784683268528764, 20.91761982496091, 12.981425042005228, 16.797793788109907, 20.37534763678223, 14.89255460693538, 16.797793788109907, 12.981425042005228, 1.4784683268528764, 17.46167669606811, 15.281807512779647, 18.135846753119072, 24.552639763352886, 19.668574817257852, 9.63556172508163, 29.807890355014155, 25.12809206397914, 0.0, 0.0, 0.0, 0.0, 0.0, 0.0, 0.0], [17.46167669606811, 15.281807512779647, 18.135846753119072, 24.552639763352886, 19.668574817257852, 9.63556172508163, 29.807890355014155, 25.12809206397914, 0.0, 0.0, 0.0, 0.0, 0.0, 0.0, 0.0, 17.11230581842249, 1.4784683268528764, 20.91761982496091, 12.981425042005228, 16.797793788109907, 20.37534763678223, 14.89255460693538, 16.797793788109907, 12.981425042005228, 1.4784683268528764, 17.46167669606811, 15.281807512779647, 18.135846753119072, 24.552639763352886, 19.668574817257852, 9.63556172508163, 29.807890355014155, 25.12809206397914, 0.0, 0.0, 0.0, 0.0, 0.0, 0.0, 0.0], [17.46167669606811, 15.281807512779647, 18.135846753119072, 24.552639763352886, 19.668574817257852, 9.63556172508163, 29.807890355014155, 25.12809206397914, 0.0, 0.0, 0.0, 0.0, 0.0, 0.0, 0.0, 17.11230581842249, 1.4784683268528764, 20.91761982496091, 12.981425042005228, 16.797793788109907, 20.37534763678223, 14.89255460693538, 16.797793788109907, 12.981425042005228, 1.4784683268528764, 17.46167669606811, 15.281807512779647, 18.135846753119072, 24.552639763352886, 19.668574817257852, 9.63556172508163, 29.807890355014155, 25.12809206397914, 0.0, 0.0, 0.0, 0.0, 0.0, 0.0, 0.0], [6.988533485593358, 9.538629284897985, 21.050902017964372, 15.891486211355945, 19.65109743631194, 17.975289232690898, 15.839267380924726, 15.109517478742498, 17.11230581842249, 17.11230581842249, 17.11230581842249, 17.11230581842249, 17.11230581842249, 17.11230581842249, 17.11230581842249, 0.0, 17.90308393886345, 21.979637169994483, 6.917991542862815, 11.698322492929119, 9.118028900233213, 3.388245656789374, 11.698322492929119, 6.917991542862815, 17.90308393886345, 6.988533485593358, 9.538629284897985, 21.050902017964372, 15.891486211355945, 19.65109743631194, 17.975289232690898, 15.839267380924726, 15.109517478742498, 17.11230581842249, 17.11230581842249, 17.11230581842249, 17.11230581842249, 17.11230581842249, 17.11230581842249, 17.11230581842249], [17.70206096082554, 15.266072852658333, 17.161418288309687, 24.344732611064, 18.884277886419806, 8.578649588900259, 30.0, 25.024254017643788, 1.4784683268528764, 1.4784683268528764, 1.4784683268528764, 1.4784683268528764, 1.4784683268528764, 1.4784683268528764, 1.4784683268528764, 17.90308393886345, 0.0, 20.009181861022675, 14.171702876956946, 16.602928147828557, 20.5292123191767, 15.873349037980315, 16.602928147828557, 14.171702876956946, 0.0, 17.70206096082554, 15.266072852658333, 17.161418288309687, 24.344732611064, 18.884277886419806, 8.578649588900259, 30.0, 25.024254017643788, 1.4784683268528764, 1.4784683268528764, 1.4784683268528764, 1.4784683268528764, 1.4784683268528764, 1.4784683268528764, 1.4784683268528764], [15.47873370043194, 12.442181216765835, 3.0232727286429513, 12.183157186837278, 2.3559216510233667, 11.513010347612164, 21.29203528135146, 13.984651855468169, 20.91761982496091, 20.91761982496091, 20.91761982496091, 20.91761982496091, 20.91761982496091, 20.91761982496091, 20.91761982496091, 21.979637169994483, 20.009181861022675, 0.0, 24.858079245764863, 10.380365885771486, 15.288530328911477, 23.245619324223576, 10.380365885771486, 24.858079245764863, 20.009181861022675, 15.47873370043194, 12.442181216765835, 3.0232727286429513, 12.183157186837278, 2.3559216510233667, 11.513010347612164, 21.29203528135146, 13.984651855468169, 20.91761982496091, 20.91761982496091, 20.91761982496091, 20.91761982496091, 20.91761982496091, 20.91761982496091, 20.91761982496091], [12.307603447257716, 13.232084075736472, 23.158015731017368, 21.618898689318772, 22.721150784111746, 17.52263134817766, 22.719752547071266, 21.18447545240494, 12.981425042005228, 12.981425042005228, 12.981425042005228, 12.981425042005228, 12.981425042005228, 12.981425042005228, 12.981425042005228, 6.917991542862815, 14.171702876956946, 24.858079245764863, 0.0, 15.640726513852787, 15.11392347436627, 3.531408168730279, 15.640726513852787, 0.0, 14.171702876956946, 12.307603447257716, 13.232084075736472, 23.158015731017368, 21.618898689318772, 22.721150784111746, 17.52263134817766, 22.719752547071266, 21.18447545240494, 12.981425042005228, 12.981425042005228, 12.981425042005228, 12.981425042005228, 12.981425042005228, 12.981425042005228, 12.981425042005228], [5.121725672337039, 2.4088652057905398, 9.983845400714564, 7.755506600647767, 8.02734311023802, 11.064854025096137, 14.447692747833868, 8.476362259674511, 16.797793788109907, 16.797793788109907, 16.797793788109907, 16.797793788109907, 16.797793788109907, 16.797793788109907, 16.797793788109907, 11.698322492929119, 16.602928147828557, 10.380365885771486, 15.640726513852787, 0.0, 5.753770152688734, 13.391044053364245, 0.0, 15.640726513852787, 16.602928147828557, 5.121725672337039, 2.4088652057905398, 9.983845400714564, 7.755506600647767, 8.02734311023802, 11.064854025096137, 14.447692747833868, 8.476362259674511, 16.797793788109907, 16.797793788109907, 16.797793788109907, 16.797793788109907, 16.797793788109907, 16.797793788109907, 16.797793788109907], [3.083062577626288, 5.566116614229305, 15.468755261654042, 6.777756809584774, 12.98544289418448, 16.434442686712206, 9.477747270629283, 6.081881300497844, 20.37534763678223, 20.37534763678223, 20.37534763678223, 20.37534763678223, 20.37534763678223, 20.37534763678223, 20.37534763678223, 9.118028900233213, 20.5292123191767, 15.288530328911477, 15.11392347436627, 5.753770152688734, 0.0, 11.96684314736206, 5.753770152688734, 15.11392347436627, 20.5292123191767, 3.083062577626288, 5.566116614229305, 15.468755261654042, 6.777756809584774, 12.98544289418448, 16.434442686712206, 9.477747270629283, 6.081881300497844, 20.37534763678223, 20.37534763678223, 20.37534763678223, 20.37534763678223, 20.37534763678223, 20.37534763678223, 20.37534763678223], [9.381660079844359, 11.027388305701601, 21.90781508887129, 18.63728783467452, 20.994005315663355, 17.49066577827519, 19.212867185569035, 18.044288053729524, 14.89255460693538, 14.89255460693538, 14.89255460693538, 14.89255460693538, 14.89255460693538, 14.89255460693538, 14.89255460693538, 3.388245656789374, 15.873349037980315, 23.245619324223576, 3.531408168730279, 13.391044053364245, 11.96684314736206, 0.0, 13.391044053364245, 3.531408168730279, 15.873349037980315, 9.381660079844359, 11.027388305701601, 21.90781508887129, 18.63728783467452, 20.994005315663355, 17.49066577827519, 19.212867185569035, 18.044288053729524, 14.89255460693538, 14.89255460693538, 14.89255460693538, 14.89255460693538, 14.89255460693538, 14.89255460693538, 14.89255460693538], [5.121725672337039, 2.4088652057905398, 9.983845400714564, 7.755506600647767, 8.02734311023802, 11.064854025096137, 14.447692747833868, 8.476362259674511, 16.797793788109907, 16.797793788109907, 16.797793788109907, 16.797793788109907, 16.797793788109907, 16.797793788109907, 16.797793788109907, 11.698322492929119, 16.602928147828557, 10.380365885771486, 15.640726513852787, 0.0, 5.753770152688734, 13.391044053364245, 0.0, 15.640726513852787, 16.602928147828557, 5.121725672337039, 2.4088652057905398, 9.983845400714564, 7.755506600647767, 8.02734311023802, 11.064854025096137, 14.447692747833868, 8.476362259674511, 16.797793788109907, 16.797793788109907, 16.797793788109907, 16.797793788109907, 16.797793788109907, 16.797793788109907, 16.797793788109907], [12.307603447257716, 13.232084075736472, 23.158015731017368, 21.618898689318772, 22.721150784111746, 17.52263134817766, 22.719752547071266, 21.18447545240494, 12.981425042005228, 12.981425042005228, 12.981425042005228, 12.981425042005228, 12.981425042005228, 12.981425042005228, 12.981425042005228, 6.917991542862815, 14.171702876956946, 24.858079245764863, 0.0, 15.640726513852787, 15.11392347436627, 3.531408168730279, 15.640726513852787, 0.0, 14.171702876956946, 12.307603447257716, 13.232084075736472, 23.158015731017368, 21.618898689318772, 22.721150784111746, 17.52263134817766, 22.719752547071266, 21.18447545240494, 12.981425042005228, 12.981425042005228, 12.981425042005228, 12.981425042005228, 12.981425042005228, 12.981425042005228, 12.981425042005228], [17.70206096082554, 15.266072852658333, 17.161418288309687, 24.344732611064, 18.884277886419806, 8.578649588900259, 30.0, 25.024254017643788, 1.4784683268528764, 1.4784683268528764, 1.4784683268528764, 1.4784683268528764, 1.4784683268528764, 1.4784683268528764, 1.4784683268528764, 17.90308393886345, 0.0, 20.009181861022675, 14.171702876956946, 16.602928147828557, 20.5292123191767, 15.873349037980315, 16.602928147828557, 14.171702876956946, 0.0, 17.70206096082554, 15.266072852658333, 17.161418288309687, 24.344732611064, 18.884277886419806, 8.578649588900259, 30.0, 25.024254017643788, 1.4784683268528764, 1.4784683268528764, 1.4784683268528764, 1.4784683268528764, 1.4784683268528764, 1.4784683268528764, 1.4784683268528764], [0.0, 3.666495899014573, 15.0515370504478, 9.313255587729794, 13.122847853722718, 14.438049654135849, 12.351555146956027, 8.95454882241858, 17.46167669606811, 17.46167669606811, 17.46167669606811, 17.46167669606811, 17.46167669606811, 17.46167669606811, 17.46167669606811, 6.988533485593358, 17.70206096082554, 15.47873370043194, 12.307603447257716, 5.121725672337039, 3.083062577626288, 9.381660079844359, 5.121725672337039, 12.307603447257716, 17.70206096082554, 0.0, 3.666495899014573, 15.0515370504478, 9.313255587729794, 13.122847853722718, 14.438049654135849, 12.351555146956027, 8.95454882241858, 17.46167669606811, 17.46167669606811, 17.46167669606811, 17.46167669606811, 17.46167669606811, 17.46167669606811, 17.46167669606811], [3.666495899014573, 0.0, 11.641304924435456, 9.520691611193831, 10.120277220956769, 10.938332608210754, 14.944911844951246, 9.87841353563591, 15.281807512779647, 15.281807512779647, 15.281807512779647, 15.281807512779647, 15.281807512779647, 15.281807512779647, 15.281807512779647, 9.538629284897985, 15.266072852658333, 12.442181216765835, 13.232084075736472, 2.4088652057905398, 5.566116614229305, 11.027388305701601, 2.4088652057905398, 13.232084075736472, 15.266072852658333, 3.666495899014573, 0.0, 11.641304924435456, 9.520691611193831, 10.120277220956769, 10.938332608210754, 14.944911844951246, 9.87841353563591, 15.281807512779647, 15.281807512779647, 15.281807512779647, 15.281807512779647, 15.281807512779647, 15.281807512779647, 15.281807512779647], [15.0515370504478, 11.641304924435456, 0.0, 13.66289125756706, 3.3741019791211073, 8.604400916825819, 22.563160493821396, 15.33961561453114, 18.135846753119072, 18.135846753119072, 18.135846753119072, 18.135846753119072, 18.135846753119072, 18.135846753119072, 18.135846753119072, 21.050902017964372, 17.161418288309687, 3.0232727286429513, 23.158015731017368, 9.983845400714564, 15.468755261654042, 21.90781508887129, 9.983845400714564, 23.158015731017368, 17.161418288309687, 15.0515370504478, 11.641304924435456, 0.0, 13.66289125756706, 3.3741019791211073, 8.604400916825819, 22.563160493821396, 15.33961561453114, 18.135846753119072, 18.135846753119072, 18.135846753119072, 18.135846753119072, 18.135846753119072, 18.135846753119072, 18.135846753119072], [9.313255587729794, 9.520691611193831, 13.66289125756706, 0.0, 10.389824271229642, 18.109988084638033, 9.127063995388259, 1.8616883215019315, 24.552639763352886, 24.552639763352886, 24.552639763352886, 24.552639763352886, 24.552639763352886, 24.552639763352886, 24.552639763352886, 15.891486211355945, 24.344732611064, 12.183157186837278, 21.618898689318772, 7.755506600647767, 6.777756809584774, 18.63728783467452, 7.755506600647767, 21.618898689318772, 24.344732611064, 9.313255587729794, 9.520691611193831, 13.66289125756706, 0.0, 10.389824271229642, 18.109988084638033, 9.127063995388259, 1.8616883215019315, 24.552639763352886, 24.552639763352886, 24.552639763352886, 24.552639763352886, 24.552639763352886, 24.552639763352886, 24.552639763352886], [13.122847853722718, 10.120277220956769, 3.3741019791211073, 10.389824271229642, 0.0, 10.650422246875825, 19.400065318144733, 12.120277223735926, 19.668574817257852, 19.668574817257852, 19.668574817257852, 19.668574817257852, 19.668574817257852, 19.668574817257852, 19.668574817257852, 19.65109743631194, 18.884277886419806, 2.3559216510233667, 22.721150784111746, 8.02734311023802, 12.98544289418448, 20.994005315663355, 8.02734311023802, 22.721150784111746, 18.884277886419806, 13.122847853722718, 10.120277220956769, 3.3741019791211073, 10.389824271229642, 0.0, 10.650422246875825, 19.400065318144733, 12.120277223735926, 19.668574817257852, 19.668574817257852, 19.668574817257852, 19.668574817257852, 19.668574817257852, 19.668574817257852, 19.668574817257852], [14.438049654135849, 10.938332608210754, 8.604400916825819, 18.109988084638033, 10.650422246875825, 0.0, 25.50874390909794, 19.25117958356706, 9.63556172508163, 9.63556172508163, 9.63556172508163, 9.63556172508163, 9.63556172508163, 9.63556172508163, 9.63556172508163, 17.975289232690898, 8.578649588900259, 11.513010347612164, 17.52263134817766, 11.064854025096137, 16.434442686712206, 17.49066577827519, 11.064854025096137, 17.52263134817766, 8.578649588900259, 14.438049654135849, 10.938332608210754, 8.604400916825819, 18.109988084638033, 10.650422246875825, 0.0, 25.50874390909794, 19.25117958356706, 9.63556172508163, 9.63556172508163, 9.63556172508163, 9.63556172508163, 9.63556172508163, 9.63556172508163, 9.63556172508163], [12.351555146956027, 14.944911844951246, 22.563160493821396, 9.127063995388259, 19.400065318144733, 25.50874390909794, 0.0, 7.307384406311658, 29.807890355014155, 29.807890355014155, 29.807890355014155, 29.807890355014155, 29.807890355014155, 29.807890355014155, 29.807890355014155, 15.839267380924726, 30.0, 21.29203528135146, 22.719752547071266, 14.447692747833868, 9.477747270629283, 19.212867185569035, 14.447692747833868, 22.719752547071266, 30.0, 12.351555146956027, 14.944911844951246, 22.563160493821396, 9.127063995388259, 19.400065318144733, 25.50874390909794, 0.0, 7.307384406311658, 29.807890355014155, 29.807890355014155, 29.807890355014155, 29.807890355014155, 29.807890355014155, 29.807890355014155, 29.807890355014155], [8.95454882241858, 9.87841353563591, 15.33961561453114, 1.8616883215019315, 12.120277223735926, 19.25117958356706, 7.307384406311658, 0.0, 25.12809206397914, 25.12809206397914, 25.12809206397914, 25.12809206397914, 25.12809206397914, 25.12809206397914, 25.12809206397914, 15.109517478742498, 25.024254017643788, 13.984651855468169, 21.18447545240494, 8.476362259674511, 6.081881300497844, 18.044288053729524, 8.476362259674511, 21.18447545240494, 25.024254017643788, 8.95454882241858, 9.87841353563591, 15.33961561453114, 1.8616883215019315, 12.120277223735926, 19.25117958356706, 7.307384406311658, 0.0, 25.12809206397914, 25.12809206397914, 25.12809206397914, 25.12809206397914, 25.12809206397914, 25.12809206397914, 25.12809206397914], [17.46167669606811, 15.281807512779647, 18.135846753119072, 24.552639763352886, 19.668574817257852, 9.63556172508163, 29.807890355014155, 25.12809206397914, 0.0, 0.0, 0.0, 0.0, 0.0, 0.0, 0.0, 17.11230581842249, 1.4784683268528764, 20.91761982496091, 12.981425042005228, 16.797793788109907, 20.37534763678223, 14.89255460693538, 16.797793788109907, 12.981425042005228, 1.4784683268528764, 17.46167669606811, 15.281807512779647, 18.135846753119072, 24.552639763352886, 19.668574817257852, 9.63556172508163, 29.807890355014155, 25.12809206397914, 0.0, 0.0, 0.0, 0.0, 0.0, 0.0, 0.0], [17.46167669606811, 15.281807512779647, 18.135846753119072, 24.552639763352886, 19.668574817257852, 9.63556172508163, 29.807890355014155, 25.12809206397914, 0.0, 0.0, 0.0, 0.0, 0.0, 0.0, 0.0, 17.11230581842249, 1.4784683268528764, 20.91761982496091, 12.981425042005228, 16.797793788109907, 20.37534763678223, 14.89255460693538, 16.797793788109907, 12.981425042005228, 1.4784683268528764, 17.46167669606811, 15.281807512779647, 18.135846753119072, 24.552639763352886, 19.668574817257852, 9.63556172508163, 29.807890355014155, 25.12809206397914, 0.0, 0.0, 0.0, 0.0, 0.0, 0.0, 0.0], [17.46167669606811, 15.281807512779647, 18.135846753119072, 24.552639763352886, 19.668574817257852, 9.63556172508163, 29.807890355014155, 25.12809206397914, 0.0, 0.0, 0.0, 0.0, 0.0, 0.0, 0.0, 17.11230581842249, 1.4784683268528764, 20.91761982496091, 12.981425042005228, 16.797793788109907, 20.37534763678223, 14.89255460693538, 16.797793788109907, 12.981425042005228, 1.4784683268528764, 17.46167669606811, 15.281807512779647, 18.135846753119072, 24.552639763352886, 19.668574817257852, 9.63556172508163, 29.807890355014155, 25.12809206397914, 0.0, 0.0, 0.0, 0.0, 0.0, 0.0, 0.0], [17.46167669606811, 15.281807512779647, 18.135846753119072, 24.552639763352886, 19.668574817257852, 9.63556172508163, 29.807890355014155, 25.12809206397914, 0.0, 0.0, 0.0, 0.0, 0.0, 0.0, 0.0, 17.11230581842249, 1.4784683268528764, 20.91761982496091, 12.981425042005228, 16.797793788109907, 20.37534763678223, 14.89255460693538, 16.797793788109907, 12.981425042005228, 1.4784683268528764, 17.46167669606811, 15.281807512779647, 18.135846753119072, 24.552639763352886, 19.668574817257852, 9.63556172508163, 29.807890355014155, 25.12809206397914, 0.0, 0.0, 0.0, 0.0, 0.0, 0.0, 0.0], [17.46167669606811, 15.281807512779647, 18.135846753119072, 24.552639763352886, 19.668574817257852, 9.63556172508163, 29.807890355014155, 25.12809206397914, 0.0, 0.0, 0.0, 0.0, 0.0, 0.0, 0.0, 17.11230581842249, 1.4784683268528764, 20.91761982496091, 12.981425042005228, 16.797793788109907, 20.37534763678223, 14.89255460693538, 16.797793788109907, 12.981425042005228, 1.4784683268528764, 17.46167669606811, 15.281807512779647, 18.135846753119072, 24.552639763352886, 19.668574817257852, 9.63556172508163, 29.807890355014155, 25.12809206397914, 0.0, 0.0, 0.0, 0.0, 0.0, 0.0, 0.0], [17.46167669606811, 15.281807512779647, 18.135846753119072, 24.552639763352886, 19.668574817257852, 9.63556172508163, 29.807890355014155, 25.12809206397914, 0.0, 0.0, 0.0, 0.0, 0.0, 0.0, 0.0, 17.11230581842249, 1.4784683268528764, 20.91761982496091, 12.981425042005228, 16.797793788109907, 20.37534763678223, 14.89255460693538, 16.797793788109907, 12.981425042005228, 1.4784683268528764, 17.46167669606811, 15.281807512779647, 18.135846753119072, 24.552639763352886, 19.668574817257852, 9.63556172508163, 29.807890355014155, 25.12809206397914, 0.0, 0.0, 0.0, 0.0, 0.0, 0.0, 0.0], [17.46167669606811, 15.281807512779647, 18.135846753119072, 24.552639763352886, 19.668574817257852, 9.63556172508163, 29.807890355014155, 25.12809206397914, 0.0, 0.0, 0.0, 0.0, 0.0, 0.0, 0.0, 17.11230581842249, 1.4784683268528764, 20.91761982496091, 12.981425042005228, 16.797793788109907, 20.37534763678223, 14.89255460693538, 16.797793788109907, 12.981425042005228, 1.4784683268528764, 17.46167669606811, 15.281807512779647, 18.135846753119072, 24.552639763352886, 19.668574817257852, 9.63556172508163, 29.807890355014155, 25.12809206397914, 0.0, 0.0, 0.0, 0.0, 0.0, 0.0, 0.0]];
