M = 99999999.0;
numWorkers = 30;
numRoles = 3;
numNodes = 80;
wStart = [90, 150, 60, 60, 90, 60, 240, 150, 240, 0, 30, 90, 150, 0, 210, 180, 270, 120, 30, 120, 270, 300, 90, 120, 60, 30, 0, 0, 30, 180, 120, 90, 90, 150, 180, 120, 60, 90, 270, 120, 30, 60, 60, 150, 120, 150, 60, 60, 90, 120, 360, 420, 390, 270, 270, 390, 270, 360, 420, 150, 450, 240, 360, 360, 330, 480, 450, 300, 180, 450, 480, 360, 210, 300, 450, 360, 330, 390, 390, 390];
wEnd = [90, 150, 60, 60, 90, 60, 240, 150, 240, 0, 30, 90, 150, 0, 210, 180, 270, 120, 30, 120, 270, 300, 90, 120, 60, 30, 0, 0, 30, 180, 240, 150, 300, 270, 450, 360, 300, 210, 390, 390, 420, 450, 270, 210, 390, 270, 300, 450, 210, 240, 360, 420, 390, 270, 270, 390, 270, 360, 420, 150, 450, 240, 360, 360, 330, 480, 450, 300, 180, 450, 480, 360, 210, 300, 450, 360, 330, 390, 390, 390];
p = [0, 0, 0, 0, 0, 0, 0, 0, 0, 0, 0, 0, 0, 0, 0, 0, 0, 0, 0, 0, 0, 0, 0, 0, 0, 0, 0, 0, 0, 0, 24.161201306692778, 57.451441844135104, 20.534266655932413, 43.18373118925304, 70.24246460758096, 33.12430245996361, 39.3900833123375, 56.3856508130396, 15.431515994611878, 46.62846800815011, 43.56981269793057, 53.83545214449445, 54.2579603027073, 35.6333865402751, 23.314234004075054, 21.59186559462652, 19.69504165616875, 26.917726072247223, 28.1928254065198, 12.080600653346389, 0, 0, 0, 0, 0, 0, 0, 0, 0, 0, 0, 0, 0, 0, 0, 0, 0, 0, 0, 0, 0, 0, 0, 0, 0, 0, 0, 0, 0, 0];
e = [[1, 1, 0], [1, 1, 0], [0, 1, 1], [1, 1, 0], [1, 1, 0], [1, 1, 0], [1, 0, 1], [0, 1, 0], [0, 1, 1], [0, 1, 1], [1, 1, 0], [0, 1, 0], [1, 1, 0], [0, 1, 1], [0, 1, 1], [0, 1, 1], [0, 1, 0], [0, 1, 0], [0, 1, 0], [0, 1, 1], [1, 1, 0], [0, 1, 1], [1, 1, 0], [0, 0, 1], [0, 0, 1], [1, 0, 0], [0, 1, 0], [0, 0, 1], [1, 0, 0], [0, 1, 0]];
d = [[1, 1, 1, 2, 1, 0, 0, 2, 1, 0, 2, 0, 0, 0, 0, 4, 0, 0, 4, 2], [1, 1, 1, 0, 0, 2, 2, 0, 0, 2, 0, 2, 2, 2, 4, 0, 4, 4, 0, 2], [1, 1, 1, 1, 0, 1, 1, 1, 0, 1, 1, 0, 1, 1, 2, 2, 2, 0, 2, 2]];
r = [1322, 4242, 1228, 150, 1350, 1209, 3188, 2001, 150, 2414, 2176, 2379, 1973, 2635, 2414, 150, 3188, 2379, 2001, 1322];
g = [[0, 0, 0, 0, 0, 0, 0, 0, 0, 0, 0, 0, 0, 0, 0, 0, 0, 0, 0, 1], [0, 0, 0, 0, 0, 0, 0, 0, 0, 0, 0, 0, 0, 0, 0, 0, 0, 0, 0, 0], [0, 0, 0, 0, 0, 0, 0, 0, 0, 0, 0, 0, 0, 0, 0, 0, 0, 0, 0, 0], [0, 0, 0, 0, 0, 0, 0, 0, 0, 0, 0, 0, 0, 0, 0, 1, 0, 0, 0, 0], [0, 0, 0, 0, 0, 0, 0, 0, 0, 0, 0, 0, 0, 0, 0, 0, 0, 0, 0, 0], [0, 0, 0, 0, 0, 0, 0, 0, 0, 0, 0, 0, 0, 0, 0, 0, 0, 0, 0, 0], [0, 0, 0, 0, 0, 0, 0, 0, 0, 0, 0, 0, 0, 0, 0, 0, 1, 0, 0, 0], [0, 0, 0, 0, 0, 0, 0, 0, 0, 0, 0, 0, 0, 0, 0, 0, 0, 0, 1, 0], [0, 0, 0, 0, 0, 0, 0, 0, 0, 0, 0, 0, 0, 0, 0, 0, 0, 0, 0, 0], [0, 0, 0, 0, 0, 0, 0, 0, 0, 0, 0, 0, 0, 0, 1, 0, 0, 0, 0, 0], [0, 0, 0, 0, 0, 0, 0, 0, 0, 0, 0, 0, 0, 0, 0, 0, 0, 0, 0, 0], [0, 0, 0, 0, 0, 0, 0, 0, 0, 0, 0, 0, 0, 0, 0, 0, 0, 1, 0, 0], [0, 0, 0, 0, 0, 0, 0, 0, 0, 0, 0, 0, 0, 0, 0, 0, 0, 0, 0, 0], [0, 0, 0, 0, 0, 0, 0, 0, 0, 0, 0, 0, 0, 0, 0, 0, 0, 0, 0, 0], [0, 0, 0, 0, 0, 0, 0, 0, 0, 1, 0, 0, 0, 0, 0, 0, 0, 0, 0, 0], [0, 0, 0, 1, 0, 0, 0, 0, 0, 0, 0, 0, 0, 0, 0, 0, 0, 0, 0, 0], [0, 0, 0, 0, 0, 0, 1, 0, 0, 0, 0, 0, 0, 0, 0, 0, 0, 0, 0, 0], [0, 0, 0, 0, 0, 0, 0, 0, 0, 0, 0, 1, 0, 0, 0, 0, 0, 0, 0, 0], [0, 0, 0, 0, 0, 0, 0, 1, 0, 0, 0, 0, 0, 0, 0, 0, 0, 0, 0, 0], [1, 0, 0, 0, 0, 0, 0, 0, 0, 0, 0, 0, 0, 0, 0, 0, 0, 0, 0, 0]];
t = [[0.0, 10.411205882960246, 7.068749635135223, 10.107178247104113, 3.2514056347979947, 5.365503981855323, 15.234782815795134, 6.725283254198861, 16.02065765215341, 12.990519555893295, 9.884217932561551, 22.708700287439747, 15.337542227835302, 6.084205173798153, 19.384860869611835, 16.451940690380116, 15.901010320737148, 4.598230035237316, 8.596008232469387, 12.02014210361996, 16.798760754584965, 18.077968162814663, 11.006788160723154, 9.084765456056598, 17.97223407664862, 13.837037639761142, 24.88682222097461, 10.852561099274203, 15.982371382180338, 24.309344460191298, 18.693378454506558, 13.689451474130834, 8.31307634346783, 5.40378848315334, 2.642161191864265, 12.060131317814381, 4.869983329067521, 16.90789922326295, 5.783703093898323, 11.122944309380976, 2.6578632527333776, 9.036734435797877, 9.35623928513537, 3.7948877988293606, 11.122944309380976, 5.40378848315334, 4.869983329067521, 9.036734435797877, 16.90789922326295, 18.693378454506558, 0.0, 10.411205882960246, 7.068749635135223, 10.107178247104113, 3.2514056347979947, 5.365503981855323, 15.234782815795134, 6.725283254198861, 16.02065765215341, 12.990519555893295, 9.884217932561551, 22.708700287439747, 15.337542227835302, 6.084205173798153, 19.384860869611835, 16.451940690380116, 15.901010320737148, 4.598230035237316, 8.596008232469387, 12.02014210361996, 16.798760754584965, 18.077968162814663, 11.006788160723154, 9.084765456056598, 17.97223407664862, 13.837037639761142, 24.88682222097461, 10.852561099274203, 15.982371382180338, 24.309344460191298], [10.411205882960246, 0.0, 7.889742172438049, 15.24540488967575, 7.394409237542477, 15.775024559706903, 17.213649417826744, 15.224128715439862, 8.61994726570964, 12.631323783080292, 6.084713686286447, 13.549821693832442, 10.851195866418747, 4.613729625621551, 9.133449922847463, 10.40044259041755, 14.13615290655487, 10.446283365775038, 4.2053348815497555, 7.7741108064457585, 9.87676688445168, 7.752132802285853, 9.877070740902239, 10.192394816809177, 16.845745177501172, 3.470433511371479, 15.639475599021115, 5.215501499348632, 14.111961563096068, 15.24692039732285, 12.402236303341734, 9.866634670745047, 4.849986927475388, 7.95613432626263, 9.661404199637103, 11.462134864859777, 10.564404508246074, 18.79483195853629, 4.6405034085860875, 12.878600565806142, 13.064275086883747, 9.362774266438409, 13.796370507420356, 6.950014598830092, 12.878600565806142, 7.95613432626263, 10.564404508246074, 9.362774266438409, 18.79483195853629, 12.402236303341734, 10.411205882960246, 0.0, 7.889742172438049, 15.24540488967575, 7.394409237542477, 15.775024559706903, 17.213649417826744, 15.224128715439862, 8.61994726570964, 12.631323783080292, 6.084713686286447, 13.549821693832442, 10.851195866418747, 4.613729625621551, 9.133449922847463, 10.40044259041755, 14.13615290655487, 10.446283365775038, 4.2053348815497555, 7.7741108064457585, 9.87676688445168, 7.752132802285853, 9.877070740902239, 10.192394816809177, 16.845745177501172, 3.470433511371479, 15.639475599021115, 5.215501499348632, 14.111961563096068, 15.24692039732285], [7.068749635135223, 7.889742172438049, 0.0, 16.415067911854152, 6.55388928419616, 11.24688143694399, 20.59152523824618, 13.769450988467785, 9.676197367584189, 17.083473180748953, 3.5150796659770354, 21.41916244955777, 8.30473359574919, 6.707698248122183, 16.518979705521737, 17.5602773422242, 19.491205165665413, 10.495899941054393, 3.837421699397297, 5.1807119694186685, 10.199533394753189, 15.054837820541074, 4.0314139522924695, 13.426634380898067, 22.008029880722006, 10.343339737154905, 23.482967607563488, 4.9441577609302945, 19.52172854470337, 23.11914566811836, 19.738557441402545, 6.6456877583415075, 9.56415417886089, 1.6660313467710008, 8.55005786783735, 15.932924049725894, 3.6778416570956254, 22.3038196691859, 5.225837393296981, 16.07583534440732, 8.921800109076615, 12.938764946213059, 15.335109102589826, 6.700614221727302, 16.07583534440732, 1.6660313467710008, 3.6778416570956254, 12.938764946213059, 22.3038196691859, 19.738557441402545, 7.068749635135223, 7.889742172438049, 0.0, 16.415067911854152, 6.55388928419616, 11.24688143694399, 20.59152523824618, 13.769450988467785, 9.676197367584189, 17.083473180748953, 3.5150796659770354, 21.41916244955777, 8.30473359574919, 6.707698248122183, 16.518979705521737, 17.5602773422242, 19.491205165665413, 10.495899941054393, 3.837421699397297, 5.1807119694186685, 10.199533394753189, 15.054837820541074, 4.0314139522924695, 13.426634380898067, 22.008029880722006, 10.343339737154905, 23.482967607563488, 4.9441577609302945, 19.52172854470337, 23.11914566811836], [10.107178247104113, 15.24540488967575, 16.415067911854152, 0.0, 9.935573877448332, 11.090708994519515, 5.950093947953271, 5.225172884682035, 23.36787976490271, 6.8974295772889205, 18.172396257678283, 22.27709505176298, 24.04521557946798, 11.278910741360257, 21.7205632523245, 14.060076862003763, 9.599659157776525, 5.919191181483629, 16.14146409077421, 20.507951179926426, 24.46096093786423, 20.89135142880456, 20.4336328307462, 5.595198419127218, 10.393257225172235, 18.316946735851985, 24.277006724271924, 18.53229024017538, 9.746011002706686, 23.481237677472894, 15.734827694878073, 22.520095359563072, 10.50919806703134, 14.847407061170959, 7.917326598018384, 6.9480044648537564, 14.960907137142808, 7.386211165810264, 12.367132747297862, 4.275522100291734, 10.355734465545991, 6.459267627643861, 1.4933453658680966, 9.930716594911335, 4.275522100291734, 14.847407061170959, 14.960907137142808, 6.459267627643861, 7.386211165810264, 15.734827694878073, 10.107178247104113, 15.24540488967575, 16.415067911854152, 0.0, 9.935573877448332, 11.090708994519515, 5.950093947953271, 5.225172884682035, 23.36787976490271, 6.8974295772889205, 18.172396257678283, 22.27709505176298, 24.04521557946798, 11.278910741360257, 21.7205632523245, 14.060076862003763, 9.599659157776525, 5.919191181483629, 16.14146409077421, 20.507951179926426, 24.46096093786423, 20.89135142880456, 20.4336328307462, 5.595198419127218, 10.393257225172235, 18.316946735851985, 24.277006724271924, 18.53229024017538, 9.746011002706686, 23.481237677472894], [3.2514056347979947, 7.394409237542477, 6.55388928419616, 9.935573877448332, 0.0, 8.533062647006378, 14.099853966659172, 8.221768784199966, 14.036611702222936, 10.981698624619781, 8.344247717893323, 19.462664522595865, 14.175143878193781, 2.8804969343748326, 16.210480705470854, 13.430231638980365, 13.68355101276193, 4.062211031605545, 6.522045207971696, 10.661119755816774, 14.985770152618384, 14.93540238966396, 10.532298142314755, 7.130609044868436, 16.003825163481213, 10.86224286416933, 21.64026957459848, 8.935121388390973, 13.742352000204615, 21.06927631905964, 15.686133398882438, 12.615989645650718, 5.125701687791678, 5.100607357855352, 2.4662765349740927, 9.91129953860256, 6.159007785878271, 15.812689649322923, 2.9786829038610705, 9.639035580872276, 5.863026001054106, 6.812478533963296, 8.796707821513307, 0.5485533015248311, 9.639035580872276, 5.100607357855352, 6.159007785878271, 6.812478533963296, 15.812689649322923, 15.686133398882438, 3.2514056347979947, 7.394409237542477, 6.55388928419616, 9.935573877448332, 0.0, 8.533062647006378, 14.099853966659172, 8.221768784199966, 14.036611702222936, 10.981698624619781, 8.344247717893323, 19.462664522595865, 14.175143878193781, 2.8804969343748326, 16.210480705470854, 13.430231638980365, 13.68355101276193, 4.062211031605545, 6.522045207971696, 10.661119755816774, 14.985770152618384, 14.93540238966396, 10.532298142314755, 7.130609044868436, 16.003825163481213, 10.86224286416933, 21.64026957459848, 8.935121388390973, 13.742352000204615, 21.06927631905964], [5.365503981855323, 15.775024559706903, 11.24688143694399, 11.090708994519515, 8.533062647006378, 0.0, 16.98941518350318, 5.967295959718016, 20.799516460730977, 16.186120030891285, 14.55023029661668, 27.822737073541703, 19.411230723507096, 11.408215126119082, 24.73374426540542, 21.031595565025384, 19.218961011017065, 7.86982257704456, 13.65099247365371, 16.427314875195542, 21.421945693070718, 23.43770564400675, 14.661069033399142, 12.602692908402304, 20.815752969438257, 19.191062733143095, 30.0, 15.7275413540016, 19.3300882798706, 29.382521656953386, 23.20991545524647, 17.75267644879054, 13.359239363495881, 9.742480483929812, 6.9224154459508815, 15.517777460440069, 7.841429715121975, 18.47585146393874, 11.141256091720416, 13.790051207838845, 2.711136054554448, 12.87267129354782, 11.059145430317338, 9.054312179795835, 13.790051207838845, 9.742480483929812, 7.841429715121975, 12.87267129354782, 18.47585146393874, 23.20991545524647, 5.365503981855323, 15.775024559706903, 11.24688143694399, 11.090708994519515, 8.533062647006378, 0.0, 16.98941518350318, 5.967295959718016, 20.799516460730977, 16.186120030891285, 14.55023029661668, 27.822737073541703, 19.411230723507096, 11.408215126119082, 24.73374426540542, 21.031595565025384, 19.218961011017065, 7.86982257704456, 13.65099247365371, 16.427314875195542, 21.421945693070718, 23.43770564400675, 14.661069033399142, 12.602692908402304, 20.815752969438257, 19.191062733143095, 30.0, 15.7275413540016, 19.3300882798706, 29.382521656953386], [15.234782815795134, 17.213649417826744, 20.59152523824618, 5.950093947953271, 14.099853966659172, 16.98941518350318, 0.0, 11.174780586889357, 25.816267336858637, 4.889479512466674, 21.573405583700396, 20.220308716225617, 27.357733013794572, 14.390127157944601, 21.360960563717533, 11.987448726582528, 5.75664721645595, 10.65510418208137, 19.34769957943735, 23.859152229672187, 27.043285973749985, 20.90182062079594, 24.45103443866789, 7.3158946082415905, 5.168761689985039, 19.600790165340047, 21.94346268633183, 21.553624339973886, 5.9097202745410184, 21.08296277369614, 12.937105225210471, 25.9917097525219, 12.45924608373772, 19.19921254687143, 12.709837439645366, 5.907751566988391, 19.888231944407597, 1.7131441812114088, 15.774482958883118, 4.553293245113733, 15.994046057793403, 8.008497515454744, 6.025974071093274, 13.896709557593434, 4.553293245113733, 19.19921254687143, 19.888231944407597, 8.008497515454744, 1.7131441812114088, 12.937105225210471, 15.234782815795134, 17.213649417826744, 20.59152523824618, 5.950093947953271, 14.099853966659172, 16.98941518350318, 0.0, 11.174780586889357, 25.816267336858637, 4.889479512466674, 21.573405583700396, 20.220308716225617, 27.357733013794572, 14.390127157944601, 21.360960563717533, 11.987448726582528, 5.75664721645595, 10.65510418208137, 19.34769957943735, 23.859152229672187, 27.043285973749985, 20.90182062079594, 24.45103443866789, 7.3158946082415905, 5.168761689985039, 19.600790165340047, 21.94346268633183, 21.553624339973886, 5.9097202745410184, 21.08296277369614], [6.725283254198861, 15.224128715439862, 13.769450988467785, 5.225172884682035, 8.221768784199966, 5.967295959718016, 11.174780586889357, 0.0, 22.23434846915452, 11.216352028390824, 16.333620097860315, 25.050838369817985, 21.975312670436992, 10.64904092745693, 23.229549374060703, 17.353734236297466, 14.188037417448237, 4.856969178679381, 14.70200302343032, 18.570641169224533, 23.139730309105794, 22.145216455508844, 17.7310958867108, 8.31360427092224, 15.39871832958165, 18.643597850980814, 27.172444790361574, 17.09263623694656, 14.318662045870852, 26.450840808519615, 19.338684751741653, 20.34336173475203, 11.289696919770865, 12.10410534515504, 5.755962644396369, 10.830873581136347, 11.382856524069176, 12.588499796667787, 11.177625278177036, 8.595210740130486, 5.863665910547328, 8.898645610069115, 5.513774395029547, 8.506144779204575, 8.595210740130486, 12.10410534515504, 11.382856524069176, 8.898645610069115, 12.588499796667787, 19.338684751741653, 6.725283254198861, 15.224128715439862, 13.769450988467785, 5.225172884682035, 8.221768784199966, 5.967295959718016, 11.174780586889357, 0.0, 22.23434846915452, 11.216352028390824, 16.333620097860315, 25.050838369817985, 21.975312670436992, 10.64904092745693, 23.229549374060703, 17.353734236297466, 14.188037417448237, 4.856969178679381, 14.70200302343032, 18.570641169224533, 23.139730309105794, 22.145216455508844, 17.7310958867108, 8.31360427092224, 15.39871832958165, 18.643597850980814, 27.172444790361574, 17.09263623694656, 14.318662045870852, 26.450840808519615], [16.02065765215341, 8.61994726570964, 9.676197367584189, 23.36787976490271, 14.036611702222936, 20.799516460730977, 25.816267336858637, 22.23434846915452, 0.0, 21.24756198056123, 6.2504266400663075, 17.643381826008977, 4.316821973795414, 12.09685584879672, 11.460916524432031, 17.95001529238985, 22.60785851910628, 17.916400714387095, 7.533218254396092, 4.724401278782388, 1.3233055684963515, 10.203336210290768, 7.710121265161622, 18.685705641013264, 25.319960177749934, 7.2161941178465865, 19.218306409503427, 5.173828519824352, 22.56959756693077, 19.20905016281778, 19.53763982971893, 4.852397492831352, 13.375811509314186, 11.066664222717609, 16.496186008906935, 20.08124602355967, 13.340224439862773, 27.409805661220826, 11.166525585616473, 21.422870104275344, 18.302336993227296, 17.890955996676656, 21.991078333896105, 13.821802871428556, 21.422870104275344, 11.066664222717609, 13.340224439862773, 17.890955996676656, 27.409805661220826, 19.53763982971893, 16.02065765215341, 8.61994726570964, 9.676197367584189, 23.36787976490271, 14.036611702222936, 20.799516460730977, 25.816267336858637, 22.23434846915452, 0.0, 21.24756198056123, 6.2504266400663075, 17.643381826008977, 4.316821973795414, 12.09685584879672, 11.460916524432031, 17.95001529238985, 22.60785851910628, 17.916400714387095, 7.533218254396092, 4.724401278782388, 1.3233055684963515, 10.203336210290768, 7.710121265161622, 18.685705641013264, 25.319960177749934, 7.2161941178465865, 19.218306409503427, 5.173828519824352, 22.56959756693077, 19.20905016281778], [12.990519555893295, 12.631323783080292, 17.083473180748953, 6.8974295772889205, 10.981698624619781, 16.186120030891285, 4.889479512466674, 11.216352028390824, 21.24756198056123, 0.0, 17.51063985669872, 15.883796795492765, 23.13318974850967, 10.485562886327815, 16.520631819219865, 7.539824215657925, 3.0332725566777685, 8.585563320189461, 15.243606666732886, 19.714759612792225, 22.50796101058515, 16.023254474323263, 20.70856007870719, 3.9179061116231044, 5.027446001709847, 14.80026330157449, 17.76259467086006, 17.290895950878795, 3.1477229140386753, 16.931631323237788, 8.953065967875714, 21.873244474921712, 8.091667729762218, 15.893661292906781, 10.350720391284405, 1.1927730855357803, 17.11546790452236, 6.282728276859142, 11.958009906552636, 2.676257789956065, 14.489752419785955, 4.1812733917553775, 5.868445760923539, 10.636013924657103, 2.676257789956065, 15.893661292906781, 17.11546790452236, 4.1812733917553775, 6.282728276859142, 8.953065967875714, 12.990519555893295, 12.631323783080292, 17.083473180748953, 6.8974295772889205, 10.981698624619781, 16.186120030891285, 4.889479512466674, 11.216352028390824, 21.24756198056123, 0.0, 17.51063985669872, 15.883796795492765, 23.13318974850967, 10.485562886327815, 16.520631819219865, 7.539824215657925, 3.0332725566777685, 8.585563320189461, 15.243606666732886, 19.714759612792225, 22.50796101058515, 16.023254474323263, 20.70856007870719, 3.9179061116231044, 5.027446001709847, 14.80026330157449, 17.76259467086006, 17.290895950878795, 3.1477229140386753, 16.931631323237788], [9.884217932561551, 6.084713686286447, 3.5150796659770354, 18.172396257678283, 8.344247717893323, 14.55023029661668, 21.573405583700396, 16.333620097860315, 6.2504266400663075, 17.51063985669872, 0.0, 19.051260427231746, 5.877545873022929, 7.186212923102173, 13.676844137651898, 16.450883036511655, 19.523795967737012, 12.392255334720339, 2.269910034647438, 2.336353002433023, 6.924775108942126, 12.206481758549756, 3.804290780289913, 14.257577902205409, 22.175542734792625, 7.5826213668288975, 21.016127671993036, 1.5179574685949557, 19.52611328416698, 20.746734806406863, 18.48341996568323, 4.4216998488017385, 9.462302603952486, 4.817371226914227, 10.714015723586336, 16.319832838290637, 7.187323096028451, 23.257036143869925, 5.865637944945086, 17.026419114669856, 12.075192590003422, 13.600544596806026, 16.920624719209883, 8.262975980330662, 17.026419114669856, 4.817371226914227, 7.187323096028451, 13.600544596806026, 23.257036143869925, 18.48341996568323, 9.884217932561551, 6.084713686286447, 3.5150796659770354, 18.172396257678283, 8.344247717893323, 14.55023029661668, 21.573405583700396, 16.333620097860315, 6.2504266400663075, 17.51063985669872, 0.0, 19.051260427231746, 5.877545873022929, 7.186212923102173, 13.676844137651898, 16.450883036511655, 19.523795967737012, 12.392255334720339, 2.269910034647438, 2.336353002433023, 6.924775108942126, 12.206481758549756, 3.804290780289913, 14.257577902205409, 22.175542734792625, 7.5826213668288975, 21.016127671993036, 1.5179574685949557, 19.52611328416698, 20.746734806406863], [22.708700287439747, 13.549821693832442, 21.41916244955777, 22.27709505176298, 19.462664522595865, 27.822737073541703, 20.220308716225617, 25.050838369817985, 17.643381826008977, 15.883796795492765, 19.051260427231746, 0.0, 21.703000342731887, 16.744773094421404, 6.239583795410398, 8.343976513225275, 14.53566367319194, 20.522183889134904, 17.632403961657683, 19.90190350103878, 18.813611552843575, 7.441636502001582, 22.743466297718165, 16.975068432114835, 16.30971846934652, 11.528586542610366, 2.1787834228814864, 17.72429328134028, 14.392480802419351, 1.7013625513326378, 7.39025918042466, 21.498193956051086, 14.464016411160696, 21.46985688578909, 20.926472394838687, 15.441006060994274, 24.01059475414322, 20.996986130540176, 17.57708845988308, 18.1318808793357, 25.256609922223006, 16.250720412038532, 20.914252026365716, 18.916148402965025, 18.1318808793357, 21.46985688578909, 24.01059475414322, 16.250720412038532, 20.996986130540176, 7.39025918042466, 22.708700287439747, 13.549821693832442, 21.41916244955777, 22.27709505176298, 19.462664522595865, 27.822737073541703, 20.220308716225617, 25.050838369817985, 17.643381826008977, 15.883796795492765, 19.051260427231746, 0.0, 21.703000342731887, 16.744773094421404, 6.239583795410398, 8.343976513225275, 14.53566367319194, 20.522183889134904, 17.632403961657683, 19.90190350103878, 18.813611552843575, 7.441636502001582, 22.743466297718165, 16.975068432114835, 16.30971846934652, 11.528586542610366, 2.1787834228814864, 17.72429328134028, 14.392480802419351, 1.7013625513326378], [15.337542227835302, 10.851195866418747, 8.30473359574919, 24.04521557946798, 14.175143878193781, 19.411230723507096, 27.357733013794572, 21.975312670436992, 4.316821973795414, 23.13318974850967, 5.877545873022929, 21.703000342731887, 0.0, 13.012727859574493, 15.610542208466192, 21.024428676079644, 24.919237746029065, 18.23552842922635, 8.02473021982554, 3.541847085594042, 3.631740228967931, 14.281257830087757, 4.871968370390691, 20.0496043212655, 27.614380562280793, 10.627813275374324, 23.37228923558647, 5.842346000939701, 24.904785320800197, 23.31092648795204, 22.826173821386593, 1.6635282510357048, 15.042037728952058, 9.951076848450002, 16.485300926553943, 21.940970338612907, 11.58316584294014, 29.02615043914106, 11.735543634811359, 22.82637987805788, 17.20360029144933, 19.35501409202399, 22.798170387718915, 14.123630119824066, 22.82637987805788, 9.951076848450002, 11.58316584294014, 19.35501409202399, 29.02615043914106, 22.826173821386593, 15.337542227835302, 10.851195866418747, 8.30473359574919, 24.04521557946798, 14.175143878193781, 19.411230723507096, 27.357733013794572, 21.975312670436992, 4.316821973795414, 23.13318974850967, 5.877545873022929, 21.703000342731887, 0.0, 13.012727859574493, 15.610542208466192, 21.024428676079644, 24.919237746029065, 18.23552842922635, 8.02473021982554, 3.541847085594042, 3.631740228967931, 14.281257830087757, 4.871968370390691, 20.0496043212655, 27.614380562280793, 10.627813275374324, 23.37228923558647, 5.842346000939701, 24.904785320800197, 23.31092648795204], [6.084205173798153, 4.613729625621551, 6.707698248122183, 11.278910741360257, 2.8804969343748326, 11.408215126119082, 14.390127157944601, 10.64904092745693, 12.09685584879672, 10.485562886327815, 7.186212923102173, 16.744773094421404, 13.012727859574493, 0.0, 13.330205283926476, 11.316102818301117, 12.791828000928906, 5.960898412499303, 4.9889356863308985, 9.48871286755863, 13.182243255396992, 12.057216608423264, 10.223125402544216, 7.075936086849237, 15.338728702917017, 8.077526824131617, 18.91617269936079, 7.307734169146181, 12.819401920121269, 18.378598451509106, 13.563115754157478, 11.60738255379054, 2.9516956324232235, 5.793501469556362, 5.048517768587109, 9.311533050451132, 7.785299284143323, 16.078123201863857, 1.4877436724467654, 9.840936631953003, 8.72541706019778, 6.448835566064177, 9.928571784829021, 2.3841020099049484, 9.840936631953003, 5.793501469556362, 7.785299284143323, 6.448835566064177, 16.078123201863857, 13.563115754157478, 6.084205173798153, 4.613729625621551, 6.707698248122183, 11.278910741360257, 2.8804969343748326, 11.408215126119082, 14.390127157944601, 10.64904092745693, 12.09685584879672, 10.485562886327815, 7.186212923102173, 16.744773094421404, 13.012727859574493, 0.0, 13.330205283926476, 11.316102818301117, 12.791828000928906, 5.960898412499303, 4.9889356863308985, 9.48871286755863, 13.182243255396992, 12.057216608423264, 10.223125402544216, 7.075936086849237, 15.338728702917017, 8.077526824131617, 18.91617269936079, 7.307734169146181, 12.819401920121269, 18.378598451509106], [19.384860869611835, 9.133449922847463, 16.518979705521737, 21.7205632523245, 16.210480705470854, 24.73374426540542, 21.360960563717533, 23.229549374060703, 11.460916524432031, 16.520631819219865, 13.676844137651898, 6.239583795410398, 15.610542208466192, 13.330205283926476, 0.0, 9.950502727576978, 16.306816757934882, 18.394722494467455, 12.690034308177136, 14.146737964903936, 12.60028743050077, 1.4717308389082713, 17.16486652852146, 16.125370053058173, 18.69141576144697, 6.176923353387679, 7.764598863224229, 12.230298990376937, 16.199574725018334, 7.755694421566575, 10.446030421541256, 15.552263222436943, 11.943255839849352, 16.924575059338633, 18.18813560209901, 15.686138971505384, 19.5879576661507, 22.5388291627692, 13.71204403360888, 18.10050381792997, 22.039502479097063, 15.265000993497589, 20.239482981010294, 15.703628452615186, 18.10050381792997, 16.924575059338633, 19.5879576661507, 15.265000993497589, 22.5388291627692, 10.446030421541256, 19.384860869611835, 9.133449922847463, 16.518979705521737, 21.7205632523245, 16.210480705470854, 24.73374426540542, 21.360960563717533, 23.229549374060703, 11.460916524432031, 16.520631819219865, 13.676844137651898, 6.239583795410398, 15.610542208466192, 13.330205283926476, 0.0, 9.950502727576978, 16.306816757934882, 18.394722494467455, 12.690034308177136, 14.146737964903936, 12.60028743050077, 1.4717308389082713, 17.16486652852146, 16.125370053058173, 18.69141576144697, 6.176923353387679, 7.764598863224229, 12.230298990376937, 16.199574725018334, 7.755694421566575], [16.451940690380116, 10.40044259041755, 17.5602773422242, 14.060076862003763, 13.430231638980365, 21.031595565025384, 11.987448726582528, 17.353734236297466, 17.95001529238985, 7.539824215657925, 16.450883036511655, 8.343976513225275, 21.024428676079644, 11.316102818301117, 9.950502727576978, 0.0, 6.495127292354508, 13.25965952496169, 14.38379007764505, 18.15162798797589, 19.272764943617496, 9.91603305944149, 20.20218944653021, 9.054111120849223, 8.750956730035394, 10.740632906683468, 10.250360332340227, 15.602587919752162, 6.371161981429887, 9.436288041306382, 2.258268483623128, 20.199765082253176, 8.418602326317798, 16.993302337854246, 14.189935137688968, 7.143139519764094, 19.100379356731374, 12.924916605224777, 12.609160308740977, 9.845204600512451, 18.717086065471026, 8.466206623562654, 12.761201641567768, 12.902916393431335, 9.845204600512451, 16.993302337854246, 19.100379356731374, 8.466206623562654, 12.924916605224777, 2.258268483623128, 16.451940690380116, 10.40044259041755, 17.5602773422242, 14.060076862003763, 13.430231638980365, 21.031595565025384, 11.987448726582528, 17.353734236297466, 17.95001529238985, 7.539824215657925, 16.450883036511655, 8.343976513225275, 21.024428676079644, 11.316102818301117, 9.950502727576978, 0.0, 6.495127292354508, 13.25965952496169, 14.38379007764505, 18.15162798797589, 19.272764943617496, 9.91603305944149, 20.20218944653021, 9.054111120849223, 8.750956730035394, 10.740632906683468, 10.250360332340227, 15.602587919752162, 6.371161981429887, 9.436288041306382], [15.901010320737148, 14.13615290655487, 19.491205165665413, 9.599659157776525, 13.68355101276193, 19.218961011017065, 5.75664721645595, 14.188037417448237, 22.60785851910628, 3.0332725566777685, 19.523795967737012, 14.53566367319194, 24.919237746029065, 12.791828000928906, 16.306816757934882, 6.495127292354508, 0.0, 11.577690126606269, 17.261262037819918, 21.620802502600057, 23.90742343556681, 16.075759995744153, 22.92563945407055, 6.826461627940255, 2.7133257920368994, 15.74066858207923, 16.20631248238615, 19.11384957932379, 0.1574676175377856, 15.342014501077278, 7.197001971329198, 23.77754645730334, 10.092118331237064, 18.423330718308648, 13.273795076140175, 3.84087992254182, 19.842558049144344, 6.471903907231712, 14.279379317359432, 5.5933348292857215, 17.49231091969134, 6.909965522316583, 8.747937622479244, 13.290125490133853, 5.5933348292857215, 18.423330718308648, 19.842558049144344, 6.909965522316583, 6.471903907231712, 7.197001971329198, 15.901010320737148, 14.13615290655487, 19.491205165665413, 9.599659157776525, 13.68355101276193, 19.218961011017065, 5.75664721645595, 14.188037417448237, 22.60785851910628, 3.0332725566777685, 19.523795967737012, 14.53566367319194, 24.919237746029065, 12.791828000928906, 16.306816757934882, 6.495127292354508, 0.0, 11.577690126606269, 17.261262037819918, 21.620802502600057, 23.90742343556681, 16.075759995744153, 22.92563945407055, 6.826461627940255, 2.7133257920368994, 15.74066858207923, 16.20631248238615, 19.11384957932379, 0.1574676175377856, 15.342014501077278], [4.598230035237316, 10.446283365775038, 10.495899941054393, 5.919191181483629, 4.062211031605545, 7.86982257704456, 10.65510418208137, 4.856969178679381, 17.916400714387095, 8.585563320189461, 12.392255334720339, 20.522183889134904, 18.23552842922635, 5.960898412499303, 18.394722494467455, 13.25965952496169, 11.577690126606269, 0.0, 10.482285567986636, 14.716113292245893, 18.925314416583326, 17.293498808876258, 14.516074980212327, 4.79670989601303, 13.48548331049102, 13.829345948343256, 22.67520847195731, 12.900148617233068, 11.674185147308807, 21.99397850353892, 15.397268053805652, 16.678066141310644, 6.452033263292178, 8.933866293347211, 2.072924328203905, 7.7754005522360625, 9.26191935302426, 12.3399654966868, 6.752098909489575, 6.54687787489851, 5.917187758685545, 5.004402742917702, 4.911699892561488, 4.141929235684448, 6.54687787489851, 8.933866293347211, 9.26191935302426, 5.004402742917702, 12.3399654966868, 15.397268053805652, 4.598230035237316, 10.446283365775038, 10.495899941054393, 5.919191181483629, 4.062211031605545, 7.86982257704456, 10.65510418208137, 4.856969178679381, 17.916400714387095, 8.585563320189461, 12.392255334720339, 20.522183889134904, 18.23552842922635, 5.960898412499303, 18.394722494467455, 13.25965952496169, 11.577690126606269, 0.0, 10.482285567986636, 14.716113292245893, 18.925314416583326, 17.293498808876258, 14.516074980212327, 4.79670989601303, 13.48548331049102, 13.829345948343256, 22.67520847195731, 12.900148617233068, 11.674185147308807, 21.99397850353892], [8.596008232469387, 4.2053348815497555, 3.837421699397297, 16.14146409077421, 6.522045207971696, 13.65099247365371, 19.34769957943735, 14.70200302343032, 7.533218254396092, 15.243606666732886, 2.269910034647438, 17.632403961657683, 8.02473021982554, 4.9889356863308985, 12.690034308177136, 14.38379007764505, 17.261262037819918, 10.482285567986636, 0.0, 4.511465564199826, 8.46411418302725, 11.229214570585393, 5.83560696870212, 12.03378388380115, 19.908567769906885, 6.519955712269972, 19.67651722498086, 2.418716634169784, 17.26523046385806, 19.333691143844476, 16.472356184548314, 6.651966043075466, 7.192876470715003, 4.390160342050936, 8.971945100715915, 14.052351524787651, 7.058966245988263, 21.024608338091546, 3.7746024355472487, 14.808396638906345, 11.030582749670597, 11.358411151851628, 14.84413472927324, 6.346940379038077, 14.808396638906345, 4.390160342050936, 7.058966245988263, 11.358411151851628, 21.024608338091546, 16.472356184548314, 8.596008232469387, 4.2053348815497555, 3.837421699397297, 16.14146409077421, 6.522045207971696, 13.65099247365371, 19.34769957943735, 14.70200302343032, 7.533218254396092, 15.243606666732886, 2.269910034647438, 17.632403961657683, 8.02473021982554, 4.9889356863308985, 12.690034308177136, 14.38379007764505, 17.261262037819918, 10.482285567986636, 0.0, 4.511465564199826, 8.46411418302725, 11.229214570585393, 5.83560696870212, 12.03378388380115, 19.908567769906885, 6.519955712269972, 19.67651722498086, 2.418716634169784, 17.26523046385806, 19.333691143844476], [12.02014210361996, 7.7741108064457585, 5.1807119694186685, 20.507951179926426, 10.661119755816774, 16.427314875195542, 23.859152229672187, 18.570641169224533, 4.724401278782388, 19.714759612792225, 2.336353002433023, 19.90190350103878, 3.541847085594042, 9.48871286755863, 14.146737964903936, 18.15162798797589, 21.620802502600057, 14.716113292245893, 4.511465564199826, 0.0, 5.055048310547552, 12.709508923165444, 3.1862916896080744, 16.544936633587533, 24.296193814633554, 8.404280519738615, 21.754152390121575, 2.5601242469949423, 21.615163427815773, 21.57241620924418, 20.08687329804196, 2.1608719525898152, 11.631161470250929, 6.734353430778961, 13.004711205782293, 18.522106163601798, 8.757153205402329, 25.53567144318311, 8.195147666470234, 19.318888723158036, 14.064750158503495, 15.867928353831322, 19.25661970329909, 10.593382127984256, 19.318888723158036, 6.734353430778961, 8.757153205402329, 15.867928353831322, 25.53567144318311, 20.08687329804196, 12.02014210361996, 7.7741108064457585, 5.1807119694186685, 20.507951179926426, 10.661119755816774, 16.427314875195542, 23.859152229672187, 18.570641169224533, 4.724401278782388, 19.714759612792225, 2.336353002433023, 19.90190350103878, 3.541847085594042, 9.48871286755863, 14.146737964903936, 18.15162798797589, 21.620802502600057, 14.716113292245893, 4.511465564199826, 0.0, 5.055048310547552, 12.709508923165444, 3.1862916896080744, 16.544936633587533, 24.296193814633554, 8.404280519738615, 21.754152390121575, 2.5601242469949423, 21.615163427815773, 21.57241620924418], [16.798760754584965, 9.87676688445168, 10.199533394753189, 24.46096093786423, 14.985770152618384, 21.421945693070718, 27.043285973749985, 23.139730309105794, 1.3233055684963515, 22.50796101058515, 6.924775108942126, 18.813611552843575, 3.631740228967931, 13.182243255396992, 12.60028743050077, 19.272764943617496, 23.90742343556681, 18.925314416583326, 8.46411418302725, 5.055048310547552, 0.0, 11.38712792774328, 7.736658923726777, 19.875779602563647, 26.620208988905752, 8.537235467159938, 20.334856923243642, 6.052639789763387, 23.8707772934974, 20.35597859362323, 20.852640307303957, 4.589950744311633, 14.589020204228653, 11.684152176649999, 17.430254170473106, 21.33704524205733, 13.809519553107373, 28.647706068455363, 12.176830127576943, 22.624914108116812, 18.99010970793502, 19.092872746094756, 23.103070098049866, 14.803087377947334, 22.624914108116812, 11.684152176649999, 13.809519553107373, 19.092872746094756, 28.647706068455363, 20.852640307303957, 16.798760754584965, 9.87676688445168, 10.199533394753189, 24.46096093786423, 14.985770152618384, 21.421945693070718, 27.043285973749985, 23.139730309105794, 1.3233055684963515, 22.50796101058515, 6.924775108942126, 18.813611552843575, 3.631740228967931, 13.182243255396992, 12.60028743050077, 19.272764943617496, 23.90742343556681, 18.925314416583326, 8.46411418302725, 5.055048310547552, 0.0, 11.38712792774328, 7.736658923726777, 19.875779602563647, 26.620208988905752, 8.537235467159938, 20.334856923243642, 6.052639789763387, 23.8707772934974, 20.35597859362323], [18.077968162814663, 7.752132802285853, 15.054837820541074, 20.89135142880456, 14.93540238966396, 23.43770564400675, 20.90182062079594, 22.145216455508844, 10.203336210290768, 16.023254474323263, 12.206481758549756, 7.441636502001582, 14.281257830087757, 12.057216608423264, 1.4717308389082713, 9.91603305944149, 16.075759995744153, 17.293498808876258, 11.229214570585393, 12.709508923165444, 11.38712792774328, 0.0, 15.70885494813598, 15.30911466498597, 18.560706618342326, 4.711498545421695, 9.108987813344358, 10.763437107265558, 15.979332635039112, 9.030369383530694, 10.720869776591794, 14.160876583929564, 10.863464257471698, 15.482944930841068, 16.981114947128262, 15.11810140162215, 18.15105552074529, 22.15790974678254, 12.364064511507749, 17.42676734902738, 20.735521578602917, 14.43593169807098, 19.40158113204717, 14.439345587427226, 17.42676734902738, 15.482944930841068, 18.15105552074529, 14.43593169807098, 22.15790974678254, 10.720869776591794, 18.077968162814663, 7.752132802285853, 15.054837820541074, 20.89135142880456, 14.93540238966396, 23.43770564400675, 20.90182062079594, 22.145216455508844, 10.203336210290768, 16.023254474323263, 12.206481758549756, 7.441636502001582, 14.281257830087757, 12.057216608423264, 1.4717308389082713, 9.91603305944149, 16.075759995744153, 17.293498808876258, 11.229214570585393, 12.709508923165444, 11.38712792774328, 0.0, 15.70885494813598, 15.30911466498597, 18.560706618342326, 4.711498545421695, 9.108987813344358, 10.763437107265558, 15.979332635039112, 9.030369383530694], [11.006788160723154, 9.877070740902239, 4.0314139522924695, 20.4336328307462, 10.532298142314755, 14.661069033399142, 24.45103443866789, 17.7310958867108, 7.710121265161622, 20.70856007870719, 3.804290780289913, 22.743466297718165, 4.871968370390691, 10.223125402544216, 17.16486652852146, 20.20218944653021, 22.92563945407055, 14.516074980212327, 5.83560696870212, 3.1862916896080744, 7.736658923726777, 15.70885494813598, 0.0, 17.20027680846888, 25.524374080669286, 11.21963935907848, 24.663021241076244, 5.019791138630623, 22.940516587742177, 24.431284039965174, 22.26152539814434, 3.297512885974044, 12.839762873006244, 5.663943479189213, 12.581261112067644, 19.53269961944054, 6.822711408952024, 26.15843956659074, 8.757696351840153, 19.90836401235259, 12.594251866615501, 16.64078202418192, 19.328638700439377, 10.629312329702312, 19.90836401235259, 5.663943479189213, 6.822711408952024, 16.64078202418192, 26.15843956659074, 22.26152539814434, 11.006788160723154, 9.877070740902239, 4.0314139522924695, 20.4336328307462, 10.532298142314755, 14.661069033399142, 24.45103443866789, 17.7310958867108, 7.710121265161622, 20.70856007870719, 3.804290780289913, 22.743466297718165, 4.871968370390691, 10.223125402544216, 17.16486652852146, 20.20218944653021, 22.92563945407055, 14.516074980212327, 5.83560696870212, 3.1862916896080744, 7.736658923726777, 15.70885494813598, 0.0, 17.20027680846888, 25.524374080669286, 11.21963935907848, 24.663021241076244, 5.019791138630623, 22.940516587742177, 24.431284039965174], [9.084765456056598, 10.192394816809177, 13.426634380898067, 5.595198419127218, 7.130609044868436, 12.602692908402304, 7.3158946082415905, 8.31360427092224, 18.685705641013264, 3.9179061116231044, 14.257577902205409, 16.975068432114835, 20.0496043212655, 7.075936086849237, 16.125370053058173, 9.054111120849223, 6.826461627940255, 4.79670989601303, 12.03378388380115, 16.544936633587533, 19.875779602563647, 15.30911466498597, 17.20027680846888, 0.0, 8.935818994686182, 12.9903498523687, 19.046160827352434, 14.262502043583273, 6.914023484274523, 18.289473438462082, 11.027166778414912, 18.675890186992287, 5.343245749201813, 12.13974454605463, 6.450742366415, 2.9932972471468284, 13.227118987302173, 9.00226820507101, 8.476519442715357, 2.7777713100568167, 10.707517617858532, 0.8821667974036757, 4.117704685344583, 6.826548248890816, 2.7777713100568167, 12.13974454605463, 13.227118987302173, 0.8821667974036757, 9.00226820507101, 11.027166778414912, 9.084765456056598, 10.192394816809177, 13.426634380898067, 5.595198419127218, 7.130609044868436, 12.602692908402304, 7.3158946082415905, 8.31360427092224, 18.685705641013264, 3.9179061116231044, 14.257577902205409, 16.975068432114835, 20.0496043212655, 7.075936086849237, 16.125370053058173, 9.054111120849223, 6.826461627940255, 4.79670989601303, 12.03378388380115, 16.544936633587533, 19.875779602563647, 15.30911466498597, 17.20027680846888, 0.0, 8.935818994686182, 12.9903498523687, 19.046160827352434, 14.262502043583273, 6.914023484274523, 18.289473438462082], [17