M = 99999999.0;
numWorkers = 30;
numRoles = 5;
numNodes = 80;
wStart = [30, 30, 150, 30, 270, 420, 30, 30, 90, 30, 30, 120, 90, 0, 120, 60, 60, 120, 120, 270, 180, 180, 420, 120, 120, 150, 120, 180, 90, 30, 180, 120, 90, 210, 90, 120, 180, 150, 240, 180, 60, 150, 120, 390, 180, 300, 240, 120, 30, 120, 270, 330, 360, 450, 450, 480, 480, 420, 450, 390, 330, 450, 180, 360, 330, 360, 420, 360, 360, 450, 360, 360, 480, 240, 330, 300, 480, 450, 360, 450];
wEnd = [30, 30, 150, 30, 270, 420, 30, 30, 90, 30, 30, 120, 90, 0, 120, 60, 60, 120, 120, 270, 180, 180, 420, 120, 120, 150, 120, 180, 90, 30, 300, 210, 330, 330, 300, 180, 390, 270, 330, 270, 450, 360, 270, 450, 420, 420, 330, 390, 210, 330, 270, 330, 360, 450, 450, 480, 480, 420, 450, 390, 330, 450, 180, 360, 330, 360, 420, 360, 360, 450, 360, 360, 480, 240, 330, 300, 480, 450, 360, 450];
p = [0, 0, 0, 0, 0, 0, 0, 0, 0, 0, 0, 0, 0, 0, 0, 0, 0, 0, 0, 0, 0, 0, 0, 0, 0, 0, 0, 0, 0, 0, 30.83148842183487, 21.97689772042832, 22.195147009258886, 16.767066840129804, 72.98991132360104, 22.23028547487032, 46.77816581093384, 52.84997754297293, 32.14646442999745, 24.33455632725564, 41.720846212619264, 53.18766963359398, 58.16052919137586, 54.104450004553954, 45.1135800962801, 44.83119600628985, 47.09498678437676, 33.613081161582976, 40.73957467614885, 28.666939736669036, 0, 0, 0, 0, 0, 0, 0, 0, 0, 0, 0, 0, 0, 0, 0, 0, 0, 0, 0, 0, 0, 0, 0, 0, 0, 0, 0, 0, 0, 0];
e = [[0, 0, 0, 1, 1], [1, 1, 0, 0, 0], [1, 1, 0, 0, 0], [1, 1, 0, 0, 0], [1, 1, 0, 0, 0], [0, 1, 0, 1, 0], [0, 0, 1, 0, 0], [1, 0, 0, 0, 0], [1, 0, 0, 0, 0], [0, 1, 0, 0, 0], [0, 0, 0, 0, 1], [0, 1, 0, 0, 0], [0, 0, 0, 0, 1], [0, 0, 0, 1, 0], [0, 0, 0, 0, 1], [0, 0, 1, 0, 0], [0, 0, 0, 1, 0], [1, 0, 0, 0, 0], [1, 0, 0, 0, 0], [1, 0, 0, 0, 0], [0, 0, 1, 0, 0], [0, 0, 1, 0, 0], [0, 0, 0, 1, 0], [0, 0, 0, 0, 1], [0, 0, 1, 0, 0], [0, 0, 1, 0, 0], [0, 1, 0, 0, 0], [0, 0, 0, 1, 0], [0, 1, 0, 0, 0], [0, 0, 0, 0, 1]];
d = [[0, 0, 2, 0, 0, 0, 0, 0, 2, 2, 0, 2, 2, 0, 2, 2, 2, 0, 0, 0], [1, 2, 0, 2, 2, 2, 1, 1, 0, 0, 2, 0, 0, 1, 0, 0, 0, 2, 2, 1], [2, 0, 2, 0, 0, 0, 2, 2, 2, 0, 0, 0, 2, 2, 0, 0, 0, 0, 0, 2], [0, 0, 0, 0, 1, 1, 0, 0, 0, 0, 1, 0, 0, 0, 0, 0, 0, 1, 1, 0], [0, 2, 0, 2, 2, 2, 0, 0, 0, 1, 2, 1, 0, 0, 1, 1, 1, 2, 2, 0]];
r = [4174, 584, 4517, 2217, 909, 4924, 4120, 3944, 667, 923, 3794, 3600, 1106, 2978, 1735, 1460, 2593, 658, 904, 4616];
g = [[0, 0, 0, 0, 0, 0, 0, 0, 0, 0, 0, 0, 0, 0, 0, 0, 0, 0, 0, 0], [0, 0, 0, 0, 0, 0, 0, 0, 0, 0, 0, 0, 0, 0, 0, 0, 0, 0, 0, 0], [0, 0, 0, 0, 0, 0, 0, 0, 0, 0, 0, 0, 0, 0, 0, 0, 0, 0, 0, 0], [0, 0, 0, 0, 0, 0, 0, 0, 0, 0, 0, 0, 0, 0, 0, 0, 0, 0, 0, 0], [0, 0, 0, 0, 0, 0, 0, 0, 0, 0, 0, 0, 0, 0, 0, 0, 0, 0, 0, 0], [0, 0, 0, 0, 0, 0, 0, 0, 0, 0, 0, 0, 0, 0, 0, 0, 0, 0, 0, 0], [0, 0, 0, 0, 0, 0, 0, 0, 0, 0, 0, 0, 0, 0, 0, 0, 0, 0, 0, 0], [0, 0, 0, 0, 0, 0, 0, 0, 0, 0, 0, 0, 0, 0, 0, 0, 0, 0, 0, 0], [0, 0, 0, 0, 0, 0, 0, 0, 0, 0, 0, 0, 0, 0, 0, 0, 0, 0, 0, 0], [0, 0, 0, 0, 0, 0, 0, 0, 0, 0, 0, 0, 0, 0, 0, 0, 0, 0, 0, 0], [0, 0, 0, 0, 0, 0, 0, 0, 0, 0, 0, 0, 0, 0, 0, 0, 0, 0, 0, 0], [0, 0, 0, 0, 0, 0, 0, 0, 0, 0, 0, 0, 0, 0, 0, 0, 0, 0, 0, 0], [0, 0, 0, 0, 0, 0, 0, 0, 0, 0, 0, 0, 0, 0, 0, 0, 0, 0, 0, 0], [0, 0, 0, 0, 0, 0, 0, 0, 0, 0, 0, 0, 0, 0, 0, 0, 0, 0, 0, 0], [0, 0, 0, 0, 0, 0, 0, 0, 0, 0, 0, 0, 0, 0, 0, 0, 0, 0, 0, 0], [0, 0, 0, 0, 0, 0, 0, 0, 0, 0, 0, 0, 0, 0, 0, 0, 0, 0, 0, 0], [0, 0, 0, 0, 0, 0, 0, 0, 0, 0, 0, 0, 0, 0, 0, 0, 0, 0, 0, 0], [0, 0, 0, 0, 0, 0, 0, 0, 0, 0, 0, 0, 0, 0, 0, 0, 0, 0, 0, 0], [0, 0, 0, 0, 0, 0, 0, 0, 0, 0, 0, 0, 0, 0, 0, 0, 0, 0, 0, 0], [0, 0, 0, 0, 0, 0, 0, 0, 0, 0, 0, 0, 0, 0, 0, 0, 0, 0, 0, 0]];
t = [[0.0, 10.756661247296762, 37.85350322673967, 39.0522311327893, 15.859322834307308, 38.193405089191046, 24.15756476183635, 51.4200925715583, 8.157655303775613, 40.34754832526501, 16.217534939002153, 25.936910380486314, 25.715746010619338, 43.00702861051378, 42.07305608520716, 6.63951006134401, 21.156782558817753, 16.257672144835922, 45.880803743893225, 19.251955869937387, 36.71509945577401, 8.456218475956785, 44.62141509843564, 41.729698707079876, 42.20637547793274, 44.400845044663974, 17.12269452009735, 45.75964671157301, 7.966377929876333, 9.8314937852099, 46.74400418712069, 38.89232595690394, 16.69408610812384, 18.83276815408839, 22.944333423776346, 23.559132533500502, 22.11749072616523, 42.16744618679477, 27.60615259484093, 44.61806326959905, 12.754814693310028, 36.77502454954757, 17.046955424864564, 3.438609125760694, 28.649155335262183, 23.968294488988175, 42.215219012112236, 25.818665131323804, 19.694261893814428, 25.99780993580228, 0.0, 10.756661247296762, 37.85350322673967, 39.0522311327893, 15.859322834307308, 38.193405089191046, 24.15756476183635, 51.4200925715583, 8.157655303775613, 40.34754832526501, 16.217534939002153, 25.936910380486314, 25.715746010619338, 43.00702861051378, 42.07305608520716, 6.63951006134401, 21.156782558817753, 16.257672144835922, 45.880803743893225, 19.251955869937387, 36.71509945577401, 8.456218475956785, 44.62141509843564, 41.729698707079876, 42.20637547793274, 44.400845044663974, 17.12269452009735, 45.75964671157301, 7.966377929876333, 9.8314937852099], [10.756661247296762, 0.0, 30.0378609708455, 38.296362972747296, 15.51796320563282, 27.765903522041974, 20.23919077875784, 47.6879324191613, 4.945039366098361, 34.29677568634086, 16.276655440610348, 25.42725178239359, 25.96318117633291, 36.92972057941894, 32.095303834828094, 4.122841277768387, 10.409404249113768, 6.045338485646268, 41.33536163027028, 18.866848696062707, 31.4480294843768, 13.563457497025578, 38.940992972777856, 36.38627110790582, 33.47299647142509, 40.09853217265716, 11.572208462265912, 42.63323066322538, 5.201813136650352, 6.050919268536396, 40.51432486256536, 28.71053174495355, 12.651879029760948, 8.132495119565963, 12.325598487581104, 16.83716755946562, 11.711251715613114, 36.88603392100248, 34.81462325680707, 35.380100717393056, 3.8548462740198315, 37.214398541131814, 13.213495969386154, 7.539814055110205, 26.191240778648563, 14.774705701753406, 35.712051014829754, 20.936555001067138, 22.436895801908523, 27.663414920461477, 10.756661247296762, 0.0, 30.0378609708455, 38.296362972747296, 15.51796320563282, 27.765903522041974, 20.23919077875784, 47.6879324191613, 4.945039366098361, 34.29677568634086, 16.276655440610348, 25.42725178239359, 25.96318117633291, 36.92972057941894, 32.095303834828094, 4.122841277768387, 10.409404249113768, 6.045338485646268, 41.33536163027028, 18.866848696062707, 31.4480294843768, 13.563457497025578, 38.940992972777856, 36.38627110790582, 33.47299647142509, 40.09853217265716, 11.572208462265912, 42.63323066322538, 5.201813136650352, 6.050919268536396], [37.85350322673967, 30.0378609708455, 0.0, 26.682386516360147, 25.551571507982317, 16.721419025095, 16.842359878439876, 24.347090087980895, 34.97337418536527, 8.355983706649239, 25.92305716814599, 23.53757679139915, 25.35782154402971, 9.87177374569859, 13.476886160954823, 32.954474857824835, 24.11290796701462, 29.651545288904348, 17.35256571944098, 24.449062147205815, 10.17360748911476, 33.25539119665192, 12.43147395968126, 11.786417590071803, 6.168263465090548, 17.22894719426412, 20.816315149473407, 22.32974489914229, 30.041158554168558, 35.92508745284731, 12.282430107733987, 14.288986463939857, 40.494335431852065, 24.50115535897458, 26.713733010666402, 14.363775893176285, 20.705588259880308, 12.268873978431886, 45.580283097726, 10.0628741999263, 31.987973333014676, 29.471339071947746, 21.62777847341248, 34.64915725253114, 18.666198695087054, 15.63414318783874, 7.790014310669201, 14.321849363762036, 30.22008720912916, 28.96863818769248, 37.85350322673967, 30.0378609708455, 0.0, 26.682386516360147, 25.551571507982317, 16.721419025095, 16.842359878439876, 24.347090087980895, 34.97337418536527, 8.355983706649239, 25.92305716814599, 23.53757679139915, 25.35782154402971, 9.87177374569859, 13.476886160954823, 32.954474857824835, 24.11290796701462, 29.651545288904348, 17.35256571944098, 24.449062147205815, 10.17360748911476, 33.25539119665192, 12.43147395968126, 11.786417590071803, 6.168263465090548, 17.22894719426412, 20.816315149473407, 22.32974489914229, 30.041158554168558, 35.92508745284731], [39.0522311327893, 38.296362972747296, 26.682386516360147, 0.0, 23.57802193606393, 42.05637881275248, 18.924112040495288, 16.53796587349903, 41.78083517825685, 19.820156498114006, 23.044573418356006, 13.204986764024222, 13.354208160623433, 20.61798413553934, 40.046584814886195, 38.40164020944377, 39.78906995234089, 42.015587593307245, 15.742765313860906, 20.03438167532571, 16.543180852597366, 30.791628662277397, 19.580458276113998, 17.314772667488377, 32.42182161033317, 14.182330682638769, 27.216561500014674, 10.807059388627152, 34.54874269268461, 43.67376391250798, 22.736707442702095, 40.126623401508034, 50.93179471008672, 38.45645560807763, 43.44411356057012, 25.046078734781315, 36.76972646474678, 17.183386278912646, 28.19953450393815, 36.34672459632522, 41.96387904972757, 4.5329900718040195, 25.13303883429323, 37.498851920633996, 12.539987271261637, 31.720637382261607, 22.135196868166638, 19.59172084703871, 20.1997928776928, 14.032753636888172, 39.0522311327893, 38.296362972747296, 26.682386516360147, 0.0, 23.57802193606393, 42.05637881275248, 18.924112040495288, 16.53796587349903, 41.78083517825685, 19.820156498114006, 23.044573418356006, 13.204986764024222, 13.354208160623433, 20.61798413553934, 40.046584814886195, 38.40164020944377, 39.78906995234089, 42.015587593307245, 15.742765313860906, 20.03438167532571, 16.543180852597366, 30.791628662277397, 19.580458276113998, 17.314772667488377, 32.42182161033317, 14.182330682638769, 27.216561500014674, 10.807059388627152, 34.54874269268461, 43.67376391250798], [15.859322834307308, 15.51796320563282, 25.551571507982317, 23.57802193606393, 0.0, 32.18677669907954, 9.27134011424547, 35.62497114588565, 18.35865324873726, 25.882346792735817, 0.8397299123493751, 10.378807558600561, 10.592784910468934, 28.456932592913702, 33.916381290472906, 14.920055166413288, 20.795003085656873, 20.45944419988107, 30.352627476069372, 3.547367134205066, 21.810070716539766, 8.49488718622304, 29.72349462273861, 26.692608580454962, 31.055233035787325, 28.802872273046315, 7.669439679233903, 29.911275112111973, 11.124515730345983, 20.330147599386844, 32.19458604188011, 31.745972244496826, 27.837327226186165, 18.65779707892785, 24.272165489505042, 12.133247334238503, 19.120025742943007, 27.07924366827497, 22.88988830097959, 34.30975011052186, 19.363472580308628, 21.93280199743743, 5.12395746675448, 13.95825436465464, 12.816781993490054, 16.83984744278868, 28.07090280592408, 11.531409920632486, 7.686587032803672, 12.1634002616381, 15.859322834307308, 15.51796320563282, 25.551571507982317, 23.57802193606393, 0.0, 32.18677669907954, 9.27134011424547, 35.62497114588565, 18.35865324873726, 25.882346792735817, 0.8397299123493751, 10.378807558600561, 10.592784910468934, 28.456932592913702, 33.916381290472906, 14.920055166413288, 20.795003085656873, 20.45944419988107, 30.352627476069372, 3.547367134205066, 21.810070716539766, 8.49488718622304, 29.72349462273861, 26.692608580454962, 31.055233035787325, 28.802872273046315, 7.669439679233903, 29.911275112111973, 11.124515730345983, 20.330147599386844], [38.193405089191046, 27.765903522041974, 16.721419025095, 42.05637881275248, 32.18677669907954, 0.0, 26.76051621181271, 40.97100501541721, 32.162283092866794, 25.077384348464978, 32.8899514916067, 35.18637280930456, 36.86510863768272, 26.415331108236987, 6.214663403235701, 31.776473423797004, 17.799150013143084, 24.072344570093744, 34.04357220351124, 32.93529164187199, 26.260815838612082, 37.20083865898362, 28.945342800156556, 28.50744579449372, 13.934451621182768, 33.94935599609338, 24.80207696503982, 38.99788433957125, 30.584551322557203, 32.13325257352778, 28.11905958096287, 2.77565292502399, 33.554631791218654, 19.738876898312277, 18.05160308034804, 20.64865206232171, 16.093783837322047, 28.98998418337946, 54.92603709650467, 12.545328464160468, 27.625656865475463, 44.023004487900955, 27.08721056398955, 34.76971129546078, 31.489077109297224, 15.504445116160102, 24.257721178218684, 24.640685920556887, 39.133552675732304, 40.3527220205956, 38.193405089191046, 27.765903522041974, 16.721419025095, 42.05637881275248, 32.18677669907954, 0.0, 26.76051621181271, 40.97100501541721, 32.162283092866794, 25.077384348464978, 32.8899514916067, 35.18637280930456, 36.86510863768272, 26.415331108236987, 6.214663403235701, 31.776473423797004, 17.799150013143084, 24.072344570093744, 34.04357220351124, 32.93529164187199, 26.260815838612082, 37.20083865898362, 28.945342800156556, 28.50744579449372, 13.934451621182768, 33.94935599609338, 24.80207696503982, 38.99788433957125, 30.584551322557203, 32.13325257352778], [24.15756476183635, 20.23919077875784, 16.842359878439876, 18.924112040495288, 9.27134011424547, 26.76051621181271, 0.0, 27.684706308130668, 24.40945760286524, 16.625521071966215, 9.44346028682698, 8.512466667012312, 10.123955879558828, 19.219638764243136, 27.067671455298743, 21.34845029440349, 20.90404471715096, 23.260245519343695, 21.776425715146818, 7.615862502238167, 12.65844567498398, 17.659842584299163, 20.596802161430407, 17.629107404020207, 22.708073309296854, 20.35701329939274, 8.690436919229958, 22.427768400327864, 17.590212921974633, 26.07052120284428, 22.96579063813316, 25.651554893353303, 32.809363298999514, 19.532978999302756, 24.575006913421216, 6.646243348240844, 18.01175979970831, 18.048786292868435, 29.132822543933166, 26.266612068566694, 23.64242670453389, 19.10024809588568, 7.354943030821456, 21.59233092033493, 6.384136604118601, 13.409818369462192, 18.79974693759057, 2.533211551369838, 13.462295793936953, 13.593663975185907, 24.15756476183635, 20.23919077875784, 16.842359878439876, 18.924112040495288, 9.27134011424547, 26.76051621181271, 0.0, 27.684706308130668, 24.40945760286524, 16.625521071966215, 9.44346028682698, 8.512466667012312, 10.123955879558828, 19.219638764243136, 27.067671455298743, 21.34845029440349, 20.90404471715096, 23.260245519343695, 21.776425715146818, 7.615862502238167, 12.65844567498398, 17.659842584299163, 20.596802161430407, 17.629107404020207, 22.708073309296854, 20.35701329939274, 8.690436919229958, 22.427768400327864, 17.590212921974633, 26.07052120284428], [51.4200925715583, 47.6879324191613, 24.347090087980895, 16.53796587349903, 35.62497114588565, 40.97100501541721, 27.684706308130668, 0.0, 52.05123101640166, 16.12018290015182, 35.37888583947527, 26.479541879122646, 27.470871545237557, 14.556840432303172, 36.766961090109056, 49.032592086794665, 45.60701994313391, 49.710230471531595, 7.087799245393899, 32.443626282902585, 16.864791114769808, 43.9029959522927, 12.044743202755646, 12.817734057580846, 27.842736300445427, 7.798646914558769, 36.15804964867423, 6.063810475927571, 45.26762552565614, 53.640651057793335, 13.56871646610383, 38.40477137641283, 60.0, 45.095669217308355, 48.88247662855565, 31.33703954212642, 42.149387396744864, 12.288119764507886, 44.71022527075029, 31.06473172364438, 50.81450561270182, 21.03794872469894, 35.035037856005154, 49.13005992206281, 22.81259478851836, 36.545480300066345, 16.71976041944236, 26.751468639161025, 34.81048804801542, 29.412141222458906, 51.4200925715583, 47.6879324191613, 24.347090087980895, 16.53796587349903, 35.62497114588565, 40.97100501541721, 27.684706308130668, 0.0, 52.05123101640166, 16.12018290015182, 35.37888583947527, 26.479541879122646, 27.470871545237557, 14.556840432303172, 36.766961090109056, 49.032592086794665, 45.60701994313391, 49.710230471531595, 7.087799245393899, 32.443626282902585, 16.864791114769808, 43.9029959522927, 12.044743202755646, 12.817734057580846, 27.842736300445427, 7.798646914558769, 36.15804964867423, 6.063810475927571, 45.26762552565614, 53.640651057793335], [8.157655303775613, 4.945039366098361, 34.97337418536527, 41.78083517825685, 18.35865324873726, 32.162283092866794, 24.40945760286524, 52.05123101640166, 0.0, 39.05912953543098, 19.011327647638268, 28.664029228525795, 28.94954316453085, 41.70505441618336, 36.75649305531091, 3.4708134965503765, 14.433303980492944, 8.645133080521454, 45.852088878253205, 21.88030958057857, 36.06036871408044, 14.007521958364851, 43.66082555917613, 41.03799523718096, 38.39870434939433, 44.558076156179695, 15.924192522611857, 46.827875467564425, 7.245212081842356, 2.0749591977374977, 45.32102115466019, 33.28283871986558, 9.752947176300955, 12.433626265690473, 15.47776185592659, 21.587973722746206, 16.302446384295365, 41.52851859215019, 34.921405483248215, 40.24253678350361, 4.9147266779185275, 40.29071365410919, 17.131568635657008, 6.117175903389835, 30.056755047813294, 19.703419590682675, 40.54241044060062, 25.364243047314723, 24.391095197900686, 30.164608830951376, 8.157655303775613, 4.945039366098361, 34.97337418536527, 41.78083517825685, 18.35865324873726, 32.162283092866794, 24.40945760286524, 52.05123101640166, 0.0, 39.05912953543098, 19.011327647638268, 28.664029228525795, 28.94954316453085, 41.70505441618336, 36.75649305531091, 3.4708134965503765, 14.433303980492944, 8.645133080521454, 45.852088878253205, 21.88030958057857, 36.06036871408044, 14.007521958364851, 43.66082555917613, 41.03799523718096, 38.39870434939433, 44.558076156179695, 15.924192522611857, 46.827875467564425, 7.245212081842356, 2.0749591977374977], [40.34754832526501, 34.29677568634086, 8.355983706649239, 19.820156498114006, 25.882346792735817, 25.077384348464978, 16.625521071966215, 16.12018290015182, 39.05912953543098, 0.0, 25.99413407702927, 20.514856892725195, 22.222209717215517, 2.6664831818741797, 21.513600365819652, 36.50081188346487, 30.37186915559081, 35.178259237882216, 9.05745872454668, 23.726299846290743, 4.467794454595352, 34.28013488867808, 4.7711245611924245, 3.431367284852907, 13.030316401777927, 8.874305378592922, 23.475940146086252, 14.044366758768522, 33.08027364588853, 40.3452382650778, 6.397465514574944, 22.626392596754716, 45.87724075498119, 30.23725436022331, 33.4092558203961, 17.47255717405068, 26.877471118217397, 3.914748392370722, 42.61405219502359, 16.82511142322354, 36.899098643190435, 23.300653206513918, 23.312569845092046, 37.47641742040853, 15.360233135814735, 21.340728129875902, 2.5701627971021006, 14.599902204446638, 28.507232308680052, 25.560016578179688, 40.34754832526501, 34.29677568634086, 8.355983706649239, 19.820156498114006, 25.882346792735817, 25.077384348464978, 16.625521071966215, 16.12018290015182, 39.05912953543098, 0.0, 25.99413407702927, 20.514856892725195, 22.222209717215517, 2.6664831818741797, 21.513600365819652, 36.50081188346487, 30.37186915559081, 35.178259237882216, 9.05745872454668, 23.726299846290743, 4.467794454595352, 34.28013488867808, 4.7711245611924245, 3.431367284852907, 13.030316401777927, 8.874305378592922, 23.475940146086252, 14.044366758768522, 33.08027364588853, 40.3452382650778], [16.217534939002153, 16.276655440610348, 25.92305716814599, 23.044573418356006, 0.8397299123493751, 32.8899514916067, 9.44346028682698, 35.37888583947527, 19.011327647638268, 25.99413407702927, 0.0, 9.840628278676817, 9.948837496619513, 28.5462326395863, 34.526290358882875, 15.55946982031527, 21.633706741988924, 21.272328053352624, 30.226445897720907, 3.0417610043335945, 21.85983092499566, 8.583674893446412, 29.748260880989122, 26.697853618926285, 31.49697009178286, 28.655587517873048, 8.464111601514658, 29.61723526358284, 11.795834344049505, 20.999194047317342, 32.27372002233642, 32.40776876550601, 28.537477765649374, 19.49748791499237, 25.11189039268219, 12.712040615977743, 19.943005494455477, 27.07257409282795, 22.13130333140127, 34.798380531979426, 20.126765988458178, 21.28782077363917, 5.876137420526488, 14.455553509806412, 12.57005561456365, 17.58494894603978, 28.22301399033364, 11.785606367725281, 6.8510565699583665, 11.388445780351775, 16.217534939002153, 16.276655440610348, 25.92305716814599, 23.044573418356006, 0.8397299123493751, 32.8899514916067, 9.44346028682698, 35.37888583947527, 19.011327647638268, 25.99413407702927, 0.0, 9.840628278676817, 9.948837496619513, 28.5462326395863, 34.526290358882875, 15.55946982031527, 21.633706741988924, 21.272328053352624, 30.226445897720907, 3.0417610043335945, 21.85983092499566, 8.583674893446412, 29.748260880989122, 26.697853618926285, 31.49697009178286, 28.655587517873048, 8.464111601514658, 29.61723526358284, 11.795834344049505, 20.999194047317342], [25.936910380486314, 25.42725178239359, 23.53757679139915, 13.204986764024222, 10.378807558600561, 35.18637280930456, 8.512466667012312, 26.479541879122646, 28.664029228525795, 20.514856892725195, 9.840628278676817, 0.0, 1.820386237233838, 22.67394683170477, 35.07792894401212, 25.254539499502616, 28.468677916262454, 29.671068425203917, 22.27253052534896, 6.832246661247856, 16.047065406885906, 17.83451586992523, 23.165223072321137, 20.069934727822815, 29.680356696318313, 20.57751204749746, 15.0236321737285, 20.50595337508754, 21.419371994822818, 30.594804509291155, 26.12899017601267, 33.946847283472515, 37.979424834161954, 26.76040736119066, 32.14175046650103, 15.092862729752904, 25.912280195591155, 20.30825776499424, 22.2478213196202, 33.47782011466654, 29.191266532553136, 11.80620676844129, 12.583776753452332, 24.29607887679984, 5.165429219777049, 21.752782035467593, 23.04410238028833, 10.554376053125319, 8.512025717420089, 5.443749234251912, 25.936910380486314, 25.42725178239359, 23.53757679139915, 13.204986764024222, 10.378807558600561, 35.18637280930456, 8.512466667012312, 26.479541879122646, 28.664029228525795, 20.514856892725195, 9.840628278676817, 0.0, 1.820386237233838, 22.67394683170477, 35.07792894401212, 25.254539499502616, 28.468677916262454, 29.671068425203917, 22.27253052534896, 6.832246661247856, 16.047065406885906, 17.83451586992523, 23.165223072321137, 20.069934727822815, 29.680356696318313, 20.57751204749746, 15.0236321737285, 20.50595337508754, 21.419371994822818, 30.594804509291155], [25.715746010619338, 25.96318117633291, 25.35782154402971, 13.354208160623433, 10.592784910468934, 36.86510863768272, 10.123955879558828, 27.470871545237557, 28.94954316453085, 22.222209717215517, 9.948837496619513, 1.820386237233838, 0.0, 24.3319244182842, 36.85275857665319, 25.50438092890944, 29.587559404869864, 30.461489023490692, 23.59163809452689, 7.1093372496321035, 17.75703221456429, 17.4386837523076, 24.734051610717376, 21.65394902898322, 31.500684550347803, 21.879031335152533, 16.013408166372407, 21.44224213241677, 21.71725122627209, 30.92260217371798, 27.738681116622164, 35.670995352499865, 38.406845270146626, 27.790304953327052, 33.24442538727161, 16.614152352547613, 27.153251438181282, 21.870938003877196, 20.46786618961266, 35.29662074325538, 29.77208180521573, 11.341388556806741, 13.45813940393601, 24.29828769867404, 6.919955017997177, 23.188196749109267, 24.762963433320973, 12.267520223213536, 7.33967083278137, 3.628755217935753, 25.715746010619338, 25.96318117633291, 25.35782154402971, 13.354208160623433, 10.592784910468934, 36.86510863768272, 10.123955879558828, 27.470871545237557, 28.94954316453085, 22.222209717215517, 9.948837496619513, 1.820386237233838, 0.0, 24.3319244182842, 36.85275857665319, 25.50438092890944, 29.587559404869864, 30.461489023490692, 23.59163809452689, 7.1093372496321035, 17.75703221456429, 17.4386837523076, 24.734051610717376, 21.65394902898322, 31.500684550347803, 21.879031335152533, 16.013408166372407, 21.44224213241677, 21.71725122627209, 30.92260217371798], [43.00702861051378, 36.92972057941894, 9.87177374569859, 20.61798413553934, 28.456932592913702, 26.415331108236987, 19.219638764243136, 14.556840432303172, 41.70505441618336, 2.6664831818741797, 28.5462326395863, 22.67394683170477, 24.3319244182842, 0.0, 22.34963655869159, 39.16183717692104, 32.777438768733525, 37.70490038686146, 7.750592690870471, 26.212049469379913, 6.7709521438268325, 36.87948050655785, 2.5597842741004184, 3.3032382517617416, 13.534082254521108, 8.070134836475937, 26.14193875113768, 13.46107281933792, 35.74649704209969, 42.97588858218242, 3.7510996193888055, 23.85112158609466, 48.43595257063375, 32.72473528908045, 35.73533995226884, 20.117087899102238, 29.285940751771403, 3.4838301368954268, 44.60008772886407, 17.07734682108358, 39.4913902574697, 24.40497901461189, 25.9681069757507, 40.142047663920586, 17.563612597381017, 23.792382081109807, 2.1700301410359684, 17.23978069183128, 30.820796736288933, 27.56487493442278, 43.00702861051378, 36.92972057941894, 9.87177374569859, 20.61798413553934, 28.456932592913702, 26.415331108236987, 19.219638764243136, 14.556840432303172, 41.70505441618336, 2.6664831818741797, 28.5462326395863, 22.67394683170477, 24.3319244182842, 0.0, 22.34963655869159, 39.16183717692104, 32.777438768733525, 37.70490038686146, 7.750592690870471, 26.212049469379913, 6.7709521438268325, 36.87948050655785, 2.5597842741004184, 3.3032382517617416, 13.534082254521108, 8.070134836475937, 26.14193875113768, 13.46107281933792, 35.74649704209969, 42.97588858218242], [42.07305608520716, 32.095303834828094, 13.476886160954823, 40.046584814886195, 33.916381290472906, 6.214663403235701, 27.067671455298743, 36.766961090109056, 36.75649305531091, 21.513600365819652, 34.526290358882875, 35.07792894401212, 36.85275857665319, 22.34963655869159, 0.0, 35.92854388859132, 22.769581910720813, 29.128101111031015, 30.100021590754633, 34.02409041775782, 23.624900709393028, 39.97301590255733, 24.766908657528475, 24.89153096424377, 8.948090984086667, 30.271089605589086, 27.094549703251936, 35.54571980176385, 34.212399461064486, 36.97102405953113, 23.439645600821926, 3.801548006407333, 39.10449698774611, 24.39885546721299, 23.60648991188706, 21.827766269009317, 20.454125639443905, 25.320801354358807, 56.05944209352665, 6.596849315678574, 32.492312570863874, 42.57032918350647, 29.01095830551276, 38.63639989281286, 30.772230261306337, 18.295507055175676, 20.189589211068036, 24.677471602405046, 40.217916010022506, 40.45601788296436, 42.07305608520716, 32.095303834828094, 13.476886160954823, 40.046584814886195, 33.916381290472906, 6.214663403235701, 27.067671455298743, 36.766961090109056, 36.75649305531091, 21.513600365819652, 34.526290358882875, 35.07792894401212, 36.85275857665319, 22.34963655869159, 0.0, 35.92854388859132, 22.769581910720813, 29.128101111031015, 30.100021590754633, 34.02409041775782, 23.624900709393028, 39.97301590255733, 24.766908657528475, 24.89153096424377, 8.948090984086667, 30.271089605589086, 27.094549703251936, 35.54571980176385, 34.212399461064486, 36.97102405953113], [6.63951006134401, 4.122841277768387, 32.954474857824835, 38.40164020944377, 14.920055166413288, 31.776473423797004, 21.34845029440349, 49.032592086794665, 3.4708134965503765, 36.50081188346487, 15.55946982031527, 25.254539499502616, 25.50438092890944, 39.16183717692104, 35.92854388859132, 0.0, 14.531768560067563, 9.76801893515276, 42.97046557468905, 18.452207704062747, 33.30372577234626, 10.791859071707874, 41.02239095429331, 38.313437830143926, 36.79236288948262, 41.62772655162074, 13.094789392355505, 43.70802016032281, 3.864759948992113, 5.516771410888118, 42.82847118619585, 32.62268856910727, 13.186386528337668, 12.237308150948666, 16.343850596110393, 19.113807482300807, 15.685480239179228, 38.7912697791389, 31.94048245240982, 38.914770999373324, 6.553548756645346, 36.845506510805855, 14.007254585470573, 3.555151983618502, 26.817790620792696, 18.18434631133105, 38.11257445121459, 22.47974447932626, 20.94161700735309, 26.69380051580786, 6.63951006134401, 4.122841277768387, 32.954474857824835, 38.40164020944377, 14.920055166413288, 31.776473423797004, 21.34845029440349, 49.032592086794665, 3.4708134965503765, 36.50081188346487, 15.55946982031527, 25.254539499502616, 25.50438092890944, 39.16183717692104, 35.92854388859132, 0.0, 14.531768560067563, 9.76801893515276, 42.97046557468905, 18.452207704062747, 33.30372577234626, 10.791859071707874, 41.02239095429331, 38.313437830143926, 36.79236288948262, 41.62772655162074, 13.094789392355505, 43.70802016032281, 3.864759948992113, 5.516771410888118], [21.156782558817753, 10.409404249113768, 24.11290796701462, 39.78906995234089, 20.795003085656873, 17.799150013143084, 20.90404471715096, 45.60701994313391, 14.433303980492944, 30.37186915559081, 21.633706741988924, 28.468677916262454, 29.587559404869864, 32.777438768733525, 22.769581910720813, 14.531768560067563, 0.0, 6.358593970390508, 38.696641247220185, 23.224602153601445, 28.742250419420984, 22.412348406162007, 35.13714861441852, 33.158413749910196, 25.98345751018647, 37.80857770461282, 13.64341087459234, 41.46106449781928, 14.404757534352568, 14.334627275028849, 35.95708716328482, 19.137084571997118, 16.769100503943548, 2.4449384087677988, 3.682277521986419, 14.918747222562988, 3.4944068051543073, 33.694680759627204, 42.88039359934369, 27.072946335766748, 9.826908965384414, 39.89192510055097, 16.32109178020504, 17.86679497017723, 27.26961204210661, 9.079038494070607, 31.113267323062118, 20.32172786550155, 28.47615648438949, 32.24475934681556, 21.156782558817753, 10.409404249113768, 24.11290796701462, 39.78906995234089, 20.795003085656873, 17.799150013143084, 20.90404471715096, 45.60701994313391, 14.433303980492944, 30.37186915559081, 21.633706741988924, 28.468677916262454, 29.587559404869864, 32.777438768733525, 22.769581910720813, 14.531768560067563, 0.0, 6.358593970390508, 38.696641247220185, 23.224602153601445, 28.742250419420984, 22.412348406162007, 35.13714861441852, 33.158413749910196, 25.98345751018647, 37.80857770461282, 13.64341087459234, 41.46106449781928, 14.404757534352568, 14.334627275028849], [16.257672144835922, 6.045338485646268, 29.651545288904348, 42.015587593307245, 20.45944419988107, 24.072344570093744, 23.260245519343695, 49.710230471531595, 8.645133080521454, 35.178259237882216, 21.272328053352624, 29.671068425203917, 30.461489023490692, 37.70490038686146, 29.128101111031015, 9.76801893515276, 6.358593970390508, 0.0, 43.010403468613845, 23.527777564379967, 32.981304638879855, 19.567423584789733, 39.937823300853175, 37.68871918641553, 32.04904615624389, 41.953679823067496, 14.808171048028841, 45.09895543927381, 11.159246054825712, 8.157700194020961, 41.07732308283526, 25.487317511603344, 10.843031145684867, 5.171993815511495, 6.832632361301944, 18.380475745143336, 9.174623439391265, 38.2140492417055, 40.77438009887456, 33.332564659273444, 3.747471224549804, 41.4444772793909, 17.090412110940704, 13.321232334760069, 29.561998880893597, 14.059543634933476, 36.20984278169299, 23.340483849833156, 27.799224452776215, 32.564976169378326, 16.257672144835922, 6.045338485646268, 29.651545288904348, 42.015587593307245, 20.45944419988107, 24.072344570093744, 23.260245519343695, 49.710230471531595, 8.645133080521454, 35.178259237882216, 21.272328053352624, 29.671068425203917, 30.461489023490692, 37.70490038686146, 29.128101111031015, 9.76801893515276, 6.358593970390508, 0.0, 43.010403468613845, 23.527777564379967, 32.981304638879855, 19.567423584789733, 39.937823300853175, 37.68871918641553, 32.04904615624389, 41.953679823067496, 14.808171048028841, 45.09895543927381, 11.159246054825712, 8.157700194020961], [45.880803743893225, 41.33536163027028, 17.35256571944098, 15.742765313860906, 30.352627476069372, 34.04357220351124, 21.776425715146818, 7.087799245393899, 45.852088878253205, 9.05745872454668, 30.226445897720907, 22.27253052534896, 23.59163809452689, 7.750592690870471, 30.100021590754633, 42.97046557468905, 38.696641247220185, 43.010403468613845, 0.0, 27.454106060038246, 10.029631503744445, 38.80908528487178, 5.433014356913285, 5.729960809872834, 21.269002605536677, 1.7319318237209917, 29.931999691307038, 6.223608820427773, 39.293296495437424, 47.347903887371075, 7.886478283760421, 31.526996916017456, 53.4559648519487, 38.287236909223445, 41.914842240973655, 24.713818242303923, 35.22220831023015, 5.200636794115304, 42.62516337632492, 24.726893966924614, 44.30905092479981, 20.113970376706252, 29.0919439895347, 43.36867332099738, 17.835179459451354, 29.61953772336034, 9.912203211634715, 20.49836967427629, 30.784544689463434, 26.18356366237521, 45.880803743893225, 41.33536163027028, 17.35256571944098, 15.742765313860906, 30.352627476069372, 34.04357220351124, 21.776425715146818, 7.087799245393899, 45.852088878253205, 9.05745872454668, 30.226445897720907, 22.27253052534896, 23.59163809452689, 7.750592690870471, 30.100021590754633, 42.97046557468905, 38.696641247220185, 43.010403468613845, 0.0, 27.454106060038246, 10.029631503744445, 38.80908528487178, 5.433014356913285, 5.729960809872834, 21.269002605536677, 1.7319318237209917, 29.931999691307038, 6.223608820427773, 39.293296495437424, 47.347903887371075], [19.251955869937387, 18.866848696062707, 24.449062147205815, 20.03438167532571, 3.547367134205066, 32.93529164187199, 7.615862502238167, 32.443626282902585, 21.88030958057857, 23.726299846290743, 3.0417610043335945, 6.832246661247856, 7.1093372496321035, 26.212049469379913, 34.02409041775782, 18.452207704062747, 23.224602153601445, 23.527777564379967, 27.454106060038246, 0.0, 19.461540676972756, 11.459634497163314, 27.261501294515256, 24.178241811518458, 30.253964822447795, 25.85303681628564, 9.61760817285861, 26.639957407939388, 14.637661908231319, 23.836424907672765, 29.90359497137551, 32.20058140395504, 31.29940358650063, 21.244822743996135, 26.81127271359908, 12.3290202013651, 21.1638390631641, 24.526664809738215, 22.070898661569025, 33.7306355972205, 22.687538151175985, 18.429034512623602, 6.912403531916124, 17.479996174092445, 9.676332176542576, 18.059790482083876, 26.050457345716563, 10.127288256477739, 6.218052364608896, 9.08970228962043, 19.251955869937387, 18.866848696062707, 24.449062147205815, 20.03438167532571, 3.547367134205066, 32.93529164187199, 7.615862502238167, 32.443626282902585, 21.88030958057857, 23.726299846290743, 3.0417610043335945, 6.832246661247856, 7.1093372496321035, 26.212049469379913, 34.02409041775782, 18.452207704062747, 23.224602153601445, 23.527777564379967, 27.454106060038246, 0.0, 19.461540676972756, 11.459634497163314, 27.261501294515256, 24.178241811518458, 30.253964822447795, 25.85303681628564, 9.61760817285861, 26.639957407939388, 14.637661908231319, 23.836424907672765], [36.71509945577401, 31.4480294843768, 10.17360748911476, 16.543180852597366, 21.810070716539766, 26.260815838612082, 12.65844567498398, 16.864791114769808, 36.06036871408044, 4.467794454595352, 21.85983092499566, 16.047065406885906, 17.75703221456429, 6.7709521438268325, 23.624900709393028, 33.30372577234626, 28.742250419420984, 32.981304638879855, 10.029631503744445, 19.461540676972756, 0.0, 30.276219306924617, 7.938381691806795, 5.026853001126563, 15.90181404100303, 9.066593089054695, 20.209421464414955, 13.20187812453319, 29.73240359026794, 37.485081183625255, 10.442061306366067, 24.073520589740323, 43.45629973170694, 28.270113451705917, 32.032882985497714, 14.717459673713254, 25.28607655114484, 5.490659635301871, 38.16551181053816, 19.84187340671754, 34.33135039708595, 19.581881296725985, 19.69245936244657, 33.98923731455637, 10.893435868651249, 19.683147522320645, 7.008377737949085, 10.919482088116409, 24.077606456784338, 21.11428963091564, 36.71509945577401, 31.4480294843768, 10.17360748911476, 16.543180852597366, 21.810070716539766, 26.260815838612082, 12.65844567498398, 16.864791114769808, 36.06036871408044, 4.467794454595352, 21.85983092499566, 16.047065406885906, 17.75703221456429, 6.7709521438268325, 23.624900709393028, 33.30372577234626, 28.742250419420984, 32.981304638879855, 10.029631503744445, 19.461540676972756, 0.0, 30.276219306924617, 7.938381691806795, 5.026853001126563, 15.90181404100303, 9.066593089054695, 20.209421464414955, 13.20187812453319, 29.73240359026794, 37.485081183625255], [8.456218475956785, 13.563457497025578, 33.25539119665192, 30.791628662277397, 8.49488718622304, 37.20083865898362, 17.659842584299163, 43.9029959522927, 14.007521958364851, 34.28013488867808, 8.583674893446412, 17.83451586992523, 17.4386837523076, 36.87948050655785, 39.97301590255733, 10.791859071707874, 22.412348406162007, 19.567423584789733, 38.80908528487178, 11.459634497163314, 30.276219306924617, 0.0, 38.20113139112008, 35.180254725925245, 38.369784042350574, 37.2390920286454, 12.968170904980386, 38.08124111475045, 8.412685688008281, 16.06844433203765, 40.625251965031424, 37.29394149992824, 23.68208129945123, 19.978287843926463, 25.22710282360551, 19.08120105446402, 22.03356907431232, 35.570515007881625, 21.27050694796186, 41.31510069902161, 17.04679458140645, 28.360795311498613, 11.636985407465092, 8.073418034186442, 21.121907477065324, 21.817409371640178, 36.40199147146575, 19.760749388363333, 11.240306381479346, 17.546949873427778, 8.456218475956785, 13.563457497025578, 33.25539119665192, 30.791628662277397, 8.49488718622304, 37.20083865898362, 17.659842584299163, 43.9029959522927, 14.007521958364851, 34.28013488867808, 8.583674893446412, 17.83451586992523, 17.4386837523076, 36.87948050655785, 39.97301590255733, 10.791859071707874, 22.412348406162007, 19.567423584789733, 38.80908528487178, 11.459634497163314, 30.276219306924617, 0.0, 38.20113139112008, 35.180254725925245, 38.369784042350574, 37.2390920286454, 12.968170904980386, 38.08124111475045, 8.412685688008281, 16.06844433203765], [44.62141509843564, 38.940992972777856, 12.43147395968126, 19.580458276113998, 29.72349462273861, 28.945342800156556, 20.596802161430407, 12.044743202755646, 43.66082555917613, 4.7711245611924245, 29.748260880989122, 23.165223072321137, 24.734051610717376, 2.5597842741004184, 24.766908657528475, 41.02239095429331, 35.13714861441852, 39.937823300853175, 5.433014356913285, 27.261501294515256, 7.938381691806795, 38.20113139112008, 0.0, 3.1107416707232125, 15.885771567753022, 6.088504784666604, 27.945774545790087, 11.448553865297027, 37.5258831053244, 44.991909643599044, 3.2056014792038785, 26.363766917619877, 50.61827899401642, 35.00684011684546, 38.15103565258898, 22.10388027562241, 31.642910859744063, 2.864513932800508, 44.72298390395391, 19.297807916060435, 41.61166647217464, 23.615811943278647, 27.580832151225, 41.84688337301774, 18.186537237844913, 26.11131123769344, 4.689433677546381, 18.803650162695654, 31.50634801094148, 27.791162094176904, 44.62141509843564, 38.940992972777856, 12.43147395968126, 19.580458276113998, 29.72349462273861, 28.945342800156556, 20.596802161430407, 12.044743202755646, 43.66082555917613, 4.7711245611924245, 29.748260880989122, 23.165223072321137, 24.734051610717376, 2.5597842741004184, 24.766908657528475, 41.02239095429331, 35.13714861441852, 39.937823300853175, 5.433014356913285, 27.261501294515256, 7.938381691806795, 38.20113139112008, 0.0, 3.1107416707232125, 15.885771567753022, 6.088504784666604, 27.945774545790087, 11.448553865297027, 37.5258831053244, 44.991909643599044], [41.729698707079876, 36.38627110790582, 11.786417590071803, 17.314772667488377, 26.692608580454962, 28.50744579449372, 17.629107404020207, 12.817734057580846, 41.03799523718096, 3.431367284852907, 26.697853618926285, 20.069934727822815, 21.65394902898322, 3.3032382517617416, 24.89153096424377, 38.313437830143926, 33.158413749910196, 37.68871918641553, 5.729960809872834, 24.178241811518458, 5.026853001126563, 35.180254725925245, 3.1107416707232125, 0.0, 16.28622170129635, 5.442958957255027, 25.218887899627315, 10.655170362928947, 34.75552429169509, 42.43166384944507, 6.112707009772783, 26.056808072998987, 48.26755257918767, 32.86146914679599, 36.31078680660635, 19.586802476103372, 29.67127107407893, 0.538945791305782, 41.72775410698372, 19.989587548002532, 39.186671803644145, 21.12687657048656, 24.716010320733186, 39.01558997607739, 15.077037222634953, 24.082674259193855, 5.029642160892173, 15.945647839375388, 28.397155670718163, 24.754337642490903, 41.729698707079876, 36.38627110790582, 11.786417590071803, 17.314772667488377, 26.692608580454962, 28.50744579449372, 17.629107404020207, 12.817734057580846, 41.03799523718096, 3.431367284852907, 26.697853618926285, 20.069934727822815, 21.65394902898322, 3.3032382517617416, 24.89153096424377, 3