M = 99999999.0;
numWorkers = 30;
numRoles = 3;
numNodes = 80;
wStart = [210, 60, 120, 60, 120, 30, 60, 300, 360, 150, 0, 60, 180, 60, 210, 150, 240, 60, 60, 60, 30, 210, 270, 120, 30, 60, 180, 120, 150, 90, 150, 270, 240, 30, 150, 90, 270, 90, 240, 30, 120, 120, 270, 180, 90, 180, 270, 120, 30, 30, 330, 420, 210, 180, 210, 180, 450, 480, 390, 390, 270, 480, 360, 210, 240, 210, 390, 120, 150, 480, 240, 390, 330, 330, 450, 450, 270, 240, 210, 420];
wEnd = [210, 60, 120, 60, 120, 30, 60, 300, 360, 150, 0, 60, 180, 60, 210, 150, 240, 60, 60, 60, 30, 210, 270, 120, 30, 60, 180, 120, 150, 90, 210, 360, 330, 390, 420, 180, 420, 210, 450, 90, 210, 270, 300, 270, 180, 270, 420, 210, 90, 390, 330, 420, 210, 180, 210, 180, 450, 480, 390, 390, 270, 480, 360, 210, 240, 210, 390, 120, 150, 480, 240, 390, 330, 330, 450, 450, 270, 240, 210, 420];
p = [0, 0, 0, 0, 0, 0, 0, 0, 0, 0, 0, 0, 0, 0, 0, 0, 0, 0, 0, 0, 0, 0, 0, 0, 0, 0, 0, 0, 0, 0, 74.58232941411293, 57.966886298218554, 63.02280657898937, 20.283361399422333, 26.105931076487238, 42.111473593620104, 45.307338805802054, 53.84042948080548, 28.423000547962864, 71.79546218388668, 19.534582704202684, 62.69682333773428, 39.78760752137064, 16.875363725099938, 21.055736796810052, 8.437681862549969, 22.653669402901027, 9.767291352101342, 35.89773109194334, 10.141680699711166, 0, 0, 0, 0, 0, 0, 0, 0, 0, 0, 0, 0, 0, 0, 0, 0, 0, 0, 0, 0, 0, 0, 0, 0, 0, 0, 0, 0, 0, 0];
e = [[0, 1, 1], [1, 0, 1], [1, 0, 1], [1, 1, 0], [1, 0, 1], [1, 1, 0], [1, 1, 0], [1, 1, 0], [0, 1, 1], [0, 1, 0], [0, 1, 0], [0, 1, 1], [0, 1, 1], [0, 1, 0], [0, 1, 1], [0, 1, 1], [0, 1, 1], [1, 1, 0], [0, 1, 0], [0, 1, 0], [0, 1, 0], [1, 1, 0], [1, 1, 0], [0, 1, 1], [0, 1, 0], [1, 0, 0], [0, 1, 0], [0, 1, 0], [1, 0, 0], [0, 0, 1]];
d = [[2, 2, 2, 2, 2, 0, 0, 2, 2, 0, 0, 0, 0, 2, 0, 4, 0, 0, 0, 4], [0, 0, 1, 0, 0, 0, 0, 0, 0, 0, 0, 0, 0, 0, 0, 0, 0, 0, 0, 0], [0, 0, 0, 0, 0, 2, 2, 0, 0, 2, 2, 2, 2, 0, 4, 0, 4, 4, 4, 0]];
r = [3208, 2917, 323, 4603, 3522, 2689, 427, 2128, 2916, 2166, 3199, 4082, 1577, 2162, 2689, 2162, 427, 3199, 2166, 4603];
g = [[0, 0, 0, 0, 0, 0, 0, 0, 0, 0, 0, 0, 0, 0, 0, 0, 0, 0, 0, 0], [0, 0, 0, 0, 0, 0, 0, 0, 0, 0, 0, 0, 0, 0, 0, 0, 0, 0, 0, 0], [0, 0, 0, 0, 0, 0, 0, 0, 0, 0, 0, 0, 0, 0, 0, 0, 0, 0, 0, 0], [0, 0, 0, 0, 0, 0, 0, 0, 0, 0, 0, 0, 0, 0, 0, 0, 0, 0, 0, 1], [0, 0, 0, 0, 0, 0, 0, 0, 0, 0, 0, 0, 0, 0, 0, 0, 0, 0, 0, 0], [0, 0, 0, 0, 0, 0, 0, 0, 0, 0, 0, 0, 0, 0, 1, 0, 0, 0, 0, 0], [0, 0, 0, 0, 0, 0, 0, 0, 0, 0, 0, 0, 0, 0, 0, 0, 1, 0, 0, 0], [0, 0, 0, 0, 0, 0, 0, 0, 0, 0, 0, 0, 0, 0, 0, 0, 0, 0, 0, 0], [0, 0, 0, 0, 0, 0, 0, 0, 0, 0, 0, 0, 0, 0, 0, 0, 0, 0, 0, 0], [0, 0, 0, 0, 0, 0, 0, 0, 0, 0, 0, 0, 0, 0, 0, 0, 0, 0, 1, 0], [0, 0, 0, 0, 0, 0, 0, 0, 0, 0, 0, 0, 0, 0, 0, 0, 0, 1, 0, 0], [0, 0, 0, 0, 0, 0, 0, 0, 0, 0, 0, 0, 0, 0, 0, 0, 0, 0, 0, 0], [0, 0, 0, 0, 0, 0, 0, 0, 0, 0, 0, 0, 0, 0, 0, 0, 0, 0, 0, 0], [0, 0, 0, 0, 0, 0, 0, 0, 0, 0, 0, 0, 0, 0, 0, 1, 0, 0, 0, 0], [0, 0, 0, 0, 0, 1, 0, 0, 0, 0, 0, 0, 0, 0, 0, 0, 0, 0, 0, 0], [0, 0, 0, 0, 0, 0, 0, 0, 0, 0, 0, 0, 0, 1, 0, 0, 0, 0, 0, 0], [0, 0, 0, 0, 0, 0, 1, 0, 0, 0, 0, 0, 0, 0, 0, 0, 0, 0, 0, 0], [0, 0, 0, 0, 0, 0, 0, 0, 0, 0, 1, 0, 0, 0, 0, 0, 0, 0, 0, 0], [0, 0, 0, 0, 0, 0, 0, 0, 0, 1, 0, 0, 0, 0, 0, 0, 0, 0, 0, 0], [0, 0, 0, 1, 0, 0, 0, 0, 0, 0, 0, 0, 0, 0, 0, 0, 0, 0, 0, 0]];
t = [[0.0, 14.457602355319212, 21.37650030716634, 8.766034492258033, 17.796729470365683, 8.440892259833872, 10.923635276241193, 4.271520809627191, 7.214916278362131, 12.224539914077543, 6.662860168872847, 10.52351861278959, 3.558328644607815, 16.669670010666902, 15.949105375883311, 4.695393746161821, 12.137321735883017, 9.21014972580467, 15.84340907414562, 7.614290488132001, 15.942757680632232, 11.958121079814482, 15.582020431557662, 23.461108965427943, 4.705079576056615, 15.714767694130254, 5.439985952394683, 9.271489903866337, 14.70505395165469, 16.277601022595796, 6.413492659145289, 8.105128109472039, 16.333293507540972, 15.941272113457703, 14.271937599868465, 2.376395728119602, 15.717489205817529, 5.742978297899504, 19.85351628179375, 11.310740777112699, 7.104375911227685, 3.190617764993984, 5.607273639759926, 4.4115459376089765, 2.376395728119602, 4.4115459376089765, 15.717489205817529, 7.104375911227685, 11.310740777112699, 15.941272113457703, 0.0, 14.457602355319212, 21.37650030716634, 8.766034492258033, 17.796729470365683, 8.440892259833872, 10.923635276241193, 4.271520809627191, 7.214916278362131, 12.224539914077543, 6.662860168872847, 10.52351861278959, 3.558328644607815, 16.669670010666902, 15.949105375883311, 4.695393746161821, 12.137321735883017, 9.21014972580467, 15.84340907414562, 7.614290488132001, 15.942757680632232, 11.958121079814482, 15.582020431557662, 23.461108965427943, 4.705079576056615, 15.714767694130254, 5.439985952394683, 9.271489903866337, 14.70505395165469, 16.277601022595796], [14.457602355319212, 0.0, 18.859760900608006, 22.039404739360762, 28.349583773909966, 20.967486557907833, 21.482922210471493, 11.789212487713868, 9.612491313693468, 6.35685034629752, 9.699962327630194, 4.148788191515378, 12.624720176367717, 2.260311291832075, 5.741867033631683, 10.21747384593141, 11.595333959673498, 14.847037154194942, 8.236927536017237, 9.35394509707226, 19.226967778409225, 18.24584188036923, 17.419354078857744, 23.77742193196415, 13.882475260837301, 19.442829795681735, 17.276037940426882, 5.19337861891891, 3.07597673583966, 17.01140278987274, 10.790898769957622, 7.193631942874354, 26.22381882997032, 7.509529797298409, 26.272887409025138, 12.78166623933635, 14.595887545563652, 9.90655239552231, 17.14199845484757, 8.460736147943258, 19.529036378605426, 12.352870476326153, 19.094120205333617, 10.085290993881435, 12.78166623933635, 10.085290993881435, 14.595887545563652, 19.529036378605426, 8.460736147943258, 7.509529797298409, 14.457602355319212, 0.0, 18.859760900608006, 22.039404739360762, 28.349583773909966, 20.967486557907833, 21.482922210471493, 11.789212487713868, 9.612491313693468, 6.35685034629752, 9.699962327630194, 4.148788191515378, 12.624720176367717, 2.260311291832075, 5.741867033631683, 10.21747384593141, 11.595333959673498, 14.847037154194942, 8.236927536017237, 9.35394509707226, 19.226967778409225, 18.24584188036923, 17.419354078857744, 23.77742193196415, 13.882475260837301, 19.442829795681735, 17.276037940426882, 5.19337861891891, 3.07597673583966, 17.01140278987274], [21.37650030716634, 18.859760900608006, 0.0, 21.972895712553207, 20.6442854876203, 20.250839329339524, 17.574549263524514, 17.297847966951338, 23.25502823865948, 13.156699396167022, 15.63910520629851, 19.612037532529495, 17.851181594513534, 18.94177463526874, 13.42135141397857, 21.153251803285983, 9.584850143697116, 12.646497274199294, 10.682034410198204, 14.787607302070114, 8.029677350000716, 12.011800839283605, 6.752912401303066, 5.66498252683058, 16.84271343595888, 8.57892690024768, 26.776643732526985, 18.76484536517598, 15.838971439314511, 5.58988375469141, 23.731044000182507, 16.274023363352647, 18.473255024331692, 11.483813033884985, 21.820308776804072, 19.132820652055056, 5.702352337094974, 16.646225145480003, 1.7635549244803086, 11.978052964894506, 19.658235035867783, 22.34554156180728, 21.14540798695931, 20.011179291573765, 19.132820652055056, 20.011179291573765, 5.702352337094974, 19.658235035867783, 11.978052964894506, 11.483813033884985, 21.37650030716634, 18.859760900608006, 0.0, 21.972895712553207, 20.6442854876203, 20.250839329339524, 17.574549263524514, 17.297847966951338, 23.25502823865948, 13.156699396167022, 15.63910520629851, 19.612037532529495, 17.851181594513534, 18.94177463526874, 13.42135141397857, 21.153251803285983, 9.584850143697116, 12.646497274199294, 10.682034410198204, 14.787607302070114, 8.029677350000716, 12.011800839283605, 6.752912401303066, 5.66498252683058, 16.84271343595888, 8.57892690024768, 26.776643732526985, 18.76484536517598, 15.838971439314511, 5.58988375469141], [8.766034492258033, 22.039404739360762, 21.972895712553207, 0.0, 9.959306208610816, 1.722346203313429, 5.06948733181468, 10.251234669208582, 15.978763691236196, 17.911838148983907, 12.530869745239231, 18.55645285812898, 9.4211264378256, 24.076780864946834, 21.80068461777365, 13.329357860184492, 15.127792223361652, 10.065413308603729, 20.66586020116901, 13.1569019121527, 14.401482888796831, 10.011899906664414, 15.229994474108823, 21.85564541975244, 8.288172883597488, 13.933388871741645, 11.492087562502743, 17.126383058554616, 21.41782075841024, 16.389413303260724, 15.159832952503956, 14.907063762123485, 9.215454859138795, 21.08504919234066, 5.826926917598038, 9.48521282054883, 17.229863057884323, 12.152394055779231, 20.94213146118541, 16.13601156855741, 2.7166982943780815, 11.944550218030896, 3.1691245240253347, 12.735782329409831, 9.48521282054883, 12.735782329409831, 17.229863057884323, 2.7166982943780815, 16.13601156855741, 21.08504919234066, 8.766034492258033, 22.039404739360762, 21.972895712553207, 0.0, 9.959306208610816, 1.722346203313429, 5.06948733181468, 10.251234669208582, 15.978763691236196, 17.911838148983907, 12.530869745239231, 18.55645285812898, 9.4211264378256, 24.076780864946834, 21.80068461777365, 13.329357860184492, 15.127792223361652, 10.065413308603729, 20.66586020116901, 13.1569019121527, 14.401482888796831, 10.011899906664414, 15.229994474108823, 21.85564541975244, 8.288172883597488, 13.933388871741645, 11.492087562502743, 17.126383058554616, 21.41782075841024, 16.389413303260724], [17.796729470365683, 28.349583773909966, 20.6442854876203, 9.959306208610816, 0.0, 9.513548892847066, 7.1272249717814615, 17.440852376011225, 24.659794930441226, 22.75645200141139, 18.83728885572432, 25.734247385057888, 16.910966270050988, 30.0, 26.187159554446502, 21.762541935692443, 18.162671085999552, 13.60758946024409, 24.150017774379126, 19.025811739097417, 12.862525840666905, 10.71314965332004, 14.746892959063578, 17.966490170290733, 15.140033532214144, 12.31893185208851, 21.382806604045193, 24.237763307737925, 26.7826820897091, 15.996698221734892, 24.08065133405145, 21.351413406133055, 2.316127770106516, 24.832493301189356, 4.415634951672245, 17.58175119868702, 18.096950000588734, 18.958883837825013, 20.38576775926008, 20.568639561308288, 10.717000716918903, 20.9121711409838, 12.552797186054123, 20.860408449627567, 17.58175119868702, 20.860408449627567, 18.096950000588734, 10.717000716918903, 20.568639561308288, 24.832493301189356, 17.796729470365683, 28.349583773909966, 20.6442854876203, 9.959306208610816, 0.0, 9.513548892847066, 7.1272249717814615, 17.440852376011225, 24.659794930441226, 22.75645200141139, 18.83728885572432, 25.734247385057888, 16.910966270050988, 30.0, 26.187159554446502, 21.762541935692443, 18.162671085999552, 13.60758946024409, 24.150017774379126, 19.025811739097417, 12.862525840666905, 10.71314965332004, 14.746892959063578, 17.966490170290733, 15.140033532214144, 12.31893185208851, 21.382806604045193, 24.237763307737925, 26.7826820897091, 15.996698221734892], [8.440892259833872, 20.967486557907833, 20.250839329339524, 1.722346203313429, 9.513548892847066, 0.0, 3.6271276433474737, 9.21694927813003, 15.552863574419776, 16.544862755532826, 11.335036197489414, 17.654502494440766, 8.4528700408197, 22.943745505380477, 20.40820026208597, 12.774585413848973, 13.524421912032741, 8.417908552115136, 19.159137892820993, 11.886152974563347, 12.706670228278064, 8.298353003819477, 13.509028461191098, 20.204337999807873, 7.094316030021289, 12.245965456853266, 11.931246548744728, 16.19230817043131, 20.166257630738535, 14.667079013782974, 14.838352495263287, 13.784727883264813, 8.40269674430031, 19.609781349614313, 5.83813740675168, 8.731289075322731, 15.527657002749637, 11.063366933145529, 19.222047586357867, 14.690621481230234, 1.4610872115262723, 11.621019389383992, 3.040521654241519, 12.054241595942244, 8.731289075322731, 12.054241595942244, 15.527657002749637, 1.4610872115262723, 14.690621481230234, 19.609781349614313, 8.440892259833872, 20.967486557907833, 20.250839329339524, 1.722346203313429, 9.513548892847066, 0.0, 3.6271276433474737, 9.21694927813003, 15.552863574419776, 16.544862755532826, 11.335036197489414, 17.654502494440766, 8.4528700408197, 22.943745505380477, 20.40820026208597, 12.774585413848973, 13.524421912032741, 8.417908552115136, 19.159137892820993, 11.886152974563347, 12.706670228278064, 8.298353003819477, 13.509028461191098, 20.204337999807873, 7.094316030021289, 12.245965456853266, 11.931246548744728, 16.19230817043131, 20.166257630738535, 14.667079013782974], [10.923635276241193, 21.482922210471493, 17.574549263524514, 5.06948733181468, 7.1272249717814615, 3.6271276433474737, 0.0, 10.320520824372075, 17.584680906670027, 16.26074044002738, 11.84328111093137, 18.673044743833678, 9.78428431413094, 23.25506567962041, 19.93436192041812, 14.669643322539281, 12.289350642638246, 7.221468375825324, 18.249833638988463, 12.130093560665767, 9.69628493353122, 5.6456311604120195, 10.859356278315202, 16.918050584335965, 8.018373290487714, 9.187323737191747, 15.149934881412877, 17.176081458394297, 20.176703364007995, 12.101834038440732, 17.06138342932838, 14.373148054291482, 5.424520340923853, 18.826938144570487, 5.036390785149349, 10.487703685388842, 13.441058285886738, 11.88746904497303, 16.75412065776981, 14.171251823090905, 4.204837204161176, 13.944822512298078, 6.305459009173947, 13.743394827440845, 10.487703685388842, 13.743394827440845, 13.441058285886738, 4.204837204161176, 14.171251823090905, 18.826938144570487, 10.923635276241193, 21.482922210471493, 17.574549263524514, 5.06948733181468, 7.1272249717814615, 3.6271276433474737, 0.0, 10.320520824372075, 17.584680906670027, 16.26074044002738, 11.84328111093137, 18.673044743833678, 9.78428431413094, 23.25506567962041, 19.93436192041812, 14.669643322539281, 12.289350642638246, 7.221468375825324, 18.249833638988463, 12.130093560665767, 9.69628493353122, 5.6456311604120195, 10.859356278315202, 16.918050584335965, 8.018373290487714, 9.187323737191747, 15.149934881412877, 17.176081458394297, 20.176703364007995, 12.101834038440732], [4.271520809627191, 11.789212487713868, 17.297847966951338, 10.251234669208582, 17.440852376011225, 9.21694927813003, 10.320520824372075, 0.0, 7.748912280670947, 8.285564886216724, 2.5714297657039826, 8.473629545533324, 0.9119156745020752, 13.834720032430328, 12.145456807799883, 4.861840992983504, 7.906887275220431, 5.88844297189124, 11.726683236219882, 3.460296927042069, 12.625231419192843, 9.26664985766542, 11.908205911796529, 19.833570930747186, 2.302296294128084, 12.499575157200033, 9.51500748672024, 6.994397601096469, 11.327135088286159, 12.440343172740835, 7.595581620402653, 4.683697173423262, 15.574216655203685, 11.902341174894941, 14.746032874209972, 1.900923064767236, 11.60219303794102, 1.9259091267014679, 15.721270728479965, 7.116128726584376, 7.764774151006887, 5.248725162607604, 7.371908076143286, 3.7235383115626437, 1.900923064767236, 3.7235383115626437, 11.60219303794102, 7.764774151006887, 7.116128726584376, 11.902341174894941, 4.271520809627191, 11.789212487713868, 17.297847966951338, 10.251234669208582, 17.440852376011225, 9.21694927813003, 10.320520824372075, 0.0, 7.748912280670947, 8.285564886216724, 2.5714297657039826, 8.473629545533324, 0.9119156745020752, 13.834720032430328, 12.145456807799883, 4.861840992983504, 7.906887275220431, 5.88844297189124, 11.726683236219882, 3.460296927042069, 12.625231419192843, 9.26664985766542, 11.908205911796529, 19.833570930747186, 2.302296294128084, 12.499575157200033, 9.51500748672024, 6.994397601096469, 11.327135088286159, 12.440343172740835], [7.214916278362131, 9.612491313693468, 23.25502823865948, 15.978763691236196, 24.659794930441226, 15.552863574419776, 17.584680906670027, 7.748912280670947, 0.0, 10.883689936581117, 7.998085357994023, 5.584949034873219, 7.976525521212967, 11.82240003067072, 13.467551243734084, 2.9398697409217354, 13.77278733619092, 13.506837789596876, 14.640761403325145, 8.662673561652687, 20.02626715398482, 16.99191903940169, 18.97128760445513, 26.740517638594344, 9.849262496942394, 19.975354416623016, 7.94213273501231, 5.292253699159437, 11.253119346482949, 19.22695167981655, 1.2254131726307214, 6.998661996593883, 22.98422618138573, 14.34351429473241, 21.38726959890857, 7.1013408729717735, 17.714802754856304, 7.165503297078328, 21.52707546323676, 11.359939887364133, 14.1515446472433, 4.076001433458857, 12.814510356738092, 4.025381250316553, 7.1013408729717735, 4.025381250316553, 17.714802754856304, 14.1515446472433, 11.359939887364133, 14.34351429473241, 7.214916278362131, 9.612491313693468, 23.25502823865948, 15.978763691236196, 24.659794930441226, 15.552863574419776, 17.584680906670027, 7.748912280670947, 0.0, 10.883689936581117, 7.998085357994023, 5.584949034873219, 7.976525521212967, 11.82240003067072, 13.467551243734084, 2.9398697409217354, 13.77278733619092, 13.506837789596876, 14.640761403325145, 8.662673561652687, 20.02626715398482, 16.99191903940169, 18.97128760445513, 26.740517638594344, 9.849262496942394, 19.975354416623016, 7.94213273501231, 5.292253699159437, 11.253119346482949, 19.22695167981655], [12.224539914077543, 6.35685034629752, 13.156699396167022, 17.911838148983907, 22.75645200141139, 16.544862755532826, 16.26074044002738, 8.285564886216724, 10.883689936581117, 0.0, 5.7144184276592185, 6.478465548547376, 9.19197447186138, 7.446199619139401, 3.906080106956983, 9.650828273542741, 5.255868482414954, 9.163298306341662, 3.836777096388774, 4.880012180629605, 12.881106048216298, 12.268884133077414, 11.06302979634551, 17.67444586709533, 9.704928304143442, 13.112145303989017, 16.68031450041998, 5.817228834424995, 4.065764225360948, 10.687523207253292, 11.672666465193707, 4.343343592050774, 20.53540503535375, 3.7549267710807803, 21.25141084336742, 9.959490973801284, 8.360555419043141, 6.509137803662058, 11.394696836828771, 2.2249129711877993, 15.21972723663559, 11.510567420583067, 15.38921560925983, 8.81372227110965, 9.959490973801284, 8.81372227110965, 8.360555419043141, 15.21972723663559, 2.2249129711877993, 3.7549267710807803, 12.224539914077543, 6.35685034629752, 13.156699396167022, 17.911838148983907, 22.75645200141139, 16.544862755532826, 16.26074044002738, 8.285564886216724, 10.883689936581117, 0.0, 5.7144184276592185, 6.478465548547376, 9.19197447186138, 7.446199619139401, 3.906080106956983, 9.650828273542741, 5.255868482414954, 9.163298306341662, 3.836777096388774, 4.880012180629605, 12.881106048216298, 12.268884133077414, 11.06302979634551, 17.67444586709533, 9.704928304143442, 13.112145303989017, 16.68031450041998, 5.817228834424995, 4.065764225360948, 10.687523207253292], [6.662860168872847, 9.699962327630194, 15.63910520629851, 12.530869745239231, 18.83728885572432, 11.335036197489414, 11.84328111093137, 2.5714297657039826, 7.998085357994023, 5.7144184276592185, 0.0, 6.9452004888849475, 3.4778205652436327, 11.615214084094676, 9.582484192949602, 5.551744184329193, 6.0573139085659005, 5.908698071192782, 9.197246532945588, 0.96256010812272, 12.081622771213466, 9.521330858510568, 10.973284427679241, 18.773051421623865, 4.2506922292980605, 12.068558849261477, 11.59683731633468, 5.464078164606372, 8.895156381074536, 11.261480631440895, 8.237705014794688, 2.5308443576954955, 16.80970216820746, 9.343982837874226, 16.575202478941183, 4.317937542979088, 9.965304903851326, 1.0276965825129352, 13.977165738511559, 4.653869839041992, 9.923572411620668, 6.762145337594243, 9.803719539357761, 4.383186370270243, 4.317937542979088, 4.383186370270243, 9.965304903851326, 9.923572411620668, 4.653869839041992, 9.343982837874226, 6.662860168872847, 9.699962327630194, 15.63910520629851, 12.530869745239231, 18.83728885572432, 11.335036197489414, 11.84328111093137, 2.5714297657039826, 7.998085357994023, 5.7144184276592185, 0.0, 6.9452004888849475, 3.4778205652436327, 11.615214084094676, 9.582484192949602, 5.551744184329193, 6.0573139085659005, 5.908698071192782, 9.197246532945588, 0.96256010812272, 12.081622771213466, 9.521330858510568, 10.973284427679241, 18.773051421623865, 4.2506922292980605, 12.068558849261477, 11.59683731633468, 5.464078164606372, 8.895156381074536, 11.261480631440895], [10.52351861278959, 4.148788191515378, 19.612037532529495, 18.55645285812898, 25.734247385057888, 17.654502494440766, 18.673044743833678, 8.473629545533324, 5.584949034873219, 6.478465548547376, 6.9452004888849475, 0.0, 9.201822413144969, 6.407162488615529, 8.151984325118073, 6.109091045427124, 10.889466721177827, 12.740125912038437, 9.813056900507847, 6.978909130929718, 18.228424880361263, 16.331331868306194, 16.708523946487475, 23.899071163401377, 10.73288974722512, 18.331180965648606, 13.128518305446008, 1.4971509937734844, 5.74073420932348, 16.604718527126916, 6.717896851164644, 4.546628673539605, 23.741078096814974, 9.34449028290028, 23.21671741735445, 9.100220257152563, 14.550341927030011, 6.7856251626990325, 17.84850682262114, 7.8394974982156445, 16.194698937472335, 8.231762400424309, 15.495651035343954, 6.112049186983894, 9.100220257152563, 6.112049186983894, 14.550341927030011, 16.194698937472335, 7.8394974982156445, 9.34449028290028, 10.52351861278959, 4.148788191515378, 19.612037532529495, 18.55645285812898, 25.734247385057888, 17.654502494440766, 18.673044743833678, 8.473629545533324, 5.584949034873219, 6.478465548547376, 6.9452004888849475, 0.0, 9.201822413144969, 6.407162488615529, 8.151984325118073, 6.109091045427124, 10.889466721177827, 12.740125912038437, 9.813056900507847, 6.978909130929718, 18.228424880361263, 16.331331868306194, 16.708523946487475, 23.899071163401377, 10.73288974722512, 18.331180965648606, 13.128518305446008, 1.4971509937734844, 5.74073420932348, 16.604718527126916], [3.558328644607815, 12.624720176367717, 17.851181594513534, 9.4211264378256, 16.910966270050988, 8.4528700408197, 9.78428431413094, 0.9119156745020752, 7.976525521212967, 9.19197447186138, 3.4778205652436327, 9.201822413144969, 0.0, 14.694030800059851, 13.056037255122916, 5.0399233348423556, 8.581907849343544, 6.033670988779767, 12.60365575954123, 4.349346535353603, 12.824920802080136, 9.22966382203222, 12.24819935505811, 20.170242046608543, 1.8731420456207197, 12.661511002243515, 8.925659532321644, 7.741216699817682, 12.227779125672228, 12.857160158680704, 7.683574414835569, 5.566585673909261, 15.110970087290749, 12.794286973871262, 14.067507736143021, 1.3073731700871254, 12.17623138731152, 2.821031161685109, 16.30951219466857, 7.97520865864901, 6.993569964417023, 5.041664271874663, 6.493703610473808, 4.000897461865362, 1.3073731700871254, 4.000897461865362, 12.17623138731152, 6.993569964417023, 7.97520865864901, 12.794286973871262, 3.558328644607815, 12.624720176367717, 17.851181594513534, 9.4211264378256, 16.910966270050988, 8.4528700408197, 9.78428431413094, 0.9119156745020752, 7.976525521212967, 9.19197447186138, 3.4778205652436327, 9.201822413144969, 0.0, 14.694030800059851, 13.056037255122916, 5.0399233348423556, 8.581907849343544, 6.033670988779767, 12.60365575954123, 4.349346535353603, 12.824920802080136, 9.22966382203222, 12.24819935505811, 20.170242046608543, 1.8731420456207197, 12.661511002243515, 8.925659532321644, 7.741216699817682, 12.227779125672228, 12.857160158680704], [16.669670010666902, 2.260311291832075, 18.94177463526874, 24.076780864946834, 30.0, 22.943745505380477, 23.25506567962041, 13.834720032430328, 11.82240003067072, 7.446199619139401, 11.615214084094676, 6.407162488615529, 14.694030800059851, 0.0, 5.520745783665264, 12.474848763362335, 12.652788271652712, 16.40928775443161, 8.290438704168976, 11.16163905607518, 20.216339637791968, 19.670875810758638, 18.302655964502744, 24.128897866235402, 15.84978745435412, 20.482927591056736, 19.531022935429682, 7.428169211768149, 3.441787196329581, 17.75274422552584, 13.013160941025586, 9.17137606424155, 27.826159090178173, 7.466166736446722, 28.123107686613857, 14.927397669700264, 15.21808603852165, 11.924634188698995, 17.287335820065472, 9.663323571737122, 21.52025701091841, 14.611432231452818, 21.184184705448633, 12.317736885472245, 14.927397669700264, 12.317736885472245, 15.21808603852165, 21.52025701091841, 9.663323571737122, 7.466166736446722, 16.669670010666902, 2.260311291832075, 18.94177463526874, 24.076780864946834, 30.0, 22.943745505380477, 23.25506567962041, 13.834720032430328, 11.82240003067072, 7.446199619139401, 11.615214084094676, 6.407162488615529, 14.694030800059851, 0.0, 5.520745783665264, 12.474848763362335, 12.652788271652712, 16.40928775443161, 8.290438704168976, 11.16163905607518, 20.216339637791968, 19.670875810758638, 18.302655964502744, 24.128897866235402, 15.84978745435412, 20.482927591056736, 19.531022935429682, 7.428169211768149, 3.441787196329581, 17.75274422552584], [15.949105375883311, 5.741867033631683, 13.42135141397857, 21.80068461777365, 26.187159554446502, 20.40820026208597, 19.93436192041812, 12.145456807799883, 13.467551243734084, 3.906080106956983, 9.582484192949602, 8.151984325118073, 13.056037255122916, 5.520745783665264, 0.0, 12.858719846813175, 8.095814937023508, 12.73680129838836, 2.7950126944683555, 8.777271065156292, 15.280107546648985, 15.523024717453296, 13.262881857384954, 18.6420995034844, 13.610658178397765, 15.613220787822867, 20.079797506168614, 8.179398846522815, 2.698718977271314, 12.561819206172526, 14.447354152580319, 7.86805032547776, 23.91973127662166, 1.9533578292159235, 24.957718747785762, 13.75125653700427, 9.954665841025648, 10.31419934282856, 11.769054043524278, 5.776496263099555, 19.10123325707793, 14.87457559872391, 19.295074999106845, 12.203403708770155, 13.75125653700427, 12.203403708770155, 9.954665841025648, 19.10123325707793, 5.776496263099555, 1.9533578292159235, 15.949105375883311, 5.741867033631683, 13.42135141397857, 21.80068461777365, 26.187159554446502, 20.40820026208597, 19.93436192041812, 12.145456807799883, 13.467551243734084, 3.906080106956983, 9.582484192949602, 8.151984325118073, 13.056037255122916, 5.520745783665264, 0.0, 12.858719846813175, 8.095814937023508, 12.73680129838836, 2.7950126944683555, 8.777271065156292, 15.280107546648985, 15.523024717453296, 13.262881857384954, 18.6420995034844, 13.610658178397765, 15.613220787822867, 20.079797506168614, 8.179398846522815, 2.698718977271314, 12.561819206172526], [4.695393746161821, 10.21747384593141, 21.153251803285983, 13.329357860184492, 21.762541935692443, 12.774585413848973, 14.669643322539281, 4.861840992983504, 2.9398697409217354, 9.650828273542741, 5.551744184329193, 6.109091045427124, 5.0399233348423556, 12.474848763362335, 12.858719846813175, 0.0, 11.571817117403363, 10.702677681950831, 13.48682383490549, 6.366513775946756, 17.338939464251865, 14.128109321934478, 16.419614559146428, 24.2823701134306, 6.913064305443914, 17.253986690792722, 7.2644688933508235, 5.1042669729637, 11.076337547799058, 16.78316954684337, 2.765003226755222, 5.349311083427652, 20.058878188870565, 13.351544261157457, 18.588427781627068, 4.1824783636925025, 15.50265743585123, 4.596672950793986, 19.467832859789276, 9.587004173302532, 11.348055374034505, 2.1408057497398065, 10.163184244376017, 1.1995606256851314, 4.1824783636925025, 1.1995606256851314, 15.50265743585123, 11.348055374034505, 9.587004173302532, 13.351544261157457, 4.695393746161821, 10.21747384593141, 21.153251803285983, 13.329357860184492, 21.762541935692443, 12.774585413848973, 14.669643322539281, 4.861840992983504, 2.9398697409217354, 9.650828273542741, 5.551744184329193, 6.109091045427124, 5.0399233348423556, 12.474848763362335, 12.858719846813175, 0.0, 11.571817117403363, 10.702677681950831, 13.48682383490549, 6.366513775946756, 17.338939464251865, 14.128109321934478, 16.419614559146428, 24.2823701134306, 6.913064305443914, 17.253986690792722, 7.2644688933508235, 5.1042669729637, 11.076337547799058, 16.78316954684337], [12.137321735883017, 11.595333959673498, 9.584850143697116, 15.127792223361652, 18.162671085999552, 13.524421912032741, 12.289350642638246, 7.906887275220431, 13.77278733619092, 5.255868482414954, 6.0573139085659005, 10.889466721177827, 8.581907849343544, 12.652788271652712, 8.095814937023508, 11.571817117403363, 0.0, 5.164103174858818, 6.013875740021259, 5.20534888428582, 7.631672859565129, 7.457314325328703, 5.886114093423861, 13.112083272515456, 8.010363181215418, 7.856278576004813, 17.415229861224645, 9.754932746321336, 9.221014474052986, 5.717117829683563, 14.179471139818746, 6.907296339568287, 15.875159933544872, 6.6710477872087806, 17.311319732806826, 9.797862778549526, 3.946211193824116, 7.070482673283847, 7.92105907769026, 3.171910502433595, 12.447048991722278, 12.79296380876816, 13.296079048867803, 10.426362729562651, 9.797862778549526, 10.426362729562651, 3.946211193824116, 12.447048991722278, 3.171910502433595, 6.6710477872087806, 12.137321735883017, 11.595333959673498, 9.584850143697116, 15.127792223361652, 18.162671085999552, 13.524421912032741, 12.289350642638246, 7.906887275220431, 13.77278733619092, 5.255868482414954, 6.0573139085659005, 10.889466721177827, 8.581907849343544, 12.652788271652712, 8.095814937023508, 11.571817117403363, 0.0, 5.164103174858818, 6.013875740021259, 5.20534888428582, 7.631672859565129, 7.457314325328703, 5.886114093423861, 13.112083272515456, 8.010363181215418, 7.856278576004813, 17.415229861224645, 9.754932746321336, 9.221014474052986, 5.717117829683563], [9.21014972580467, 14.847037154194942, 12.646497274199294, 10.065413308603729, 13.60758946024409, 8.417908552115136, 7.221468375825324, 5.88844297189124, 13.506837789596876, 9.163298306341662, 5.908698071192782, 12.740125912038437, 6.033670988779767, 16.40928775443161, 12.73680129838836, 10.702677681950831, 5.164103174858818, 0.0, 11.044492277229693, 5.763078341838788, 6.7936511277056, 3.6130698075381393, 6.407483130582678, 14.251853258452758, 4.505315166086316, 6.630376686105951, 14.62907060363082, 11.296657844263532, 13.175642924436389, 7.227799651877346, 13.459784206667994, 8.19506626552545, 11.417036328830797, 11.60738011468016, 12.257502368220932, 7.312308463898039, 7.3495845496965115, 6.461865782917677, 11.337070393328188, 7.007056618703018, 7.446295795961974, 11.06338127535073, 8.613194419185076, 9.523916830099422, 7.312308463898039, 9.523916830099422, 7.3495845496965115, 7.446295795961974, 7.007056618703018, 11.60738011468016, 9.21014972580467, 14.847037154194942, 12.646497274199294, 10.065413308603729, 13.60758946024409, 8.417908552115136, 7.221468375825324, 5.88844297189124, 13.506837789596876, 9.163298306341662, 5.908698071192782, 12.740125912038437, 6.033670988779767, 16.40928775443161, 12.73680129838836, 10.702677681950831, 5.164103174858818, 0.0, 11.044492277229693, 5.763078341838788, 6.7936511277056, 3.6130698075381393, 6.407483130582678, 14.251853258452758, 4.505315166086316, 6.630376686105951, 14.62907060363082, 11.296657844263532, 13.175642924436389, 7.227799651877346], [15.84340907414562, 8.236927536017237, 10.682034410198204, 20.66586020116901, 24.150017774379126, 19.159137892820993, 18.249833638988463, 11.726683236219882, 14.640761403325145, 3.836777096388774, 9.197246532945588, 9.813056900507847, 12.60365575954123, 8.290438704168976, 2.7950126944683555, 13.48682383490549, 6.013875740021259, 11.044492277229693, 0.0, 8.269589324229354, 12.719820773142144, 13.436928675630206, 10.661157962586106, 15.849582505938404, 12.77412006186935, 13.088112215548776, 20.472901118653432, 9.44140138918476, 5.178037562248793, 9.878420789608493, 15.475197218036715, 8.163690285805806, 21.85233221045134, 0.8533829038938614, 23.283599749530698, 13.514530317393776, 7.249514939054951, 10.102263325935155, 9.004468685286861, 4.66084111384537, 17.94950966185742, 15.325051063055685, 18.434195087215837, 12.632193946234032, 13.514530317393776, 12.632193946234032, 7.249514939054951, 17.94950966185742, 4.66084111384537, 0.8533829038938614, 15.84340907414562, 8.236927536017237, 10.682034410198204, 20.66586020116901, 24.150017774379126, 19.159137892820993, 18.249833638988463, 11.726683236219882, 14.640761403325145, 3.836777096388774, 9.197246532945588, 9.813056900507847, 12.60365575954123, 8.290438704168976, 2.7950126944683555, 13.48682383490549, 6.013875740021259, 11.044492277229693, 0.0, 8.269589324229354, 12.719820773142144, 13.436928675630206, 10.661157962586106, 15.849582505938404, 12.77412006186935, 13.088112215548776, 20.472901118653432, 9.44140138918476, 5.178037562248793, 9.878420789608493], [7.614290488132001, 9.35394509707226, 14.787607302070114, 13.1569019121527, 19.025811739097417, 11.886152974563347, 12.130093560665767, 3.460296927042069, 8.662673561652687, 4.880012180629605, 0.96256010812272, 6.978909130929718, 4.349346535353603, 11.16163905607518, 8.777271065156292, 6.366513775946756, 5.20534888428582, 5.763078341838788, 8.269589324229354, 0.0, 11.590262069486393, 9.353297468178186, 10.359768255830948, 18.078533650563152, 4.879743512919638, 11.616436236968052, 12.555081127643305, 5.549417808835688, 8.28018982187505, 10.565958175517164, 8.993497785249318, 2.4324803815386495, 16.941656862513977, 8.444958846245331, 16.962061886460955, 5.258876621050488, 9.140534881506067, 1.973002592691606, 13.10865843910381, 3.6969729068953496, 10.505266581537358, 7.682636616666281, 10.531064971027877, 5.227571372624229, 5.258876621050488, 5.227571372624229, 9.140534881506067, 10.505266581537358, 3.6969729068953496, 8.444958846245331, 7.614290488132001, 9.35394509707226, 14.787607302070114, 13.1569019121527, 19.025811739097417, 11.886152974563347, 12.130093560665767, 3.460296927042069, 8.662673561652687, 4.880012180629605, 0.96256010812272, 6.978909130929718, 4.349346535353603, 11.16163905607518, 8.777271065156292, 6.366513775946756, 5.20534888428582, 5.763078341838788, 8.269589324229354, 0.0, 11.590262069486393, 9.353297468178186, 10.359768255830948, 18.078533650563152, 4.879743512919638, 11.616436236968052, 12.555081127643305, 5.549417808835688, 8.28018982187505, 10.565958175517164], [15.942757680632232, 19.226967778409225, 8.029677350000716, 14.401482888796831, 12.862525840666905, 12.706670228278064, 9.69628493353122, 12.625231419192843, 20.02626715398482, 12.881106048216298, 12.081622771213466, 18.228424880361263, 12.824920802080136, 20.216339637791968, 15.280107546648985, 17.338939464251865, 7.631672859565129, 6.7936511277056, 12.719820773142144, 11.590262069486393, 0.0, 4.4834672350770495, 2.099614958288159, 7.699455142800363, 11.26016293451621, 0.5536457977621435, 21.312660349983148, 16.942351250997476, 16.774557037515024, 3.213727626125574, 20.103366468861434, 13.857812694434918, 10.610745253566298, 13.533468726754053, 13.79081389149124, 14.10595047752133, 5.671035940313396, 12.861334746805756, 7.546435904419087, 10.785564776151716, 12.383886315367729, 17.843145159690398, 14.168269155967096, 16.14244719790598, 14.10595047752133, 16.14244719790598, 5.671035940313396, 12.383886315367729, 10.785564776151716, 13.533468726754053, 15.942757680632232, 19.226967778409225, 8.029677350000716, 14.401482888796831, 12.862525840666905, 12.706670228278064, 9.69628493353122, 12.625231419192843, 20.02626715398482, 12.881106048216298, 12.081622771213466, 18.228424880361263, 12.824920802080136, 20.216339637791968, 15.280107546648985, 17.338939464251865, 7.631672859565129, 6.7936511277056, 12.719820773142144, 11.590262069486393, 0.0, 4.4834672350770495, 2.099614958288159, 7.699455142800363, 11.26016293451621, 0.5536457977621435, 21.312660349983148, 16.942351250997476, 16.774557037515024, 3.213727626125574], [11.958121079814482, 18.24584188036923, 12.011800839283605, 10.011899906664414, 10.71314965332004, 8.298353003819477, 5.6456311604120195, 9.26664985766542, 16.99191903940169, 12.268884133077414, 9.521330858510568, 16.331331868306194, 9.22966382203222, 19.670875810758638, 15.523024717453296, 14.128109321934478, 7.457314325328703, 3.6130698075381393, 13.436928675630206, 9.353297468178186, 4.4834672350770495, 0.0, 5.261034985847701, 12.154098747026426, 7.456475552188215, 4.084960698220952, 17.18899468909731, 14.898257170799749, 16.334005729578177, 6.4774618203335965, 16.8564195058357, 11.784834071734476, 8.41917120638886, 14.122537473171866, 10.351882225499585, 10.418416485485116, 7.859187898017495, 10.04528239574752, 11.119351430691797, 10.046458172275146, 7.904504549174602, 14.242503695597321, 9.693418212240928, 12.975706196053446, 10.418416485485116, 12.975706196053446, 7.859187898017495, 7.904504549174602, 10.046458172275146, 14.122537473171866, 11.958121079814482, 18.24584188036923, 12.011800839283605, 10.011899906664414, 10.71314965332004, 8.298353003819477, 5.6456311604120195, 9.26664985766542, 16.99191903940169, 12.268884133077414, 9.521330858510568, 16.331331868306194, 9.22966382203222, 19.670875810758638, 15.523024717453296, 14.128109321934478, 7.457314325328703, 3.6130698075381393, 13.436928675630206, 9.353297468178186, 4.4834672350770495, 0.0, 5.261034985847701, 12.154098747026426, 7.456475552188215, 4.084960698220952, 17.18899468909731, 14.898257170799749, 16.334005729578177, 6.4774618203335965], [15.582020431557662, 17.419354078857744, 6.752912401303066, 15.229994474108823, 14.746892959063578, 13.509028461191098, 10.859356278315202, 11.908205911796529, 18.97128760445513, 11.06302979634551, 10.973284427679241, 16.708523946487475, 12.24819935505811, 18.302655964502744, 13.262881857384954, 16.419614559146428, 5.886114093423861, 6.407483130582678, 10.661157962586106, 10.359768255830948, 2.099614958288159, 5.261034985847701, 0.0, 7.926880583212148, 10.885088532239362, 2.554449691754731, 21.01597751029173, 15.49510167520217, 14.86486388226653, 1.279042274321197, 19.1634180537721, 12.485507112004253, 12.460335489176824, 11.483535260961782, 15.304415421193012, 13.554109660469791, 3.5720169772495898, 11.845405944278635, 5.91867962468635, 9.055703720071183, 12.971658648036945, 17.155047421143898, 14.565113422890953, 15.221245044135232, 13.554109660469791, 15.221245044135232, 3.5720169772495898, 12.971658648036945, 9.055703720071183, 11.483535260961782, 15.582020431557662, 17.419354078857744, 6.752912401303066, 15.229994474108823, 14.746892959063578, 13.509028461191098, 10.859356278315202, 11.908205911796529, 18.97128760445513, 11.06302979634551, 10.973284427679241, 16.708523946487475, 12.24819935505811, 18.302655964502744, 13.262881857384954, 16.419614559146428, 5.886114093423861, 6.407483130582678, 10.661157962586106, 10.359768255830948, 2.099614958288159, 5.261034985847701, 0.0, 7.926880583212148, 10.885088532239362, 2.554449691754731, 21.01597751029173, 15.49510167520217, 14.86486388226653, 1.279042274321197], [23.461108965427943, 23.77742193196415, 5.66498252683058, 21.85564541975244, 17.966490170290733, 20.204337999807873, 16.918050584335965, 19.833570930747186, 26.740517638594344, 17.67444586709533, 18.773051421623865, 23.899071163401377, 20.170242046608543, 24.128897866235402, 18.6420995034844, 24.2823701134306, 13.112083272515456, 14.251853258452758, 15.849582505938404, 18.078533650563152, 7.699455142800363, 12.154098747026426, 7.926880583212148, 0.0, 18.756070153657554, 8.069138445366, 28.87895945397867, 22.843928503075105, 20.865515077448183, 7.514176618123866, 27.005294986345294, 20.00892559719961, 16.10182718019352, 16.68924056540332, 20.20159492833377, 21.47482829921297, 9.353281353864569, 19.68888921541761, 7.0012761101216086, 16.059872312112724, 20.009215779389486, 25.078593077212947, 21.846892776378322, 23.088298096189884, 21.47482829921297, 23.088298096189884, 9.353281353864569, 20.009215779389486, 16.059872312112724, 16.68924056540332, 23.461108965427943, 23.77742193196415, 5.66498252683058, 21.85564541975244, 17.966490170290733, 20.204337999807873, 16.918050584335965, 19.833570930747186, 26.740517638594344, 17.67444586709533, 18.773051421623865, 23.899071163401377, 20.170242046608543, 24.128897866235402, 18.6420995034844, 24.2823701134306, 13.112083272515456, 14.251853258452758, 15.849582505938404, 18.078533650563152, 7.699455142800363, 12.154098747026426, 7.926880583212148, 0.0, 18.756070153657554, 8.069138445366, 28.87895945397867, 22.843928503075105, 20.865515077448183, 7.514176618123866], [4.705079576056615, 13.882475260837301, 16.84271343595888, 8