M = 99999999.0;
numWorkers = 15;
numRoles = 5;
numNodes = 40;
wStart = [30, 0, 0, 150, 150, 330, 30, 90, 180, 30, 120, 60, 120, 0, 300, 180, 90, 120, 240, 240, 150, 60, 90, 60, 210, 420, 420, 330, 300, 450, 390, 450, 450, 450, 450, 450, 450, 330, 360, 360];
wEnd = [30, 0, 0, 150, 150, 330, 30, 90, 180, 30, 120, 60, 120, 0, 300, 360, 300, 390, 450, 330, 300, 390, 420, 270, 300, 420, 420, 330, 300, 450, 390, 450, 450, 450, 450, 450, 450, 330, 360, 360];
p = [0, 0, 0, 0, 0, 0, 0, 0, 0, 0, 0, 0, 0, 0, 0, 71.03684023818589, 25.237721596844235, 19.492143709858283, 68.8984150241707, 51.459766152636924, 39.306871474700685, 51.96846586553904, 59.7270125836341, 64.18203300700273, 34.976871887402666, 0, 0, 0, 0, 0, 0, 0, 0, 0, 0, 0, 0, 0, 0, 0];
e = [[0, 1, 0, 1, 0], [1, 1, 0, 0, 0], [0, 0, 1, 0, 0], [0, 0, 1, 0, 0], [0, 0, 0, 0, 1], [0, 0, 0, 1, 0], [1, 0, 0, 0, 0], [0, 1, 0, 0, 0], [0, 0, 0, 1, 0], [0, 0, 0, 0, 1], [1, 0, 0, 0, 0], [0, 1, 0, 0, 0], [0, 0, 0, 0, 1], [0, 0, 1, 0, 0], [1, 0, 0, 0, 0]];
d = [[1, 0, 0, 1, 0, 0, 1, 1, 1, 1], [0, 1, 1, 0, 1, 1, 0, 0, 0, 0], [1, 1, 2, 1, 1, 2, 1, 2, 1, 2], [0, 1, 1, 0, 1, 1, 0, 0, 0, 0], [3, 1, 0, 3, 1, 0, 3, 0, 3, 0]];
r = [3599, 3599, 3775, 4492, 106, 4177, 3026, 4317, 3614, 784];
g = [[0, 0, 0, 0, 0, 0, 0, 0, 0, 0], [0, 0, 0, 0, 0, 0, 0, 0, 0, 0], [0, 0, 0, 0, 0, 0, 0, 0, 0, 0], [0, 0, 0, 0, 0, 0, 0, 0, 0, 0], [0, 0, 0, 0, 0, 0, 0, 0, 0, 0], [0, 0, 0, 0, 0, 0, 0, 0, 0, 0], [0, 0, 0, 0, 0, 0, 0, 0, 0, 0], [0, 0, 0, 0, 0, 0, 0, 0, 0, 0], [0, 0, 0, 0, 0, 0, 0, 0, 0, 0], [0, 0, 0, 0, 0, 0, 0, 0, 0, 0]];
t = [[0.0, 9.088948218880672, 7.391011410747129, 11.089551782744506, 26.08174990298115, 52.63447939098305, 39.46618226012514, 23.87756657292142, 40.70575825442664, 20.96818236208014, 11.952272233210449, 44.18701505101953, 25.72043331365655, 25.767157484507436, 39.426343457183734, 5.498354210824178, 41.02532712570599, 23.273457630604998, 44.521202813054686, 40.664399130215905, 45.1374588878975, 17.154265232912493, 42.611084134811954, 15.27167077084042, 30.7085091472605, 0.0, 9.088948218880672, 7.391011410747129, 11.089551782744506, 26.08174990298115, 52.63447939098305, 39.46618226012514, 23.87756657292142, 40.70575825442664, 20.96818236208014, 11.952272233210449, 44.18701505101953, 25.72043331365655, 25.767157484507436, 39.426343457183734], [9.088948218880672, 0.0, 16.429227321534093, 13.949275839120926, 20.024662354534925, 43.87642293373871, 35.295089930510926, 15.135102206906334, 33.03208030901239, 12.24136379196886, 15.429395912403658, 35.1101454154753, 20.76805326443195, 21.11969456953409, 38.68090772314871, 4.180218752983263, 32.12882911418545, 19.059211792308094, 35.43788959995504, 31.577519975285142, 36.20740732998314, 10.344862767603917, 33.67015850150564, 12.553273137508596, 23.196434313641404, 9.088948218880672, 0.0, 16.429227321534093, 13.949275839120926, 20.024662354534925, 43.87642293373871, 35.295089930510926, 15.135102206906334, 33.03208030901239, 12.24136379196886, 15.429395912403658, 35.1101454154753, 20.76805326443195, 21.11969456953409, 38.68090772314871], [7.391011410747129, 16.429227321534093, 0.0, 12.677499569640073, 32.62896747085852, 60.0, 44.78349268462468, 31.258010628378372, 47.727279566030695, 27.982295627534292, 14.665761066080472, 51.44685879623008, 30.38085698890248, 30.232343931815503, 42.5672461320948, 12.855709177071365, 48.41449295841698, 29.12805291604407, 51.86162294052971, 47.95801991603632, 52.52817322703208, 23.35913153812011, 49.68482960077901, 21.07335817428325, 37.734890487527345, 7.391011410747129, 16.429227321534093, 0.0, 12.677499569640073, 32.62896747085852, 60.0, 44.78349268462468, 31.258010628378372, 47.727279566030695, 27.982295627534292, 14.665761066080472, 51.44685879623008, 30.38085698890248, 30.232343931815503, 42.5672461320948], [11.089551782744506, 13.949275839120926, 12.677499569640073, 0.0, 33.94562425306275, 55.821348431231755, 48.82970378399384, 27.92461320290539, 46.59360544175059, 20.952187192922167, 23.041790590438833, 44.464266843019125, 18.44914855955984, 18.14379722151706, 50.24089301271558, 13.538949522499454, 43.83752994864865, 32.448088240742806, 45.63120347282015, 41.35712652563804, 47.67724945421205, 14.454160114089087, 41.67748745283026, 24.970721547456204, 36.94199770187281, 11.089551782744506, 13.949275839120926, 12.677499569640073, 0.0, 33.94562425306275, 55.821348431231755, 48.82970378399384, 27.92461320290539, 46.59360544175059, 20.952187192922167, 23.041790590438833, 44.464266843019125, 18.44914855955984, 18.14379722151706, 50.24089301271558], [26.08174990298115, 20.024662354534925, 32.62896747085852, 33.94562425306275, 0.0, 31.392111670687317, 16.214209628524515, 12.148201950096993, 16.003917138929577, 21.32168807362234, 21.179844305494615, 30.719650644032267, 36.06613709648601, 36.77062397439178, 24.96833186518316, 21.12214732215327, 22.506290660694255, 5.739355749154941, 29.043297869887322, 27.218324264438763, 26.30675828581518, 25.94440657220012, 32.412379422334105, 12.000216981406354, 7.168358464294025, 26.08174990298115, 20.024662354534925, 32.62896747085852, 33.94562425306275, 0.0, 31.392111670687317, 16.214209628524515, 12.148201950096993, 16.003917138929577, 21.32168807362234, 21.179844305494615, 30.719650644032267, 36.06613709648601, 36.77062397439178, 24.96833186518316], [52.63447939098305, 43.87642293373871, 60.0, 55.821348431231755, 31.392111670687317, 0.0, 35.579721616900386, 28.773449815142985, 16.79253280575365, 35.11695692426986, 51.74436236797963, 16.398245236952988, 46.5412342378109, 47.480587178827825, 50.40656644144381, 47.14624914725333, 11.988934698181835, 37.09033111896355, 13.184800283577527, 17.119568181899957, 8.428519676973073, 42.070551601453694, 21.60553684491071, 42.33865258264607, 24.314030566347714, 52.63447939098305, 43.87642293373871, 60.0, 55.821348431231755, 31.392111670687317, 0.0, 35.579721616900386, 28.773449815142985, 16.79253280575365, 35.11695692426986, 51.74436236797963, 16.398245236952988, 46.5412342378109, 47.480587178827825, 50.40656644144381], [39.46618226012514, 35.295089930510926, 44.78349268462468, 48.82970378399384, 16.214209628524515, 35.579721616900386, 0.0, 27.824287932977505, 19.331310620404874, 37.44833526622414, 30.72164542935872, 41.5726868612736, 52.27316251418882, 52.98284982343036, 15.068165146200986, 35.378376055005646, 31.620444814377255, 16.385531618934348, 38.93998477607168, 38.69272027825976, 34.167056904492, 42.12201697625627, 44.68271616690823, 24.20193481877329, 18.724554833942765, 39.46618226012514, 35.295089930510926, 44.78349268462468, 48.82970378399384, 16.214209628524515, 35.579721616900386, 0.0, 27.824287932977505, 19.331310620404874, 37.44833526622414, 30.72164542935872, 41.5726868612736, 52.27316251418882, 52.98284982343036, 15.068165146200986], [23.87756657292142, 15.135102206906334, 31.258010628378372, 27.92461320290539, 12.148201950096993, 28.773449815142985, 27.824287932977505, 0.0, 18.995155962960926, 10.054382833974621, 24.93000312001277, 22.048023701190075, 25.05548741861505, 25.855987335756353, 36.909874418847664, 18.404954906725482, 17.186646532961007, 15.888187051726627, 21.528143291666414, 18.34265224429967, 21.327066506452162, 16.173063126789444, 22.263854984155213, 16.351559769400627, 10.380087994496478, 23.87756657292142, 15.135102206906334, 31.258010628378372, 27.92461320290539, 12.148201950096993, 28.773449815142985, 27.824287932977505, 0.0, 18.995155962960926, 10.054382833974621, 24.93000312001277, 22.048023701190075, 25.05548741861505, 25.855987335756353, 36.909874418847664], [40.70575825442664, 33.03208030901239, 47.727279566030695, 46.59360544175059, 16.003917138929577, 16.79253280575365, 19.331310620404874, 18.995155962960926, 0.0, 28.459718182180463, 37.16665802382033, 23.235016671706084, 42.89790030379356, 43.777878655213335, 33.80422067919141, 35.33214561709052, 13.044361687259222, 21.352859654843385, 20.235281332217635, 20.97265859516982, 14.967200624902116, 35.05887462858982, 27.175979044351877, 27.875644922870997, 9.99956216465415, 40.70575825442664, 33.03208030901239, 47.727279566030695, 46.59360544175059, 16.003917138929577, 16.79253280575365, 19.331310620404874, 18.995155962960926, 0.0, 28.459718182180463, 37.16665802382033, 23.235016671706084, 42.89790030379356, 43.777878655213335, 33.80422067919141], [20.96818236208014, 12.24136379196886, 27.982295627534292, 20.952187192922167, 21.32168807362234, 35.11695692426986, 37.44833526622414, 10.054382833974621, 28.459718182180463, 0.0, 26.784994941540496, 23.77753276214917, 15.013489161709673, 15.80460569995579, 44.96353870307482, 16.420043415410486, 23.147853456466656, 23.589577279025093, 24.71668715674588, 20.505865274374372, 26.84362272721057, 6.993301332210081, 21.703155048731013, 20.692511948279453, 20.424943533334464, 20.96818236208014, 12.24136379196886, 27.982295627534292, 20.952187192922167, 21.32168807362234, 35.11695692426986, 37.44833526622414, 10.054382833974621, 28.459718182180463, 0.0, 26.784994941540496, 23.77753276214917, 15.013489161709673, 15.80460569995579, 44.96353870307482], [11.952272233210449, 15.429395912403658, 14.665761066080472, 23.041790590438833, 21.179844305494615, 51.74436236797963, 30.72164542935872, 24.93000312001277, 37.16665802382033, 26.784994941540496, 0.0, 46.957274603757604, 35.838675046789405, 36.074839477081994, 28.026705342861643, 11.878084708498196, 41.28654456401234, 16.349695090392494, 46.40379744870793, 43.255764356346305, 45.413425696451625, 25.745388745039747, 46.6830935601725, 9.418822929503415, 27.67960349741465, 11.952272233210449, 15.429395912403658, 14.665761066080472, 23.041790590438833, 21.179844305494615, 51.74436236797963, 30.72164542935872, 24.93000312001277, 37.16665802382033, 26.784994941540496, 0.0, 46.957274603757604, 35.838675046789405, 36.074839477081994, 28.026705342861643], [44.18701505101953, 35.1101454154753, 51.44685879623008, 44.464266843019125, 30.719650644032267, 16.398245236952988, 41.5726868612736, 22.048023701190075, 23.235016671706084, 23.77753276214917, 46.957274603757604, 0.0, 31.892621353507916, 32.81394925119884, 54.58863418945784, 39.06735758225578, 10.191287688006735, 36.06825048128311, 3.4471121141227243, 3.705868873066591, 9.561465123822904, 30.021435024591668, 5.208471089809786, 38.31613213654264, 24.25807287779938, 44.18701505101953, 35.1101454154753, 51.44685879623008, 44.464266843019125, 30.719650644032267, 16.398245236952988, 41.5726868612736, 22.048023701190075, 23.235016671706084, 23.77753276214917, 46.957274603757604, 0.0, 31.892621353507916, 32.81394925119884, 54.58863418945784], [25.72043331365655, 20.76805326443195, 30.38085698890248, 18.44914855955984, 36.06613709648601, 46.5412342378109, 52.27316251418882, 25.05548741861505, 42.89790030379356, 15.013489161709673, 35.838675046789405, 31.892621353507916, 0.0, 0.9393796604122836, 58.54190966393439, 23.960593219470166, 35.21217622276455, 37.53916194910245, 34.13936044285981, 29.774183230122418, 38.140729419031985, 10.7817123772955, 27.734701920735876, 32.78413044628672, 35.399256744481576, 25.72043331365655, 20.76805326443195, 30.38085698890248, 18.44914855955984, 36.06613709648601, 46.5412342378109, 52.27316251418882, 25.05548741861505, 42.89790030379356, 15.013489161709673, 35.838675046789405, 31.892621353507916, 0.0, 0.9393796604122836, 58.54190966393439], [25.767157484507436, 21.11969456953409, 30.232343931815503, 18.14379722151706, 36.77062397439178, 47.480587178827825, 52.98284982343036, 25.855987335756353, 43.777878655213335, 15.80460569995579, 36.074839477081994, 32.81394925119884, 0.9393796604122836, 0.0, 59.0790944169436, 24.20267345748674, 36.14790851594969, 38.1429320137789, 35.072169135817084, 30.708967712554013, 39.08007454943384, 11.296120425907665, 28.632188746510113, 33.24645110118746, 36.21226922138848, 25.767157484507436, 21.11969456953409, 30.232343931815503, 18.14379722151706, 36.77062397439178, 47.480587178827825, 52.98284982343036, 25.855987335756353, 43.777878655213335, 15.80460569995579, 36.074839477081994, 32.81394925119884, 0.9393796604122836, 0.0, 59.0790944169436], [39.426343457183734, 38.68090772314871, 42.5672461320948, 50.24089301271558, 24.96833186518316, 50.40656644144381, 15.068165146200986, 36.909874418847664, 33.80422067919141, 44.96353870307482, 28.026705342861643, 54.58863418945784, 58.54190966393439, 59.0790944169436, 0.0, 37.09637522903146, 45.14370038654269, 21.38878054463282, 52.33485740314573, 51.35329179655716, 48.17101356989399, 47.782976460308916, 56.961524576713146, 26.12779379998786, 30.42378437398774, 39.426343457183734, 38.68090772314871, 42.5672461320948, 50.24089301271558, 24.96833186518316, 50.40656644144381, 15.068165146200986, 36.909874418847664, 33.80422067919141, 44.96353870307482, 28.026705342861643, 54.58863418945784, 58.54190966393439, 59.0790944169436, 0.0], [5.498354210824178, 4.180218752983263, 12.855709177071365, 13.538949522499454, 21.12214732215327, 47.14624914725333, 35.378376055005646, 18.404954906725482, 35.33214561709052, 16.420043415410486, 11.878084708498196, 39.06735758225578, 23.960593219470166, 24.20267345748674, 37.09637522903146, 0.0, 35.57403636193573, 18.998457417157045, 39.25371473871626, 35.49284551451483, 39.6972813533314, 14.036445721445867, 37.775381968012475, 11.437401388278051, 25.349585304686453, 5.498354210824178, 4.180218752983263, 12.855709177071365, 13.538949522499454, 21.12214732215327, 47.14624914725333, 35.378376055005646, 18.404954906725482, 35.33214561709052, 16.420043415410486, 11.878084708498196, 39.06735758225578, 23.960593219470166, 24.20267345748674, 37.09637522903146], [41.02532712570599, 32.12882911418545, 48.41449295841698, 43.83752994864865, 22.506290660694255, 11.988934698181835, 31.620444814377255, 17.186646532961007, 13.044361687259222, 23.147853456466656, 41.28654456401234, 10.191287688006735, 35.21217622276455, 36.14790851594969, 45.14370038654269, 35.57403636193573, 0.0, 28.176751288107365, 7.321831563780409, 8.199548089703113, 4.159884603065594, 30.118158942230444, 14.338860432942386, 32.05282739449079, 15.47894695853257, 41.02532712570599, 32.12882911418545, 48.41449295841698, 43.83752994864865, 22.506290660694255, 11.988934698181835, 31.620444814377255, 17.186646532961007, 13.044361687259222, 23.147853456466656, 41.28654456401234, 10.191287688006735, 35.21217622276455, 36.14790851594969, 45.14370038654269], [23.273457630604998, 19.059211792308094, 29.12805291604407, 32.448088240742806, 5.739355749154941, 37.09033111896355, 16.385531618934348, 15.888187051726627, 21.352859654843385, 23.589577279025093, 16.349695090392494, 36.06825048128311, 37.53916194910245, 38.1429320137789, 21.38878054463282, 18.998457417157045, 28.176751288107365, 0.0, 34.5639717795308, 32.491435263717285, 32.02056703925392, 26.915823037541927, 37.399751588245415, 8.076909193221356, 12.907573781958494, 23.273457630604998, 19.059211792308094, 29.12805291604407, 32.448088240742806, 5.739355749154941, 37.09033111896355, 16.385531618934348, 15.888187051726627, 21.352859654843385, 23.589577279025093, 16.349695090392494, 36.06825048128311, 37.53916194910245, 38.1429320137789, 21.38878054463282], [44.521202813054686, 35.43788959995504, 51.86162294052971, 45.63120347282015, 29.043297869887322, 13.184800283577527, 38.93998477607168, 21.528143291666414, 20.235281332217635, 24.71668715674588, 46.40379744870793, 3.4471121141227243, 34.13936044285981, 35.072169135817084, 52.33485740314573, 39.25371473871626, 7.321831563780409, 34.5639717795308, 0.0, 4.409064104158956, 6.126099861721122, 31.292357777508442, 8.558832049634303, 37.48984184938936, 22.277919258652872, 44.521202813054686, 35.43788959995504, 51.86162294052971, 45.63120347282015, 29.043297869887322, 13.184800283577527, 38.93998477607168, 21.528143291666414, 20.235281332217635, 24.71668715674588, 46.40379744870793, 3.4471121141227243, 34.13936044285981, 35.072169135817084, 52.33485740314573], [40.664399130215905, 31.577519975285142, 47.95801991603632, 41.35712652563804, 27.218324264438763, 17.119568181899957, 38.69272027825976, 18.34265224429967, 20.97265859516982, 20.505865274374372, 43.255764356346305, 3.705868873066591, 29.774183230122418, 30.708967712554013, 51.35329179655716, 35.49284551451483, 8.199548089703113, 32.491435263717285, 4.409064104158956, 0.0, 9.13902138067413, 26.97329000923704, 6.203622275752338, 34.61385158203678, 20.94160511148682, 40.664399130215905, 31.577519975285142, 47.95801991603632, 41.35712652563804, 27.218324264438763, 17.119568181899957, 38.69272027825976, 18.34265224429967, 20.97265859516982, 20.505865274374372, 43.255764356346305, 3.705868873066591, 29.774183230122418, 30.708967712554013, 51.35329179655716], [45.1374588878975, 36.20740732998314, 52.52817322703208, 47.67724945421205, 26.30675828581518, 8.428519676973073, 34.167056904492, 21.327066506452162, 14.967200624902116, 26.84362272721057, 45.413425696451625, 9.561465123822904, 38.140729419031985, 39.08007454943384, 48.17101356989399, 39.6972813533314, 4.159884603065594, 32.02056703925392, 6.126099861721122, 9.13902138067413, 0.0, 33.75763084214107, 14.53770542590152, 36.15096519120844, 19.182570029646712, 45.1374588878975, 36.20740732998314, 52.52817322703208, 47.67724945421205, 26.30675828581518, 8.428519676973073, 34.167056904492, 21.327066506452162, 14.967200624902116, 26.84362272721057, 45.413425696451625, 9.561465123822904, 38.140729419031985, 39.08007454943384, 48.17101356989399], [17.154265232912493, 10.344862767603917, 23.35913153812011, 14.454160114089087, 25.94440657220012, 42.070551601453694, 42.12201697625627, 16.173063126789444, 35.05887462858982, 6.993301332210081, 25.745388745039747, 30.021435024591668, 10.7817123772955, 11.296120425907665, 47.782976460308916, 14.036445721445867, 30.118158942230444, 26.915823037541927, 31.292357777508442, 26.97329000923704, 33.75763084214107, 0.0, 27.27705043588513, 22.016131448709814, 26.42008878759168, 17.154265232912493, 10.344862767603917, 23.35913153812011, 14.454160114089087, 25.94440657220012, 42.070551601453694, 42.12201697625627, 16.173063126789444, 35.05887462858982, 6.993301332210081, 25.745388745039747, 30.021435024591668, 10.7817123772955, 11.296120425907665, 47.782976460308916], [42.611084134811954, 33.67015850150564, 49.68482960077901, 41.67748745283026, 32.412379422334105, 21.60553684491071, 44.68271616690823, 22.263854984155213, 27.175979044351877, 21.703155048731013, 46.6830935601725, 5.208471089809786, 27.734701920735876, 28.632188746510113, 56.961524576713146, 37.775381968012475, 14.338860432942386, 37.399751588245415, 8.558832049634303, 6.203622275752338, 14.53770542590152, 27.27705043588513, 0.0, 38.566317253376, 26.569160253450264, 42.611084134811954, 33.67015850150564, 49.68482960077901, 41.67748745283026, 32.412379422334105, 21.60553684491071, 44.68271616690823, 22.263854984155213, 27.175979044351877, 21.703155048731013, 46.6830935601725, 5.208471089809786, 27.734701920735876, 28.632188746510113, 56.961524576713146], [15.27167077084042, 12.553273137508596, 21.07335817428325, 24.970721547456204, 12.000216981406354, 42.33865258264607, 24.20193481877329, 16.351559769400627, 27.875644922870997, 20.692511948279453, 9.418822929503415, 38.31613213654264, 32.78413044628672, 33.24645110118746, 26.12779379998786, 11.437401388278051, 32.05282739449079, 8.076909193221356, 37.48984184938936, 34.61385158203678, 36.15096519120844, 22.016131448709814, 38.566317253376, 0.0, 18.274630606929392, 15.27167077084042, 12.553273137508596, 21.07335817428325, 24.970721547456204, 12.000216981406354, 42.33865258264607, 24.20193481877329, 16.351559769400627, 27.875644922870997, 20.692511948279453, 9.418822929503415, 38.31613213654264, 32.78413044628672, 33.24645110118746, 26.12779379998786], [30.7085091472605, 23.196434313641404, 37.734890487527345, 36.94199770187281, 7.168358464294025, 24.314030566347714, 18.724554833942765, 10.380087994496478, 9.99956216465415, 20.424943533334464, 27.67960349741465, 24.25807287779938, 35.399256744481576, 36.21226922138848, 30.42378437398774, 25.349585304686453, 15.47894695853257, 12.907573781958494, 22.277919258652872, 20.94160511148682, 19.182570029646712, 26.42008878759168, 26.569160253450264, 18.274630606929392, 0.0, 30.7085091472605, 23.196434313641404, 37.734890487527345, 36.94199770187281, 7.168358464294025, 24.314030566347714, 18.724554833942765, 10.380087994496478, 9.99956216465415, 20.424943533334464, 27.67960349741465, 24.25807287779938, 35.399256744481576, 36.21226922138848, 30.42378437398774], [0.0, 9.088948218880672, 7.391011410747129, 11.089551782744506, 26.08174990298115, 52.63447939098305, 39.46618226012514, 23.87756657292142, 40.70575825442664, 20.96818236208014, 11.952272233210449, 44.18701505101953, 25.72043331365655, 25.767157484507436, 39.426343457183734, 5.498354210824178, 41.02532712570599, 23.273457630604998, 44.521202813054686, 40.664399130215905, 45.1374588878975, 17.154265232912493, 42.611084134811954, 15.27167077084042, 30.7085091472605, 0.0, 9.088948218880672, 7.391011410747129, 11.089551782744506, 26.08174990298115, 52.63447939098305, 39.46618226012514, 23.87756657292142, 40.70575825442664, 20.96818236208014, 11.952272233210449, 44.18701505101953, 25.72043331365655, 25.767157484507436, 39.426343457183734], [9.088948218880672, 0.0, 16.429227321534093, 13.949275839120926, 20.024662354534925, 43.87642293373871, 35.295089930510926, 15.135102206906334, 33.03208030901239, 12.24136379196886, 15.429395912403658, 35.1101454154753, 20.76805326443195, 21.11969456953409, 38.68090772314871, 4.180218752983263, 32.12882911418545, 19.059211792308094, 35.43788959995504, 31.577519975285142, 36.20740732998314, 10.344862767603917, 33.67015850150564, 12.553273137508596, 23.196434313641404, 9.088948218880672, 0.0, 16.429227321534093, 13.949275839120926, 20.024662354534925, 43.87642293373871, 35.295089930510926, 15.135102206906334, 33.03208030901239, 12.24136379196886, 15.429395912403658, 35.1101454154753, 20.76805326443195, 21.11969456953409, 38.68090772314871], [7.391011410747129, 16.429227321534093, 0.0, 12.677499569640073, 32.62896747085852, 60.0, 44.78349268462468, 31.258010628378372, 47.727279566030695, 27.982295627534292, 14.665761066080472, 51.44685879623008, 30.38085698890248, 30.232343931815503, 42.5672461320948, 12.855709177071365, 48.41449295841698, 29.12805291604407, 51.86162294052971, 47.95801991603632, 52.52817322703208, 23.35913153812011, 49.68482960077901, 21.07335817428325, 37.734890487527345, 7.391011410747129, 16.429227321534093, 0.0, 12.677499569640073, 32.62896747085852, 60.0, 44.78349268462468, 31.258010628378372, 47.727279566030695, 27.982295627534292, 14.665761066080472, 51.44685879623008, 30.38085698890248, 30.232343931815503, 42.5672461320948], [11.089551782744506, 13.949275839120926, 12.677499569640073, 0.0, 33.94562425306275, 55.821348431231755, 48.82970378399384, 27.92461320290539, 46.59360544175059, 20.952187192922167, 23.041790590438833, 44.464266843019125, 18.44914855955984, 18.14379722151706, 50.24089301271558, 13.538949522499454, 43.83752994864865, 32.448088240742806, 45.63120347282015, 41.35712652563804, 47.67724945421205, 14.454160114089087, 41.67748745283026, 24.970721547456204, 36.94199770187281, 11.089551782744506, 13.949275839120926, 12.677499569640073, 0.0, 33.94562425306275, 55.821348431231755, 48.82970378399384, 27.92461320290539, 46.59360544175059, 20.952187192922167, 23.041790590438833, 44.464266843019125, 18.44914855955984, 18.14379722151706, 50.24089301271558], [26.08174990298115, 20.024662354534925, 32.62896747085852, 33.94562425306275, 0.0, 31.392111670687317, 16.214209628524515, 12.148201950096993, 16.003917138929577, 21.32168807362234, 21.179844305494615, 30.719650644032267, 36.06613709648601, 36.77062397439178, 24.96833186518316, 21.12214732215327, 22.506290660694255, 5.739355749154941, 29.043297869887322, 27.218324264438763, 26.30675828581518, 25.94440657220012, 32.412379422334105, 12.000216981406354, 7.168358464294025, 26.08174990298115, 20.024662354534925, 32.62896747085852, 33.94562425306275, 0.0, 31.392111670687317, 16.214209628524515, 12.148201950096993, 16.003917138929577, 21.32168807362234, 21.179844305494615, 30.719650644032267, 36.06613709648601, 36.77062397439178, 24.96833186518316], [52.63447939098305, 43.87642293373871, 60.0, 55.821348431231755, 31.392111670687317, 0.0, 35.579721616900386, 28.773449815142985, 16.79253280575365, 35.11695692426986, 51.74436236797963, 16.398245236952988, 46.5412342378109, 47.480587178827825, 50.40656644144381, 47.14624914725333, 11.988934698181835, 37.09033111896355, 13.184800283577527, 17.119568181899957, 8.428519676973073, 42.070551601453694, 21.60553684491071, 42.33865258264607, 24.314030566347714, 52.63447939098305, 43.87642293373871, 60.0, 55.821348431231755, 31.392111670687317, 0.0, 35.579721616900386, 28.773449815142985, 16.79253280575365, 35.11695692426986, 51.74436236797963, 16.398245236952988, 46.5412342378109, 47.480587178827825, 50.40656644144381], [39.46618226012514, 35.295089930510926, 44.78349268462468, 48.82970378399384, 16.214209628524515, 35.579721616900386, 0.0, 27.824287932977505, 19.331310620404874, 37.44833526622414, 30.72164542935872, 41.5726868612736, 52.27316251418882, 52.98284982343036, 15.068165146200986, 35.378376055005646, 31.620444814377255, 16.385531618934348, 38.93998477607168, 38.69272027825976, 34.167056904492, 42.12201697625627, 44.68271616690823, 24.20193481877329, 18.724554833942765, 39.46618226012514, 35.295089930510926, 44.78349268462468, 48.82970378399384, 16.214209628524515, 35.579721616900386, 0.0, 27.824287932977505, 19.331310620404874, 37.44833526622414, 30.72164542935872, 41.5726868612736, 52.27316251418882, 52.98284982343036, 15.068165146200986], [23.87756657292142, 15.135102206906334, 31.258010628378372, 27.92461320290539, 12.148201950096993, 28.773449815142985, 27.824287932977505, 0.0, 18.995155962960926, 10.054382833974621, 24.93000312001277, 22.048023701190075, 25.05548741861505, 25.855987335756353, 36.909874418847664, 18.404954906725482, 17.186646532961007, 15.888187051726627, 21.528143291666414, 18.34265224429967, 21.327066506452162, 16.173063126789444, 22.263854984155213, 16.351559769400627, 10.380087994496478, 23.87756657292142, 15.135102206906334, 31.258010628378372, 27.92461320290539, 12.148201950096993, 28.773449815142985, 27.824287932977505, 0.0, 18.995155962960926, 10.054382833974621, 24.93000312001277, 22.048023701190075, 25.05548741861505, 25.855987335756353, 36.909874418847664], [40.70575825442664, 33.03208030901239, 47.727279566030695, 46.59360544175059, 16.003917138929577, 16.79253280575365, 19.331310620404874, 18.995155962960926, 0.0, 28.459718182180463, 37.16665802382033, 23.235016671706084, 42.89790030379356, 43.777878655213335, 33.80422067919141, 35.33214561709052, 13.044361687259222, 21.352859654843385, 20.235281332217635, 20.97265859516982, 14.967200624902116, 35.05887462858982, 27.175979044351877, 27.875644922870997, 9.99956216465415, 40.70575825442664, 33.03208030901239, 47.727279566030695, 46.59360544175059, 16.003917138929577, 16.79253280575365, 19.331310620404874, 18.995155962960926, 0.0, 28.459718182180463, 37.16665802382033, 23.235016671706084, 42.89790030379356, 43.777878655213335, 33.80422067919141], [20.96818236208014, 12.24136379196886, 27.982295627534292, 20.952187192922167, 21.32168807362234, 35.11695692426986, 37.44833526622414, 10.054382833974621, 28.459718182180463, 0.0, 26.784994941540496, 23.77753276214917, 15.013489161709673, 15.80460569995579, 44.96353870307482, 16.420043415410486, 23.147853456466656, 23.589577279025093, 24.71668715674588, 20.505865274374372, 26.84362272721057, 6.993301332210081, 21.703155048731013, 20.692511948279453, 20.424943533334464, 20.96818236208014, 12.24136379196886, 27.982295627534292, 20.952187192922167, 21.32168807362234, 35.11695692426986, 37.44833526622414, 10.054382833974621, 28.459718182180463, 0.0, 26.784994941540496, 23.77753276214917, 15.013489161709673, 15.80460569995579, 44.96353870307482], [11.952272233210449, 15.429395912403658, 14.665761066080472, 23.041790590438833, 21.179844305494615, 51.74436236797963, 30.72164542935872, 24.93000312001277, 37.16665802382033, 26.784994941540496, 0.0, 46.957274603757604, 35.838675046789405, 36.074839477081994, 28.026705342861643, 11.878084708498196, 41.28654456401234, 16.349695090392494, 46.40379744870793, 43.255764356346305, 45.413425696451625, 25.745388745039747, 46.6830935601725, 9.418822929503415, 27.67960349741465, 11.952272233210449, 15.429395912403658, 14.665761066080472, 23.041790590438833, 21.179844305494615, 51.74436236797963, 30.72164542935872, 24.93000312001277, 37.16665802382033, 26.784994941540496, 0.0, 46.957274603757604, 35.838675046789405, 36.074839477081994, 28.026705342861643], [44.18701505101953, 35.1101454154753, 51.44685879623008, 44.464266843019125, 30.719650644032267, 16.398245236952988, 41.5726868612736, 22.048023701190075, 23.235016671706084, 23.77753276214917, 46.957274603757604, 0.0, 31.892621353507916, 32.81394925119884, 54.58863418945784, 39.06735758225578, 10.191287688006735, 36.06825048128311, 3.4471121141227243, 3.705868873066591, 9.561465123822904, 30.021435024591668, 5.208471089809786, 38.31613213654264, 24.25807287779938, 44.18701505101953, 35.1101454154753, 51.44685879623008, 44.464266843019125, 30.719650644032267, 16.398245236952988, 41.5726868612736, 22.048023701190075, 23.235016671706084, 23.77753276214917, 46.957274603757604, 0.0, 31.892621353507916, 32.81394925119884, 54.58863418945784], [25.72043331365655, 20.76805326443195, 30.38085698890248, 18.44914855955984, 36.06613709648601, 46.5412342378109, 52.27316251418882, 25.05548741861505, 42.89790030379356, 15.013489161709673, 35.838675046789405, 31.892621353507916, 0.0, 0.9393796604122836, 58.54190966393439, 23.960593219470166, 35.21217622276455, 37.53916194910245, 34.13936044285981, 29.774183230122418, 38.140729419031985, 10.7817123772955, 27.734701920735876, 32.78413044628672, 35.399256744481576, 25.72043331365655, 20.76805326443195, 30.38085698890248, 18.44914855955984, 36.06613709648601, 46.5412342378109, 52.27316251418882, 25.05548741861505, 42.89790030379356, 15.013489161709673, 35.838675046789405, 31.892621353507916, 0.0, 0.9393796604122836, 58.54190966393439], [25.767157484507436, 21.11969456953409, 30.232343931815503, 18.14379722151706, 36.77062397439178, 47.480587178827825, 52.98284982343036, 25.855987335756353, 43.777878655213335, 15.80460569995579, 36.074839477081994, 32.81394925119884, 0.9393796604122836, 0.0, 59.0790944169436, 24.20267345748674, 36.14790851594969, 38.1429320137789, 35.072169135817084, 30.708967712554013, 39.08007454943384, 11.296120425907665, 28.632188746510113, 33.24645110118746, 36.21226922138848, 25.767157484507436, 21.11969456953409, 30.232343931815503, 18.14379722151706, 36.77062397439178, 47.480587178827825, 52.98284982343036, 25.855987335756353, 43.777878655213335, 15.80460569995579, 36.074839477081994, 32.81394925119884, 0.9393796604122836, 0.0, 59.0790944169436], [39.426343457183734, 38.68090772314871, 42.5672461320948, 50.24089301271558, 24.96833186518316, 50.40656644144381, 15.068165146200986, 36.909874418847664, 33.80422067919141, 44.96353870307482, 28.026705342861643, 54.58863418945784, 58.54190966393439, 59.0790944169436, 0.0, 37.09637522903146, 45.14370038654269, 21.38878054463282, 52.33485740314573, 51.35329179655716, 48.17101356989399, 47.782976460308916, 56.961524576713146, 26.12779379998786, 30.42378437398774, 39.426343457183734, 38.68090772314871, 42.5672461320948, 50.24089301271558, 24.96833186518316, 50.40656644144381, 15.068165146200986, 36.909874418847664, 33.80422067919141, 44.96353870307482, 28.026705342861643, 54.58863418945784, 58.54190966393439, 59.0790944169436, 0.0]];
