M = 99999999.0;
numWorkers = 30;
numRoles = 3;
numNodes = 80;
wStart = [180, 270, 210, 120, 60, 30, 210, 150, 90, 210, 90, 30, 30, 240, 210, 210, 90, 30, 150, 390, 300, 0, 90, 240, 90, 60, 240, 150, 0, 90, 120, 330, 120, 90, 60, 300, 120, 90, 120, 90, 120, 30, 90, 120, 300, 30, 90, 330, 90, 120, 270, 420, 450, 180, 360, 360, 360, 480, 270, 480, 360, 420, 90, 300, 420, 330, 420, 150, 420, 450, 390, 450, 450, 360, 150, 330, 450, 390, 450, 180];
wEnd = [180, 270, 210, 120, 60, 30, 210, 150, 90, 210, 90, 30, 30, 240, 210, 210, 90, 30, 150, 390, 300, 0, 90, 240, 90, 60, 240, 150, 0, 90, 420, 360, 210, 300, 360, 420, 450, 390, 270, 390, 180, 90, 390, 360, 420, 90, 300, 360, 390, 210, 270, 420, 450, 180, 360, 360, 360, 480, 270, 480, 360, 420, 90, 300, 420, 330, 420, 150, 420, 450, 390, 450, 450, 360, 150, 330, 450, 390, 450, 180];
p = [0, 0, 0, 0, 0, 0, 0, 0, 0, 0, 0, 0, 0, 0, 0, 0, 0, 0, 0, 0, 0, 0, 0, 0, 0, 0, 0, 0, 0, 0, 21.860751830934078, 40.21478314210768, 69.26543450076164, 66.32080086147727, 59.7254150526654, 69.66567961618526, 66.27955273139375, 37.33950575770771, 32.68128065442035, 70.72023372335659, 17.57517848012793, 51.94762364996474, 40.27583555922703, 56.048997617692834, 34.83283980809263, 25.97381182498237, 33.16040043073863, 20.10739157105384, 18.669752878853856, 34.63271725038082, 0, 0, 0, 0, 0, 0, 0, 0, 0, 0, 0, 0, 0, 0, 0, 0, 0, 0, 0, 0, 0, 0, 0, 0, 0, 0, 0, 0, 0, 0];
e = [[1, 0, 1], [1, 1, 0], [1, 1, 0], [1, 1, 0], [1, 0, 1], [0, 1, 0], [0, 1, 1], [1, 1, 0], [0, 1, 0], [1, 1, 0], [0, 1, 1], [0, 1, 1], [0, 1, 0], [0, 1, 0], [0, 1, 0], [0, 1, 1], [0, 1, 0], [0, 1, 1], [0, 1, 0], [0, 1, 0], [1, 1, 0], [0, 1, 1], [0, 1, 1], [1, 1, 0], [0, 1, 1], [1, 1, 0], [0, 0, 1], [1, 0, 0], [0, 0, 1], [1, 0, 0]];
d = [[1, 1, 0, 0, 1, 0, 0, 0, 1, 1, 1, 1, 0, 1, 0, 2, 0, 2, 0, 0], [0, 0, 1, 1, 0, 1, 1, 1, 0, 0, 2, 0, 1, 0, 2, 0, 2, 0, 2, 2], [0, 1, 1, 1, 1, 1, 1, 1, 0, 0, 0, 1, 1, 0, 2, 2, 2, 2, 2, 2]];
r = [1137, 3103, 3199, 3865, 1279, 1872, 126, 495, 3227, 1695, 368, 4894, 2003, 899, 1872, 4894, 3865, 3103, 495, 3199];
g = [[0, 0, 0, 0, 0, 0, 0, 0, 0, 0, 0, 0, 0, 0, 0, 0, 0, 0, 0, 0], [0, 0, 0, 0, 0, 0, 0, 0, 0, 0, 0, 0, 0, 0, 0, 0, 0, 1, 0, 0], [0, 0, 0, 0, 0, 0, 0, 0, 0, 0, 0, 0, 0, 0, 0, 0, 0, 0, 0, 1], [0, 0, 0, 0, 0, 0, 0, 0, 0, 0, 0, 0, 0, 0, 0, 0, 1, 0, 0, 0], [0, 0, 0, 0, 0, 0, 0, 0, 0, 0, 0, 0, 0, 0, 0, 0, 0, 0, 0, 0], [0, 0, 0, 0, 0, 0, 0, 0, 0, 0, 0, 0, 0, 0, 1, 0, 0, 0, 0, 0], [0, 0, 0, 0, 0, 0, 0, 0, 0, 0, 0, 0, 0, 0, 0, 0, 0, 0, 0, 0], [0, 0, 0, 0, 0, 0, 0, 0, 0, 0, 0, 0, 0, 0, 0, 0, 0, 0, 1, 0], [0, 0, 0, 0, 0, 0, 0, 0, 0, 0, 0, 0, 0, 0, 0, 0, 0, 0, 0, 0], [0, 0, 0, 0, 0, 0, 0, 0, 0, 0, 0, 0, 0, 0, 0, 0, 0, 0, 0, 0], [0, 0, 0, 0, 0, 0, 0, 0, 0, 0, 0, 0, 0, 0, 0, 0, 0, 0, 0, 0], [0, 0, 0, 0, 0, 0, 0, 0, 0, 0, 0, 0, 0, 0, 0, 1, 0, 0, 0, 0], [0, 0, 0, 0, 0, 0, 0, 0, 0, 0, 0, 0, 0, 0, 0, 0, 0, 0, 0, 0], [0, 0, 0, 0, 0, 0, 0, 0, 0, 0, 0, 0, 0, 0, 0, 0, 0, 0, 0, 0], [0, 0, 0, 0, 0, 1, 0, 0, 0, 0, 0, 0, 0, 0, 0, 0, 0, 0, 0, 0], [0, 0, 0, 0, 0, 0, 0, 0, 0, 0, 0, 1, 0, 0, 0, 0, 0, 0, 0, 0], [0, 0, 0, 1, 0, 0, 0, 0, 0, 0, 0, 0, 0, 0, 0, 0, 0, 0, 0, 0], [0, 1, 0, 0, 0, 0, 0, 0, 0, 0, 0, 0, 0, 0, 0, 0, 0, 0, 0, 0], [0, 0, 0, 0, 0, 0, 0, 1, 0, 0, 0, 0, 0, 0, 0, 0, 0, 0, 0, 0], [0, 0, 1, 0, 0, 0, 0, 0, 0, 0, 0, 0, 0, 0, 0, 0, 0, 0, 0, 0]];
t = [[0.0, 11.97602104549168, 8.773779859765533, 10.707739564103964, 4.770982590032846, 9.225889559534032, 20.026076452744654, 3.828936321639251, 16.33533001046137, 4.916441116016153, 20.958212734852545, 9.863874101267323, 5.905841910996654, 8.133968427720307, 21.11007438365893, 13.990221168989176, 8.133128140313948, 21.420127572989156, 6.024022587387775, 1.531599780189719, 5.388187684679542, 11.119585587181618, 10.021399833925551, 14.557736137224966, 14.170512640422523, 13.271318564494585, 19.10000044316299, 2.3854317861023637, 2.927901269768715, 18.22258771956077, 19.76425234069866, 21.99530710617724, 21.884933253724412, 7.603609253321918, 17.478250260889478, 13.522821920658032, 16.3346000328165, 21.58000289186352, 12.514993894892175, 8.494421433510977, 15.351305906330289, 2.3919365747800003, 13.371767068622939, 16.921431128872996, 13.522821920658032, 2.3919365747800003, 7.603609253321918, 21.99530710617724, 21.58000289186352, 21.884933253724412, 0.0, 11.97602104549168, 8.773779859765533, 10.707739564103964, 4.770982590032846, 9.225889559534032, 20.026076452744654, 3.828936321639251, 16.33533001046137, 4.916441116016153, 20.958212734852545, 9.863874101267323, 5.905841910996654, 8.133968427720307, 21.11007438365893, 13.990221168989176, 8.133128140313948, 21.420127572989156, 6.024022587387775, 1.531599780189719, 5.388187684679542, 11.119585587181618, 10.021399833925551, 14.557736137224966, 14.170512640422523, 13.271318564494585, 19.10000044316299, 2.3854317861023637, 2.927901269768715, 18.22258771956077], [11.97602104549168, 0.0, 8.527699627874455, 4.116971219520424, 16.740832773821516, 20.90987018288849, 13.566992205539922, 8.526071688811403, 9.564450244921712, 11.952401253092052, 18.891187000458757, 20.816868161835444, 6.238233816010867, 19.672530803785264, 22.687565190262124, 7.091681354470759, 19.99515804610897, 22.881501745415495, 8.045129783889058, 10.45493933629658, 10.500721936915552, 17.1771468902286, 19.27918502871705, 23.554614985631183, 25.511180157636378, 18.703463479419803, 17.99008337925009, 13.090032834180521, 9.069788362537214, 20.034671235721586, 28.45770810264719, 21.321393770340467, 30.0, 10.086609211764697, 18.49152566911355, 22.95829123686073, 25.949175613226448, 22.486769484994937, 23.170608192477747, 6.1962435212778, 7.123678024116244, 12.151153244249581, 19.308267225908118, 25.37111786325979, 22.95829123686073, 12.151153244249581, 10.086609211764697, 21.321393770340467, 22.486769484994937, 30.0, 11.97602104549168, 0.0, 8.527699627874455, 4.116971219520424, 16.740832773821516, 20.90987018288849, 13.566992205539922, 8.526071688811403, 9.564450244921712, 11.952401253092052, 18.891187000458757, 20.816868161835444, 6.238233816010867, 19.672530803785264, 22.687565190262124, 7.091681354470759, 19.99515804610897, 22.881501745415495, 8.045129783889058, 10.45493933629658, 10.500721936915552, 17.1771468902286, 19.27918502871705, 23.554614985631183, 25.511180157636378, 18.703463479419803, 17.99008337925009, 13.090032834180521, 9.069788362537214, 20.034671235721586], [8.773779859765533, 8.527699627874455, 0.0, 4.685272795441145, 12.729843514643147, 15.219930543374309, 11.291436387056152, 5.499149992051157, 7.8396085696941125, 5.3298910536818385, 12.895595445234624, 14.217598944629739, 7.256544382359242, 13.875664747594993, 14.955571116329166, 5.955002211523929, 14.805404324907345, 15.200193570094441, 9.974624895969363, 7.914622695125436, 3.8796800949619383, 8.774010901190517, 11.718894670557193, 15.573555329315692, 18.966698481562428, 10.186422205890773, 11.33935615092061, 11.024917861703992, 6.766552381932218, 12.112134209745555, 20.22504422003238, 14.57636615718553, 21.612868146094993, 2.0155924694011964, 10.790624171034388, 15.190635994377516, 18.12017634970726, 15.015142225894806, 16.11688636479659, 10.489645422965346, 7.572009181510259, 7.216623500081417, 10.81599301304257, 17.14742799845431, 15.190635994377516, 7.216623500081417, 2.0155924694011964, 14.57636615718553, 15.015142225894806, 21.612868146094993, 8.773779859765533, 8.527699627874455, 0.0, 4.685272795441145, 12.729843514643147, 15.219930543374309, 11.291436387056152, 5.499149992051157, 7.8396085696941125, 5.3298910536818385, 12.895595445234624, 14.217598944629739, 7.256544382359242, 13.875664747594993, 14.955571116329166, 5.955002211523929, 14.805404324907345, 15.200193570094441, 9.974624895969363, 7.914622695125436, 3.8796800949619383, 8.774010901190517, 11.718894670557193, 15.573555329315692, 18.966698481562428, 10.186422205890773, 11.33935615092061, 11.024917861703992, 6.766552381932218, 12.112134209745555], [10.707739564103964, 4.116971219520424, 4.685272795441145, 0.0, 15.342683531605596, 18.789684954274573, 10.785508268348096, 6.880779866439435, 6.66504195451915, 9.1085387270746, 15.084267043808554, 18.226430246624282, 6.301072725553388, 17.47700059074103, 18.58679104515671, 3.978432748247812, 18.109062337030945, 18.785973136541568, 8.990487971341288, 9.357865584377308, 7.547452138870242, 13.459233024876896, 16.145055660619057, 20.177883470390718, 22.996399885240958, 14.827178948214112, 14.028440257001938, 12.452596032189284, 7.896165050538899, 15.919042072434282, 24.898231367621122, 17.37054231693558, 26.297384596032966, 6.5090262406248645, 14.385356891149982, 19.720533070850173, 22.681671920957598, 18.415369270849087, 20.356564359205397, 8.26581410837358, 4.888588272719277, 10.083409186478548, 15.480592376647555, 21.816852094169278, 19.720533070850173, 10.083409186478548, 6.5090262406248645, 17.37054231693558, 18.415369270849087, 26.297384596032966, 10.707739564103964, 4.116971219520424, 4.685272795441145, 0.0, 15.342683531605596, 18.789684954274573, 10.785508268348096, 6.880779866439435, 6.66504195451915, 9.1085387270746, 15.084267043808554, 18.226430246624282, 6.301072725553388, 17.47700059074103, 18.58679104515671, 3.978432748247812, 18.109062337030945, 18.785973136541568, 8.990487971341288, 9.357865584377308, 7.547452138870242, 13.459233024876896, 16.145055660619057, 20.177883470390718, 22.996399885240958, 14.827178948214112, 14.028440257001938, 12.452596032189284, 7.896165050538899, 15.919042072434282], [4.770982590032846, 16.740832773821516, 12.729843514643147, 15.342683531605596, 0.0, 5.161074112446105, 23.97298136647838, 8.495933046883795, 20.537933765487846, 7.71540222016161, 23.717811158146958, 6.836465513646196, 10.606268924289697, 4.505330653223603, 22.581721021926988, 18.369079601857734, 3.7771644748507467, 22.913189822221806, 10.133633688688697, 6.285910847515812, 8.901359975229989, 11.90050787382624, 8.787601689194707, 12.73653209536884, 10.253493685335568, 13.943890575676985, 21.702551741965376, 4.283783367661804, 7.696988158061473, 19.864333999030677, 17.68987828682962, 24.230516375927895, 20.048959652406424, 11.126412802606605, 19.506010505383784, 11.483424784956883, 13.852282043619258, 23.275106681332772, 9.466358747819362, 12.766455926985799, 19.82310478537866, 5.518152616828459, 13.748691876535553, 15.240354356870586, 11.483424784956883, 5.518152616828459, 11.126412802606605, 24.230516375927895, 23.275106681332772, 20.048959652406424, 4.770982590032846, 16.740832773821516, 12.729843514643147, 15.342683531605596, 0.0, 5.161074112446105, 23.97298136647838, 8.495933046883795, 20.537933765487846, 7.71540222016161, 23.717811158146958, 6.836465513646196, 10.606268924289697, 4.505330653223603, 22.581721021926988, 18.369079601857734, 3.7771644748507467, 22.913189822221806, 10.133633688688697, 6.285910847515812, 8.901359975229989, 11.90050787382624, 8.787601689194707, 12.73653209536884, 10.253493685335568, 13.943890575676985, 21.702551741965376, 4.283783367661804, 7.696988158061473, 19.864333999030677], [9.225889559534032, 20.90987018288849, 15.219930543374309, 18.789684954274573, 5.161074112446105, 0.0, 25.84841996741849, 12.386368370487913, 22.94316745127439, 9.9049556654216, 23.97937565917921, 2.759478706123226, 15.083354482819013, 1.345026276323379, 21.403008377174274, 21.16467970900539, 1.4966397421250874, 21.74173914392631, 15.071379494277547, 10.724132699155739, 11.434021124905229, 11.012911714346199, 6.408129603083602, 8.913929131851988, 5.096892806873626, 12.611039504525964, 21.866398498734483, 9.379255244020122, 11.93920003603854, 19.02853314813078, 13.326815646963794, 23.840103516129346, 15.793103155409234, 13.2914209917337, 19.12758781024699, 7.583160331424906, 9.335099754284483, 22.310307915119772, 4.783810086796704, 17.649804234421286, 22.75308661248525, 8.798470553364046, 12.123514983274134, 11.339379109119557, 7.583160331424906, 8.798470553364046, 13.2914209917337, 23.840103516129346, 22.310307915119772, 15.793103155409234, 9.225889559534032, 20.90987018288849, 15.219930543374309, 18.789684954274573, 5.161074112446105, 0.0, 25.84841996741849, 12.386368370487913, 22.94316745127439, 9.9049556654216, 23.97937565917921, 2.759478706123226, 15.083354482819013, 1.345026276323379, 21.403008377174274, 21.16467970900539, 1.4966397421250874, 21.74173914392631, 15.071379494277547, 10.724132699155739, 11.434021124905229, 11.012911714346199, 6.408129603083602, 8.913929131851988, 5.096892806873626, 12.611039504525964, 21.866398498734483, 9.379255244020122, 11.93920003603854, 19.02853314813078], [20.026076452744654, 13.566992205539922, 11.291436387056152, 10.785508268348096, 23.97298136647838, 25.84841996741849, 0.0, 16.47733594930818, 4.127353146226096, 16.343026292303872, 7.865980844963874, 24.27746774866389, 16.9524992312917, 24.52159561931022, 14.191965642156328, 6.813363986987923, 25.68872522805804, 14.197697430487457, 19.723815930060788, 19.026262132316486, 15.07162492051296, 16.358117024133207, 20.92626143502764, 23.409447957626675, 28.746886600933117, 16.310597635441525, 8.487502090285316, 22.197880497981924, 17.71499082529843, 12.859983197923347, 26.713595467405053, 10.89574994368776, 27.169486475237456, 12.865691724339705, 11.203347760696346, 23.574278468866513, 26.056390523992892, 13.339124171609546, 25.543136271573815, 18.99797260445104, 6.445557382070741, 18.484829546927802, 17.15868611829614, 24.006628309427747, 23.574278468866513, 18.484829546927802, 12.865691724339705, 10.89574994368776, 13.339124171609546, 27.169486475237456, 20.026076452744654, 13.566992205539922, 11.291436387056152, 10.785508268348096, 23.97298136647838, 25.84841996741849, 0.0, 16.47733594930818, 4.127353146226096, 16.343026292303872, 7.865980844963874, 24.27746774866389, 16.9524992312917, 24.52159561931022, 14.191965642156328, 6.813363986987923, 25.68872522805804, 14.197697430487457, 19.723815930060788, 19.026262132316486, 15.07162492051296, 16.358117024133207, 20.92626143502764, 23.409447957626675, 28.746886600933117, 16.310597635441525, 8.487502090285316, 22.197880497981924, 17.71499082529843, 12.859983197923347], [3.828936321639251, 8.526071688811403, 5.499149992051157, 6.880779866439435, 8.495933046883795, 12.386368370487913, 16.47733594930818, 0.0, 12.654968230565526, 4.247535834884307, 18.286726538239808, 12.383182508082136, 3.294883519887095, 11.146838930728977, 19.489506857111298, 10.226876375131178, 11.512860712093692, 19.772047454546765, 5.1848634429958755, 2.572734148730598, 3.4628411785519826, 10.758615628763902, 11.377643400553712, 15.893827250264582, 17.022092764315115, 12.763071584789001, 16.604316354103926, 5.753938338345966, 1.2686225109679317, 16.568106999527636, 21.036028257749326, 19.723585737815245, 22.89984464417611, 5.006620499126605, 15.5274750608348, 15.088440736841173, 18.056508223413683, 19.760985286082953, 14.844383033054022, 6.762530213061866, 11.544637018581646, 3.6411019571710206, 13.101107326457779, 18.014857554216352, 15.088440736841173, 3.6411019571710206, 5.006620499126605, 19.723585737815245, 19.760985286082953, 22.89984464417611, 3.828936321639251, 8.526071688811403, 5.499149992051157, 6.880779866439435, 8.495933046883795, 12.386368370487913, 16.47733594930818, 0.0, 12.654968230565526, 4.247535834884307, 18.286726538239808, 12.383182508082136, 3.294883519887095, 11.146838930728977, 19.489506857111298, 10.226876375131178, 11.512860712093692, 19.772047454546765, 5.1848634429958755, 2.572734148730598, 3.4628411785519826, 10.758615628763902, 11.377643400553712, 15.893827250264582, 17.022092764315115, 12.763071584789001, 16.604316354103926, 5.753938338345966, 1.2686225109679317, 16.568106999527636], [16.33533001046137, 9.564450244921712, 7.8396085696941125, 6.66504195451915, 20.537933765487846, 22.94316745127439, 4.127353146226096, 12.654968230565526, 0.0, 13.132927010833948, 10.029361346716373, 21.679859029032716, 12.87921994953933, 21.599279660264752, 15.30826313071456, 2.6879639192357594, 22.610315534433536, 15.403839372941544, 15.628975496266, 15.226119427866237, 11.718674599659469, 14.564545877749952, 18.672756272313485, 21.777723221711703, 26.329105799342656, 15.045373510220774, 9.771021360544168, 18.40831505583324, 13.858355613726712, 13.281280395810814, 25.684318799058754, 12.85152586724162, 26.50847483204025, 9.66674392258549, 11.548183613701784, 21.722470496476195, 24.435242434956038, 14.732803341278993, 23.266680710064904, 14.871685454579197, 2.592040523224773, 15.020289206839175, 15.866578101638808, 22.774845141662087, 21.722470496476195, 15.020289206839175, 9.66674392258549, 12.85152586724162, 14.732803341278993, 26.50847483204025, 16.33533001046137, 9.564450244921712, 7.8396085696941125, 6.66504195451915, 20.537933765487846, 22.94316745127439, 4.127353146226096, 12.654968230565526, 0.0, 13.132927010833948, 10.029361346716373, 21.679859029032716, 12.87921994953933, 21.599279660264752, 15.30826313071456, 2.6879639192357594, 22.610315534433536, 15.403839372941544, 15.628975496266, 15.226119427866237, 11.718674599659469, 14.564545877749952, 18.672756272313485, 21.777723221711703, 26.329105799342656, 15.045373510220774, 9.771021360544168, 18.40831505583324, 13.858355613726712, 13.281280395810814], [4.916441116016153, 11.952401253092052, 5.3298910536818385, 9.1085387270746, 7.71540222016161, 9.9049556654216, 16.343026292303872, 4.247535834884307, 13.132927010833948, 0.0, 16.247991510358624, 9.119703195917731, 7.530206180344156, 8.563171551307525, 16.206785661755873, 11.261295490108147, 9.480758081738552, 16.514290145584805, 9.248005150420267, 4.9982072710903545, 1.5661211425492496, 6.627476010335502, 7.3540448085068215, 11.76903136565622, 13.891397478469468, 8.712362271848908, 14.319780484713297, 7.273501205317415, 4.874022119573812, 13.311814801167529, 16.856756306597113, 17.126000210060365, 18.670911112706833, 3.490300103258942, 12.569285660144102, 11.060996138475875, 14.052106323389, 16.663886682777797, 11.289967475500493, 11.008353039434628, 12.848796996341182, 2.603214884893203, 8.966663510216478, 13.812613734184337, 11.060996138475875, 2.603214884893203, 3.490300103258942, 17.126000210060365, 16.663886682777797, 18.670911112706833, 4.916441116016153, 11.952401253092052, 5.3298910536818385, 9.1085387270746, 7.71540222016161, 9.9049556654216, 16.343026292303872, 4.247535834884307, 13.132927010833948, 0.0, 16.247991510358624, 9.119703195917731, 7.530206180344156, 8.563171551307525, 16.206785661755873, 11.261295490108147, 9.480758081738552, 16.514290145584805, 9.248005150420267, 4.9982072710903545, 1.5661211425492496, 6.627476010335502, 7.3540448085068215, 11.76903136565622, 13.891397478469468, 8.712362271848908, 14.319780484713297, 7.273501205317415, 4.874022119573812, 13.311814801167529], [20.958212734852545, 18.891187000458757, 12.895595445234624, 15.084267043808554, 23.717811158146958, 23.97937565917921, 7.865980844963874, 18.286726538239808, 10.029361346716373, 16.247991510358624, 0.0, 21.77929695233069, 20.05186975202327, 22.78737424920238, 6.68294700837954, 11.92161933056603, 24.28089781789027, 6.611891701231066, 22.830811965985035, 20.47331014724564, 15.574796404466069, 13.074468075110907, 17.96553412699939, 19.004480131016358, 25.569443243742676, 12.02580786318842, 2.121876819105124, 23.338860832502352, 19.528030561287853, 6.3787641072888075, 21.108809981414133, 3.0305244999535588, 21.0183795463956, 13.428429179358874, 5.28411152359143, 19.568558909246587, 21.46157972321167, 5.653607276833827, 22.250181517869898, 22.983258382651456, 12.56072157333035, 18.822181490369903, 12.78867126716936, 18.86616546487347, 19.568558909246587, 18.822181490369903, 13.428429179358874, 3.0305244999535588, 5.653607276833827, 21.0183795463956, 20.958212734852545, 18.891187000458757, 12.895595445234624, 15.084267043808554, 23.717811158146958, 23.97937565917921, 7.865980844963874, 18.286726538239808, 10.029361346716373, 16.247991510358624, 0.0, 21.77929695233069, 20.05186975202327, 22.78737424920238, 6.68294700837954, 11.92161933056603, 24.28089781789027, 6.611891701231066, 22.830811965985035, 20.47331014724564, 15.574796404466069, 13.074468075110907, 17.96553412699939, 19.004480131016358, 25.569443243742676, 12.02580786318842, 2.121876819105124, 23.338860832502352, 19.528030561287853, 6.3787641072888075], [9.863874101267323, 20.816868161835444, 14.217598944629739, 18.226430246624282, 6.836465513646196, 2.759478706123226, 24.27746774866389, 12.383182508082136, 21.679859029032716, 9.119703195917731, 21.77929695233069, 0.0, 15.403567631116513, 2.435418027387249, 18.823385617083808, 20.149128685433457, 3.9613034837311063, 19.161407963943525, 15.886098814841654, 11.226786302797132, 10.68448346259325, 8.708042821507602, 3.8718327014414675, 6.235397983289143, 4.772472756484856, 10.108696011782145, 19.65766991972084, 10.637583127880792, 12.213227877293834, 16.552215976600355, 10.919001957978486, 21.438566750716138, 13.332797434672631, 12.213761246023992, 16.780643074985136, 4.911082450942261, 7.023817012220896, 19.7723149391667, 2.692514418918657, 18.333740657821206, 21.783181689334416, 8.758269596652472, 9.55521140032471, 8.706066975967351, 4.911082450942261, 8.758269596652472, 12.213761246023992, 21.438566750716138, 19.7723149391667, 13.332797434672631, 9.863874101267323, 20.816868161835444, 14.217598944629739, 18.226430246624282, 6.836465513646196, 2.759478706123226, 24.27746774866389, 12.383182508082136, 21.679859029032716, 9.119703195917731, 21.77929695233069, 0.0, 15.403567631116513, 2.435418027387249, 18.823385617083808, 20.149128685433457, 3.9613034837311063, 19.161407963943525, 15.886098814841654, 11.226786302797132, 10.68448346259325, 8.708042821507602, 3.8718327014414675, 6.235397983289143, 4.772472756484856, 10.108696011782145, 19.65766991972084, 10.637583127880792, 12.213227877293834, 16.552215976600355], [5.905841910996654, 6.238233816010867, 7.256544382359242, 6.301072725553388, 10.606268924289697, 15.083354482819013, 16.9524992312917, 3.294883519887095, 12.87921994953933, 7.530206180344156, 20.05186975202327, 15.403567631116513, 0.0, 13.929020613917753, 22.05485061562414, 10.223101465635068, 14.035374339921745, 22.317377628750002, 2.8227275881100637, 4.378174525614642, 6.572085959649584, 13.94192614660843, 14.645672707054471, 19.177179539382383, 19.922317453998666, 15.884021186619028, 18.57854428090291, 6.852062689138798, 3.1917448032649296, 19.159230346050606, 24.32793115737946, 21.83154534744957, 26.19341123545163, 7.560480286173104, 17.955299131079016, 18.348590824866594, 21.304536484735078, 22.200224843368044, 17.945066473096205, 3.539998607143975, 11.17577889970168, 6.684734994697601, 16.27375273147347, 21.30950192789132, 18.348590824866594, 6.684734994697601, 7.560480286173104, 21.83154534744957, 22.200224843368044, 26.19341123545163, 5.905841910996654, 6.238233816010867, 7.256544382359242, 6.301072725553388, 10.606268924289697, 15.083354482819013, 16.9524992312917, 3.294883519887095, 12.87921994953933, 7.530206180344156, 20.05186975202327, 15.403567631116513, 0.0, 13.929020613917753, 22.05485061562414, 10.223101465635068, 14.035374339921745, 22.317377628750002, 2.8227275881100637, 4.378174525614642, 6.572085959649584, 13.94192614660843, 14.645672707054471, 19.177179539382383, 19.922317453998666, 15.884021186619028, 18.57854428090291, 6.852062689138798, 3.1917448032649296, 19.159230346050606], [8.133968427720307, 19.672530803785264, 13.875664747594993, 17.47700059074103, 4.505330653223603, 1.345026276323379, 24.52159561931022, 11.146838930728977, 21.599279660264752, 8.563171551307525, 22.78737424920238, 2.435418027387249, 13.929020613917753, 0.0, 20.43134966989044, 19.821562901195733, 1.6953419564779524, 20.77003556063537, 14.072276817397674, 9.601392416419959, 10.096068075696293, 9.908564508806073, 5.524241963025071, 8.629363849355359, 6.039469535564415, 11.609519182426915, 20.680715005515687, 8.536282724686014, 10.760491450807073, 17.98233898025058, 13.350832458009737, 22.73887946876426, 15.768180454601668, 11.946456659038814, 18.006981015854375, 7.315870162001545, 9.433505162367123, 21.30154079010734, 4.974172710347291, 16.61232839707459, 21.411896424062185, 7.532458118425072, 11.177674765750092, 11.11678171980123, 7.315870162001545, 7.532458118425072, 11.946456659038814, 22.73887946876426, 21.30154079010734, 15.768180454601668, 8.133968427720307, 19.672530803785264, 13.875664747594993, 17.47700059074103, 4.505330653223603, 1.345026276323379, 24.52159561931022, 11.146838930728977, 21.599279660264752, 8.563171551307525, 22.78737424920238, 2.435418027387249, 13.929020613917753, 0.0, 20.43134966989044, 19.821562901195733, 1.6953419564779524, 20.77003556063537, 14.072276817397674, 9.601392416419959, 10.096068075696293, 9.908564508806073, 5.524241963025071, 8.629363849355359, 6.039469535564415, 11.609519182426915, 20.680715005515687, 8.536282724686014, 10.760491450807073, 17.98233898025058], [21.11007438365893, 22.687565190262124, 14.955571116329166, 18.58679104515671, 22.581721021926988, 21.403008377174274, 14.191965642156328, 19.489506857111298, 15.30826313071456, 16.206785661755873, 6.68294700837954, 18.823385617083808, 22.05485061562414, 20.43134966989044, 0.0, 16.44288032634647, 22.08914062316393, 0.3387922931591296, 24.57817416124766, 21.107415445650226, 16.167364611382773, 10.711357368055312, 14.999018485754764, 14.512078800486078, 21.72581269358699, 8.825849873912972, 5.725452285920832, 23.4276386181423, 20.572222904896925, 2.922657200864039, 15.390934900547991, 4.104493393068788, 14.875921103759621, 14.550171757552057, 4.209462381398709, 15.408098366867057, 16.606621408615847, 1.2442791510761022, 18.526555824328526, 25.42106830945674, 17.539836124396377, 18.737993018629194, 9.280651718555708, 13.682401090366662, 15.408098366867057, 18.737993018629194, 14.550171757552057, 4.104493393068788, 1.2442791510761022, 14.875921103759621, 21.11007438365893, 22.687565190262124, 14.955571116329166, 18.58679104515671, 22.581721021926988, 21.403008377174274, 14.191965642156328, 19.489506857111298, 15.30826313071456, 16.206785661755873, 6.68294700837954, 18.823385617083808, 22.05485061562414, 20.43134966989044, 0.0, 16.44288032634647, 22.08914062316393, 0.3387922931591296, 24.57817416124766, 21.107415445650226, 16.167364611382773, 10.711357368055312, 14.999018485754764, 14.512078800486078, 21.72581269358699, 8.825849873912972, 5.725452285920832, 23.4276386181423, 20.572222904896925, 2.922657200864039], [13.990221168989176, 7.091681354470759, 5.955002211523929, 3.978432748247812, 18.369079601857734, 21.16467970900539, 6.813363986987923, 10.226876375131178, 2.6879639192357594, 11.261295490108147, 11.92161933056603, 20.149128685433457, 10.223101465635068, 19.821562901195733, 16.44288032634647, 0.0, 20.702605986665642, 16.58670683398362, 12.954790600991165, 12.795542618158677, 9.75559938829475, 13.810229317814978, 17.452472210105892, 20.956465963993512, 24.880731181455463, 14.661825831835392, 11.26045735640187, 15.967793942219032, 11.387982669069453, 14.088377124438052, 25.224011237717612, 14.524738127164023, 26.28634333500277, 7.938723858150113, 12.403033770035739, 20.74375041062336, 23.58074541964456, 16.04275878727036, 21.955141830509532, 12.19286212882785, 1.6582982067584315, 12.885243127738773, 15.433764951035316, 22.21851081405999, 20.74375041062336, 12.885243127738773, 7.938723858150113, 14.524738127164023, 16.04275878727036, 26.28634333500277, 13.990221168989176, 7.091681354470759, 5.955002211523929, 3.978432748247812, 18.369079601857734, 21.16467970900539, 6.813363986987923, 10.226876375131178, 2.6879639192357594, 11.261295490108147, 11.92161933056603, 20.149128685433457, 10.223101465635068, 19.821562901195733, 16.44288032634647, 0.0, 20.702605986665642, 16.58670683398362, 12.954790600991165, 12.795542618158677, 9.75559938829475, 13.810229317814978, 17.452472210105892, 20.956465963993512, 24.880731181455463, 14.661825831835392, 11.26045735640187, 15.967793942219032, 11.387982669069453, 14.088377124438052], [8.133128140313948, 19.99515804610897, 14.805404324907345, 18.109062337030945, 3.7771644748507467, 1.4966397421250874, 25.68872522805804, 11.512860712093692, 22.610315534433536, 9.480758081738552, 24.28089781789027, 3.9613034837311063, 14.035374339921745, 1.6953419564779524, 22.08914062316393, 20.702605986665642, 0.0, 22.427639029355227, 13.836301519644584, 9.657279060279985, 10.949217945198273, 11.51066531919495, 7.2169965151539035, 10.196182929428684, 6.506020243570747, 13.263559296463281, 22.18450693217167, 8.049301091853307, 10.949180485457564, 19.60715415740692, 14.75123633107134, 24.32315699502971, 17.203208767513015, 12.94754193308692, 19.58021709521061, 8.87022964154765, 10.776022709769244, 22.943224410259223, 6.2318902784392, 16.444943095755548, 22.256522154918805, 8.030224879916963, 12.851129660728585, 12.659254768341405, 8.87022964154765, 8.030224879916963, 12.94754193308692, 24.32315699502971, 22.943224410259223, 17.203208767513015, 8.133128140313948, 19.99515804610897, 14.805404324907345, 18.109062337030945, 3.7771644748507467, 1.4966397421250874, 25.68872522805804, 11.512860712093692, 22.610315534433536, 9.480758081738552, 24.28089781789027, 3.9613034837311063, 14.035374339921745, 1.6953419564779524, 22.08914062316393, 20.702605986665642, 0.0, 22.427639029355227, 13.836301519644584, 9.657279060279985, 10.949217945198273, 11.51066531919495, 7.2169965151539035, 10.196182929428684, 6.506020243570747, 13.263559296463281, 22.18450693217167, 8.049301091853307, 10.949180485457564, 19.60715415740692], [21.420127572989156, 22.881501745415495, 15.200193570094441, 18.785973136541568, 22.913189822221806, 21.74173914392631, 14.197697430487457, 19.772047454546765, 15.403839372941544, 16.514290145584805, 6.611891701231066, 19.161407963943525, 22.317377628750002, 20.77003556063537, 0.3387922931591296, 16.58670683398362, 22.427639029355227, 0.0, 24.851788862958557, 21.406833293296643, 16.459846636450063, 11.046190939729346, 15.337640500814599, 14.831747331442287, 22.05376053741185, 9.164266084949523, 5.759467828787116, 23.7409983930976, 20.860697062056943, 3.214368549828257, 15.654379847069945, 3.940619150052202, 15.10197534142535, 14.823711666937038, 4.429193815756821, 15.734372592431956, 16.91272230971697, 1.034958392163742, 18.85793567926233, 25.673317773473205, 17.660733469860226, 19.050157093634894, 9.619285958336684, 13.979153002925733, 15.734372592431956, 19.050157093634894, 14.823711666937038, 3.940619150052202, 1.034958392163742, 15.10197534142535, 21.420127572989156, 22.881501745415495, 15.200193570094441, 18.785973136541568, 22.913189822221806, 21.74173914392631, 14.197697430487457, 19.772047454546765, 15.403839372941544, 16.514290145584805, 6.611891701231066, 19.161407963943525, 22.317377628750002, 20.77003556063537, 0.3387922931591296, 16.58670683398362, 22.427639029355227, 0.0, 24.851788862958557, 21.406833293296643, 16.459846636450063, 11.046190939729346, 15.337640500814599, 14.831747331442287, 22.05376053741185, 9.164266084949523, 5.759467828787116, 23.7409983930976, 20.860697062056943, 3.214368549828257], [6.024022587387775, 8.045129783889058, 9.974624895969363, 8.990487971341288, 10.133633688688697, 15.071379494277547, 19.723815930060788, 5.1848634429958755, 15.628975496266, 9.248005150420267, 22.830811965985035, 15.886098814841654, 2.8227275881100637, 14.072276817397674, 24.57817416124766, 12.954790600991165, 13.836301519644584, 24.851788862958557, 0.0, 4.774772965599426, 8.64579939745924, 15.862783081933628, 15.801596943905238, 20.37339479962107, 20.105677737762537, 17.907934654498437, 21.31397863568513, 5.907626660018885, 4.37693696981342, 21.66422219898732, 25.580791058740584, 24.53817485894781, 27.59760904491017, 10.02818025539898, 20.539480147830027, 19.413104981695618, 22.283692116028835, 24.786696639151458, 18.538755654824364, 2.651528776024424, 13.806386735346743, 7.66890716112213, 18.20610020249521, 22.649017991236676, 19.413104981695618, 7.66890716112213, 10.02818025539898, 24.53817485894781, 24.786696639151458, 27.59760904491017, 6.024022587387775, 8.045129783889058, 9.974624895969363, 8.990487971341288, 10.133633688688697, 15.071379494277547, 19.723815930060788, 5.1848634429958755, 15.628975496266, 9.248005150420267, 22.830811965985035, 15.886098814841654, 2.8227275881100637, 14.072276817397674, 24.57817416124766, 12.954790600991165, 13.836301519644584, 24.851788862958557, 0.0, 4.774772965599426, 8.64579939745924, 15.862783081933628, 15.801596943905238, 20.37339479962107, 20.105677737762537, 17.907934654498437, 21.31397863568513, 5.907626660018885, 4.37693696981342, 21.66422219898732], [1.531599780189719, 10.45493933629658, 7.914622695125436, 9.357865584377308, 6.285910847515812, 10.724132699155739, 19.026262132316486, 2.572734148730598, 15.226119427866237, 4.9982072710903545, 20.47331014724564, 11.226786302797132, 4.378174525614642, 9.601392416419959, 21.107415445650226, 12.795542618158677, 9.657279060279985, 21.406833293296643, 4.774772965599426, 0.0, 5.005311553008869, 11.543439597749046, 11.039240188537157, 15.608598144493456, 15.625603893338436, 13.665458472376649, 18.696032251404205, 3.1822484495805248, 1.46863723002773, 18.193452696745197, 20.818486120586062, 21.70608393198267, 22.864910371779565, 7.045873829298925, 17.31744065615905, 14.638664653874816, 17.511730666047114, 21.4934601616578, 13.843619416658816, 7.111863155740811, 14.091930926287572, 2.945780398060363, 13.856440375124912, 17.90778344265721, 14.638664653874816, 2.945780398060363, 7.045873829298925, 21.70608393198267, 21.4934601616578, 22.864910371779565, 1.531599780189719, 10.45493933629658, 7.914622695125436, 9.357865584377308, 6.285910847515812, 10.724132699155739, 19.026262132316486, 2.572734148730598, 15.226119427866237, 4.9982072710903545, 20.47331014724564, 11.226786302797132, 4.378174525614642, 9.601392416419959, 21.107415445650226, 12.795542618158677, 9.657279060279985, 21.406833293296643, 4.774772965599426, 0.0, 5.005311553008869, 11.543439597749046, 11.039240188537157, 15.608598144493456, 15.625603893338436, 13.665458472376649, 18.696032251404205, 3.1822484495805248, 1.46863723002773, 18.193452696745197], [5.388187684679542, 10.500721936915552, 3.8796800949619383, 7.547452138870242, 8.901359975229989, 11.434021124905229, 15.07162492051296, 3.4628411785519826, 11.718674599659469, 1.5661211425492496, 15.574796404466069, 10.68448346259325, 6.572085959649584, 10.096068075696293, 16.167364611382773, 9.75559938829475, 10.949217945198273, 16.459846636450063, 8.64579939745924, 5.005311553008869, 0.0, 7.370803479467274, 8.779804132197667, 13.094193470141661, 15.456548152212141, 9.326124096384403, 13.740486212128245, 7.764830501448538, 4.423140837344773, 13.246106161165386, 18.104387196638438, 16.708480139758414, 19.821409414467507, 2.2670432042478463, 12.319397671591405, 12.4594979411024, 15.451403761712108, 16.512110705470565, 12.82809110759412, 10.109151775597569, 11.325201155779691, 3.442566638244993, 9.701733574860258, 15.034650584524845, 12.4594979411024, 3.442566638244993, 2.2670432042478463, 16.708480139758414, 16.512110705470565, 19.821409414467507, 5.388187684679542, 10.500721936915552, 3.8796800949619383, 7.547452138870242, 8.901359975229989, 11.434021124905229, 15.07162492051296, 3.4628411785519826, 11.718674599659469, 1.5661211425492496, 15.574796404466069, 10.68448346259325, 6.572085959649584, 10.096068075696293, 16.167364611382773, 9.75559938829475, 10.949217945198273, 16.459846636450063, 8.64579939745924, 5.005311553008869, 0.0, 7.370803479467274, 8.779804132197667, 13.094193470141661, 15.456548152212141, 9.326124096384403, 13.740486212128245, 7.764830501448538, 4.423140837344773, 13.246106161165386], [11.119585587181618, 17.1771468902286, 8.774010901190517, 13.459233024876896, 11.90050787382624, 11.012911714346199, 16.358117024133207, 10.758615628763902, 14.564545877749952, 6.627476010335502, 13.074468075110907, 8.708042821507602, 13.94192614660843, 9.908564508806073, 10.711357368055312, 13.810229317814978, 11.51066531919495, 11.046190939729346, 15.862783081933628, 11.543439597749046, 7.370803479467274, 0.0, 4.900428311705591, 7.213614518449298, 12.65263891144202, 2.1550945892861946, 10.952591650868362, 13.257624307156359, 11.496909807735202, 8.110181922814379, 11.493324793287782, 12.832820135154186, 12.84368873580999, 7.0936929755510265, 8.1150635080422, 7.228561009521809, 9.870756936359559, 11.481737646150727, 9.353554104502612, 17.476333349994313, 15.444114571434945, 8.753871898804142, 2.3441396589970647, 8.441203597345233, 7.228561009521809, 8.753871898804142, 7.0936929755510265, 12.832820135154186, 11.481737646150727, 12.84368873580999, 11.119585587181618, 17.1771468902286, 8.774010901190517, 13.459233024876896, 11.90050787382624, 11.012911714346199, 16.358117024133207, 10.758615628763902, 14.564545877749952, 6.627476010335502, 13.074468075110907, 8.708042821507602, 13.94192614660843, 9.908564508806073, 10.711357368055312, 13.810229317814978, 11.51066531919495, 11.046190939729346, 15.862783081933628, 11.543439597749046, 7.370803479467274, 0.0, 4.900428311705591, 7.213614518449298, 12.65263891144202, 2.1550945892861946, 10.952591650868362, 13.257624307156359, 11.496909807735202, 8.110181922814379], [10.021399833925551, 19.27918502871705, 11.718894670557193, 16.145055660619057, 8.787601689194707, 6.408129603083602, 20.92626143502764, 11.377643400553712, 18.672756272313485, 7.3540448085068215, 17.96553412699939, 3.8718327014414675, 14.645672707054471, 5.524241963025071, 14.999018485754764, 17.452472210105892, 7.2169965151539035, 15.337640500814599, 15.801596943905238, 11.039240188537157, 8.779804132197667, 4.900428311705591, 0.0, 4.5722770584547785, 7.840420055728011, 6.241513537539222, 15.844100642481399, 11.553672853980734, 11.611660497332469, 12.683570481334137, 9.779695630359571, 17.567487928481345, 11.863644631342833, 9.723670202374983, 12.92033047887783, 3.7162230825830016, 6.701617051362614, 15.923593294218175, 4.621995009200811, 17.95472001197288, 19.110098530183095, 8.139625397870155, 5.7183780539702465, 6.900413617719206, 3.7162230825830016, 8.139625397870155, 9.723670202374983, 17.567487928481345, 15.923593294218175, 11.863644631342833, 10.021399833925551, 19.27918502871705, 11.718894670557193, 16.145055660619057, 8.787601689194707, 6.408129603083602, 20.92626143502764, 11.377643400553712, 18.672756272313485, 7.3540448085068215, 17.96553412699939, 3.8718327014414675, 14.645672707054471, 5.524241963025071, 14.999018485754764, 17.452472210105892, 7.2169965151539035, 15.337640500814599, 15.801596943905238, 11.039240188537157, 8.779804132197667, 4.900428311705591, 0.0, 4.5722770584547785, 7.840420055728011, 6.241513537539222, 15.844100642481399, 11.553672853980734, 11.611660497332469, 12.683570481334137], [14.557736137224966, 23.554614985631183, 15.573555329315692, 20.177883470390718, 12.73653209536884, 8.913929131851988, 23.409447957626675, 15.893827250264582, 21.777723221711703, 11.76903136565622, 19.004480131016358, 6.235397983289143, 19.177179539382383, 8.629363849355359, 14.512078800486078, 20.956465963993512, 10.196182929428684, 14.831747331442287, 20.37339479962107, 15.608598144493456, 13.094193470141661, 7.213614518449298, 4.5722770584547785, 0.0, 7.372739648223883, 7.177482165218656, 16.96315788864579, 15.957252016591939, 16.174205584151064, 12.90969298991788, 5.211109283975009, 17.873965066104482, 7.383172298012172, 13.669142745772195, 13.720982749521445, 1.3307708272879, 2.6614765676732657, 15.641284069226847, 4.544453777723383, 22.516622833229032, 22.602971243241974, 12.711680504293911, 6.343156752214346, 2.5055196932303834, 1.3307708272879, 12.711680504293911, 13.669142745772195, 17.873965066104482, 15.641284069226847, 7.383172298012172, 14.557736137224966, 23.554614985631183, 15.573555329315692, 20.177883470390718, 12.73653209536884, 8.913929131851988, 23.409447957626675, 15.893827250264582, 21.777723221711703, 11.76903136565622, 19.004480131016358, 6.235397983289143, 19.177179539382383, 8.629363849355359, 14.512078800486078, 20.956465963993512, 10.196182929428684, 14.831747331442287, 20.37339479962107, 15.608598144493456, 13.094193470141661, 7.213614518449298, 4.5722770584547785, 0.0, 7.372739648223883, 7.177482165218656,