M = 99999999.0;
numWorkers = 15;
numRoles = 5;
numNodes = 40;
wStart = [60, 180, 90, 0, 120, 60, 240, 360, 30, 210, 30, 0, 330, 90, 300, 150, 180, 60, 90, 210, 180, 90, 150, 60, 60, 300, 360, 240, 450, 390, 420, 480, 450, 330, 300, 390, 300, 450, 300, 390];
wEnd = [60, 180, 90, 0, 120, 60, 240, 360, 30, 210, 30, 0, 330, 90, 300, 240, 270, 300, 420, 420, 390, 420, 420, 180, 420, 300, 360, 240, 450, 390, 420, 480, 450, 330, 300, 390, 300, 450, 300, 390];
p = [0, 0, 0, 0, 0, 0, 0, 0, 0, 0, 0, 0, 0, 0, 0, 46.16601639450815, 46.287773002098106, 58.2635754732816, 62.515828443649184, 54.955216060179026, 59.676320061692465, 44.22096339440982, 51.18188207835541, 23.402639907271258, 30.390273290466233, 0, 0, 0, 0, 0, 0, 0, 0, 0, 0, 0, 0, 0, 0, 0];
e = [[1, 1, 0, 0, 0], [1, 1, 0, 0, 0], [0, 0, 1, 0, 0], [0, 0, 1, 0, 0], [0, 0, 0, 1, 0], [0, 1, 0, 0, 0], [0, 1, 0, 0, 0], [0, 0, 1, 0, 0], [0, 0, 0, 0, 1], [1, 0, 0, 0, 0], [0, 0, 0, 0, 1], [0, 0, 0, 1, 0], [0, 0, 0, 1, 0], [0, 0, 0, 0, 1], [1, 0, 0, 0, 0]];
d = [[2, 1, 2, 1, 2, 1, 1, 2, 1, 0], [0, 3, 0, 0, 0, 3, 0, 0, 0, 1], [0, 1, 0, 0, 0, 1, 2, 0, 2, 0], [0, 0, 0, 2, 0, 0, 1, 0, 1, 1], [2, 0, 2, 0, 2, 0, 1, 2, 1, 2]];
r = [2824, 4040, 3788, 2291, 1944, 410, 2897, 2021, 1558, 3620];
g = [[0, 0, 0, 0, 0, 0, 0, 0, 0, 0], [0, 0, 0, 0, 0, 0, 0, 0, 0, 0], [0, 0, 0, 0, 0, 0, 0, 0, 0, 0], [0, 0, 0, 0, 0, 0, 0, 0, 0, 0], [0, 0, 0, 0, 0, 0, 0, 0, 0, 0], [0, 0, 0, 0, 0, 0, 0, 0, 0, 0], [0, 0, 0, 0, 0, 0, 0, 0, 0, 0], [0, 0, 0, 0, 0, 0, 0, 0, 0, 0], [0, 0, 0, 0, 0, 0, 0, 0, 0, 0], [0, 0, 0, 0, 0, 0, 0, 0, 0, 0]];
t = [[0.0, 14.137056090901089, 3.593885236479207, 20.413194042081123, 9.363709131593945, 47.253505580248415, 4.312451232206245, 4.753249849003503, 35.93725981650624, 8.632858071025645, 33.5448523046085, 33.31085223243471, 30.221386803892432, 56.423333562939696, 30.993476600528293, 34.58659035680759, 21.807521535429075, 23.75296106324654, 5.238865674086936, 6.09858628096773, 35.14932636884835, 13.151428359847761, 18.69089239908769, 3.9376263328144248, 47.76726961537704, 0.0, 14.137056090901089, 3.593885236479207, 20.413194042081123, 9.363709131593945, 47.253505580248415, 4.312451232206245, 4.753249849003503, 35.93725981650624, 8.632858071025645, 33.5448523046085, 33.31085223243471, 30.221386803892432, 56.423333562939696, 30.993476600528293], [14.137056090901089, 0.0, 15.606033442101328, 14.930939457579807, 13.295463006408404, 42.86527761517255, 15.762062224013148, 14.606777067343183, 26.70072189167313, 7.460011678813499, 19.63957325582882, 29.535341074618728, 19.15922411410008, 50.69605634205038, 25.215841672190706, 29.544191215661638, 7.698606784157839, 22.642941094808727, 17.689442467770895, 20.230613883929422, 24.92747200202349, 24.664306171409326, 21.004567645882563, 14.187053924727858, 45.44334236253466, 14.137056090901089, 0.0, 15.606033442101328, 14.930939457579807, 13.295463006408404, 42.86527761517255, 15.762062224013148, 14.606777067343183, 26.70072189167313, 7.460011678813499, 19.63957325582882, 29.535341074618728, 19.15922411410008, 50.69605634205038, 25.215841672190706], [3.593885236479207, 15.606033442101328, 0.0, 18.911705252999642, 7.131911347805649, 44.742165329144676, 0.7554090834265021, 1.9296201254348584, 34.72908708589369, 8.833911822142962, 34.33415000220765, 30.887975485065205, 29.71180382498965, 54.0983464412994, 29.048970344096876, 32.392533282556386, 23.02890970252325, 21.10891755361059, 2.117631711585586, 6.235139822767581, 34.247775306724286, 9.900826411752002, 15.66043090417779, 7.5008164727405955, 44.893496728311455, 3.593885236479207, 15.606033442101328, 0.0, 18.911705252999642, 7.131911347805649, 44.742165329144676, 0.7554090834265021, 1.9296201254348584, 34.72908708589369, 8.833911822142962, 34.33415000220765, 30.887975485065205, 29.71180382498965, 54.0983464412994, 29.048970344096876], [20.413194042081123, 14.930939457579807, 18.911705252999642, 0.0, 11.889341866504592, 28.28816901110931, 18.439594320451228, 16.99227931326705, 15.872795817516273, 12.705405914228649, 21.882224934193125, 14.657298101636243, 12.468502213839301, 36.74240412363502, 10.927237037020713, 15.007267520934791, 16.159054956918, 8.69987750772918, 20.020073453271188, 25.14635881750903, 15.762133065812481, 22.75299450135281, 10.647740795348243, 23.129133155634758, 30.52079224169874, 20.413194042081123, 14.930939457579807, 18.911705252999642, 0.0, 11.889341866504592, 28.28816901110931, 18.439594320451228, 16.99227931326705, 15.872795817516273, 12.705405914228649, 21.882224934193125, 14.657298101636243, 12.468502213839301, 36.74240412363502, 10.927237037020713], [9.363709131593945, 13.295463006408404, 7.131911347805649, 11.889341866504592, 0.0, 37.895107801239114, 6.594455265036736, 5.204546902176766, 27.759022710776883, 6.035067007565926, 29.563138217267777, 23.964066719143563, 23.317357165849838, 47.11947935793813, 21.923013291649916, 25.335867528268732, 19.4579131807174, 14.407082274930136, 8.132108707413371, 13.328049200851353, 27.46914421349176, 12.360839498558386, 9.79200058530665, 12.873179614675092, 38.484720705002765, 9.363709131593945, 13.295463006408404, 7.131911347805649, 11.889341866504592, 0.0, 37.895107801239114, 6.594455265036736, 5.204546902176766, 27.759022710776883, 6.035067007565926, 29.563138217267777, 23.964066719143563, 23.317357165849838, 47.11947935793813, 21.923013291649916], [47.253505580248415, 42.86527761517255, 44.742165329144676, 28.28816901110931, 37.895107801239114, 0.0, 44.073817299932685, 42.90350773953824, 20.26742808078739, 40.712305620359245, 39.59674303454192, 13.967119570538474, 28.08424270673323, 9.917487527666196, 17.655430663355233, 13.329996844550509, 41.493200108888004, 23.646107408037196, 45.012718112988075, 50.51393448482069, 23.447498613032625, 43.537875711291974, 29.553023399171245, 50.57555172061711, 7.0602459023812205, 47.253505580248415, 42.86527761517255, 44.742165329144676, 28.28816901110931, 37.895107801239114, 0.0, 44.073817299932685, 42.90350773953824, 20.26742808078739, 40.712305620359245, 39.59674303454192, 13.967119570538474, 28.08424270673323, 9.917487527666196, 17.655430663355233], [4.312451232206245, 15.762062224013148, 0.7554090834265021, 18.439594320451228, 6.594455265036736, 44.073817299932685, 0.0, 1.4922397526888995, 34.283883359140916, 8.803639192198041, 34.28827663441793, 30.238059530978592, 29.406873720492158, 53.45490539157343, 28.478223015060014, 31.777540829882202, 23.09904566903629, 20.433237460495384, 1.9696578832649538, 6.733828045933507, 33.860597759367074, 9.423670725862328, 14.936332772166235, 8.234861339489976, 44.17785874589912, 4.312451232206245, 15.762062224013148, 0.7554090834265021, 18.439594320451228, 6.594455265036736, 44.073817299932685, 0.0, 1.4922397526888995, 34.283883359140916, 8.803639192198041, 34.28827663441793, 30.238059530978592, 29.406873720492158, 53.45490539157343, 28.478223015060014], [4.753249849003503, 14.606777067343183, 1.9296201254348584, 16.99227931326705, 5.204546902176766, 42.90350773953824, 1.4922397526888995, 0.0, 32.822149632292614, 7.470278433457172, 32.90341863154442, 29.024303919945353, 27.914931886352857, 52.22359900871287, 27.12544243377871, 30.49239545219319, 21.826602132900813, 19.291528125319417, 3.38199753050385, 8.155545054098129, 32.37700748085319, 10.216711585511987, 13.998232437691465, 8.650136801233602, 43.17234854132564, 4.753249849003503, 14.606777067343183, 1.9296201254348584, 16.99227931326705, 5.204546902176766, 42.90350773953824, 1.4922397526888995, 0.0, 32.822149632292614, 7.470278433457172, 32.90341863154442, 29.024303919945353, 27.914931886352857, 52.22359900871287, 27.12544243377871], [35.93725981650624, 26.70072189167313, 34.72908708589369, 15.872795817516273, 27.759022710776883, 20.26742808078739, 34.283883359140916, 32.822149632292614, 0.0, 27.62341980954974, 19.332729313010294, 13.665673367992358, 8.445779640148276, 25.470950903698565, 9.141184189657734, 10.905327316436534, 23.008786698810965, 18.671780414624653, 35.89099554938926, 40.960547426989315, 3.188869729324452, 38.11734775308092, 24.192121719509228, 38.20990817385264, 25.748789811019, 35.93725981650624, 26.70072189167313, 34.72908708589369, 15.872795817516273, 27.759022710776883, 20.26742808078739, 34.283883359140916, 32.822149632292614, 0.0, 27.62341980954974, 19.332729313010294, 13.665673367992358, 8.445779640148276, 25.470950903698565, 9.141184189657734], [8.632858071025645, 7.460011678813499, 8.833911822142962, 12.705405914228649, 6.035067007565926, 40.712305620359245, 8.803639192198041, 7.470278433457172, 27.62341980954974, 0.0, 25.50097202104404, 26.81114961211612, 21.603190045405665, 49.40739140967418, 23.61798699184294, 27.577831215524025, 14.375797123070278, 18.231797457821745, 10.773235843723167, 14.430370203504175, 26.646796954949625, 17.273592311238893, 14.98562238414825, 10.594895890673452, 42.19179214305877, 8.632858071025645, 7.460011678813499, 8.833911822142962, 12.705405914228649, 6.035067007565926, 40.712305620359245, 8.803639192198041, 7.470278433457172, 27.62341980954974, 0.0, 25.50097202104404, 26.81114961211612, 21.603190045405665, 49.40739140967418, 23.61798699184294], [33.5448523046085, 19.63957325582882, 34.33415000220765, 21.882224934193125, 29.563138217267777, 39.59674303454192, 34.28827663441793, 32.90341863154442, 19.332729313010294, 25.50097202104404, 0.0, 30.573094490631224, 12.201948692606004, 44.141888661101824, 24.967395145443465, 28.664211257169388, 12.049533706419501, 29.917642807187967, 36.254440964675254, 39.62270045231259, 16.1653612580446, 41.92390656774644, 32.42814721788792, 33.819603056288685, 44.81124638797241, 33.5448523046085, 19.63957325582882, 34.33415000220765, 21.882224934193125, 29.563138217267777, 39.59674303454192, 34.28827663441793, 32.90341863154442, 19.332729313010294, 25.50097202104404, 0.0, 30.573094490631224, 12.201948692606004, 44.141888661101824, 24.967395145443465], [33.31085223243471, 29.535341074618728, 30.887975485065205, 14.657298101636243, 23.964066719143563, 13.967119570538474, 30.238059530978592, 29.024303919945353, 13.665673367992358, 26.81114961211612, 30.573094490631224, 0.0, 18.377649701157523, 23.22361199428964, 5.610111008967449, 3.0584886927254957, 29.37940704201776, 9.955325288926787, 31.279479295918193, 36.77820732861708, 16.2732599956054, 30.652151896679836, 16.16001445406128, 36.608833002093995, 15.950551930921801, 33.31085223243471, 29.535341074618728, 30.887975485065205, 14.657298101636243, 23.964066719143563, 13.967119570538474, 30.238059530978592, 29.024303919945353, 13.665673367992358, 26.81114961211612, 30.573094490631224, 0.0, 18.377649701157523, 23.22361199428964, 5.610111008967449], [30.221386803892432, 19.15922411410008, 29.71180382498965, 12.468502213839301, 23.317357165849838, 28.08424270673323, 29.406873720492158, 27.914931886352857, 8.445779640148276, 21.603190045405665, 12.201948692606004, 18.377649701157523, 0.0, 33.892654437528414, 12.778721022735297, 16.49486409274467, 14.65301399367257, 18.95884170648042, 31.219234281840194, 35.78738139835587, 5.943296307847278, 35.01537526276947, 22.848325855524656, 31.899994952612623, 32.847996389170056, 30.221386803892432, 19.15922411410008, 29.71180382498965, 12.468502213839301, 23.317357165849838, 28.08424270673323, 29.406873720492158, 27.914931886352857, 8.445779640148276, 21.603190045405665, 12.201948692606004, 18.377649701157523, 0.0, 33.892654437528414, 12.778721022735297], [56.423333562939696, 50.69605634205038, 54.0983464412994, 36.74240412363502, 47.11947935793813, 9.917487527666196, 53.45490539157343, 52.22359900871287, 25.470950903698565, 49.40739140967418, 44.141888661101824, 23.22361199428964, 33.892654437528414, 0.0, 25.818898957001675, 21.87577317481213, 48.22955686818581, 33.13625748517894, 54.49978630850412, 60.0, 28.371664640998016, 53.364645600132974, 39.20421404110684, 59.578641420449436, 14.375322672157905, 56.423333562939696, 50.69605634205038, 54.0983464412994, 36.74240412363502, 47.11947935793813, 9.917487527666196, 53.45490539157343, 52.22359900871287, 25.470950903698565, 49.40739140967418, 44.141888661101824, 23.22361199428964, 33.892654437528414, 0.0, 25.818898957001675], [30.993476600528293, 25.215841672190706, 29.048970344096876, 10.927237037020713, 21.923013291649916, 17.655430663355233, 28.478223015060014, 27.12544243377871, 9.141184189657734, 23.61798699184294, 24.967395145443465, 5.610111008967449, 12.778721022735297, 25.818898957001675, 0.0, 4.393819419458688, 24.226537982295827, 10.061783584891819, 29.801669506531624, 35.192906628095606, 11.243735205876366, 30.615949357567736, 16.116293203615832, 33.93446152200689, 20.96542845602388, 30.993476600528293, 25.215841672190706, 29.048970344096876, 10.927237037020713, 21.923013291649916, 17.655430663355233, 28.478223015060014, 27.12544243377871, 9.141184189657734, 23.61798699184294, 24.967395145443465, 5.610111008967449, 12.778721022735297, 25.818898957001675, 0.0], [34.58659035680759, 29.544191215661638, 32.392533282556386, 15.007267520934791, 25.335867528268732, 13.329996844550509, 31.777540829882202, 30.49239545219319, 10.905327316436534, 27.577831215524025, 28.664211257169388, 3.0584886927254957, 16.49486409274467, 21.87577317481213, 4.393819419458688, 0.0, 28.592288954501928, 12.008188843937438, 32.95320353838413, 38.42113573835498, 13.698976220286825, 32.90483867083649, 18.30229700058815, 37.703517451094875, 16.65373354549362, 34.58659035680759, 29.544191215661638, 32.392533282556386, 15.007267520934791, 25.335867528268732, 13.329996844550509, 31.777540829882202, 30.49239545219319, 10.905327316436534, 27.577831215524025, 28.664211257169388, 3.0584886927254957, 16.49486409274467, 21.87577317481213, 4.393819419458688], [21.807521535429075, 7.698606784157839, 23.02890970252325, 16.159054956918, 19.4579131807174, 41.493200108888004, 23.09904566903629, 21.826602132900813, 23.008786698810965, 14.375797123070278, 12.049533706419501, 29.37940704201776, 14.65301399367257, 48.22955686818581, 24.226537982295827, 28.592288954501928, 0.0, 24.825972389281887, 25.0600310588232, 27.90581269554939, 20.576626946990174, 31.542755671868996, 25.07050862826303, 21.811347055124497, 45.178243815927345, 21.807521535429075, 7.698606784157839, 23.02890970252325, 16.159054956918, 19.4579131807174, 41.493200108888004, 23.09904566903629, 21.826602132900813, 23.008786698810965, 14.375797123070278, 12.049533706419501, 29.37940704201776, 14.65301399367257, 48.22955686818581, 24.226537982295827], [23.75296106324654, 22.642941094808727, 21.10891755361059, 8.69987750772918, 14.407082274930136, 23.646107408037196, 20.433237460495384, 19.291528125319417, 18.671780414624653, 18.231797457821745, 29.917642807187967, 9.955325288926787, 18.95884170648042, 33.13625748517894, 10.061783584891819, 12.008188843937438, 24.825972389281887, 0.0, 21.38113746564731, 26.883990314263755, 19.98456937757719, 20.902608570253992, 6.294236957081561, 27.25653953660258, 24.130181991107147, 23.75296106324654, 22.642941094808727, 21.10891755361059, 8.69987750772918, 14.407082274930136, 23.646107408037196, 20.433237460495384, 19.291528125319417, 18.671780414624653, 18.231797457821745, 29.917642807187967, 9.955325288926787, 18.95884170648042, 33.13625748517894, 10.061783584891819], [5.238865674086936, 17.689442467770895, 2.117631711585586, 20.020073453271188, 8.132108707413371, 45.012718112988075, 1.9696578832649538, 3.38199753050385, 35.89099554938926, 10.773235843723167, 36.254440964675254, 31.279479295918193, 31.219234281840194, 54.49978630850412, 29.801669506531624, 32.95320353838413, 25.0600310588232, 21.38113746564731, 0.0, 5.502854486064479, 35.56434142990886, 7.933630801972739, 15.604224287183628, 8.908729593851984, 44.83124806492599, 5.238865674086936, 17.689442467770895, 2.117631711585586, 20.020073453271188, 8.132108707413371, 45.012718112988075, 1.9696578832649538, 3.38199753050385, 35.89099554938926, 10.773235843723167, 36.254440964675254, 31.279479295918193, 31.219234281840194, 54.49978630850412, 29.801669506531624], [6.09858628096773, 20.230613883929422, 6.235139822767581, 25.14635881750903, 13.328049200851353, 50.51393448482069, 6.733828045933507, 8.155545054098129, 40.960547426989315, 14.430370203504175, 39.62270045231259, 36.77820732861708, 35.78738139835587, 60.0, 35.192906628095606, 38.42113573835498, 27.90581269554939, 26.883990314263755, 5.502854486064479, 0.0, 40.43923316396434, 10.710005714566487, 21.06945166167102, 7.513614695385168, 50.252082756079076, 6.09858628096773, 20.230613883929422, 6.235139822767581, 25.14635881750903, 13.328049200851353, 50.51393448482069, 6.733828045933507, 8.155545054098129, 40.960547426989315, 14.430370203504175, 39.62270045231259, 36.77820732861708, 35.78738139835587, 60.0, 35.192906628095606], [35.14932636884835, 24.92747200202349, 34.247775306724286, 15.762133065812481, 27.46914421349176, 23.447498613032625, 33.860597759367074, 32.37700748085319, 3.188869729324452, 26.646796954949625, 16.1653612580446, 16.2732599956054, 5.943296307847278, 28.371664640998016, 11.243735205876366, 13.698976220286825, 20.576626946990174, 19.98456937757719, 35.56434142990886, 40.43923316396434, 0.0, 38.43843738812842, 25.037694485240294, 37.14617665234672, 28.91885595801427, 35.14932636884835, 24.92747200202349, 34.247775306724286, 15.762133065812481, 27.46914421349176, 23.447498613032625, 33.860597759367074, 32.37700748085319, 3.188869729324452, 26.646796954949625, 16.1653612580446, 16.2732599956054, 5.943296307847278, 28.371664640998016, 11.243735205876366], [13.151428359847761, 24.664306171409326, 9.900826411752002, 22.75299450135281, 12.360839498558386, 43.537875711291974, 9.423670725862328, 10.216711585511987, 38.11734775308092, 17.273592311238893, 41.92390656774644, 30.652151896679836, 35.01537526276947, 53.364645600132974, 30.615949357567736, 32.90483867083649, 31.542755671868996, 20.902608570253992, 7.933630801972739, 10.710005714566487, 38.43843738812842, 0.0, 14.612876379946247, 16.621396518025374, 42.13255691701, 13.151428359847761, 24.664306171409326, 9.900826411752002, 22.75299450135281, 12.360839498558386, 43.537875711291974, 9.423670725862328, 10.216711585511987, 38.11734775308092, 17.273592311238893, 41.92390656774644, 30.652151896679836, 35.01537526276947, 53.364645600132974, 30.615949357567736], [18.69089239908769, 21.004567645882563, 15.66043090417779, 10.647740795348243, 9.79200058530665, 29.553023399171245, 14.936332772166235, 13.998232437691465, 24.192121719509228, 14.98562238414825, 32.42814721788792, 16.16001445406128, 22.848325855524656, 39.20421404110684, 16.116293203615832, 18.30229700058815, 25.07050862826303, 6.294236957081561, 15.604224287183628, 21.06945166167102, 25.037694485240294, 14.612876379946247, 0.0, 22.44943031540479, 29.253526907053168, 18.69089239908769, 21.004567645882563, 15.66043090417779, 10.647740795348243, 9.79200058530665, 29.553023399171245, 14.936332772166235, 13.998232437691465, 24.192121719509228, 14.98562238414825, 32.42814721788792, 16.16001445406128, 22.848325855524656, 39.20421404110684, 16.116293203615832], [3.9376263328144248, 14.187053924727858, 7.5008164727405955, 23.129133155634758, 12.873179614675092, 50.57555172061711, 8.234861339489976, 8.650136801233602, 38.20990817385264, 10.594895890673452, 33.819603056288685, 36.608833002093995, 31.899994952612623, 59.578641420449436, 33.93446152200689, 37.703517451094875, 21.811347055124497, 27.25653953660258, 8.908729593851984, 7.513614695385168, 37.14617665234672, 16.621396518025374, 22.44943031540479, 0.0, 51.3566746363616, 3.9376263328144248, 14.187053924727858, 7.5008164727405955, 23.129133155634758, 12.873179614675092, 50.57555172061711, 8.234861339489976, 8.650136801233602, 38.20990817385264, 10.594895890673452, 33.819603056288685, 36.608833002093995, 31.899994952612623, 59.578641420449436, 33.93446152200689], [47.76726961537704, 45.44334236253466, 44.893496728311455, 30.52079224169874, 38.484720705002765, 7.0602459023812205, 44.17785874589912, 43.17234854132564, 25.748789811019, 42.19179214305877, 44.81124638797241, 15.950551930921801, 32.847996389170056, 14.375322672157905, 20.96542845602388, 16.65373354549362, 45.178243815927345, 24.130181991107147, 44.83124806492599, 50.252082756079076, 28.91885595801427, 42.13255691701, 29.253526907053168, 51.3566746363616, 0.0, 47.76726961537704, 45.44334236253466, 44.893496728311455, 30.52079224169874, 38.484720705002765, 7.0602459023812205, 44.17785874589912, 43.17234854132564, 25.748789811019, 42.19179214305877, 44.81124638797241, 15.950551930921801, 32.847996389170056, 14.375322672157905, 20.96542845602388], [0.0, 14.137056090901089, 3.593885236479207, 20.413194042081123, 9.363709131593945, 47.253505580248415, 4.312451232206245, 4.753249849003503, 35.93725981650624, 8.632858071025645, 33.5448523046085, 33.31085223243471, 30.221386803892432, 56.423333562939696, 30.993476600528293, 34.58659035680759, 21.807521535429075, 23.75296106324654, 5.238865674086936, 6.09858628096773, 35.14932636884835, 13.151428359847761, 18.69089239908769, 3.9376263328144248, 47.76726961537704, 0.0, 14.137056090901089, 3.593885236479207, 20.413194042081123, 9.363709131593945, 47.253505580248415, 4.312451232206245, 4.753249849003503, 35.93725981650624, 8.632858071025645, 33.5448523046085, 33.31085223243471, 30.221386803892432, 56.423333562939696, 30.993476600528293], [14.137056090901089, 0.0, 15.606033442101328, 14.930939457579807, 13.295463006408404, 42.86527761517255, 15.762062224013148, 14.606777067343183, 26.70072189167313, 7.460011678813499, 19.63957325582882, 29.535341074618728, 19.15922411410008, 50.69605634205038, 25.215841672190706, 29.544191215661638, 7.698606784157839, 22.642941094808727, 17.689442467770895, 20.230613883929422, 24.92747200202349, 24.664306171409326, 21.004567645882563, 14.187053924727858, 45.44334236253466, 14.137056090901089, 0.0, 15.606033442101328, 14.930939457579807, 13.295463006408404, 42.86527761517255, 15.762062224013148, 14.606777067343183, 26.70072189167313, 7.460011678813499, 19.63957325582882, 29.535341074618728, 19.15922411410008, 50.69605634205038, 25.215841672190706], [3.593885236479207, 15.606033442101328, 0.0, 18.911705252999642, 7.131911347805649, 44.742165329144676, 0.7554090834265021, 1.9296201254348584, 34.72908708589369, 8.833911822142962, 34.33415000220765, 30.887975485065205, 29.71180382498965, 54.0983464412994, 29.048970344096876, 32.392533282556386, 23.02890970252325, 21.10891755361059, 2.117631711585586, 6.235139822767581, 34.247775306724286, 9.900826411752002, 15.66043090417779, 7.5008164727405955, 44.893496728311455, 3.593885236479207, 15.606033442101328, 0.0, 18.911705252999642, 7.131911347805649, 44.742165329144676, 0.7554090834265021, 1.9296201254348584, 34.72908708589369, 8.833911822142962, 34.33415000220765, 30.887975485065205, 29.71180382498965, 54.0983464412994, 29.048970344096876], [20.413194042081123, 14.930939457579807, 18.911705252999642, 0.0, 11.889341866504592, 28.28816901110931, 18.439594320451228, 16.99227931326705, 15.872795817516273, 12.705405914228649, 21.882224934193125, 14.657298101636243, 12.468502213839301, 36.74240412363502, 10.927237037020713, 15.007267520934791, 16.159054956918, 8.69987750772918, 20.020073453271188, 25.14635881750903, 15.762133065812481, 22.75299450135281, 10.647740795348243, 23.129133155634758, 30.52079224169874, 20.413194042081123, 14.930939457579807, 18.911705252999642, 0.0, 11.889341866504592, 28.28816901110931, 18.439594320451228, 16.99227931326705, 15.872795817516273, 12.705405914228649, 21.882224934193125, 14.657298101636243, 12.468502213839301, 36.74240412363502, 10.927237037020713], [9.363709131593945, 13.295463006408404, 7.131911347805649, 11.889341866504592, 0.0, 37.895107801239114, 6.594455265036736, 5.204546902176766, 27.759022710776883, 6.035067007565926, 29.563138217267777, 23.964066719143563, 23.317357165849838, 47.11947935793813, 21.923013291649916, 25.335867528268732, 19.4579131807174, 14.407082274930136, 8.132108707413371, 13.328049200851353, 27.46914421349176, 12.360839498558386, 9.79200058530665, 12.873179614675092, 38.484720705002765, 9.363709131593945, 13.295463006408404, 7.131911347805649, 11.889341866504592, 0.0, 37.895107801239114, 6.594455265036736, 5.204546902176766, 27.759022710776883, 6.035067007565926, 29.563138217267777, 23.964066719143563, 23.317357165849838, 47.11947935793813, 21.923013291649916], [47.253505580248415, 42.86527761517255, 44.742165329144676, 28.28816901110931, 37.895107801239114, 0.0, 44.073817299932685, 42.90350773953824, 20.26742808078739, 40.712305620359245, 39.59674303454192, 13.967119570538474, 28.08424270673323, 9.917487527666196, 17.655430663355233, 13.329996844550509, 41.493200108888004, 23.646107408037196, 45.012718112988075, 50.51393448482069, 23.447498613032625, 43.537875711291974, 29.553023399171245, 50.57555172061711, 7.0602459023812205, 47.253505580248415, 42.86527761517255, 44.742165329144676, 28.28816901110931, 37.895107801239114, 0.0, 44.073817299932685, 42.90350773953824, 20.26742808078739, 40.712305620359245, 39.59674303454192, 13.967119570538474, 28.08424270673323, 9.917487527666196, 17.655430663355233], [4.312451232206245, 15.762062224013148, 0.7554090834265021, 18.439594320451228, 6.594455265036736, 44.073817299932685, 0.0, 1.4922397526888995, 34.283883359140916, 8.803639192198041, 34.28827663441793, 30.238059530978592, 29.406873720492158, 53.45490539157343, 28.478223015060014, 31.777540829882202, 23.09904566903629, 20.433237460495384, 1.9696578832649538, 6.733828045933507, 33.860597759367074, 9.423670725862328, 14.936332772166235, 8.234861339489976, 44.17785874589912, 4.312451232206245, 15.762062224013148, 0.7554090834265021, 18.439594320451228, 6.594455265036736, 44.073817299932685, 0.0, 1.4922397526888995, 34.283883359140916, 8.803639192198041, 34.28827663441793, 30.238059530978592, 29.406873720492158, 53.45490539157343, 28.478223015060014], [4.753249849003503, 14.606777067343183, 1.9296201254348584, 16.99227931326705, 5.204546902176766, 42.90350773953824, 1.4922397526888995, 0.0, 32.822149632292614, 7.470278433457172, 32.90341863154442, 29.024303919945353, 27.914931886352857, 52.22359900871287, 27.12544243377871, 30.49239545219319, 21.826602132900813, 19.291528125319417, 3.38199753050385, 8.155545054098129, 32.37700748085319, 10.216711585511987, 13.998232437691465, 8.650136801233602, 43.17234854132564, 4.753249849003503, 14.606777067343183, 1.9296201254348584, 16.99227931326705, 5.204546902176766, 42.90350773953824, 1.4922397526888995, 0.0, 32.822149632292614, 7.470278433457172, 32.90341863154442, 29.024303919945353, 27.914931886352857, 52.22359900871287, 27.12544243377871], [35.93725981650624, 26.70072189167313, 34.72908708589369, 15.872795817516273, 27.759022710776883, 20.26742808078739, 34.283883359140916, 32.822149632292614, 0.0, 27.62341980954974, 19.332729313010294, 13.665673367992358, 8.445779640148276, 25.470950903698565, 9.141184189657734, 10.905327316436534, 23.008786698810965, 18.671780414624653, 35.89099554938926, 40.960547426989315, 3.188869729324452, 38.11734775308092, 24.192121719509228, 38.20990817385264, 25.748789811019, 35.93725981650624, 26.70072189167313, 34.72908708589369, 15.872795817516273, 27.759022710776883, 20.26742808078739, 34.283883359140916, 32.822149632292614, 0.0, 27.62341980954974, 19.332729313010294, 13.665673367992358, 8.445779640148276, 25.470950903698565, 9.141184189657734], [8.632858071025645, 7.460011678813499, 8.833911822142962, 12.705405914228649, 6.035067007565926, 40.712305620359245, 8.803639192198041, 7.470278433457172, 27.62341980954974, 0.0, 25.50097202104404, 26.81114961211612, 21.603190045405665, 49.40739140967418, 23.61798699184294, 27.577831215524025, 14.375797123070278, 18.231797457821745, 10.773235843723167, 14.430370203504175, 26.646796954949625, 17.273592311238893, 14.98562238414825, 10.594895890673452, 42.19179214305877, 8.632858071025645, 7.460011678813499, 8.833911822142962, 12.705405914228649, 6.035067007565926, 40.712305620359245, 8.803639192198041, 7.470278433457172, 27.62341980954974, 0.0, 25.50097202104404, 26.81114961211612, 21.603190045405665, 49.40739140967418, 23.61798699184294], [33.5448523046085, 19.63957325582882, 34.33415000220765, 21.882224934193125, 29.563138217267777, 39.59674303454192, 34.28827663441793, 32.90341863154442, 19.332729313010294, 25.50097202104404, 0.0, 30.573094490631224, 12.201948692606004, 44.141888661101824, 24.967395145443465, 28.664211257169388, 12.049533706419501, 29.917642807187967, 36.254440964675254, 39.62270045231259, 16.1653612580446, 41.92390656774644, 32.42814721788792, 33.819603056288685, 44.81124638797241, 33.5448523046085, 19.63957325582882, 34.33415000220765, 21.882224934193125, 29.563138217267777, 39.59674303454192, 34.28827663441793, 32.90341863154442, 19.332729313010294, 25.50097202104404, 0.0, 30.573094490631224, 12.201948692606004, 44.141888661101824, 24.967395145443465], [33.31085223243471, 29.535341074618728, 30.887975485065205, 14.657298101636243, 23.964066719143563, 13.967119570538474, 30.238059530978592, 29.024303919945353, 13.665673367992358, 26.81114961211612, 30.573094490631224, 0.0, 18.377649701157523, 23.22361199428964, 5.610111008967449, 3.0584886927254957, 29.37940704201776, 9.955325288926787, 31.279479295918193, 36.77820732861708, 16.2732599956054, 30.652151896679836, 16.16001445406128, 36.608833002093995, 15.950551930921801, 33.31085223243471, 29.535341074618728, 30.887975485065205, 14.657298101636243, 23.964066719143563, 13.967119570538474, 30.238059530978592, 29.024303919945353, 13.665673367992358, 26.81114961211612, 30.573094490631224, 0.0, 18.377649701157523, 23.22361199428964, 5.610111008967449], [30.221386803892432, 19.15922411410008, 29.71180382498965, 12.468502213839301, 23.317357165849838, 28.08424270673323, 29.406873720492158, 27.914931886352857, 8.445779640148276, 21.603190045405665, 12.201948692606004, 18.377649701157523, 0.0, 33.892654437528414, 12.778721022735297, 16.49486409274467, 14.65301399367257, 18.95884170648042, 31.219234281840194, 35.78738139835587, 5.943296307847278, 35.01537526276947, 22.848325855524656, 31.899994952612623, 32.847996389170056, 30.221386803892432, 19.15922411410008, 29.71180382498965, 12.468502213839301, 23.317357165849838, 28.08424270673323, 29.406873720492158, 27.914931886352857, 8.445779640148276, 21.603190045405665, 12.201948692606004, 18.377649701157523, 0.0, 33.892654437528414, 12.778721022735297], [56.423333562939696, 50.69605634205038, 54.0983464412994, 36.74240412363502, 47.11947935793813, 9.917487527666196, 53.45490539157343, 52.22359900871287, 25.470950903698565, 49.40739140967418, 44.141888661101824, 23.22361199428964, 33.892654437528414, 0.0, 25.818898957001675, 21.87577317481213, 48.22955686818581, 33.13625748517894, 54.49978630850412, 60.0, 28.371664640998016, 53.364645600132974, 39.20421404110684, 59.578641420449436, 14.375322672157905, 56.423333562939696, 50.69605634205038, 54.0983464412994, 36.74240412363502, 47.11947935793813, 9.917487527666196, 53.45490539157343, 52.22359900871287, 25.470950903698565, 49.40739140967418, 44.141888661101824, 23.22361199428964, 33.892654437528414, 0.0, 25.818898957001675], [30.993476600528293, 25.215841672190706, 29.048970344096876, 10.927237037020713, 21.923013291649916, 17.655430663355233, 28.478223015060014, 27.12544243377871, 9.141184189657734, 23.61798699184294, 24.967395145443465, 5.610111008967449, 12.778721022735297, 25.818898957001675, 0.0, 4.393819419458688, 24.226537982295827, 10.061783584891819, 29.801669506531624, 35.192906628095606, 11.243735205876366, 30.615949357567736, 16.116293203615832, 33.93446152200689, 20.96542845602388, 30.993476600528293, 25.215841672190706, 29.048970344096876, 10.927237037020713, 21.923013291649916, 17.655430663355233, 28.478223015060014, 27.12544243377871, 9.141184189657734, 23.61798699184294, 24.967395145443465, 5.610111008967449, 12.778721022735297, 25.818898957001675, 0.0]];
