M = 99999999.0;
numWorkers = 15;
numRoles = 3;
numNodes = 40;
wStart = [30, 360, 330, 60, 240, 180, 180, 90, 90, 120, 30, 300, 150, 60, 120, 30, 210, 150, 150, 60, 240, 210, 240, 210, 30, 450, 420, 420, 450, 450, 270, 420, 240, 450, 390, 450, 450, 240, 120, 240];
wEnd = [30, 360, 330, 60, 240, 180, 180, 90, 90, 120, 30, 300, 150, 60, 120, 360, 300, 240, 420, 180, 420, 420, 420, 420, 360, 450, 420, 420, 450, 450, 270, 420, 240, 450, 390, 450, 450, 240, 120, 240];
p = [0, 0, 0, 0, 0, 0, 0, 0, 0, 0, 0, 0, 0, 0, 0, 33.30482455779888, 58.740906124872, 59.92483694916487, 32.692790174618125, 16.23936239722023, 54.752793297574975, 23.44031707712471, 27.376396648787487, 11.720158538562355, 16.65241227889944, 0, 0, 0, 0, 0, 0, 0, 0, 0, 0, 0, 0, 0, 0, 0];
e = [[1, 1, 0], [0, 1, 1], [1, 0, 1], [1, 0, 1], [0, 1, 0], [0, 1, 1], [0, 1, 0], [0, 1, 0], [1, 1, 0], [1, 1, 0], [0, 1, 1], [0, 1, 0], [0, 1, 1], [0, 1, 0], [1, 0, 0]];
d = [[1, 0, 0, 1, 0, 0, 1, 0, 2, 2], [0, 1, 0, 0, 0, 0, 0, 0, 0, 0], [0, 0, 2, 0, 2, 2, 0, 4, 0, 0]];
r = [2014, 764, 2721, 324, 2682, 1037, 1706, 1037, 1706, 2014];
g = [[0, 0, 0, 0, 0, 0, 0, 0, 0, 1], [0, 0, 0, 0, 0, 0, 0, 0, 0, 0], [0, 0, 0, 0, 0, 0, 0, 0, 0, 0], [0, 0, 0, 0, 0, 0, 0, 0, 0, 0], [0, 0, 0, 0, 0, 0, 0, 0, 0, 0], [0, 0, 0, 0, 0, 0, 0, 1, 0, 0], [0, 0, 0, 0, 0, 0, 0, 0, 1, 0], [0, 0, 0, 0, 0, 1, 0, 0, 0, 0], [0, 0, 0, 0, 0, 0, 1, 0, 0, 0], [1, 0, 0, 0, 0, 0, 0, 0, 0, 0]];
t = [[0.0, 11.41443435697577, 13.822079741506943, 10.243271987353088, 11.684161129677964, 17.13137789373289, 5.531581853866699, 13.65666016575399, 12.052244670231879, 12.936181002402307, 12.616652753190806, 13.148604503644204, 10.322370564790472, 10.475717009008852, 3.127540637674061, 8.433400852636295, 16.9201524717675, 10.55394912028856, 6.384716100328087, 18.089856991215072, 15.44073686548497, 2.6593886020855306, 15.44073686548497, 2.6593886020855306, 8.433400852636295, 0.0, 11.41443435697577, 13.822079741506943, 10.243271987353088, 11.684161129677964, 17.13137789373289, 5.531581853866699, 13.65666016575399, 12.052244670231879, 12.936181002402307, 12.616652753190806, 13.148604503644204, 10.322370564790472, 10.475717009008852, 3.127540637674061], [11.41443435697577, 0.0, 24.815504330278085, 14.671309547437545, 0.32690421983610923, 28.433665954863944, 16.80091975863285, 23.927040740841257, 1.4438851876777055, 5.4817813594096645, 15.737883110209772, 2.078562167820275, 4.580963164122956, 11.978259307799528, 14.344488877609228, 3.1994237953921623, 28.16512844534168, 21.41694476679973, 5.176282439041663, 24.03705181929427, 26.104517663444238, 8.768903319646153, 26.104517663444238, 8.768903319646153, 3.1994237953921623, 11.41443435697577, 0.0, 24.815504330278085, 14.671309547437545, 0.32690421983610923, 28.433665954863944, 16.80091975863285, 23.927040740841257, 1.4438851876777055, 5.4817813594096645, 15.737883110209772, 2.078562167820275, 4.580963164122956, 11.978259307799528, 14.344488877609228], [13.822079741506943, 24.815504330278085, 0.0, 14.736525218173764, 25.042031957478756, 8.968481686855931, 9.981457852381391, 12.891420049061633, 25.66195052079778, 26.742204352965715, 22.83519008329951, 26.718209512656237, 22.36962765617833, 17.739880952612882, 10.697004707410603, 21.64047935140647, 9.425574532386445, 10.13620919673504, 19.64115428393814, 23.54363427851556, 12.116396448203156, 16.39558152263699, 12.116396448203156, 16.39558152263699, 21.64047935140647, 13.822079741506943, 24.815504330278085, 0.0, 14.736525218173764, 25.042031957478756, 8.968481686855931, 9.981457852381391, 12.891420049061633, 25.66195052079778, 26.742204352965715, 22.83519008329951, 26.718209512656237, 22.36962765617833, 17.739880952612882, 10.697004707410603], [10.243271987353088, 14.671309547437545, 14.736525218173764, 0.0, 14.737511197875811, 22.154896052115856, 13.265011130268471, 21.690864902464593, 16.01110934224699, 19.0652344643549, 22.709146793223553, 16.732816167031746, 10.507744930989228, 3.411876995459116, 9.733213062347092, 11.87646375560516, 22.282257484617592, 18.07006143699251, 10.770909674248557, 28.1891285653167, 22.643057948146616, 10.593108948231597, 22.643057948146616, 10.593108948231597, 11.87646375560516, 10.243271987353088, 14.671309547437545, 14.736525218173764, 0.0, 14.737511197875811, 22.154896052115856, 13.265011130268471, 21.690864902464593, 16.01110934224699, 19.0652344643549, 22.709146793223553, 16.732816167031746, 10.507744930989228, 3.411876995459116, 9.733213062347092], [11.684161129677964, 0.32690421983610923, 25.042031957478756, 14.737511197875811, 0.0, 28.721011930312567, 17.085775930518018, 24.24174965737175, 1.544551242292723, 5.660179960056656, 16.04975236853273, 1.9967351458637026, 4.538225089092708, 11.994095100803174, 14.59728109383555, 3.4061064494640636, 28.45621248870643, 21.719323014130527, 5.412320277695269, 24.357824577169684, 26.41377687752719, 9.043882950833243, 26.41377687752719, 9.043882950833243, 3.4061064494640636, 11.684161129677964, 0.32690421983610923, 25.042031957478756, 14.737511197875811, 0.0, 28.721011930312567, 17.085775930518018, 24.24174965737175, 1.544551242292723, 5.660179960056656, 16.04975236853273, 1.9967351458637026, 4.538225089092708, 11.994095100803174, 14.59728109383555], [17.13137789373289, 28.433665954863944, 8.968481686855931, 22.154896052115856, 28.721011930312567, 0.0, 11.639223287179727, 7.367848379538086, 28.88358390000035, 28.67247396617093, 20.91307628226871, 30.0, 27.280980869176986, 24.594385989010583, 14.623151104196065, 25.553729478378184, 0.7471292939521289, 7.497266733152234, 23.51280123248565, 18.342636019451774, 5.123708269087216, 19.706887217861286, 5.123708269087216, 19.706887217861286, 25.553729478378184, 17.13137789373289, 28.433665954863944, 8.968481686855931, 22.154896052115856, 28.721011930312567, 0.0, 11.639223287179727, 7.367848379538086, 28.88358390000035, 28.67247396617093, 20.91307628226871, 30.0, 27.280980869176986, 24.594385989010583, 14.623151104196065], [5.531581853866699, 16.80091975863285, 9.981457852381391, 13.265011130268471, 17.085775930518018, 11.639223287179727, 0.0, 8.611166267732344, 17.29694799891473, 17.48976288205615, 13.082809358533982, 18.41057263743363, 15.821923543726047, 14.647667342159053, 3.6763748311633915, 13.921765253262034, 11.401572429135175, 5.1872741784780025, 11.88889997874314, 15.780659765584982, 10.079716883951953, 8.069268863769038, 10.079716883951953, 8.069268863769038, 13.921765253262034, 5.531581853866699, 16.80091975863285, 9.981457852381391, 13.265011130268471, 17.085775930518018, 11.639223287179727, 0.0, 8.611166267732344, 17.29694799891473, 17.48976288205615, 13.082809358533982, 18.41057263743363, 15.821923543726047, 14.647667342159053, 3.6763748311633915], [13.65666016575399, 23.927040740841257, 12.891420049061633, 21.690864902464593, 24.24174965737175, 7.367848379538086, 8.611166267732344, 0.0, 24.069595287965072, 23.041537731647782, 13.843299227556397, 25.16872031425789, 23.86590893093822, 23.253957589593565, 12.28662047276208, 21.466397214030707, 6.6814140487305815, 3.645768824012316, 19.572672486293552, 11.195202089303198, 2.591499302124227, 15.786129190211263, 2.591499302124227, 15.786129190211263, 21.466397214030707, 13.65666016575399, 23.927040740841257, 12.891420049061633, 21.690864902464593, 24.24174965737175, 7.367848379538086, 8.611166267732344, 0.0, 24.069595287965072, 23.041537731647782, 13.843299227556397, 25.16872031425789, 23.86590893093822, 23.253957589593565, 12.28662047276208], [12.052244670231879, 1.4438851876777055, 25.66195052079778, 16.01110934224699, 1.544551242292723, 28.88358390000035, 17.29694799891473, 24.069595287965072, 0.0, 4.152127840762326, 15.079819540117061, 1.116878444229307, 6.02395393657815, 13.384612748892128, 15.074334973000559, 4.289761408827932, 28.581692742670086, 21.73002387220769, 6.0872334237185175, 23.509381098096867, 26.32374165628084, 9.393610339254739, 26.32374165628084, 9.393610339254739, 4.289761408827932, 12.052244670231879, 1.4438851876777055, 25.66195052079778, 16.01110934224699, 1.544551242292723, 28.88358390000035, 17.29694799891473, 24.069595287965072, 0.0, 4.152127840762326, 15.079819540117061, 1.116878444229307, 6.02395393657815, 13.384612748892128, 15.074334973000559], [12.936181002402307, 5.4817813594096645, 26.742204352965715, 19.0652344643549, 5.660179960056656, 28.67247396617093, 17.48976288205615, 23.041537731647782, 4.152127840762326, 0.0, 12.123024355802213, 4.460211763720395, 9.877532993770243, 16.818101880328825, 16.06223191893762, 7.28451981735324, 28.274994271965657, 21.245840951430342, 8.364094491134068, 20.703384803477114, 25.474150404641776, 10.474844553626106, 25.474150404641776, 10.474844553626106, 7.28451981735324, 12.936181002402307, 5.4817813594096645, 26.742204352965715, 19.0652344643549, 5.660179960056656, 28.67247396617093, 17.48976288205615, 23.041537731647782, 4.152127840762326, 0.0, 12.123024355802213, 4.460211763720395, 9.877532993770243, 16.818101880328825, 16.06223191893762], [12.616652753190806, 15.737883110209772, 22.83519008329951, 22.709146793223553, 16.04975236853273, 20.91307628226871, 13.082809358533982, 13.843299227556397, 15.079819540117061, 12.123024355802213, 0.0, 15.920667010792311, 18.289309849508463, 22.19716891862949, 14.494147372742443, 14.9843953416694, 20.307879970057975, 13.816503786634481, 14.127572870914074, 8.581339763155608, 16.42866887468735, 12.27284074064351, 16.42866887468735, 12.27284074064351, 14.9843953416694, 12.616652753190806, 15.737883110209772, 22.83519008329951, 22.709146793223553, 16.04975236853273, 20.91307628226871, 13.082809358533982, 13.843299227556397, 15.079819540117061, 12.123024355802213, 0.0, 15.920667010792311, 18.289309849508463, 22.19716891862949, 14.494147372742443], [13.148604503644204, 2.078562167820275, 26.718209512656237, 16.732816167031746, 1.9967351458637026, 30.0, 18.41057263743363, 25.16872031425789, 1.116878444229307, 4.460211763720395, 15.920667010792311, 0.0, 6.484550801151049, 13.980027422476514, 16.156124772120933, 5.2154248191019965, 29.698554696851588, 22.84497309894888, 7.102248180502153, 24.403234435291246, 27.43132423403146, 10.489243894469874, 27.43132423403146, 10.489243894469874, 5.2154248191019965, 13.148604503644204, 2.078562167820275, 26.718209512656237, 16.732816167031746, 1.9967351458637026, 30.0, 18.41057263743363, 25.16872031425789, 1.116878444229307, 4.460211763720395, 15.920667010792311, 0.0, 6.484550801151049, 13.980027422476514, 16.156124772120933], [10.322370564790472, 4.580963164122956, 22.36962765617833, 10.507744930989228, 4.538225089092708, 27.280980869176986, 15.821923543726047, 23.86590893093822, 6.02395393657815, 9.877532993770243, 18.289309849508463, 6.484550801151049, 0.0, 7.545755894786322, 12.67304566343855, 3.3247364812506532, 27.12730522796122, 20.87281881475347, 4.50102749867404, 26.0140280837675, 25.749335216528433, 8.093317662566683, 25.749335216528433, 8.093317662566683, 3.3247364812506532, 10.322370564790472, 4.580963164122956, 22.36962765617833, 10.507744930989228, 4.538225089092708, 27.280980869176986, 15.821923543726047, 23.86590893093822, 6.02395393657815, 9.877532993770243, 18.289309849508463, 6.484550801151049, 0.0, 7.545755894786322, 12.67304566343855], [10.475717009008852, 11.978259307799528, 17.739880952612882, 3.411876995459116, 11.994095100803174, 24.594385989010583, 14.647667342159053, 23.253957589593565, 13.384612748892128, 16.818101880328825, 22.19716891862949, 13.980027422476514, 7.545755894786322, 0.0, 10.971895367764796, 9.535165921964289, 24.644874591329216, 19.733741432063322, 8.919915236678081, 28.51772134588333, 24.506724744937788, 9.948003203434492, 24.506724744937788, 9.948003203434492, 9.535165921964289, 10.475717009008852, 11.978259307799528, 17.739880952612882, 3.411876995459116, 11.994095100803174, 24.594385989010583, 14.647667342159053, 23.253957589593565, 13.384612748892128, 16.818101880328825, 22.19716891862949, 13.980027422476514, 7.545755894786322, 0.0, 10.971895367764796], [3.127540637674061, 14.344488877609228, 10.697004707410603, 9.733213062347092, 14.59728109383555, 14.623151104196065, 3.6763748311633915, 12.28662047276208, 15.074334973000559, 16.06223191893762, 14.494147372742443, 16.156124772120933, 12.67304566343855, 10.971895367764796, 0.0, 11.254240476537625, 14.500990239837407, 8.814249540367598, 9.202156646900889, 18.68445954665485, 13.667726661818067, 5.716677682560153, 13.667726661818067, 5.716677682560153, 11.254240476537625, 3.127540637674061, 14.344488877609228, 10.697004707410603, 9.733213062347092, 14.59728109383555, 14.623151104196065, 3.6763748311633915, 12.28662047276208, 15.074334973000559, 16.06223191893762, 14.494147372742443, 16.156124772120933, 12.67304566343855, 10.971895367764796, 0.0], [8.433400852636295, 3.1994237953921623, 21.64047935140647, 11.87646375560516, 3.4061064494640636, 25.553729478378184, 13.921765253262034, 21.466397214030707, 4.289761408827932, 7.28451981735324, 14.9843953416694, 5.2154248191019965, 3.3247364812506532, 9.535165921964289, 11.254240476537625, 0.0, 25.32275456115535, 18.731272355900455, 2.0568205000467263, 22.827381330563757, 23.519885308848806, 5.857098956671679, 23.519885308848806, 5.857098956671679, 0.0, 8.433400852636295, 3.1994237953921623, 21.64047935140647, 11.87646375560516, 3.4061064494640636, 25.553729478378184, 13.921765253262034, 21.466397214030707, 4.289761408827932, 7.28451981735324, 14.9843953416694, 5.2154248191019965, 3.3247364812506532, 9.535165921964289, 11.254240476537625], [16.9201524717675, 28.16512844534168, 9.425574532386445, 22.282257484617592, 28.45621248870643, 0.7471292939521289, 11.401572429135175, 6.6814140487305815, 28.581692742670086, 28.274994271965657, 20.307879970057975, 29.698554696851588, 27.12730522796122, 24.644874591329216, 14.500990239837407, 25.32275456115535, 0.0, 7.045188144100008, 23.290139899411663, 17.610248584365213, 4.389769978682106, 19.467856572464214, 4.389769978682106, 19.467856572464214, 25.32275456115535, 16.9201524717675, 28.16512844534168, 9.425574532386445, 22.282257484617592, 28.45621248870643, 0.7471292939521289, 11.401572429135175, 6.6814140487305815, 28.581692742670086, 28.274994271965657, 20.307879970057975, 29.698554696851588, 27.12730522796122, 24.644874591329216, 14.500990239837407], [10.55394912028856, 21.41694476679973, 10.13620919673504, 18.07006143699251, 21.719323014130527, 7.497266733152234, 5.1872741784780025, 3.645768824012316, 21.73002387220769, 21.245840951430342, 13.816503786634481, 22.84497309894888, 20.87281881475347, 19.733741432063322, 8.814249540367598, 18.731272355900455, 7.045188144100008, 0.0, 16.75281735269106, 13.408545943008875, 4.901868650474266, 12.908796665830646, 4.901868650474266, 12.908796665830646, 18.731272355900455, 10.55394912028856, 21.41694476679973, 10.13620919673504, 18.07006143699251, 21.719323014130527, 7.497266733152234, 5.1872741784780025, 3.645768824012316, 21.73002387220769, 21.245840951430342, 13.816503786634481, 22.84497309894888, 20.87281881475347, 19.733741432063322, 8.814249540367598], [6.384716100328087, 5.176282439041663, 19.64115428393814, 10.770909674248557, 5.412320277695269, 23.51280123248565, 11.88889997874314, 19.572672486293552, 6.0872334237185175, 8.364094491134068, 14.127572870914074, 7.102248180502153, 4.50102749867404, 8.919915236678081, 9.202156646900889, 2.0568205000467263, 23.290139899411663, 16.75281735269106, 0.0, 21.590671007865218, 21.57120429366085, 3.8463759636775947, 21.57120429366085, 3.8463759636775947, 2.0568205000467263, 6.384716100328087, 5.176282439041663, 19.64115428393814, 10.770909674248557, 5.412320277695269, 23.51280123248565, 11.88889997874314, 19.572672486293552, 6.0872334237185175, 8.364094491134068, 14.127572870914074, 7.102248180502153, 4.50102749867404, 8.919915236678081, 9.202156646900889], [18.089856991215072, 24.03705181929427, 23.54363427851556, 28.1891285653167, 24.357824577169684, 18.342636019451774, 15.780659765584982, 11.195202089303198, 23.509381098096867, 20.703384803477114, 8.581339763155608, 24.403234435291246, 26.0140280837675, 28.51772134588333, 18.68445954665485, 22.827381330563757, 17.610248584365213, 13.408545943008875, 21.590671007865218, 0.0, 13.220478996290284, 18.814740442343705, 13.220478996290284, 18.814740442343705, 22.827381330563757, 18.089856991215072, 24.03705181929427, 23.54363427851556, 28.1891285653167, 24.357824577169684, 18.342636019451774, 15.780659765584982, 11.195202089303198, 23.509381098096867, 20.703384803477114, 8.581339763155608, 24.403234435291246, 26.0140280837675, 28.51772134588333, 18.68445954665485], [15.44073686548497, 26.104517663444238, 12.116396448203156, 22.643057948146616, 26.41377687752719, 5.123708269087216, 10.079716883951953, 2.591499302124227, 26.32374165628084, 25.474150404641776, 16.42866887468735, 27.43132423403146, 25.749335216528433, 24.506724744937788, 13.667726661818067, 23.519885308848806, 4.389769978682106, 4.901868650474266, 21.57120429366085, 13.220478996290284, 0.0, 17.739095208869923, 0.0, 17.739095208869923, 23.519885308848806, 15.44073686548497, 26.104517663444238, 12.116396448203156, 22.643057948146616, 26.41377687752719, 5.123708269087216, 10.079716883951953, 2.591499302124227, 26.32374165628084, 25.474150404641776, 16.42866887468735, 27.43132423403146, 25.749335216528433, 24.506724744937788, 13.667726661818067], [2.6593886020855306, 8.768903319646153, 16.39558152263699, 10.593108948231597, 9.043882950833243, 19.706887217861286, 8.069268863769038, 15.786129190211263, 9.393610339254739, 10.474844553626106, 12.27284074064351, 10.489243894469874, 8.093317662566683, 9.948003203434492, 5.716677682560153, 5.857098956671679, 19.467856572464214, 12.908796665830646, 3.8463759636775947, 18.814740442343705, 17.739095208869923, 0.0, 17.739095208869923, 0.0, 5.857098956671679, 2.6593886020855306, 8.768903319646153, 16.39558152263699, 10.593108948231597, 9.043882950833243, 19.706887217861286, 8.069268863769038, 15.786129190211263, 9.393610339254739, 10.474844553626106, 12.27284074064351, 10.489243894469874, 8.093317662566683, 9.948003203434492, 5.716677682560153], [15.44073686548497, 26.104517663444238, 12.116396448203156, 22.643057948146616, 26.41377687752719, 5.123708269087216, 10.079716883951953, 2.591499302124227, 26.32374165628084, 25.474150404641776, 16.42866887468735, 27.43132423403146, 25.749335216528433, 24.506724744937788, 13.667726661818067, 23.519885308848806, 4.389769978682106, 4.901868650474266, 21.57120429366085, 13.220478996290284, 0.0, 17.739095208869923, 0.0, 17.739095208869923, 23.519885308848806, 15.44073686548497, 26.104517663444238, 12.116396448203156, 22.643057948146616, 26.41377687752719, 5.123708269087216, 10.079716883951953, 2.591499302124227, 26.32374165628084, 25.474150404641776, 16.42866887468735, 27.43132423403146, 25.749335216528433, 24.506724744937788, 13.667726661818067], [2.6593886020855306, 8.768903319646153, 16.39558152263699, 10.593108948231597, 9.043882950833243, 19.706887217861286, 8.069268863769038, 15.786129190211263, 9.393610339254739, 10.474844553626106, 12.27284074064351, 10.489243894469874, 8.093317662566683, 9.948003203434492, 5.716677682560153, 5.857098956671679, 19.467856572464214, 12.908796665830646, 3.8463759636775947, 18.814740442343705, 17.739095208869923, 0.0, 17.739095208869923, 0.0, 5.857098956671679, 2.6593886020855306, 8.768903319646153, 16.39558152263699, 10.593108948231597, 9.043882950833243, 19.706887217861286, 8.069268863769038, 15.786129190211263, 9.393610339254739, 10.474844553626106, 12.27284074064351, 10.489243894469874, 8.093317662566683, 9.948003203434492, 5.716677682560153], [8.433400852636295, 3.1994237953921623, 21.64047935140647, 11.87646375560516, 3.4061064494640636, 25.553729478378184, 13.921765253262034, 21.466397214030707, 4.289761408827932, 7.28451981735324, 14.9843953416694, 5.2154248191019965, 3.3247364812506532, 9.535165921964289, 11.254240476537625, 0.0, 25.32275456115535, 18.731272355900455, 2.0568205000467263, 22.827381330563757, 23.519885308848806, 5.857098956671679, 23.519885308848806, 5.857098956671679, 0.0, 8.433400852636295, 3.1994237953921623, 21.64047935140647, 11.87646375560516, 3.4061064494640636, 25.553729478378184, 13.921765253262034, 21.466397214030707, 4.289761408827932, 7.28451981735324, 14.9843953416694, 5.2154248191019965, 3.3247364812506532, 9.535165921964289, 11.254240476537625], [0.0, 11.41443435697577, 13.822079741506943, 10.243271987353088, 11.684161129677964, 17.13137789373289, 5.531581853866699, 13.65666016575399, 12.052244670231879, 12.936181002402307, 12.616652753190806, 13.148604503644204, 10.322370564790472, 10.475717009008852, 3.127540637674061, 8.433400852636295, 16.9201524717675, 10.55394912028856, 6.384716100328087, 18.089856991215072, 15.44073686548497, 2.6593886020855306, 15.44073686548497, 2.6593886020855306, 8.433400852636295, 0.0, 11.41443435697577, 13.822079741506943, 10.243271987353088, 11.684161129677964, 17.13137789373289, 5.531581853866699, 13.65666016575399, 12.052244670231879, 12.936181002402307, 12.616652753190806, 13.148604503644204, 10.322370564790472, 10.475717009008852, 3.127540637674061], [11.41443435697577, 0.0, 24.815504330278085, 14.671309547437545, 0.32690421983610923, 28.433665954863944, 16.80091975863285, 23.927040740841257, 1.4438851876777055, 5.4817813594096645, 15.737883110209772, 2.078562167820275, 4.580963164122956, 11.978259307799528, 14.344488877609228, 3.1994237953921623, 28.16512844534168, 21.41694476679973, 5.176282439041663, 24.03705181929427, 26.104517663444238, 8.768903319646153, 26.104517663444238, 8.768903319646153, 3.1994237953921623, 11.41443435697577, 0.0, 24.815504330278085, 14.671309547437545, 0.32690421983610923, 28.433665954863944, 16.80091975863285, 23.927040740841257, 1.4438851876777055, 5.4817813594096645, 15.737883110209772, 2.078562167820275, 4.580963164122956, 11.978259307799528, 14.344488877609228], [13.822079741506943, 24.815504330278085, 0.0, 14.736525218173764, 25.042031957478756, 8.968481686855931, 9.981457852381391, 12.891420049061633, 25.66195052079778, 26.742204352965715, 22.83519008329951, 26.718209512656237, 22.36962765617833, 17.739880952612882, 10.697004707410603, 21.64047935140647, 9.425574532386445, 10.13620919673504, 19.64115428393814, 23.54363427851556, 12.116396448203156, 16.39558152263699, 12.116396448203156, 16.39558152263699, 21.64047935140647, 13.822079741506943, 24.815504330278085, 0.0, 14.736525218173764, 25.042031957478756, 8.968481686855931, 9.981457852381391, 12.891420049061633, 25.66195052079778, 26.742204352965715, 22.83519008329951, 26.718209512656237, 22.36962765617833, 17.739880952612882, 10.697004707410603], [10.243271987353088, 14.671309547437545, 14.736525218173764, 0.0, 14.737511197875811, 22.154896052115856, 13.265011130268471, 21.690864902464593, 16.01110934224699, 19.0652344643549, 22.709146793223553, 16.732816167031746, 10.507744930989228, 3.411876995459116, 9.733213062347092, 11.87646375560516, 22.282257484617592, 18.07006143699251, 10.770909674248557, 28.1891285653167, 22.643057948146616, 10.593108948231597, 22.643057948146616, 10.593108948231597, 11.87646375560516, 10.243271987353088, 14.671309547437545, 14.736525218173764, 0.0, 14.737511197875811, 22.154896052115856, 13.265011130268471, 21.690864902464593, 16.01110934224699, 19.0652344643549, 22.709146793223553, 16.732816167031746, 10.507744930989228, 3.411876995459116, 9.733213062347092], [11.684161129677964, 0.32690421983610923, 25.042031957478756, 14.737511197875811, 0.0, 28.721011930312567, 17.085775930518018, 24.24174965737175, 1.544551242292723, 5.660179960056656, 16.04975236853273, 1.9967351458637026, 4.538225089092708, 11.994095100803174, 14.59728109383555, 3.4061064494640636, 28.45621248870643, 21.719323014130527, 5.412320277695269, 24.357824577169684, 26.41377687752719, 9.043882950833243, 26.41377687752719, 9.043882950833243, 3.4061064494640636, 11.684161129677964, 0.32690421983610923, 25.042031957478756, 14.737511197875811, 0.0, 28.721011930312567, 17.085775930518018, 24.24174965737175, 1.544551242292723, 5.660179960056656, 16.04975236853273, 1.9967351458637026, 4.538225089092708, 11.994095100803174, 14.59728109383555], [17.13137789373289, 28.433665954863944, 8.968481686855931, 22.154896052115856, 28.721011930312567, 0.0, 11.639223287179727, 7.367848379538086, 28.88358390000035, 28.67247396617093, 20.91307628226871, 30.0, 27.280980869176986, 24.594385989010583, 14.623151104196065, 25.553729478378184, 0.7471292939521289, 7.497266733152234, 23.51280123248565, 18.342636019451774, 5.123708269087216, 19.706887217861286, 5.123708269087216, 19.706887217861286, 25.553729478378184, 17.13137789373289, 28.433665954863944, 8.968481686855931, 22.154896052115856, 28.721011930312567, 0.0, 11.639223287179727, 7.367848379538086, 28.88358390000035, 28.67247396617093, 20.91307628226871, 30.0, 27.280980869176986, 24.594385989010583, 14.623151104196065], [5.531581853866699, 16.80091975863285, 9.981457852381391, 13.265011130268471, 17.085775930518018, 11.639223287179727, 0.0, 8.611166267732344, 17.29694799891473, 17.48976288205615, 13.082809358533982, 18.41057263743363, 15.821923543726047, 14.647667342159053, 3.6763748311633915, 13.921765253262034, 11.401572429135175, 5.1872741784780025, 11.88889997874314, 15.780659765584982, 10.079716883951953, 8.069268863769038, 10.079716883951953, 8.069268863769038, 13.921765253262034, 5.531581853866699, 16.80091975863285, 9.981457852381391, 13.265011130268471, 17.085775930518018, 11.639223287179727, 0.0, 8.611166267732344, 17.29694799891473, 17.48976288205615, 13.082809358533982, 18.41057263743363, 15.821923543726047, 14.647667342159053, 3.6763748311633915], [13.65666016575399, 23.927040740841257, 12.891420049061633, 21.690864902464593, 24.24174965737175, 7.367848379538086, 8.611166267732344, 0.0, 24.069595287965072, 23.041537731647782, 13.843299227556397, 25.16872031425789, 23.86590893093822, 23.253957589593565, 12.28662047276208, 21.466397214030707, 6.6814140487305815, 3.645768824012316, 19.572672486293552, 11.195202089303198, 2.591499302124227, 15.786129190211263, 2.591499302124227, 15.786129190211263, 21.466397214030707, 13.65666016575399, 23.927040740841257, 12.891420049061633, 21.690864902464593, 24.24174965737175, 7.367848379538086, 8.611166267732344, 0.0, 24.069595287965072, 23.041537731647782, 13.843299227556397, 25.16872031425789, 23.86590893093822, 23.253957589593565, 12.28662047276208], [12.052244670231879, 1.4438851876777055, 25.66195052079778, 16.01110934224699, 1.544551242292723, 28.88358390000035, 17.29694799891473, 24.069595287965072, 0.0, 4.152127840762326, 15.079819540117061, 1.116878444229307, 6.02395393657815, 13.384612748892128, 15.074334973000559, 4.289761408827932, 28.581692742670086, 21.73002387220769, 6.0872334237185175, 23.509381098096867, 26.32374165628084, 9.393610339254739, 26.32374165628084, 9.393610339254739, 4.289761408827932, 12.052244670231879, 1.4438851876777055, 25.66195052079778, 16.01110934224699, 1.544551242292723, 28.88358390000035, 17.29694799891473, 24.069595287965072, 0.0, 4.152127840762326, 15.079819540117061, 1.116878444229307, 6.02395393657815, 13.384612748892128, 15.074334973000559], [12.936181002402307, 5.4817813594096645, 26.742204352965715, 19.0652344643549, 5.660179960056656, 28.67247396617093, 17.48976288205615, 23.041537731647782, 4.152127840762326, 0.0, 12.123024355802213, 4.460211763720395, 9.877532993770243, 16.818101880328825, 16.06223191893762, 7.28451981735324, 28.274994271965657, 21.245840951430342, 8.364094491134068, 20.703384803477114, 25.474150404641776, 10.474844553626106, 25.474150404641776, 10.474844553626106, 7.28451981735324, 12.936181002402307, 5.4817813594096645, 26.742204352965715, 19.0652344643549, 5.660179960056656, 28.67247396617093, 17.48976288205615, 23.041537731647782, 4.152127840762326, 0.0, 12.123024355802213, 4.460211763720395, 9.877532993770243, 16.818101880328825, 16.06223191893762], [12.616652753190806, 15.737883110209772, 22.83519008329951, 22.709146793223553, 16.04975236853273, 20.91307628226871, 13.082809358533982, 13.843299227556397, 15.079819540117061, 12.123024355802213, 0.0, 15.920667010792311, 18.289309849508463, 22.19716891862949, 14.494147372742443, 14.9843953416694, 20.307879970057975, 13.816503786634481, 14.127572870914074, 8.581339763155608, 16.42866887468735, 12.27284074064351, 16.42866887468735, 12.27284074064351, 14.9843953416694, 12.616652753190806, 15.737883110209772, 22.83519008329951, 22.709146793223553, 16.04975236853273, 20.91307628226871, 13.082809358533982, 13.843299227556397, 15.079819540117061, 12.123024355802213, 0.0, 15.920667010792311, 18.289309849508463, 22.19716891862949, 14.494147372742443], [13.148604503644204, 2.078562167820275, 26.718209512656237, 16.732816167031746, 1.9967351458637026, 30.0, 18.41057263743363, 25.16872031425789, 1.116878444229307, 4.460211763720395, 15.920667010792311, 0.0, 6.484550801151049, 13.980027422476514, 16.156124772120933, 5.2154248191019965, 29.698554696851588, 22.84497309894888, 7.102248180502153, 24.403234435291246, 27.43132423403146, 10.489243894469874, 27.43132423403146, 10.489243894469874, 5.2154248191019965, 13.148604503644204, 2.078562167820275, 26.718209512656237, 16.732816167031746, 1.9967351458637026, 30.0, 18.41057263743363, 25.16872031425789, 1.116878444229307, 4.460211763720395, 15.920667010792311, 0.0, 6.484550801151049, 13.980027422476514, 16.156124772120933], [10.322370564790472, 4.580963164122956, 22.36962765617833, 10.507744930989228, 4.538225089092708, 27.280980869176986, 15.821923543726047, 23.86590893093822, 6.02395393657815, 9.877532993770243, 18.289309849508463, 6.484550801151049, 0.0, 7.545755894786322, 12.67304566343855, 3.3247364812506532, 27.12730522796122, 20.87281881475347, 4.50102749867404, 26.0140280837675, 25.749335216528433, 8.093317662566683, 25.749335216528433, 8.093317662566683, 3.3247364812506532, 10.322370564790472, 4.580963164122956, 22.36962765617833, 10.507744930989228, 4.538225089092708, 27.280980869176986, 15.821923543726047, 23.86590893093822, 6.02395393657815, 9.877532993770243, 18.289309849508463, 6.484550801151049, 0.0, 7.545755894786322, 12.67304566343855], [10.475717009008852, 11.978259307799528, 17.739880952612882, 3.411876995459116, 11.994095100803174, 24.594385989010583, 14.647667342159053, 23.253957589593565, 13.384612748892128, 16.818101880328825, 22.19716891862949, 13.980027422476514, 7.545755894786322, 0.0, 10.971895367764796, 9.535165921964289, 24.644874591329216, 19.733741432063322, 8.919915236678081, 28.51772134588333, 24.506724744937788, 9.948003203434492, 24.506724744937788, 9.948003203434492, 9.535165921964289, 10.475717009008852, 11.978259307799528, 17.739880952612882, 3.411876995459116, 11.994095100803174, 24.594385989010583, 14.647667342159053, 23.253957589593565, 13.384612748892128, 16.818101880328825, 22.19716891862949, 13.980027422476514, 7.545755894786322, 0.0, 10.971895367764796], [3.127540637674061, 14.344488877609228, 10.697004707410603, 9.733213062347092, 14.59728109383555, 14.623151104196065, 3.6763748311633915, 12.28662047276208, 15.074334973000559, 16.06223191893762, 14.494147372742443, 16.156124772120933, 12.67304566343855, 10.971895367764796, 0.0, 11.254240476537625, 14.500990239837407, 8.814249540367598, 9.202156646900889, 18.68445954665485, 13.667726661818067, 5.716677682560153, 13.667726661818067, 5.716677682560153, 11.254240476537625, 3.127540637674061, 14.344488877609228, 10.697004707410603, 9.733213062347092, 14.59728109383555, 14.623151104196065, 3.6763748311633915, 12.28662047276208, 15.074334973000559, 16.06223191893762, 14.494147372742443, 16.156124772120933, 12.67304566343855, 10.971895367764796, 0.0]];
