M = 99999999.0;
numWorkers = 30;
numRoles = 5;
numNodes = 80;
wStart = [270, 150, 270, 0, 120, 270, 180, 150, 60, 60, 180, 60, 60, 0, 90, 0, 90, 90, 60, 150, 30, 210, 300, 150, 150, 0, 120, 360, 60, 150, 300, 210, 60, 60, 90, 270, 120, 120, 60, 240, 90, 60, 90, 60, 60, 30, 150, 330, 60, 60, 390, 330, 300, 390, 180, 360, 390, 390, 450, 360, 240, 480, 240, 420, 450, 420, 450, 420, 420, 270, 180, 300, 450, 390, 390, 270, 210, 450, 480, 480];
wEnd = [270, 150, 270, 0, 120, 270, 180, 150, 60, 60, 180, 60, 60, 0, 90, 0, 90, 90, 60, 150, 30, 210, 300, 150, 150, 0, 120, 360, 60, 150, 450, 450, 420, 450, 390, 420, 240, 390, 390, 360, 420, 450, 240, 240, 180, 150, 390, 360, 450, 360, 390, 330, 300, 390, 180, 360, 390, 390, 450, 360, 240, 480, 240, 420, 450, 420, 450, 420, 420, 270, 180, 300, 450, 390, 390, 270, 210, 450, 480, 480];
p = [0, 0, 0, 0, 0, 0, 0, 0, 0, 0, 0, 0, 0, 0, 0, 0, 0, 0, 0, 0, 0, 0, 0, 0, 0, 0, 0, 0, 0, 0, 37.97143696446405, 49.897924865054335, 33.67923049446478, 64.36463793478259, 43.720680818265706, 22.844838012770474, 73.23729370277613, 27.394316786685064, 41.632739079120256, 36.95479534813297, 48.52935096577816, 15.02876182475096, 71.35258719421076, 31.696257138498545, 50.03454831524263, 52.94848219991025, 31.447261241423547, 36.00076225899385, 25.688507385560747, 52.53142399286615, 0, 0, 0, 0, 0, 0, 0, 0, 0, 0, 0, 0, 0, 0, 0, 0, 0, 0, 0, 0, 0, 0, 0, 0, 0, 0, 0, 0, 0, 0];
e = [[0, 1, 0, 1, 0], [0, 1, 0, 1, 0], [0, 1, 0, 1, 0], [1, 1, 0, 0, 0], [0, 1, 0, 0, 1], [1, 1, 0, 0, 0], [1, 0, 0, 0, 0], [0, 0, 1, 0, 0], [0, 1, 0, 0, 0], [1, 0, 0, 0, 0], [1, 0, 0, 0, 0], [0, 0, 1, 0, 0], [0, 0, 1, 0, 0], [0, 0, 1, 0, 0], [0, 1, 0, 0, 0], [0, 0, 0, 0, 1], [0, 0, 0, 1, 0], [1, 0, 0, 0, 0], [0, 0, 0, 0, 1], [1, 0, 0, 0, 0], [0, 0, 0, 0, 1], [0, 0, 1, 0, 0], [0, 0, 0, 1, 0], [0, 0, 0, 0, 1], [1, 0, 0, 0, 0], [0, 0, 0, 1, 0], [0, 0, 1, 0, 0], [0, 0, 0, 0, 1], [1, 0, 0, 0, 0], [0, 1, 0, 0, 0]];
d = [[0, 2, 0, 0, 1, 1, 0, 0, 0, 0, 1, 0, 0, 0, 2, 1, 1, 1, 1, 0], [1, 0, 1, 0, 2, 2, 0, 3, 0, 0, 2, 1, 0, 0, 0, 2, 2, 2, 2, 3], [2, 1, 2, 0, 0, 0, 0, 1, 0, 0, 0, 2, 0, 0, 1, 0, 0, 0, 0, 1], [0, 2, 0, 1, 1, 1, 1, 0, 1, 1, 1, 0, 1, 1, 2, 1, 1, 1, 1, 0], [0, 0, 0, 2, 0, 0, 2, 0, 2, 2, 0, 0, 2, 2, 0, 0, 0, 0, 0, 0]];
r = [4884, 3684, 4603, 1957, 4698, 4010, 3206, 4460, 4568, 2698, 4831, 1541, 590, 1458, 1046, 4614, 1669, 4648, 4702, 101];
g = [[0, 0, 0, 0, 0, 0, 0, 0, 0, 0, 0, 0, 0, 0, 0, 0, 0, 0, 0, 0], [0, 0, 0, 0, 0, 0, 0, 0, 0, 0, 0, 0, 0, 0, 0, 0, 0, 0, 0, 0], [0, 0, 0, 0, 0, 0, 0, 0, 0, 0, 0, 0, 0, 0, 0, 0, 0, 0, 0, 0], [0, 0, 0, 0, 0, 0, 0, 0, 0, 0, 0, 0, 0, 0, 0, 0, 0, 0, 0, 0], [0, 0, 0, 0, 0, 0, 0, 0, 0, 0, 0, 0, 0, 0, 0, 0, 0, 0, 0, 0], [0, 0, 0, 0, 0, 0, 0, 0, 0, 0, 0, 0, 0, 0, 0, 0, 0, 0, 0, 0], [0, 0, 0, 0, 0, 0, 0, 0, 0, 0, 0, 0, 0, 0, 0, 0, 0, 0, 0, 0], [0, 0, 0, 0, 0, 0, 0, 0, 0, 0, 0, 0, 0, 0, 0, 0, 0, 0, 0, 0], [0, 0, 0, 0, 0, 0, 0, 0, 0, 0, 0, 0, 0, 0, 0, 0, 0, 0, 0, 0], [0, 0, 0, 0, 0, 0, 0, 0, 0, 0, 0, 0, 0, 0, 0, 0, 0, 0, 0, 0], [0, 0, 0, 0, 0, 0, 0, 0, 0, 0, 0, 0, 0, 0, 0, 0, 0, 0, 0, 0], [0, 0, 0, 0, 0, 0, 0, 0, 0, 0, 0, 0, 0, 0, 0, 0, 0, 0, 0, 0], [0, 0, 0, 0, 0, 0, 0, 0, 0, 0, 0, 0, 0, 0, 0, 0, 0, 0, 0, 0], [0, 0, 0, 0, 0, 0, 0, 0, 0, 0, 0, 0, 0, 0, 0, 0, 0, 0, 0, 0], [0, 0, 0, 0, 0, 0, 0, 0, 0, 0, 0, 0, 0, 0, 0, 0, 0, 0, 0, 0], [0, 0, 0, 0, 0, 0, 0, 0, 0, 0, 0, 0, 0, 0, 0, 0, 0, 0, 0, 0], [0, 0, 0, 0, 0, 0, 0, 0, 0, 0, 0, 0, 0, 0, 0, 0, 0, 0, 0, 0], [0, 0, 0, 0, 0, 0, 0, 0, 0, 0, 0, 0, 0, 0, 0, 0, 0, 0, 0, 0], [0, 0, 0, 0, 0, 0, 0, 0, 0, 0, 0, 0, 0, 0, 0, 0, 0, 0, 0, 0], [0, 0, 0, 0, 0, 0, 0, 0, 0, 0, 0, 0, 0, 0, 0, 0, 0, 0, 0, 0]];
t = [[0.0, 32.55659959426997, 9.907490459343615, 44.954367473774646, 8.18513651449862, 34.47287900197512, 41.10242227311953, 13.80214233907503, 51.557572982617025, 24.213624717160673, 24.470478547341067, 56.76230966570422, 37.755180999038984, 23.740274006366143, 29.34088423148791, 35.352152898216374, 25.280275148162897, 54.574110339324264, 26.53461646607885, 8.15267434047195, 16.877862301892595, 24.646145991050837, 30.096952520505333, 25.648399698517114, 55.23100612299429, 8.168510961735212, 25.126234956808588, 2.429296216967431, 12.559612193970185, 39.89921414589385, 39.786696802944995, 18.569128848203107, 33.81098979349002, 12.530570145984324, 60.0, 7.816003972806238, 52.03040906209604, 21.135247520436582, 26.6658299749266, 34.50470564693016, 27.738104360529054, 32.415305348398405, 45.22296238096187, 19.481339918231175, 10.501671540656018, 32.02650613414468, 43.921702790307805, 49.12193179855657, 19.085709524669195, 42.847130081099756, 0.0, 32.55659959426997, 9.907490459343615, 44.954367473774646, 8.18513651449862, 34.47287900197512, 41.10242227311953, 13.80214233907503, 51.557572982617025, 24.213624717160673, 24.470478547341067, 56.76230966570422, 37.755180999038984, 23.740274006366143, 29.34088423148791, 35.352152898216374, 25.280275148162897, 54.574110339324264, 26.53461646607885, 8.15267434047195, 16.877862301892595, 24.646145991050837, 30.096952520505333, 25.648399698517114, 55.23100612299429, 8.168510961735212, 25.126234956808588, 2.429296216967431, 12.559612193970185, 39.89921414589385], [32.55659959426997, 0.0, 22.778775247298242, 36.279979933151886, 28.347601726656983, 5.8840167817522735, 15.62023765091791, 19.8694092102765, 19.077351409301006, 8.423396275180519, 25.114044975100114, 28.11950207801066, 35.115807621005445, 11.556532190198164, 7.253515023717736, 30.386855655197866, 7.781151902923149, 22.18340153071058, 15.66263403208968, 25.496710874232683, 19.2220800490095, 17.32180510143093, 3.775927909874856, 11.433148648382605, 22.942120481571898, 24.542114746711775, 16.312940001918168, 31.689795383311107, 21.376603539605718, 7.343223583969135, 18.268736847193196, 14.779542807991405, 2.6943215081624228, 20.65545004969604, 30.06644794598295, 29.05444342089613, 23.27736296998057, 13.077272452802188, 11.514369602159592, 19.646816110946688, 6.208047858214296, 10.174989324847568, 14.43549751587186, 25.562643743882457, 22.07147962658563, 26.824070567154653, 24.46712492485065, 16.596800539401354, 14.24437565638647, 10.542147370732089, 32.55659959426997, 0.0, 22.778775247298242, 36.279979933151886, 28.347601726656983, 5.8840167817522735, 15.62023765091791, 19.8694092102765, 19.077351409301006, 8.423396275180519, 25.114044975100114, 28.11950207801066, 35.115807621005445, 11.556532190198164, 7.253515023717736, 30.386855655197866, 7.781151902923149, 22.18340153071058, 15.66263403208968, 25.496710874232683, 19.2220800490095, 17.32180510143093, 3.775927909874856, 11.433148648382605, 22.942120481571898, 24.542114746711775, 16.312940001918168, 31.689795383311107, 21.376603539605718, 7.343223583969135], [9.907490459343615, 22.778775247298242, 0.0, 41.02179257547934, 9.221629971617764, 24.572073282932358, 31.519735260583076, 4.401505384563821, 41.703745004808646, 14.564609724666724, 20.902732026906932, 48.13703193752113, 35.11135223349253, 13.985124831343702, 19.475977655808546, 31.706389877529087, 15.801005879509967, 44.906053364812045, 17.6209557645615, 3.3737096353431375, 10.474270429296515, 18.104227781277928, 20.203547281261333, 16.00343471107076, 45.60752493799, 3.2303626625297714, 16.33349877288107, 9.563783243440179, 6.2316757210278295, 30.116521201205767, 32.140705293630866, 9.738586489485888, 23.93159730508032, 2.9236668918991815, 51.085378195562654, 7.631725324916086, 43.30512337914078, 11.336238400869734, 18.405495289438452, 27.89169137486275, 17.830798245741903, 22.735248412237887, 35.32858025571619, 16.778606201451232, 1.9415811441316966, 27.867048456263376, 37.02559447748777, 39.28896310473212, 9.204728320353855, 32.97482374166856, 9.907490459343615, 22.778775247298242, 0.0, 41.02179257547934, 9.221629971617764, 24.572073282932358, 31.519735260583076, 4.401505384563821, 41.703745004808646, 14.564609724666724, 20.902732026906932, 48.13703193752113, 35.11135223349253, 13.985124831343702, 19.475977655808546, 31.706389877529087, 15.801005879509967, 44.906053364812045, 17.6209557645615, 3.3737096353431375, 10.474270429296515, 18.104227781277928, 20.203547281261333, 16.00343471107076, 45.60752493799, 3.2303626625297714, 16.33349877288107, 9.563783243440179, 6.2316757210278295, 30.116521201205767], [44.954367473774646, 36.279979933151886, 41.02179257547934, 0.0, 36.76934785539461, 42.140461904253485, 51.59212573367798, 42.44958226951015, 45.17697915101205, 34.98715104921727, 20.562657737622104, 31.625815664445767, 8.562560244432376, 42.40004442761017, 42.03553351214754, 9.602257916053302, 33.49667884711435, 42.37938228164472, 48.66623938861317, 44.14812650519572, 30.592914544287495, 23.761688208704033, 38.725566797968355, 43.93692084565215, 41.97299156495769, 39.4063590398771, 48.48843748602148, 42.60300802149895, 34.85283034736718, 37.98386908561339, 19.695386109189883, 33.478830692607445, 38.864319598091335, 41.75503536836922, 36.193190521333285, 48.18688948505844, 30.014857264390354, 41.48767091362973, 27.110041149759493, 16.686621620823164, 39.47479060002573, 46.04495339915081, 47.30582348428669, 25.480769467841316, 39.086842797955974, 13.17718705677873, 15.184519547515002, 43.15426720535132, 40.27093336038027, 41.558587007978424, 44.954367473774646, 36.279979933151886, 41.02179257547934, 0.0, 36.76934785539461, 42.140461904253485, 51.59212573367798, 42.44958226951015, 45.17697915101205, 34.98715104921727, 20.562657737622104, 31.625815664445767, 8.562560244432376, 42.40004442761017, 42.03553351214754, 9.602257916053302, 33.49667884711435, 42.37938228164472, 48.66623938861317, 44.14812650519572, 30.592914544287495, 23.761688208704033, 38.725566797968355, 43.93692084565215, 41.97299156495769, 39.4063590398771, 48.48843748602148, 42.60300802149895, 34.85283034736718, 37.98386908561339], [8.18513651449862, 28.347601726656983, 9.221629971617764, 36.76934785539461, 0.0, 31.49542423282704, 39.52684687639902, 13.487713596249517, 47.34439115470799, 19.999761548977173, 16.300331104459392, 50.13960224745964, 29.64191267901492, 22.036494629002835, 26.885012310083948, 27.167180848880623, 20.605648376005192, 49.58664218506015, 26.534554782064635, 10.375327019305173, 10.093211378342255, 17.261805346425717, 26.664019891574508, 24.2213569867911, 50.11590572742712, 5.992674444585878, 25.32848595972864, 5.863887026856953, 6.979800157580945, 35.51501040554312, 32.60450239571222, 13.570922765441207, 30.113926575106348, 11.999947071311128, 53.65844818408818, 13.084394876683334, 45.55176479994042, 19.39749650920274, 20.329571375026113, 26.88219823578592, 24.701577622033774, 30.693299388957588, 42.14324993859103, 11.298099309292503, 8.171836687498601, 23.862770223930514, 36.30054733515973, 44.81722681722112, 17.056101452693838, 38.88819971201929, 8.18513651449862, 28.347601726656983, 9.221629971617764, 36.76934785539461, 0.0, 31.49542423282704, 39.52684687639902, 13.487713596249517, 47.34439115470799, 19.999761548977173, 16.300331104459392, 50.13960224745964, 29.64191267901492, 22.036494629002835, 26.885012310083948, 27.167180848880623, 20.605648376005192, 49.58664218506015, 26.534554782064635, 10.375327019305173, 10.093211378342255, 17.261805346425717, 26.664019891574508, 24.2213569867911, 50.11590572742712, 5.992674444585878, 25.32848595972864, 5.863887026856953, 6.979800157580945, 35.51501040554312], [34.47287900197512, 5.8840167817522735, 24.572073282932358, 42.140461904253485, 31.49542423282704, 0.0, 9.829873039714897, 20.909483069563475, 17.873314448848795, 11.878643608475501, 30.446289667913508, 31.26053117052094, 40.94922315787448, 11.131796855937354, 5.323549785948698, 36.2277144505844, 12.006755512357019, 22.440531831068768, 12.735388603283955, 26.765319237365013, 23.313455986454912, 22.697703379937273, 4.993511718479474, 9.890172059069636, 23.410382361458264, 26.892175127546306, 13.808903237947858, 33.99256411764069, 24.583226198900476, 8.281225712942021, 23.78600878892499, 18.31157000246042, 3.287835491390377, 22.013167602838262, 32.47453840882813, 29.757797884685534, 26.63159024741568, 13.499179537081602, 17.006485630781633, 25.52594850439449, 6.825665786319052, 5.3609165980560505, 10.765218852315883, 30.357355513644638, 24.308460983072873, 32.612894757036734, 29.939860499728653, 15.750106978385814, 15.395513060977626, 9.294089865006079, 34.47287900197512, 5.8840167817522735, 24.572073282932358, 42.140461904253485, 31.49542423282704, 0.0, 9.829873039714897, 20.909483069563475, 17.873314448848795, 11.878643608475501, 30.446289667913508, 31.26053117052094, 40.94922315787448, 11.131796855937354, 5.323549785948698, 36.2277144505844, 12.006755512357019, 22.440531831068768, 12.735388603283955, 26.765319237365013, 23.313455986454912, 22.697703379937273, 4.993511718479474, 9.890172059069636, 23.410382361458264, 26.892175127546306, 13.808903237947858, 33.99256411764069, 24.583226198900476, 8.281225712942021], [41.10242227311953, 15.62023765091791, 31.519735260583076, 51.59212573367798, 39.52684687639902, 9.829873039714897, 0.0, 27.324745544342576, 17.929197120541026, 21.045660134095208, 40.171448111850374, 36.38657104290073, 50.736044087033825, 17.587115777700877, 12.842057321965898, 46.00668167511359, 21.499552808923074, 24.04232752683843, 15.259688350240788, 32.99838187401329, 32.34937352246597, 32.46358759922925, 14.467718899065604, 15.516311248368352, 25.21017695370386, 34.293685167439406, 16.7238477124284, 41.075636279809615, 32.88428657275004, 14.628847922855092, 32.63017211607444, 27.127766053288703, 12.931631615265498, 28.677017816196432, 36.43934773995683, 35.12400111917946, 32.33001313153791, 20.25721756021174, 26.819700987381562, 35.113774101119034, 15.431790550424386, 8.84025066241675, 8.726445428580272, 39.77491152096651, 31.72449653823402, 42.42799231932038, 38.60697682373641, 16.94759982820181, 22.544421669503564, 12.583342608325017, 41.10242227311953, 15.62023765091791, 31.519735260583076, 51.59212573367798, 39.52684687639902, 9.829873039714897, 0.0, 27.324745544342576, 17.929197120541026, 21.045660134095208, 40.171448111850374, 36.38657104290073, 50.736044087033825, 17.587115777700877, 12.842057321965898, 46.00668167511359, 21.499552808923074, 24.04232752683843, 15.259688350240788, 32.99838187401329, 32.34937352246597, 32.46358759922925, 14.467718899065604, 15.516311248368352, 25.21017695370386, 34.293685167439406, 16.7238477124284, 41.075636279809615, 32.88428657275004, 14.628847922855092], [13.80214233907503, 19.8694092102765, 4.401505384563821, 42.44958226951015, 13.487713596249517, 20.909483069563475, 27.324745544342576, 0.0, 38.42822938034999, 12.22391673339397, 23.06958505418561, 46.48246818493772, 37.21287679140511, 9.966143243239056, 15.668576354749876, 33.45095925996752, 13.73835418461229, 42.03669373211532, 13.22035406249451, 5.858699509846744, 12.139574597432278, 18.840665763908838, 16.894163515628556, 11.84675315882301, 42.81040535084041, 7.559945810466447, 11.933772652288827, 13.79970226385559, 8.950732815259103, 27.10573299157846, 31.523068699030375, 9.315300150245482, 20.66082538988322, 1.493882064346845, 49.13142086990142, 9.190846273426969, 41.596999719686416, 7.422908569293196, 17.741833382408217, 28.12535659874215, 14.37521602544847, 18.613323474432146, 31.588297850053287, 19.54122456682469, 5.401439810251483, 29.480313381470186, 36.85570202036382, 36.08727121983875, 5.658124809294098, 29.66880863080164, 13.80214233907503, 19.8694092102765, 4.401505384563821, 42.44958226951015, 13.487713596249517, 20.909483069563475, 27.324745544342576, 0.0, 38.42822938034999, 12.22391673339397, 23.06958505418561, 46.48246818493772, 37.21287679140511, 9.966143243239056, 15.668576354749876, 33.45095925996752, 13.73835418461229, 42.03669373211532, 13.22035406249451, 5.858699509846744, 12.139574597432278, 18.840665763908838, 16.894163515628556, 11.84675315882301, 42.81040535084041, 7.559945810466447, 11.933772652288827, 13.79970226385559, 8.950732815259103, 27.10573299157846], [51.557572982617025, 19.077351409301006, 41.703745004808646, 45.17697915101205, 47.34439115470799, 17.873314448848795, 17.929197120541026, 38.42822938034999, 0.0, 27.500626779323305, 41.35967830115346, 20.884112184372686, 47.346092099666116, 28.93306866732257, 23.167832860512377, 42.84283757933619, 26.743144463697693, 6.372886631050018, 30.083247813971653, 44.22160250798305, 37.8581543788721, 34.02252031679463, 21.550531786611465, 27.760195318852546, 7.567467867703506, 43.60212342370764, 31.33059908799571, 50.75662342252813, 40.3987642439789, 11.829836894699756, 25.785004909640254, 33.78381047858871, 17.791487899375465, 39.38750689569564, 19.651377706634907, 47.466453527228744, 18.179626354481975, 31.140573053472362, 28.543459221908083, 31.32471762347909, 24.054449513787876, 22.137640523648614, 9.227862921408597, 43.12376111375613, 41.106728435208815, 40.32616676897337, 30.14182542674296, 2.5665965429338806, 32.78565767671095, 8.759423924433293, 51.557572982617025, 19.077351409301006, 41.703745004808646, 45.17697915101205, 47.34439115470799, 17.873314448848795, 17.929197120541026, 38.42822938034999, 0.0, 27.500626779323305, 41.35967830115346, 20.884112184372686, 47.346092099666116, 28.93306866732257, 23.167832860512377, 42.84283757933619, 26.743144463697693, 6.372886631050018, 30.083247813971653, 44.22160250798305, 37.8581543788721, 34.02252031679463, 21.550531786611465, 27.760195318852546, 7.567467867703506, 43.60212342370764, 31.33059908799571, 50.75662342252813, 40.3987642439789, 11.829836894699756], [24.213624717160673, 8.423396275180519, 14.564609724666724, 34.98715104921727, 19.999761548977173, 11.878643608475501, 21.045660134095208, 12.22391673339397, 27.500626779323305, 0.0, 19.58931158164584, 34.30216640385911, 31.87683734005779, 7.439876018359127, 8.438473684677389, 27.374533525393502, 1.7245719872767389, 30.371887142096277, 13.68098518658609, 17.493447809060434, 11.43823528138927, 12.322199911751365, 6.889794980336625, 8.98792177807331, 31.053724535419217, 16.144368744429634, 13.539019685192327, 23.27987183021002, 13.020033643421737, 15.731725787706027, 20.425870733121563, 6.50974707553633, 10.129050623727222, 12.738804344376566, 36.907776722927906, 21.325692837104757, 29.40869976356118, 7.120243398579285, 7.885288281350114, 18.783022256710897, 5.672393425924678, 12.868820195896784, 22.252405981080997, 18.738206568985945, 13.712172405924766, 23.41774980584812, 26.283340272165965, 25.014917776614748, 7.0770102226071465, 18.92443568878964, 24.213624717160673, 8.423396275180519, 14.564609724666724, 34.98715104921727, 19.999761548977173, 11.878643608475501, 21.045660134095208, 12.22391673339397, 27.500626779323305, 0.0, 19.58931158164584, 34.30216640385911, 31.87683734005779, 7.439876018359127, 8.438473684677389, 27.374533525393502, 1.7245719872767389, 30.371887142096277, 13.68098518658609, 17.493447809060434, 11.43823528138927, 12.322199911751365, 6.889794980336625, 8.98792177807331, 31.053724535419217, 16.144368744429634, 13.539019685192327, 23.27987183021002, 13.020033643421737, 15.731725787706027], [24.470478547341067, 25.114044975100114, 20.902732026906932, 20.562657737622104, 16.300331104459392, 30.446289667913508, 40.171448111850374, 23.06958505418561, 41.35967830115346, 19.58931158164584, 0.0, 37.82900946617243, 14.217199117456627, 26.004833550548454, 27.986146778419645, 11.000987550965348, 18.777198487437435, 41.550132342013, 32.24110050637357, 23.85082043840709, 10.947500097910577, 7.7922508966086514, 25.71278586663172, 28.028144950123934, 41.727003562322714, 18.97408482200949, 31.629536516960993, 22.162369621071694, 14.671976372772997, 30.446122104589325, 19.686729602896047, 15.302246538800992, 27.71133391149022, 22.113936907853443, 41.95192079759215, 27.76428016455493, 33.85840693815121, 24.254288980427017, 13.611812426617844, 12.858683370963545, 25.190850983790792, 32.42080829968168, 39.2823096093432, 5.0408816470277, 18.965601815326746, 7.564825637125352, 21.6129199987911, 38.834196795404324, 22.422940343794355, 34.386454730731245, 24.470478547341067, 25.114044975100114, 20.902732026906932, 20.562657737622104, 16.300331104459392, 30.446289667913508, 40.171448111850374, 23.06958505418561, 41.35967830115346, 19.58931158164584, 0.0, 37.82900946617243, 14.217199117456627, 26.004833550548454, 27.986146778419645, 11.000987550965348, 18.777198487437435, 41.550132342013, 32.24110050637357, 23.85082043840709, 10.947500097910577, 7.7922508966086514, 25.71278586663172, 28.028144950123934, 41.727003562322714, 18.97408482200949, 31.629536516960993, 22.162369621071694, 14.671976372772997, 30.446122104589325], [56.76230966570422, 28.11950207801066, 48.13703193752113, 31.625815664445767, 50.13960224745964, 31.26053117052094, 36.38657104290073, 46.48246818493772, 20.884112184372686, 34.30216640385911, 37.82900946617243, 0.0, 37.07236498602873, 39.58949748616319, 35.14038026097107, 33.71818481062761, 32.74488422438514, 15.151639351059394, 43.54752975714408, 51.36249495555229, 40.134061644301944, 33.117503356289475, 31.881290053690126, 39.542948059030806, 14.156447235081966, 48.72463946805505, 44.34037049290141, 55.16381439660209, 44.21650216396495, 23.05329350566443, 18.163081939494816, 38.462259105275166, 28.970707684434117, 46.8348222484486, 4.585700094711367, 55.42091344074246, 4.899353290016471, 40.7291767005714, 30.096694598480337, 24.989951774885437, 34.299727833620196, 36.61674374046207, 28.274661903362347, 41.679956949700575, 46.78915957870576, 33.107922207696554, 17.77145952027432, 20.392161344713152, 41.30881415503542, 23.866621756382163, 56.76230966570422, 28.11950207801066, 48.13703193752113, 31.625815664445767, 50.13960224745964, 31.26053117052094, 36.38657104290073, 46.48246818493772, 20.884112184372686, 34.30216640385911, 37.82900946617243, 0.0, 37.07236498602873, 39.58949748616319, 35.14038026097107, 33.71818481062761, 32.74488422438514, 15.151639351059394, 43.54752975714408, 51.36249495555229, 40.134061644301944, 33.117503356289475, 31.881290053690126, 39.542948059030806, 14.156447235081966, 48.72463946805505, 44.34037049290141, 55.16381439660209, 44.21650216396495, 23.05329350566443], [37.755180999038984, 35.115807621005445, 35.11135223349253, 8.562560244432376, 29.64191267901492, 40.94922315787448, 50.736044087033825, 37.21287679140511, 47.346092099666116, 31.87683734005779, 14.217199117456627, 37.07236498602873, 0.0, 38.98342271329601, 39.76913543685408, 4.7389127675226685, 30.642508086131123, 45.6209516413135, 45.32690110285238, 38.00548783272693, 25.07469895319305, 19.66689994181417, 36.84120300043282, 40.799842749868276, 45.42245617421473, 33.0665661065837, 44.90826928543346, 35.34933542402117, 28.883708037830075, 38.41755989577687, 21.73431219113757, 28.919433341479028, 37.80580444420843, 36.304261855283485, 41.63865087242436, 41.822757291170966, 34.532726155840216, 37.6053614551672, 24.39486376840885, 16.23769659045972, 37.03049455048094, 44.06866759741955, 47.828385164170314, 18.63014253264176, 33.17680022942403, 8.47440364140663, 19.383504944029124, 45.068001038078776, 36.022521731605565, 42.27213771045881, 37.755180999038984, 35.115807621005445, 35.11135223349253, 8.562560244432376, 29.64191267901492, 40.94922315787448, 50.736044087033825, 37.21287679140511, 47.346092099666116, 31.87683734005779, 14.217199117456627, 37.07236498602873, 0.0, 38.98342271329601, 39.76913543685408, 4.7389127675226685, 30.642508086131123, 45.6209516413135, 45.32690110285238, 38.00548783272693, 25.07469895319305, 19.66689994181417, 36.84120300043282, 40.799842749868276, 45.42245617421473, 33.0665661065837, 44.90826928543346, 35.34933542402117, 28.883708037830075, 38.41755989577687], [23.740274006366143, 11.556532190198164, 13.985124831343702, 42.40004442761017, 22.036494629002835, 11.131796855937354, 17.587115777700877, 9.966143243239056, 28.93306866732257, 7.439876018359127, 26.004833550548454, 39.58949748616319, 38.98342271329601, 0.0, 5.8116835190866185, 34.5806014118034, 9.041494704454106, 33.07216438564897, 6.345078108261138, 15.804105808957663, 16.16509822149263, 19.316812357368473, 7.936612594812372, 2.233055047902213, 33.94793304564564, 16.70659010969683, 6.099428092867966, 23.54795321686078, 15.651039027151642, 18.189501349017675, 27.415509691541047, 10.952922963195823, 11.518906726826652, 11.214184090611353, 41.62295399776754, 18.632398826822033, 34.71628939939125, 2.670109587963463, 15.31964204775203, 26.212740000699277, 5.359626751668302, 8.764006831455568, 21.678984261065473, 24.166404306022475, 14.139213898850832, 30.5792246221852, 33.42859859711697, 26.708190352652505, 4.9826407732772795, 20.224514695255554, 23.740274006366143, 11.556532190198164, 13.985124831343702, 42.40004442761017, 22.036494629002835, 11.131796855937354, 17.587115777700877, 9.966143243239056, 28.93306866732257, 7.439876018359127, 26.004833550548454, 39.58949748616319, 38.98342271329601, 0.0, 5.8116835190866185, 34.5806014118034, 9.041494704454106, 33.07216438564897, 6.345078108261138, 15.804105808957663, 16.16509822149263, 19.316812357368473, 7.936612594812372, 2.233055047902213, 33.94793304564564, 16.70659010969683, 6.099428092867966, 23.54795321686078, 15.651039027151642, 18.189501349017675], [29.34088423148791, 7.253515023717736, 19.475977655808546, 42.03553351214754, 26.885012310083948, 5.323549785948698, 12.842057321965898, 15.668576354749876, 23.167832860512377, 8.438473684677389, 27.986146778419645, 35.14038026097107, 39.76913543685408, 5.8116835190866185, 0.0, 35.14749122988533, 9.262985968376633, 27.51464094442926, 8.440698189936134, 21.526712640450953, 19.537519325738675, 20.53560040740744, 3.619937974731112, 4.696257218672794, 28.435960495810093, 21.962209060705558, 9.206785274210239, 28.982389267810337, 20.12000712106291, 12.828797573355148, 25.104665389470107, 14.292256646925889, 6.251583975374369, 16.82818365840103, 36.79038510483042, 24.44327652965307, 30.35100030536704, 8.245830924984372, 15.375191929420374, 25.38955387434066, 2.797821215637091, 4.435647981730189, 15.919749507272119, 27.118706132016314, 19.368848307437034, 31.30037506928621, 31.294883718797383, 20.99019555880875, 10.271876963799919, 14.506686240098627, 29.34088423148791, 7.253515023717736, 19.475977655808546, 42.03553351214754, 26.885012310083948, 5.323549785948698, 12.842057321965898, 15.668576354749876, 23.167832860512377, 8.438473684677389, 27.986146778419645, 35.14038026097107, 39.76913543685408, 5.8116835190866185, 0.0, 35.14749122988533, 9.262985968376633, 27.51464094442926, 8.440698189936134, 21.526712640450953, 19.537519325738675, 20.53560040740744, 3.619937974731112, 4.696257218672794, 28.435960495810093, 21.962209060705558, 9.206785274210239, 28.982389267810337, 20.12000712106291, 12.828797573355148], [35.352152898216374, 30.386855655197866, 31.706389877529087, 9.602257916053302, 27.167180848880623, 36.2277144505844, 46.00668167511359, 33.45095925996752, 42.84283757933619, 27.374533525393502, 11.000987550965348, 33.71818481062761, 4.7389127675226685, 34.5806014118034, 35.14749122988533, 0.0, 26.083840947692387, 41.366797221525005, 40.924195280503696, 34.754682872307825, 21.395620104025106, 15.322003033176548, 32.16636366937293, 36.337399591263996, 41.22684414114105, 29.93745598374844, 40.56594463245951, 33.00153923347489, 25.49169721457556, 33.71653415871063, 17.453022370717093, 24.82437131987647, 33.07542322728408, 32.64578875359497, 38.229411773235086, 38.72944343250082, 30.802313990789393, 33.32453223254536, 19.777470990250016, 11.592698475153068, 32.427384976745095, 39.4186103167219, 43.11940885828184, 15.881260638245768, 29.7650764745579, 4.035970079287116, 15.958524017489655, 40.52775810309927, 31.852259361032026, 37.586110430230455, 35.352152898216374, 30.386855655197866, 31.706389877529087, 9.602257916053302, 27.167180848880623, 36.2277144505844, 46.00668167511359, 33.45095925996752, 42.84283757933619, 27.374533525393502, 11.000987550965348, 33.71818481062761, 4.7389127675226685, 34.5806014118034, 35.14749122988533, 0.0, 26.083840947692387, 41.366797221525005, 40.924195280503696, 34.754682872307825, 21.395620104025106, 15.322003033176548, 32.16636366937293, 36.337399591263996, 41.22684414114105, 29.93745598374844, 40.56594463245951, 33.00153923347489, 25.49169721457556, 33.71653415871063], [25.280275148162897, 7.781151902923149, 15.801005879509967, 33.49667884711435, 20.605648376005192, 12.006755512357019, 21.499552808923074, 13.73835418461229, 26.743144463697693, 1.7245719872767389, 18.777198487437435, 32.74488422438514, 30.642508086131123, 9.041494704454106, 9.262985968376633, 26.083840947692387, 0.0, 29.317768163046637, 15.190656141873962, 18.83810252335082, 11.505336098357331, 11.273003722295698, 7.065869182714291, 10.44151063105339, 29.955109097957322, 17.143351540051807, 15.125838100616967, 24.21837265717124, 13.656192416563112, 14.917371161804889, 18.701464578270095, 7.0407705055841845, 9.84115448438473, 14.155851711861319, 35.43902605746855, 22.760080403185604, 27.858648151575974, 8.842752163296387, 6.399936907416495, 17.179107883727166, 6.469805103185676, 13.680115341043004, 22.01761341626337, 18.35445477130279, 14.80096274581398, 22.169092660755247, 24.568237783778372, 24.223747034757867, 8.748100798700701, 18.31370206674111, 25.280275148162897, 7.781151902923149, 15.801005879509967, 33.49667884711435, 20.605648376005192, 12.006755512357019, 21.499552808923074, 13.73835418461229, 26.743144463697693, 1.7245719872767389, 18.777198487437435, 32.74488422438514, 30.642508086131123, 9.041494704454106, 9.262985968376633, 26.083840947692387, 0.0, 29.317768163046637, 15.190656141873962, 18.83810252335082, 11.505336098357331, 11.273003722295698, 7.065869182714291, 10.44151063105339, 29.955109097957322, 17.143351540051807, 15.125838100616967, 24.21837265717124, 13.656192416563112, 14.917371161804889], [54.574110339324264, 22.18340153071058, 44.906053364812045, 42.37938228164472, 49.58664218506015, 22.440531831068768, 24.04232752683843, 42.03669373211532, 6.372886631050018, 30.371887142096277, 41.550132342013, 15.151639351059394, 45.6209516413135, 33.07216438564897, 27.51464094442926, 41.366797221525005, 29.317768163046637, 0.0, 35.079463808892356, 47.67840031762956, 39.713560438998094, 34.75711760530869, 25.276952716026315, 32.20662970810837, 1.194965734012271, 46.457764086156224, 36.223190347023376, 53.53058405275081, 42.79279933656178, 14.9539313652942, 23.918264318021233, 36.242404080210044, 21.56971677891841, 42.83856971018025, 13.400839774591962, 51.207851888752465, 13.363729870013424, 35.021130095001666, 29.778421577834845, 30.248834614924018, 27.880401691463344, 27.23485069559861, 15.323058157058906, 43.998243828332555, 44.07455218715964, 39.359947035098145, 27.19807070852757, 7.164396614069165, 36.391249267251226, 13.203773088712161, 54.574110339324264, 22.18340153071058, 44.906053364812045, 42.37938228164472, 49.58664218506015, 22.440531831068768, 24.04232752683843, 42.03669373211532, 6.372886631050018, 30.371887142096277, 41.550132342013, 15.151639351059394, 45.6209516413135, 33.07216438564897, 27.51464094442926, 41.366797221525005, 29.317768163046637, 0.0, 35.079463808892356, 47.67840031762956, 39.713560438998094, 34.75711760530869, 25.276952716026315, 32.20662970810837, 1.194965734012271, 46.457764086156224, 36.223190347023376, 53.53058405275081, 42.79279933656178, 14.9539313652942], [26.53461646607885, 15.66263403208968, 17.6209557645615, 48.66623938861317, 26.534554782064635, 12.735388603283955, 15.259688350240788, 13.22035406249451, 30.083247813971653, 13.68098518658609, 32.24110050637357, 43.54752975714408, 45.32690110285238, 6.345078108261138, 8.440698189936134, 40.924195280503696, 15.190656141873962, 35.079463808892356, 0.0, 18.391256512928322, 22.069252049118298, 25.660004383079606, 11.924791943005939, 4.783869785984678, 36.08270973619157, 20.732531136960777, 1.4702714206099703, 26.879051939089848, 20.820500993522984, 20.915799855691926, 33.00204650345304, 17.023547723478913, 14.583469757963595, 14.700577849407674, 45.06773278415492, 20.02191035587199, 38.77656533714896, 8.064329511272586, 21.557350865900645, 32.342614096076026, 9.965252003099291, 7.94778962710501, 21.64086618633411, 30.12345943015316, 18.36548888459841, 36.924162127619454, 39.125593727132944, 28.188807605701605, 10.202022290494828, 21.875870546330262, 26.53461646607885, 15.66263403208968, 17.6209557645615, 48.66623938861317, 26.534554782064635, 12.735388603283955, 15.259688350240788, 13.22035406249451, 30.083247813971653, 13.68098518658609, 32.24110050637357, 43.54752975714408, 45.32690110285238, 6.345078108261138, 8.440698189936134, 40.924195280503696, 15.190656141873962, 35.079463808892356, 0.0, 18.391256512928322, 22.069252049118298, 25.660004383079606, 11.924791943005939, 4.783869785984678, 36.08270973619157, 20.732531136960777, 1.4702714206099703, 26.879051939089848, 20.820500993522984, 20.915799855691926], [8.15267434047195, 25.496710874232683, 3.3737096353431375, 44.14812650519572, 10.375327019305173, 26.765319237365013, 32.99838187401329, 5.858699509846744, 44.22160250798305, 17.493447809060434, 23.85082043840709, 51.36249495555229, 38.00548783272693, 15.804105808957663, 21.526712640450953, 34.754682872307825, 18.83810252335082, 47.67840031762956, 18.391256512928322, 0.0, 13.717738988754535, 21.437073767629794, 22.6715447275905, 17.613356737230642, 48.41858016958299, 5.023829417621432, 16.992563733677983, 8.63918422497257, 9.298765621905234, 32.793713612727885, 35.50246535281009, 13.05955864564916, 26.43440491385562, 4.846407538183396, 54.23463077966333, 4.259023003089991, 46.51429703695348, 13.281393684828386, 21.746968097501757, 31.251862960503477, 20.187593619829112, 24.37318304826686, 37.44623233231141, 19.479393826294938, 5.173455146530882, 30.974084727521557, 40.39853086194865, 41.856416365309386, 11.441489139425546, 35.46480084700401, 8.15267434047195, 25.496710874232683, 3.3737096353431375, 44.14812650519572, 10.375327019305173, 26.765319237365013, 32.99838187401329, 5.858699509846744, 44.22160250798305, 17.493447809060434, 23.85082043840709, 51.36249495555229, 38.00548783272693, 15.804105808957663, 21.526712640450953, 34.754682872307825, 18.83810252335082, 47.67840031762956, 18.391256512928322, 0.0, 13.717738988754535, 21.437073767629794, 22.6715447275905, 17.613356737230642, 48.41858016958299, 5.023829417621432, 16.992563733677983, 8.63918422497257, 9.298765621905234, 32.793713612727885], [16.877862301892595, 19.2220800490095, 10.474270429296515, 30.592914544287495, 10.093211378342255, 23.313455986454912, 32.34937352246597, 12.139574597432278, 37.8581543788721, 11.43823528138927, 10.947500097910577, 40.134061644301944, 25.07469895319305, 16.16509822149263, 19.537519325738675, 21.395620104025106, 11.505336098357331, 39.713560438998094, 22.069252049118298, 13.717738988754535, 0.0, 7.905761708359802, 18.320767282634844, 18.350747479493776, 40.19486717435437, 9.4356657298925, 21.271567574425926, 15.087005906331628, 4.5716657835465, 26.07516721346848, 22.90988976210927, 5.297232235897481, 21.343751422836426, 11.257422797410975, 43.58852547545379, 17.90526890501586, 35.50204338294549, 14.01128176647324, 10.23779452480241, 17.836052636723103, 16.92468681513784, 23.835820832584822, 33.52196716132232, 8.055221959769359, 8.56348939258214, 17.481712707151843, 27.186398112444497, 35.302519111882646, 11.922456761379456, 29.671697949594734, 16.877862301892595, 19.2220800490095, 10.474270429296515, 30.592914544287495, 10.093211378342255, 23.313455986454912, 32.34937352246597, 12.139574597432278, 37.8581543788721, 11.43823528138927, 10.947500097910577, 40.134061644301944, 25.07469895319305, 16.16509822149263, 19.537519325738675, 21.395620104025106, 11.505336098357331, 39.713560438998094, 22.069252049118298, 13.717738988754535, 0.0, 7.905761708359802, 18.320767282634844, 18.350747479493776, 40.19486717435437, 9.4356657298925, 21.271567574425926, 15.087005906331628, 4.5716657835465, 26.07516721346848], [24.646145991050837, 17.32180510143093, 18.104227781277928, 23.761688208704033, 17.261805346425717, 22.697703379937273, 32.46358759922925, 18.840665763908838, 34.02252031679463, 12.322199911751365, 7.7922508966086514, 33.117503356289475, 19.66689994181417, 19.316812357368473, 20.53560040740744, 15.322003033176548, 11.273003722295698, 34.75711760530869, 25.660004383079606, 21.437073767629794, 7.905761708359802, 0.0, 18.042738553395964, 21.158066253664604, 35.054455677153854, 17.33772884118208, 25.257969563828507, 22.71272891236281, 12.472109248590517, 22.825146278917043, 15.348723789679383, 9.720322558396347, 19.923503394850187, 18.30498176378257, 36.861288724270835, 25.674472189723044, 28.6937499555202, 18.00279258786961, 5.826294656801351, 9.930580384642106, 17.74266266611117, 24.94589721720725, 31.52651085475146, 9.241687961076813, 16.267003909223227, 11.29525890400176, 19.301108293050902, 31.470818674854307, 16.58435133869628, 26.738196877383963, 24.646145991050837, 17.32180510143093, 18.104227781277928, 23.761688208704033, 17.261805346425717, 22.697703379937273, 32.46358759922925, 18.840665763908838, 34.02252031679463, 12.322199911751365, 7.7922508966086514, 33.117503356289475, 19.66689994181417, 19.316812357368473, 20.53560040740744, 15.322003033176548, 11.273003722295698, 34.75711760530869, 25.660004383079606, 21.437073767629794, 7.905761708359802, 0.0, 18.042738553395964, 21.158066253664604, 35.054455677153854, 17.33772884118208, 25.257969563828507, 22.71272891236281, 12.472109248590517, 22.825146278917043], [30.096952520505333, 3.775927909874856, 20.203547281261333, 38.725566797968355, 26.664019891574508, 4.993511718479474, 14.467718899065604, 16.894163515628556, 21.550531786611465, 6.889794980336625, 25.71278586663172, 31.881290053690126, 36.84120300043282, 7.936612594812372, 3.619937974731112, 32.16636366937293, 7.065869182714291, 25.276952716026315, 11.924791943005939, 22.6715447275905, 18.320767282634844, 18.042738553395964, 0.0, 7.662510436258993, 26.113506483428697, 22.302348550640076, 12.541219747170134, 29.450693695290465, 19.71398608662366, 10.330907390632452, 21.501105112973416, 13.352678543281487, 3.7666639986815964, 17.837270449476712, 33.749964165674875, 25.9990665179029, 27.046842674684317, 9.744367141721048, 12.537039388121702, 22.04364146205594, 2.6115841535706243, 7.325016480766758, 15.479230081279923, 25.414943034377973, 19.747542575658294, 28.40935063979435, 27.696224418694374, 19.19347357497373, 11.24137748005019, 12.79635180701052, 30.096952520505333, 3.775927909874856, 20.203547281261333, 38.725566797968355, 26.664019891574508, 4.993511718479474, 14.467718899065604, 16.894163515628556, 21.550531786611465, 6.889794980336625, 25.71278586663172, 31.881290053690126, 36.84120300043282, 7.936612594812372, 3.619937974731112, 32.16636366937293, 7.065869182714291, 25.276952716026315, 11.924791943005939, 22.6715447275905, 18.320767282634844, 18.042738553395964, 0.0, 7.662510436258993, 26.113506483428697, 22.302348550640076, 12.541219747170134, 29.450693695290465, 19.71398608662366, 10.330907390632452], [25.648399698517114, 11.433148648382605, 16.00343471107076, 43.93692084565215, 24.2213569867911, 9.890172059069636, 15.516311248368352, 11.84675315882301, 27.760195318852546, 8.98792177807331, 28.028144950123934, 39.542948059030806, 40.799842749868276, 2.233055047902213, 4.696257218672794, 36.337399591263996, 10.44151063105339, 32.20662970810837, 4.783869785984678, 17.613356737230642, 18.350747479493776, 21.158066253664604, 7.662510436258993, 0.0, 33.13149580386428, 18.812080320604437, 5.015004897974782, 25.561010115591014, 17.87978108552743, 17.506453934346204, 28.285561731107332, 13.10765606131481, 10.876319931797173, 13.17008792240462, 41.34746388753612, 20.17230545656215, 34.70902668937583, 4.823865307105837, 16.83003465137139, 27.56763565189479, 5.382439159422585, 6.767178237457478, 20.113313740313494, 26.326815884946832, 16.263162027116167, 32.36086147450534, 34.38626781031471, 25.63148126168722, 7.169582989099173, 19.15780564312632, 25.648399698517114, 11.433148648382605, 16.00343471107076, 43.93692084565215, 24.2213569867911, 9.890172059069636, 15.516311248368352, 11.84675315882301, 27.760195318852546, 8.98792177807331, 28.028144950123934, 39.542948059030806, 40.799842749868276, 2.233055047902213, 4.69625