M = 99999999.0;
numWorkers = 15;
numRoles = 5;
numNodes = 40;
wStart = [390, 60, 90, 330, 0, 30, 210, 0, 30, 150, 270, 30, 120, 30, 120, 90, 240, 30, 60, 120, 180, 150, 30, 120, 180, 450, 360, 240, 420, 330, 120, 360, 300, 480, 210, 480, 450, 480, 330, 150];
wEnd = [390, 60, 90, 330, 0, 30, 210, 0, 30, 150, 270, 30, 120, 30, 120, 450, 330, 330, 390, 360, 270, 360, 420, 270, 330, 450, 360, 240, 420, 330, 120, 360, 300, 480, 210, 480, 450, 480, 330, 150];
p = [0, 0, 0, 0, 0, 0, 0, 0, 0, 0, 0, 0, 0, 0, 0, 54.358121960068786, 74.39398404506753, 34.9110255490001, 64.0592493272776, 27.645050326027505, 36.44611456315144, 37.3423446203856, 54.42414156879596, 37.316043551057845, 62.731703244333495, 0, 0, 0, 0, 0, 0, 0, 0, 0, 0, 0, 0, 0, 0, 0];
e = [[0, 0, 1, 0, 1], [1, 0, 0, 0, 1], [0, 1, 0, 0, 0], [1, 0, 0, 0, 0], [0, 0, 0, 1, 0], [0, 1, 0, 0, 0], [0, 0, 0, 1, 0], [0, 0, 1, 0, 0], [0, 1, 0, 0, 0], [0, 0, 0, 0, 1], [0, 1, 0, 0, 0], [0, 0, 0, 1, 0], [1, 0, 0, 0, 0], [0, 0, 1, 0, 0], [1, 0, 0, 0, 0]];
d = [[0, 0, 1, 0, 0, 1, 0, 1, 1, 0], [1, 1, 1, 1, 1, 0, 1, 1, 0, 1], [1, 1, 1, 1, 1, 0, 1, 1, 0, 1], [0, 0, 1, 1, 0, 1, 0, 1, 1, 1], [2, 2, 1, 2, 2, 1, 2, 1, 1, 2]];
r = [326, 739, 497, 3681, 2695, 1750, 712, 4059, 4233, 2642];
g = [[0, 0, 0, 0, 0, 0, 0, 0, 0, 0], [0, 0, 0, 0, 0, 0, 0, 0, 0, 0], [0, 0, 0, 0, 0, 0, 0, 0, 0, 0], [0, 0, 0, 0, 0, 0, 0, 0, 0, 0], [0, 0, 0, 0, 0, 0, 0, 0, 0, 0], [0, 0, 0, 0, 0, 0, 0, 0, 0, 0], [0, 0, 0, 0, 0, 0, 0, 0, 0, 0], [0, 0, 0, 0, 0, 0, 0, 0, 0, 0], [0, 0, 0, 0, 0, 0, 0, 0, 0, 0], [0, 0, 0, 0, 0, 0, 0, 0, 0, 0]];
t = [[0.0, 3.2531898075428662, 32.13467431339538, 29.958227703647577, 16.550573377211855, 15.579468894183453, 17.33780067128006, 33.55844887171608, 32.59070723163136, 36.77937224436929, 17.324444702220873, 17.93258196609008, 8.349552085888156, 20.40477646565762, 28.825563599980832, 16.534721149387064, 31.865258309500575, 16.335423198057114, 20.00001476829646, 32.8265534457851, 28.443960094954225, 2.8263702146664613, 8.824234433085328, 12.464946938256801, 15.897665198916034, 0.0, 3.2531898075428662, 32.13467431339538, 29.958227703647577, 16.550573377211855, 15.579468894183453, 17.33780067128006, 33.55844887171608, 32.59070723163136, 36.77937224436929, 17.324444702220873, 17.93258196609008, 8.349552085888156, 20.40477646565762, 28.825563599980832], [3.2531898075428662, 0.0, 32.44302298601022, 29.575760419284283, 17.140445399196466, 17.962439570344102, 19.825050014914247, 31.478803132475733, 35.838634333101375, 37.40978079302358, 17.473145556051158, 18.181084048638745, 11.410241565166679, 17.418281584976402, 28.133887992909653, 15.001940175233113, 35.0758155653785, 19.152456710532714, 17.404216999545426, 30.550851500836654, 31.655322045983723, 1.5470656666682276, 11.94675363526095, 14.363149567627136, 18.837163186981826, 3.2531898075428662, 0.0, 32.44302298601022, 29.575760419284283, 17.140445399196466, 17.962439570344102, 19.825050014914247, 31.478803132475733, 35.838634333101375, 37.40978079302358, 17.473145556051158, 18.181084048638745, 11.410241565166679, 17.418281584976402, 28.133887992909653], [32.13467431339538, 32.44302298601022, 0.0, 7.051470284356169, 48.59153582409197, 44.433917163142674, 45.42225739128578, 24.89074556080754, 43.32130394363715, 5.927329602293066, 14.9705418359838, 50.061781212810914, 29.467339754291153, 31.996080323489426, 10.087292105124162, 47.119358781481154, 40.14490993370176, 26.318588777975584, 27.55108281905874, 26.952714799270268, 38.122897104401304, 33.675378523089435, 35.656137604025666, 43.17999133393628, 27.73804623595413, 32.13467431339538, 32.44302298601022, 0.0, 7.051470284356169, 48.59153582409197, 44.433917163142674, 45.42225739128578, 24.89074556080754, 43.32130394363715, 5.927329602293066, 14.9705418359838, 50.061781212810914, 29.467339754291153, 31.996080323489426, 10.087292105124162], [29.958227703647577, 29.575760419284283, 7.051470284356169, 0.0, 46.469769913114234, 43.821122136267626, 45.07080670805449, 17.874859044428874, 46.674168397328614, 12.689228705355394, 12.945143794638682, 47.697455272455315, 29.169821724950975, 26.04094683333397, 3.087913294222192, 43.528353678019975, 43.77689965107582, 27.990864691562685, 21.561025539637065, 19.90243908240691, 41.36262297344869, 30.97281611187674, 35.08242906511222, 41.890168586434164, 29.27670519406557, 29.958227703647577, 29.575760419284283, 7.051470284356169, 0.0, 46.469769913114234, 43.821122136267626, 45.07080670805449, 17.874859044428874, 46.674168397328614, 12.689228705355394, 12.945143794638682, 47.697455272455315, 29.169821724950975, 26.04094683333397, 3.087913294222192], [16.550573377211855, 17.140445399196466, 48.59153582409197, 46.469769913114234, 0.0, 10.557981735183168, 12.04764243909675, 47.83014926591521, 36.15595532702976, 53.00673552093304, 33.868785406969344, 2.210310680505548, 20.75199329365429, 31.47832358370708, 45.199520227168165, 10.814769821417059, 37.115103096085186, 28.15984475654244, 33.03826400994733, 46.53218232473034, 34.07466441432433, 15.642803796921172, 15.266301372372535, 7.415347834719244, 27.033111262373286, 16.550573377211855, 17.140445399196466, 48.59153582409197, 46.469769913114234, 0.0, 10.557981735183168, 12.04764243909675, 47.83014926591521, 36.15595532702976, 53.00673552093304, 33.868785406969344, 2.210310680505548, 20.75199329365429, 31.47832358370708, 45.199520227168165], [15.579468894183453, 17.962439570344102, 44.433917163142674, 43.821122136267626, 10.557981735183168, 0.0, 2.003844927490394, 49.13534919513269, 25.603834069954953, 47.99105490739649, 30.8844082966193, 12.73039540374297, 14.967304998855434, 35.12292591402046, 43.229547246901326, 19.868467919837464, 26.669573030531403, 20.43426830348644, 35.36546267940306, 48.38861900310377, 23.73054897721204, 16.52795499644484, 8.795824954715897, 4.491589174640346, 19.078138801705883, 15.579468894183453, 17.962439570344102, 44.433917163142674, 43.821122136267626, 10.557981735183168, 0.0, 2.003844927490394, 49.13534919513269, 25.603834069954953, 47.99105490739649, 30.8844082966193, 12.73039540374297, 14.967304998855434, 35.12292591402046, 43.229547246901326], [17.33780067128006, 19.825050014914247, 45.42225739128578, 45.07080670805449, 12.04764243909675, 2.003844927490394, 0.0, 50.85925422878845, 24.302251157146603, 48.7945980590721, 32.16463727724117, 14.16119167639671, 16.0054116326246, 37.05348962204306, 44.584031002729624, 21.719570373198202, 25.58437374864452, 20.800618876955934, 37.21494388205745, 50.164347438324235, 22.775017538954405, 18.41424991910848, 9.995854371243787, 6.476712666348375, 19.395862093554218, 17.33780067128006, 19.825050014914247, 45.42225739128578, 45.07080670805449, 12.04764243909675, 2.003844927490394, 0.0, 50.85925422878845, 24.302251157146603, 48.7945980590721, 32.16463727724117, 14.16119167639671, 16.0054116326246, 37.05348962204306, 44.584031002729624], [33.55844887171608, 31.478803132475733, 24.89074556080754, 17.874859044428874, 47.83014926591521, 49.13534919513269, 50.85925422878845, 0.0, 59.57915776717087, 30.202703126813965, 22.905799716166506, 48.294027381083104, 37.07701881817289, 17.836150965464, 14.997981349605086, 41.04404597339858, 57.27110846532036, 39.59114945900193, 14.944030768735733, 2.7335518017727223, 54.33708417087631, 33.01226163832843, 41.49388344392258, 45.82177489638303, 40.490058641871286, 33.55844887171608, 31.478803132475733, 24.89074556080754, 17.874859044428874, 47.83014926591521, 49.13534919513269, 50.85925422878845, 0.0, 59.57915776717087, 30.202703126813965, 22.905799716166506, 48.294027381083104, 37.07701881817289, 17.836150965464, 14.997981349605086], [32.59070723163136, 35.838634333101375, 43.32130394363715, 46.674168397328614, 36.15595532702976, 25.603834069954953, 24.302251157146603, 59.57915776717087, 0.0, 43.723124597815364, 36.73049220414627, 38.334145541418934, 24.901174562141232, 51.81622237150816, 47.80075866585492, 44.48090516632367, 3.630823441298023, 20.01896112029647, 49.95306592501558, 60.0, 5.324851150635986, 35.173155779057254, 24.66670577031386, 29.259601146704483, 19.258228256293528, 32.59070723163136, 35.838634333101375, 43.32130394363715, 46.674168397328614, 36.15595532702976, 25.603834069954953, 24.302251157146603, 59.57915776717087, 0.0, 43.723124597815364, 36.73049220414627, 38.334145541418934, 24.901174562141232, 51.81622237150816, 47.80075866585492], [36.77937224436929, 37.40978079302358, 5.927329602293066, 12.689228705355394, 53.00673552093304, 47.99105490739649, 48.7945980590721, 30.202703126813965, 43.723124597815364, 0.0, 20.095934521423544, 54.59721409024385, 33.121044289134424, 37.90814618445363, 15.776259672799181, 52.275967691469205, 40.3303239181181, 28.70798853970194, 33.469868181315206, 32.41246257003466, 38.74502609645625, 38.549650516900044, 39.332720587440555, 47.17419293355769, 30.171766135927534, 36.77937224436929, 37.40978079302358, 5.927329602293066, 12.689228705355394, 53.00673552093304, 47.99105490739649, 48.7945980590721, 30.202703126813965, 43.723124597815364, 0.0, 20.095934521423544, 54.59721409024385, 33.121044289134424, 37.90814618445363, 15.776259672799181], [17.324444702220873, 17.473145556051158, 14.9705418359838, 12.945143794638682, 33.868785406969344, 30.8844082966193, 32.16463727724117, 22.905799716166506, 36.73049220414627, 20.095934521423544, 0.0, 35.24020480568246, 16.38005323969264, 20.64823002613478, 12.519243005127324, 32.20658629556197, 34.366369724696824, 16.851285771598626, 16.85105298874948, 23.568549053519053, 31.461388453987894, 18.721534888922125, 22.16921956437187, 28.983824208516477, 17.885016950348767, 17.324444702220873, 17.473145556051158, 14.9705418359838, 12.945143794638682, 33.868785406969344, 30.8844082966193, 32.16463727724117, 22.905799716166506, 36.73049220414627, 20.095934521423544, 0.0, 35.24020480568246, 16.38005323969264, 20.64823002613478, 12.519243005127324], [17.93258196609008, 18.181084048638745, 50.061781212810914, 47.697455272455315, 2.210310680505548, 12.73039540374297, 14.16119167639671, 48.294027381083104, 38.334145541418934, 54.59721409024385, 35.24020480568246, 0.0, 22.660931479846308, 31.56697580009609, 46.31461644276833, 9.714779762003968, 39.318712120853924, 30.201786840013604, 33.40846716022041, 46.88716867992365, 36.283626097991764, 16.73760669690211, 17.330987315256895, 9.603651715121513, 29.10215634667114, 17.93258196609008, 18.181084048638745, 50.061781212810914, 47.697455272455315, 2.210310680505548, 12.73039540374297, 14.16119167639671, 48.294027381083104, 38.334145541418934, 54.59721409024385, 35.24020480568246, 0.0, 22.660931479846308, 31.56697580009609, 46.31461644276833], [8.349552085888156, 11.410241565166679, 29.467339754291153, 29.169821724950975, 20.75199329365429, 14.967304998855434, 16.0054116326246, 37.07701881817289, 24.901174562141232, 33.121044289134424, 16.38005323969264, 22.660931479846308, 0.0, 26.980453324363392, 28.895333477482968, 23.945397451527572, 23.828648222574348, 8.21453336369061, 25.482663012950933, 36.91693670034695, 20.422699228208902, 11.167597859646637, 6.216932567887127, 14.192073461923709, 7.601534592837918, 8.349552085888156, 11.410241565166679, 29.467339754291153, 29.169821724950975, 20.75199329365429, 14.967304998855434, 16.0054116326246, 37.07701881817289, 24.901174562141232, 33.121044289134424, 16.38005323969264, 22.660931479846308, 0.0, 26.980453324363392, 28.895333477482968], [20.40477646565762, 17.418281584976402, 31.996080323489426, 26.04094683333397, 31.47832358370708, 35.12292591402046, 37.05348962204306, 17.836150965464, 51.81622237150816, 37.90814618445363, 20.64823002613478, 31.56697580009609, 26.980453324363392, 0.0, 23.24645543812604, 23.50662955022122, 50.43585550567472, 32.75468299509814, 4.48046167410816, 15.888083596082502, 47.100476492318194, 18.708162670146283, 29.223406883175947, 31.125098837637985, 33.05397676152569, 20.40477646565762, 17.418281584976402, 31.996080323489426, 26.04094683333397, 31.47832358370708, 35.12292591402046, 37.05348962204306, 17.836150965464, 51.81622237150816, 37.90814618445363, 20.64823002613478, 31.56697580009609, 26.980453324363392, 0.0, 23.24645543812604], [28.825563599980832, 28.133887992909653, 10.087292105124162, 3.087913294222192, 45.199520227168165, 43.229547246901326, 44.584031002729624, 14.997981349605086, 47.80075866585492, 15.776259672799181, 12.519243005127324, 46.31461644276833, 28.895333477482968, 23.24645543812604, 0.0, 41.640028156686206, 45.04501269759355, 28.596522693406406, 18.778642055733584, 16.920557362254808, 42.476004139503715, 29.586584201459228, 34.59558465349341, 41.01719642440288, 29.801306620350882, 28.825563599980832, 28.133887992909653, 10.087292105124162, 3.087913294222192, 45.199520227168165, 43.229547246901326, 44.584031002729624, 14.997981349605086, 47.80075866585492, 15.776259672799181, 12.519243005127324, 46.31461644276833, 28.895333477482968, 23.24645543812604, 0.0], [16.534721149387064, 15.001940175233113, 47.119358781481154, 43.528353678019975, 10.814769821417059, 19.868467919837464, 21.719570373198202, 41.04404597339858, 44.48090516632367, 52.275967691469205, 32.20658629556197, 9.714779762003968, 23.945397451527572, 23.50662955022122, 41.640028156686206, 0.0, 44.79804714892081, 32.14957147521852, 26.160512313054983, 39.31597892036723, 41.50856492362297, 14.112777208879734, 20.560233694720708, 15.552584898192485, 31.39854890351321, 16.534721149387064, 15.001940175233113, 47.119358781481154, 43.528353678019975, 10.814769821417059, 19.868467919837464, 21.719570373198202, 41.04404597339858, 44.48090516632367, 52.275967691469205, 32.20658629556197, 9.714779762003968, 23.945397451527572, 23.50662955022122, 41.640028156686206], [31.865258309500575, 35.0758155653785, 40.14490993370176, 43.77689965107582, 37.115103096085186, 26.669573030531403, 25.58437374864452, 57.27110846532036, 3.630823441298023, 40.3303239181181, 34.366369724696824, 39.318712120853924, 23.828648222574348, 50.43585550567472, 45.04501269759355, 44.79804714892081, 0.0, 17.9992784628775, 48.30853873774347, 57.82287663061216, 3.421360018045087, 34.555175068570904, 24.502273255228662, 29.9664376777256, 17.455685548886887, 31.865258309500575, 35.0758155653785, 40.14490993370176, 43.77689965107582, 37.115103096085186, 26.669573030531403, 25.58437374864452, 57.27110846532036, 3.630823441298023, 40.3303239181181, 34.366369724696824, 39.318712120853924, 23.828648222574348, 50.43585550567472, 45.04501269759355], [16.335423198057114, 19.152456710532714, 26.318588777975584, 27.990864691562685, 28.15984475654244, 20.43426830348644, 20.800618876955934, 39.59114945900193, 20.01896112029647, 28.70798853970194, 16.851285771598626, 30.201786840013604, 8.21453336369061, 32.75468299509814, 28.596522693406406, 32.14957147521852, 17.9992784628775, 0.0, 30.382222870950628, 39.98103920660548, 14.858443303604364, 19.154803600280815, 12.898678861670362, 21.047163944101996, 1.4665853087483163, 16.335423198057114, 19.152456710532714, 26.318588777975584, 27.990864691562685, 28.15984475654244, 20.43426830348644, 20.800618876955934, 39.59114945900193, 20.01896112029647, 28.70798853970194, 16.851285771598626, 30.201786840013604, 8.21453336369061, 32.75468299509814, 28.596522693406406], [20.00001476829646, 17.404216999545426, 27.55108281905874, 21.561025539637065, 33.03826400994733, 35.36546267940306, 37.21494388205745, 14.944030768735733, 49.95306592501558, 33.469868181315206, 16.85105298874948, 33.40846716022041, 25.482663012950933, 4.48046167410816, 18.778642055733584, 26.160512313054983, 48.30853873774347, 30.382222870950628, 0.0, 13.494278228788747, 45.04797473582167, 18.864481831425255, 28.611347633191205, 31.677650827629083, 30.853264529904102, 20.00001476829646, 17.404216999545426, 27.55108281905874, 21.561025539637065, 33.03826400994733, 35.36546267940306, 37.21494388205745, 14.944030768735733, 49.95306592501558, 33.469868181315206, 16.85105298874948, 33.40846716022041, 25.482663012950933, 4.48046167410816, 18.778642055733584], [32.8265534457851, 30.550851500836654, 26.952714799270268, 19.90243908240691, 46.53218232473034, 48.38861900310377, 50.164347438324235, 2.7335518017727223, 60.0, 32.41246257003466, 23.568549053519053, 46.88716867992365, 36.91693670034695, 15.888083596082502, 16.920557362254808, 39.31597892036723, 57.82287663061216, 39.98103920660548, 13.494278228788747, 0.0, 54.807914689789555, 32.06276664798176, 41.01927719657188, 44.91224386572939, 40.79982544244525, 32.8265534457851, 30.550851500836654, 26.952714799270268, 19.90243908240691, 46.53218232473034, 48.38861900310377, 50.164347438324235, 2.7335518017727223, 60.0, 32.41246257003466, 23.568549053519053, 46.88716867992365, 36.91693670034695, 15.888083596082502, 16.920557362254808], [28.443960094954225, 31.655322045983723, 38.122897104401304, 41.36262297344869, 34.07466441432433, 23.73054897721204, 22.775017538954405, 54.33708417087631, 5.324851150635986, 38.74502609645625, 31.461388453987894, 36.283626097991764, 20.422699228208902, 47.100476492318194, 42.476004139503715, 41.50856492362297, 3.421360018045087, 14.858443303604364, 45.04797473582167, 54.807914689789555, 0.0, 31.13461041048065, 21.137221831533374, 26.841845927462114, 14.212588931865094, 28.443960094954225, 31.655322045983723, 38.122897104401304, 41.36262297344869, 34.07466441432433, 23.73054897721204, 22.775017538954405, 54.33708417087631, 5.324851150635986, 38.74502609645625, 31.461388453987894, 36.283626097991764, 20.422699228208902, 47.100476492318194, 42.476004139503715], [2.8263702146664613, 1.5470656666682276, 33.675378523089435, 30.97281611187674, 15.642803796921172, 16.52795499644484, 18.41424991910848, 33.01226163832843, 35.173155779057254, 38.549650516900044, 18.721534888922125, 16.73760669690211, 11.167597859646637, 18.708162670146283, 29.586584201459228, 14.112777208879734, 34.555175068570904, 19.154803600280815, 18.864481831425255, 32.06276664798176, 31.13461041048065, 0.0, 10.936402951497739, 12.850567903022414, 18.723897941309236, 2.8263702146664613, 1.5470656666682276, 33.675378523089435, 30.97281611187674, 15.642803796921172, 16.52795499644484, 18.41424991910848, 33.01226163832843, 35.173155779057254, 38.549650516900044, 18.721534888922125, 16.73760669690211, 11.167597859646637, 18.708162670146283, 29.586584201459228], [8.824234433085328, 11.94675363526095, 35.656137604025666, 35.08242906511222, 15.266301372372535, 8.795824954715897, 9.995854371243787, 41.49388344392258, 24.66670577031386, 39.332720587440555, 22.16921956437187, 17.330987315256895, 6.216932567887127, 29.223406883175947, 34.59558465349341, 20.560233694720708, 24.502273255228662, 12.898678861670362, 28.611347633191205, 41.01927719657188, 21.137221831533374, 10.936402951497739, 0.0, 8.219368737396618, 11.7715682277175, 8.824234433085328, 11.94675363526095, 35.656137604025666, 35.08242906511222, 15.266301372372535, 8.795824954715897, 9.995854371243787, 41.49388344392258, 24.66670577031386, 39.332720587440555, 22.16921956437187, 17.330987315256895, 6.216932567887127, 29.223406883175947, 34.59558465349341], [12.464946938256801, 14.363149567627136, 43.17999133393628, 41.890168586434164, 7.415347834719244, 4.491589174640346, 6.476712666348375, 45.82177489638303, 29.259601146704483, 47.17419293355769, 28.983824208516477, 9.603651715121513, 14.192073461923709, 31.125098837637985, 41.01719642440288, 15.552584898192485, 29.9664376777256, 21.047163944101996, 31.677650827629083, 44.91224386572939, 26.841845927462114, 12.850567903022414, 8.219368737396618, 0.0, 19.846739384394983, 12.464946938256801, 14.363149567627136, 43.17999133393628, 41.890168586434164, 7.415347834719244, 4.491589174640346, 6.476712666348375, 45.82177489638303, 29.259601146704483, 47.17419293355769, 28.983824208516477, 9.603651715121513, 14.192073461923709, 31.125098837637985, 41.01719642440288], [15.897665198916034, 18.837163186981826, 27.73804623595413, 29.27670519406557, 27.033111262373286, 19.078138801705883, 19.395862093554218, 40.490058641871286, 19.258228256293528, 30.171766135927534, 17.885016950348767, 29.10215634667114, 7.601534592837918, 33.05397676152569, 29.801306620350882, 31.39854890351321, 17.455685548886887, 1.4665853087483163, 30.853264529904102, 40.79982544244525, 14.212588931865094, 18.723897941309236, 11.7715682277175, 19.846739384394983, 0.0, 15.897665198916034, 18.837163186981826, 27.73804623595413, 29.27670519406557, 27.033111262373286, 19.078138801705883, 19.395862093554218, 40.490058641871286, 19.258228256293528, 30.171766135927534, 17.885016950348767, 29.10215634667114, 7.601534592837918, 33.05397676152569, 29.801306620350882], [0.0, 3.2531898075428662, 32.13467431339538, 29.958227703647577, 16.550573377211855, 15.579468894183453, 17.33780067128006, 33.55844887171608, 32.59070723163136, 36.77937224436929, 17.324444702220873, 17.93258196609008, 8.349552085888156, 20.40477646565762, 28.825563599980832, 16.534721149387064, 31.865258309500575, 16.335423198057114, 20.00001476829646, 32.8265534457851, 28.443960094954225, 2.8263702146664613, 8.824234433085328, 12.464946938256801, 15.897665198916034, 0.0, 3.2531898075428662, 32.13467431339538, 29.958227703647577, 16.550573377211855, 15.579468894183453, 17.33780067128006, 33.55844887171608, 32.59070723163136, 36.77937224436929, 17.324444702220873, 17.93258196609008, 8.349552085888156, 20.40477646565762, 28.825563599980832], [3.2531898075428662, 0.0, 32.44302298601022, 29.575760419284283, 17.140445399196466, 17.962439570344102, 19.825050014914247, 31.478803132475733, 35.838634333101375, 37.40978079302358, 17.473145556051158, 18.181084048638745, 11.410241565166679, 17.418281584976402, 28.133887992909653, 15.001940175233113, 35.0758155653785, 19.152456710532714, 17.404216999545426, 30.550851500836654, 31.655322045983723, 1.5470656666682276, 11.94675363526095, 14.363149567627136, 18.837163186981826, 3.2531898075428662, 0.0, 32.44302298601022, 29.575760419284283, 17.140445399196466, 17.962439570344102, 19.825050014914247, 31.478803132475733, 35.838634333101375, 37.40978079302358, 17.473145556051158, 18.181084048638745, 11.410241565166679, 17.418281584976402, 28.133887992909653], [32.13467431339538, 32.44302298601022, 0.0, 7.051470284356169, 48.59153582409197, 44.433917163142674, 45.42225739128578, 24.89074556080754, 43.32130394363715, 5.927329602293066, 14.9705418359838, 50.061781212810914, 29.467339754291153, 31.996080323489426, 10.087292105124162, 47.119358781481154, 40.14490993370176, 26.318588777975584, 27.55108281905874, 26.952714799270268, 38.122897104401304, 33.675378523089435, 35.656137604025666, 43.17999133393628, 27.73804623595413, 32.13467431339538, 32.44302298601022, 0.0, 7.051470284356169, 48.59153582409197, 44.433917163142674, 45.42225739128578, 24.89074556080754, 43.32130394363715, 5.927329602293066, 14.9705418359838, 50.061781212810914, 29.467339754291153, 31.996080323489426, 10.087292105124162], [29.958227703647577, 29.575760419284283, 7.051470284356169, 0.0, 46.469769913114234, 43.821122136267626, 45.07080670805449, 17.874859044428874, 46.674168397328614, 12.689228705355394, 12.945143794638682, 47.697455272455315, 29.169821724950975, 26.04094683333397, 3.087913294222192, 43.528353678019975, 43.77689965107582, 27.990864691562685, 21.561025539637065, 19.90243908240691, 41.36262297344869, 30.97281611187674, 35.08242906511222, 41.890168586434164, 29.27670519406557, 29.958227703647577, 29.575760419284283, 7.051470284356169, 0.0, 46.469769913114234, 43.821122136267626, 45.07080670805449, 17.874859044428874, 46.674168397328614, 12.689228705355394, 12.945143794638682, 47.697455272455315, 29.169821724950975, 26.04094683333397, 3.087913294222192], [16.550573377211855, 17.140445399196466, 48.59153582409197, 46.469769913114234, 0.0, 10.557981735183168, 12.04764243909675, 47.83014926591521, 36.15595532702976, 53.00673552093304, 33.868785406969344, 2.210310680505548, 20.75199329365429, 31.47832358370708, 45.199520227168165, 10.814769821417059, 37.115103096085186, 28.15984475654244, 33.03826400994733, 46.53218232473034, 34.07466441432433, 15.642803796921172, 15.266301372372535, 7.415347834719244, 27.033111262373286, 16.550573377211855, 17.140445399196466, 48.59153582409197, 46.469769913114234, 0.0, 10.557981735183168, 12.04764243909675, 47.83014926591521, 36.15595532702976, 53.00673552093304, 33.868785406969344, 2.210310680505548, 20.75199329365429, 31.47832358370708, 45.199520227168165], [15.579468894183453, 17.962439570344102, 44.433917163142674, 43.821122136267626, 10.557981735183168, 0.0, 2.003844927490394, 49.13534919513269, 25.603834069954953, 47.99105490739649, 30.8844082966193, 12.73039540374297, 14.967304998855434, 35.12292591402046, 43.229547246901326, 19.868467919837464, 26.669573030531403, 20.43426830348644, 35.36546267940306, 48.38861900310377, 23.73054897721204, 16.52795499644484, 8.795824954715897, 4.491589174640346, 19.078138801705883, 15.579468894183453, 17.962439570344102, 44.433917163142674, 43.821122136267626, 10.557981735183168, 0.0, 2.003844927490394, 49.13534919513269, 25.603834069954953, 47.99105490739649, 30.8844082966193, 12.73039540374297, 14.967304998855434, 35.12292591402046, 43.229547246901326], [17.33780067128006, 19.825050014914247, 45.42225739128578, 45.07080670805449, 12.04764243909675, 2.003844927490394, 0.0, 50.85925422878845, 24.302251157146603, 48.7945980590721, 32.16463727724117, 14.16119167639671, 16.0054116326246, 37.05348962204306, 44.584031002729624, 21.719570373198202, 25.58437374864452, 20.800618876955934, 37.21494388205745, 50.164347438324235, 22.775017538954405, 18.41424991910848, 9.995854371243787, 6.476712666348375, 19.395862093554218, 17.33780067128006, 19.825050014914247, 45.42225739128578, 45.07080670805449, 12.04764243909675, 2.003844927490394, 0.0, 50.85925422878845, 24.302251157146603, 48.7945980590721, 32.16463727724117, 14.16119167639671, 16.0054116326246, 37.05348962204306, 44.584031002729624], [33.55844887171608, 31.478803132475733, 24.89074556080754, 17.874859044428874, 47.83014926591521, 49.13534919513269, 50.85925422878845, 0.0, 59.57915776717087, 30.202703126813965, 22.905799716166506, 48.294027381083104, 37.07701881817289, 17.836150965464, 14.997981349605086, 41.04404597339858, 57.27110846532036, 39.59114945900193, 14.944030768735733, 2.7335518017727223, 54.33708417087631, 33.01226163832843, 41.49388344392258, 45.82177489638303, 40.490058641871286, 33.55844887171608, 31.478803132475733, 24.89074556080754, 17.874859044428874, 47.83014926591521, 49.13534919513269, 50.85925422878845, 0.0, 59.57915776717087, 30.202703126813965, 22.905799716166506, 48.294027381083104, 37.07701881817289, 17.836150965464, 14.997981349605086], [32.59070723163136, 35.838634333101375, 43.32130394363715, 46.674168397328614, 36.15595532702976, 25.603834069954953, 24.302251157146603, 59.57915776717087, 0.0, 43.723124597815364, 36.73049220414627, 38.334145541418934, 24.901174562141232, 51.81622237150816, 47.80075866585492, 44.48090516632367, 3.630823441298023, 20.01896112029647, 49.95306592501558, 60.0, 5.324851150635986, 35.173155779057254, 24.66670577031386, 29.259601146704483, 19.258228256293528, 32.59070723163136, 35.838634333101375, 43.32130394363715, 46.674168397328614, 36.15595532702976, 25.603834069954953, 24.302251157146603, 59.57915776717087, 0.0, 43.723124597815364, 36.73049220414627, 38.334145541418934, 24.901174562141232, 51.81622237150816, 47.80075866585492], [36.77937224436929, 37.40978079302358, 5.927329602293066, 12.689228705355394, 53.00673552093304, 47.99105490739649, 48.7945980590721, 30.202703126813965, 43.723124597815364, 0.0, 20.095934521423544, 54.59721409024385, 33.121044289134424, 37.90814618445363, 15.776259672799181, 52.275967691469205, 40.3303239181181, 28.70798853970194, 33.469868181315206, 32.41246257003466, 38.74502609645625, 38.549650516900044, 39.332720587440555, 47.17419293355769, 30.171766135927534, 36.77937224436929, 37.40978079302358, 5.927329602293066, 12.689228705355394, 53.00673552093304, 47.99105490739649, 48.7945980590721, 30.202703126813965, 43.723124597815364, 0.0, 20.095934521423544, 54.59721409024385, 33.121044289134424, 37.90814618445363, 15.776259672799181], [17.324444702220873, 17.473145556051158, 14.9705418359838, 12.945143794638682, 33.868785406969344, 30.8844082966193, 32.16463727724117, 22.905799716166506, 36.73049220414627, 20.095934521423544, 0.0, 35.24020480568246, 16.38005323969264, 20.64823002613478, 12.519243005127324, 32.20658629556197, 34.366369724696824, 16.851285771598626, 16.85105298874948, 23.568549053519053, 31.461388453987894, 18.721534888922125, 22.16921956437187, 28.983824208516477, 17.885016950348767, 17.324444702220873, 17.473145556051158, 14.9705418359838, 12.945143794638682, 33.868785406969344, 30.8844082966193, 32.16463727724117, 22.905799716166506, 36.73049220414627, 20.095934521423544, 0.0, 35.24020480568246, 16.38005323969264, 20.64823002613478, 12.519243005127324], [17.93258196609008, 18.181084048638745, 50.061781212810914, 47.697455272455315, 2.210310680505548, 12.73039540374297, 14.16119167639671, 48.294027381083104, 38.334145541418934, 54.59721409024385, 35.24020480568246, 0.0, 22.660931479846308, 31.56697580009609, 46.31461644276833, 9.714779762003968, 39.318712120853924, 30.201786840013604, 33.40846716022041, 46.88716867992365, 36.283626097991764, 16.73760669690211, 17.330987315256895, 9.603651715121513, 29.10215634667114, 17.93258196609008, 18.181084048638745, 50.061781212810914, 47.697455272455315, 2.210310680505548, 12.73039540374297, 14.16119167639671, 48.294027381083104, 38.334145541418934, 54.59721409024385, 35.24020480568246, 0.0, 22.660931479846308, 31.56697580009609, 46.31461644276833], [8.349552085888156, 11.410241565166679, 29.467339754291153, 29.169821724950975, 20.75199329365429, 14.967304998855434, 16.0054116326246, 37.07701881817289, 24.901174562141232, 33.121044289134424, 16.38005323969264, 22.660931479846308, 0.0, 26.980453324363392, 28.895333477482968, 23.945397451527572, 23.828648222574348, 8.21453336369061, 25.482663012950933, 36.91693670034695, 20.422699228208902, 11.167597859646637, 6.216932567887127, 14.192073461923709, 7.601534592837918, 8.349552085888156, 11.410241565166679, 29.467339754291153, 29.169821724950975, 20.75199329365429, 14.967304998855434, 16.0054116326246, 37.07701881817289, 24.901174562141232, 33.121044289134424, 16.38005323969264, 22.660931479846308, 0.0, 26.980453324363392, 28.895333477482968], [20.40477646565762, 17.418281584976402, 31.996080323489426, 26.04094683333397, 31.47832358370708, 35.12292591402046, 37.05348962204306, 17.836150965464, 51.81622237150816, 37.90814618445363, 20.64823002613478, 31.56697580009609, 26.980453324363392, 0.0, 23.24645543812604, 23.50662955022122, 50.43585550567472, 32.75468299509814, 4.48046167410816, 15.888083596082502, 47.100476492318194, 18.708162670146283, 29.223406883175947, 31.125098837637985, 33.05397676152569, 20.40477646565762, 17.418281584976402, 31.996080323489426, 26.04094683333397, 31.47832358370708, 35.12292591402046, 37.05348962204306, 17.836150965464, 51.81622237150816, 37.90814618445363, 20.64823002613478, 31.56697580009609, 26.980453324363392, 0.0, 23.24645543812604], [28.825563599980832, 28.133887992909653, 10.087292105124162, 3.087913294222192, 45.199520227168165, 43.229547246901326, 44.584031002729624, 14.997981349605086, 47.80075866585492, 15.776259672799181, 12.519243005127324, 46.31461644276833, 28.895333477482968, 23.24645543812604, 0.0, 41.640028156686206, 45.04501269759355, 28.596522693406406, 18.778642055733584, 16.920557362254808, 42.476004139503715, 29.586584201459228, 34.59558465349341, 41.01719642440288, 29.801306620350882, 28.825563599980832, 28.133887992909653, 10.087292105124162, 3.087913294222192, 45.199520227168165, 43.229547246901326, 44.584031002729624, 14.997981349605086, 47.80075866585492, 15.776259672799181, 12.519243005127324, 46.31461644276833, 28.895333477482968, 23.24645543812604, 0.0]];
