M = 99999999.0;
numWorkers = 30;
numRoles = 3;
numNodes = 80;
wStart = [30, 180, 30, 270, 60, 120, 30, 180, 150, 0, 90, 30, 270, 0, 30, 240, 90, 30, 30, 180, 120, 90, 150, 420, 30, 210, 60, 30, 30, 60, 60, 60, 330, 30, 90, 60, 90, 60, 120, 120, 180, 90, 270, 180, 330, 180, 270, 90, 90, 120, 270, 390, 420, 390, 480, 420, 420, 360, 390, 450, 420, 180, 420, 150, 450, 420, 420, 360, 150, 330, 480, 300, 390, 450, 480, 300, 90, 450, 390, 450];
wEnd = [30, 180, 30, 270, 60, 120, 30, 180, 150, 0, 90, 30, 270, 0, 30, 240, 90, 30, 30, 180, 120, 90, 150, 420, 30, 210, 60, 30, 30, 60, 300, 150, 420, 420, 420, 300, 450, 420, 180, 360, 270, 360, 360, 330, 420, 330, 360, 420, 450, 360, 270, 390, 420, 390, 480, 420, 420, 360, 390, 450, 420, 180, 420, 150, 450, 420, 420, 360, 150, 330, 480, 300, 390, 450, 480, 300, 90, 450, 390, 450];
p = [0, 0, 0, 0, 0, 0, 0, 0, 0, 0, 0, 0, 0, 0, 0, 0, 0, 0, 0, 0, 0, 0, 0, 0, 0, 0, 0, 0, 0, 0, 19.513714694512082, 67.81934174818103, 71.08741025549867, 16.569300872354113, 23.77785751603873, 24.54213756809024, 18.002903022207754, 26.487622748905885, 46.698349693464486, 50.10939586920952, 45.2009466683054, 50.867996869241104, 73.49089074260252, 24.651239354196633, 35.543705127749334, 12.325619677098317, 36.74544537130126, 11.888928758019365, 9.001451511103877, 25.05469793460476, 0, 0, 0, 0, 0, 0, 0, 0, 0, 0, 0, 0, 0, 0, 0, 0, 0, 0, 0, 0, 0, 0, 0, 0, 0, 0, 0, 0, 0, 0];
e = [[1, 1, 0], [0, 1, 1], [1, 1, 0], [1, 1, 0], [0, 1, 1], [1, 0, 1], [1, 0, 1], [0, 1, 1], [0, 1, 1], [0, 1, 1], [0, 1, 1], [0, 1, 1], [0, 1, 0], [0, 1, 0], [1, 1, 0], [1, 1, 0], [1, 1, 0], [1, 1, 0], [0, 1, 0], [1, 1, 0], [0, 1, 0], [0, 1, 0], [0, 1, 0], [0, 1, 1], [0, 0, 1], [1, 0, 0], [1, 0, 0], [0, 1, 0], [0, 0, 1], [0, 1, 0]];
d = [[0, 2, 1, 1, 0, 0, 1, 2, 1, 0, 0, 1, 0, 1, 2, 2, 0, 0, 2, 0], [1, 0, 0, 0, 1, 1, 0, 0, 0, 1, 1, 0, 1, 0, 0, 0, 2, 2, 0, 2], [1, 0, 2, 2, 1, 0, 2, 0, 2, 1, 0, 2, 1, 2, 4, 4, 2, 2, 4, 2]];
r = [4880, 1132, 3645, 3220, 2963, 679, 956, 2646, 1851, 1379, 2090, 2732, 3170, 3878, 3645, 3878, 3170, 2963, 956, 1379];
g = [[0, 0, 0, 0, 0, 0, 0, 0, 0, 0, 0, 0, 0, 0, 0, 0, 0, 0, 0, 0], [0, 0, 0, 0, 0, 0, 0, 0, 0, 0, 0, 0, 0, 0, 0, 0, 0, 0, 0, 0], [0, 0, 0, 0, 0, 0, 0, 0, 0, 0, 0, 0, 0, 0, 1, 0, 0, 0, 0, 0], [0, 0, 0, 0, 0, 0, 0, 0, 0, 0, 0, 0, 0, 0, 0, 0, 0, 0, 0, 0], [0, 0, 0, 0, 0, 0, 0, 0, 0, 0, 0, 0, 0, 0, 0, 0, 0, 1, 0, 0], [0, 0, 0, 0, 0, 0, 0, 0, 0, 0, 0, 0, 0, 0, 0, 0, 0, 0, 0, 0], [0, 0, 0, 0, 0, 0, 0, 0, 0, 0, 0, 0, 0, 0, 0, 0, 0, 0, 1, 0], [0, 0, 0, 0, 0, 0, 0, 0, 0, 0, 0, 0, 0, 0, 0, 0, 0, 0, 0, 0], [0, 0, 0, 0, 0, 0, 0, 0, 0, 0, 0, 0, 0, 0, 0, 0, 0, 0, 0, 0], [0, 0, 0, 0, 0, 0, 0, 0, 0, 0, 0, 0, 0, 0, 0, 0, 0, 0, 0, 1], [0, 0, 0, 0, 0, 0, 0, 0, 0, 0, 0, 0, 0, 0, 0, 0, 0, 0, 0, 0], [0, 0, 0, 0, 0, 0, 0, 0, 0, 0, 0, 0, 0, 0, 0, 0, 0, 0, 0, 0], [0, 0, 0, 0, 0, 0, 0, 0, 0, 0, 0, 0, 0, 0, 0, 0, 1, 0, 0, 0], [0, 0, 0, 0, 0, 0, 0, 0, 0, 0, 0, 0, 0, 0, 0, 1, 0, 0, 0, 0], [0, 0, 1, 0, 0, 0, 0, 0, 0, 0, 0, 0, 0, 0, 0, 0, 0, 0, 0, 0], [0, 0, 0, 0, 0, 0, 0, 0, 0, 0, 0, 0, 0, 1, 0, 0, 0, 0, 0, 0], [0, 0, 0, 0, 0, 0, 0, 0, 0, 0, 0, 0, 1, 0, 0, 0, 0, 0, 0, 0], [0, 0, 0, 0, 1, 0, 0, 0, 0, 0, 0, 0, 0, 0, 0, 0, 0, 0, 0, 0], [0, 0, 0, 0, 0, 0, 1, 0, 0, 0, 0, 0, 0, 0, 0, 0, 0, 0, 0, 0], [0, 0, 0, 0, 0, 0, 0, 0, 0, 1, 0, 0, 0, 0, 0, 0, 0, 0, 0, 0]];
t = [[0.0, 21.425602525396037, 21.601034523356887, 3.07880934468979, 11.214550047409377, 12.16853688842269, 1.4332517616279277, 26.86911420699688, 14.950067930774631, 11.641270885008938, 21.54109613624464, 19.177269331381975, 13.748517435319835, 8.144420360824068, 16.395807238709065, 6.3787628131477705, 22.2802738681784, 25.70820377784545, 21.956921983362555, 9.871068725428875, 19.917284365970556, 20.27189265604998, 23.29210911669278, 23.708556645309155, 15.426391743754928, 4.166007750009915, 15.748994630308262, 12.639342420040322, 5.376992509119557, 18.405190861433812, 13.38281545992248, 17.19959954263388, 15.124832546810508, 4.906020456722861, 6.574793225496925, 18.130029320964553, 12.687915441282271, 10.646356105597118, 18.26380953492065, 7.423462013428561, 21.353782790359265, 12.858513741638054, 16.500106384430218, 3.299848399760417, 15.124832546810508, 3.299848399760417, 16.500106384430218, 6.574793225496925, 12.687915441282271, 7.423462013428561, 0.0, 21.425602525396037, 21.601034523356887, 3.07880934468979, 11.214550047409377, 12.16853688842269, 1.4332517616279277, 26.86911420699688, 14.950067930774631, 11.641270885008938, 21.54109613624464, 19.177269331381975, 13.748517435319835, 8.144420360824068, 16.395807238709065, 6.3787628131477705, 22.2802738681784, 25.70820377784545, 21.956921983362555, 9.871068725428875, 19.917284365970556, 20.27189265604998, 23.29210911669278, 23.708556645309155, 15.426391743754928, 4.166007750009915, 15.748994630308262, 12.639342420040322, 5.376992509119557, 18.405190861433812], [21.425602525396037, 0.0, 0.4225691666434761, 18.92545417586694, 10.215770300579742, 12.407776964883903, 22.832174382736923, 6.1576830090915635, 7.844004258697575, 12.687643498642059, 2.6102913417115983, 21.272814578863635, 10.303370716162574, 16.55809833567989, 14.866457375785377, 21.01571115795757, 2.0092762658001355, 6.408609647078711, 0.6065934685733836, 16.807925107197143, 2.0126589692854138, 2.8986635777466305, 6.038611904415608, 3.2950330698045667, 9.162013507699521, 18.065564445823238, 8.410119805362914, 19.31032052261843, 18.46962803048748, 9.784796644055525, 12.61286677356836, 8.966198403820572, 10.79443309335371, 18.11045987654562, 16.703821076399546, 20.367004135649612, 15.990157091893124, 16.55090342644226, 5.96451370276185, 18.35365736573571, 21.77193650903052, 18.39313480235205, 19.423552950627506, 24.65629870382893, 10.79443309335371, 24.65629870382893, 19.423552950627506, 16.703821076399546, 15.990157091893124, 18.35365736573571, 21.425602525396037, 0.0, 0.4225691666434761, 18.92545417586694, 10.215770300579742, 12.407776964883903, 22.832174382736923, 6.1576830090915635, 7.844004258697575, 12.687643498642059, 2.6102913417115983, 21.272814578863635, 10.303370716162574, 16.55809833567989, 14.866457375785377, 21.01571115795757, 2.0092762658001355, 6.408609647078711, 0.6065934685733836, 16.807925107197143, 2.0126589692854138, 2.8986635777466305, 6.038611904415608, 3.2950330698045667, 9.162013507699521, 18.065564445823238, 8.410119805362914, 19.31032052261843, 18.46962803048748, 9.784796644055525], [21.601034523356887, 0.4225691666434761, 0.0, 19.134719737390586, 10.386538750191365, 12.747947595446995, 23.002614847817764, 5.814279799842161, 7.82681112904967, 13.018735830500072, 2.2343322914514476, 21.068859511844956, 10.654631875648956, 16.85427877215656, 14.687625902948731, 21.06965439504924, 1.5868346086427836, 5.995627764619955, 0.36842837369138326, 17.136534439191617, 2.398699368085047, 3.32071194840186, 5.62867713287402, 2.892937515626184, 9.540569390120588, 18.287997676898733, 8.31398216898007, 19.229385247156156, 18.555267995520456, 9.548892948172924, 12.979435803651342, 9.374386833882985, 10.675598596193382, 18.213615604825726, 16.96671524688421, 20.1765118758419, 16.35783114359752, 16.51875023905404, 6.3735382803722676, 18.390861608730365, 21.53095016856364, 18.305071561018227, 19.26019171553882, 24.82000165850253, 10.675598596193382, 24.82000165850253, 19.26019171553882, 16.96671524688421, 16.35783114359752, 18.390861608730365, 21.601034523356887, 0.4225691666434761, 0.0, 19.134719737390586, 10.386538750191365, 12.747947595446995, 23.002614847817764, 5.814279799842161, 7.82681112904967, 13.018735830500072, 2.2343322914514476, 21.068859511844956, 10.654631875648956, 16.85427877215656, 14.687625902948731, 21.06965439504924, 1.5868346086427836, 5.995627764619955, 0.36842837369138326, 17.136534439191617, 2.398699368085047, 3.32071194840186, 5.62867713287402, 2.892937515626184, 9.540569390120588, 18.287997676898733, 8.31398216898007, 19.229385247156156, 18.555267995520456, 9.548892948172924], [3.07880934468979, 18.92545417586694, 19.134719737390586, 0.0, 8.845828156548913, 9.09776228189919, 4.441629819942778, 24.59427364532965, 13.06568399873489, 8.570683522238316, 19.29154199049152, 19.744802033042387, 10.731363646090882, 5.1515048238743315, 15.990010838836575, 8.013476109449641, 19.94425270095399, 23.626886054388653, 19.48065414007226, 6.971984169294601, 17.305046983082093, 17.554185024351806, 21.354722040505354, 21.413835113071464, 12.421503343198042, 1.0875154425552342, 14.09638910714879, 13.329154528081249, 5.892391114471718, 17.09184983435766, 10.304014572929063, 14.171623730619626, 13.916354030723959, 5.10594168713976, 3.512686787213094, 18.628176886638812, 9.741191338169164, 10.682349009588743, 15.37591294236705, 8.004276243146757, 21.807710053552725, 13.323241649735037, 16.95183381721984, 6.275910535616286, 13.916354030723959, 6.275910535616286, 16.95183381721984, 3.512686787213094, 9.741191338169164, 8.004276243146757, 3.07880934468979, 18.92545417586694, 19.134719737390586, 0.0, 8.845828156548913, 9.09776228189919, 4.441629819942778, 24.59427364532965, 13.06568399873489, 8.570683522238316, 19.29154199049152, 19.744802033042387, 10.731363646090882, 5.1515048238743315, 15.990010838836575, 8.013476109449641, 19.94425270095399, 23.626886054388653, 19.48065414007226, 6.971984169294601, 17.305046983082093, 17.554185024351806, 21.354722040505354, 21.413835113071464, 12.421503343198042, 1.0875154425552342, 14.09638910714879, 13.329154528081249, 5.892391114471718, 17.09184983435766], [11.214550047409377, 10.215770300579742, 10.386538750191365, 8.845828156548913, 0.0, 6.27611247406778, 12.617245417415328, 15.750453638697424, 4.756886265125913, 6.079671432261448, 10.446091897780898, 17.029202874005016, 5.798023713403344, 7.948060645568486, 11.14623404106578, 11.54376295439523, 11.11074823928069, 14.823723640466556, 10.742861174377936, 9.121425054536576, 8.793932495989232, 9.326656595785211, 12.67140020833947, 12.571398710994997, 6.744908484090851, 8.100231101717505, 6.198996643401687, 12.319385556118288, 8.716250733113178, 9.661808607184588, 7.580586794098396, 8.46976975806409, 7.235410179919121, 8.195299796153833, 7.345529583278499, 15.879426385680617, 10.015373354691127, 8.90515312971854, 8.0771226150822, 9.23678621070061, 18.508189701125886, 11.681462718938683, 14.364293860621391, 14.440987248410147, 7.235410179919121, 14.440987248410147, 14.364293860621391, 7.345529583278499, 10.015373354691127, 9.23678621070061, 11.214550047409377, 10.215770300579742, 10.386538750191365, 8.845828156548913, 0.0, 6.27611247406778, 12.617245417415328, 15.750453638697424, 4.756886265125913, 6.079671432261448, 10.446091897780898, 17.029202874005016, 5.798023713403344, 7.948060645568486, 11.14623404106578, 11.54376295439523, 11.11074823928069, 14.823723640466556, 10.742861174377936, 9.121425054536576, 8.793932495989232, 9.326656595785211, 12.67140020833947, 12.571398710994997, 6.744908484090851, 8.100231101717505, 6.198996643401687, 12.319385556118288, 8.716250733113178, 9.661808607184588], [12.16853688842269, 12.407776964883903, 12.747947595446995, 9.09776228189919, 6.27611247406778, 0.0, 13.537405756478968, 18.56159738578814, 10.450431837531385, 0.5272736354552338, 13.82925313585872, 23.164996879860773, 2.163447101426759, 4.727201690774022, 17.418041300692288, 15.33385296228004, 14.041578229438056, 18.4116372398043, 13.01436629798201, 4.442944967412244, 10.43623150552819, 10.132327758338867, 16.9028008228653, 15.541490780422922, 3.7401897332904936, 8.012148534168201, 12.046842392489182, 17.94457844435392, 12.425246383427027, 15.531873713921403, 1.467029062642544, 5.244956911352686, 13.447207001743665, 11.637226753464354, 5.729123630272628, 22.0034794320877, 3.9804610318633777, 14.526673927024447, 7.22586673433139, 13.77893413591166, 24.730651732192957, 17.449802721295413, 20.433178690897144, 15.354149548244923, 13.447207001743665, 15.354149548244923, 20.433178690897144, 5.729123630272628, 3.9804610318633777, 13.77893413591166, 12.16853688842269, 12.407776964883903, 12.747947595446995, 9.09776228189919, 6.27611247406778, 0.0, 13.537405756478968, 18.56159738578814, 10.450431837531385, 0.5272736354552338, 13.82925313585872, 23.164996879860773, 2.163447101426759, 4.727201690774022, 17.418041300692288, 15.33385296228004, 14.041578229438056, 18.4116372398043, 13.01436629798201, 4.442944967412244, 10.43623150552819, 10.132327758338867, 16.9028008228653, 15.541490780422922, 3.7401897332904936, 8.012148534168201, 12.046842392489182, 17.94457844435392, 12.425246383427027, 15.531873713921403], [1.4332517616279277, 22.832174382736923, 23.002614847817764, 4.441629819942778, 12.617245417415328, 13.537405756478968, 0.0, 28.233374421252417, 16.25399909728567, 13.010535674259359, 22.905588821461865, 19.612770977915236, 15.154953465540451, 9.384565242829977, 17.252770559000403, 6.558131715681507, 23.6599648543049, 27.032446765604323, 23.359729964803496, 11.033148847013825, 21.33835774167741, 21.701686449241357, 24.58619977962867, 25.07933559062565, 16.837572935913368, 5.525450598964108, 16.994966221567875, 13.097012595665895, 6.183801988191734, 19.546655297283937, 14.722273454375477, 18.602271415753673, 16.25465487177226, 5.866301972193067, 7.886687226581334, 18.605543430384206, 13.866456546846571, 11.418976317479505, 19.694918262654916, 8.07990763686636, 21.824804537832737, 13.41299477146384, 17.011878771623834, 1.8671364734251, 16.25465487177226, 1.8671364734251, 17.011878771623834, 7.886687226581334, 13.866456546846571, 8.07990763686636, 1.4332517616279277, 22.832174382736923, 23.002614847817764, 4.441629819942778, 12.617245417415328, 13.537405756478968, 0.0, 28.233374421252417, 16.25399909728567, 13.010535674259359, 22.905588821461865, 19.612770977915236, 15.154953465540451, 9.384565242829977, 17.252770559000403, 6.558131715681507, 23.6599648543049, 27.032446765604323, 23.359729964803496, 11.033148847013825, 21.33835774167741, 21.701686449241357, 24.58619977962867, 25.07933559062565, 16.837572935913368, 5.525450598964108, 16.994966221567875, 13.097012595665895, 6.183801988191734, 19.546655297283937], [26.86911420699688, 6.1576830090915635, 5.814279799842161, 24.59427364532965, 15.750453638697424, 18.56159738578814, 28.233374421252417, 0.0, 12.191370776975678, 18.832410193287256, 5.328127700944424, 22.66811798599951, 16.461051509445777, 22.62489806505716, 16.93036992233397, 25.499193107674525, 4.676265055599704, 2.4810224483078906, 5.551615590818354, 22.94897384053153, 8.15503260222779, 8.762283087610165, 4.965037621758482, 3.181874692004679, 15.288012112395252, 23.81206414150476, 11.997697052319129, 22.4288197068174, 23.267426357427404, 11.516753652251698, 18.75957017773949, 14.920592804500917, 13.90891492202454, 23.05559549458317, 22.649647922895568, 21.999404381305915, 22.133640116560667, 20.294672530431516, 11.948320525559975, 22.72971000885122, 22.548610445485487, 21.456407078723455, 21.48261507692517, 30.0, 13.90891492202454, 30.0, 21.48261507692517, 22.649647922895568, 22.133640116560667, 22.72971000885122, 26.86911420699688, 6.1576830090915635, 5.814279799842161, 24.59427364532965, 15.750453638697424, 18.56159738578814, 28.233374421252417, 0.0, 12.191370776975678, 18.832410193287256, 5.328127700944424, 22.66811798599951, 16.461051509445777, 22.62489806505716, 16.93036992233397, 25.499193107674525, 4.676265055599704, 2.4810224483078906, 5.551615590818354, 22.94897384053153, 8.15503260222779, 8.762283087610165, 4.965037621758482, 3.181874692004679, 15.288012112395252, 23.81206414150476, 11.997697052319129, 22.4288197068174, 23.267426357427404, 11.516753652251698], [14.950067930774631, 7.844004258697575, 7.82681112904967, 13.06568399873489, 4.756886265125913, 10.450431837531385, 16.25399909728567, 12.191370776975678, 0.0, 10.390782031700159, 6.9706116831156395, 14.587732977740764, 9.248763619972188, 12.704187375414952, 8.133153852481865, 13.385079720202228, 7.921451458216569, 10.793420408057445, 8.189108971584695, 13.813051381652421, 7.3153801886659755, 8.401737672886659, 8.344051213424308, 9.159523998287296, 9.439464075709484, 12.487145709262487, 1.614476819393861, 11.587373857470908, 11.076151930429297, 5.08145627082457, 11.512268454815548, 10.675740218796145, 3.6619374070910187, 10.87831715502377, 12.04735373090288, 13.535836207148574, 14.392396035723786, 8.710270871526628, 8.8867065067295, 10.651121852676816, 15.616138504777267, 10.708849974930958, 12.307075662758734, 17.956658827232538, 3.6619374070910187, 17.956658827232538, 12.307075662758734, 12.04735373090288, 14.392396035723786, 10.651121852676816, 14.950067930774631, 7.844004258697575, 7.82681112904967, 13.06568399873489, 4.756886265125913, 10.450431837531385, 16.25399909728567, 12.191370776975678, 0.0, 10.390782031700159, 6.9706116831156395, 14.587732977740764, 9.248763619972188, 12.704187375414952, 8.133153852481865, 13.385079720202228, 7.921451458216569, 10.793420408057445, 8.189108971584695, 13.813051381652421, 7.3153801886659755, 8.401737672886659, 8.344051213424308, 9.159523998287296, 9.439464075709484, 12.487145709262487, 1.614476819393861, 11.587373857470908, 11.076151930429297, 5.08145627082457], [11.641270885008938, 12.687643498642059, 13.018735830500072, 8.570683522238316, 6.079671432261448, 0.5272736354552338, 13.010535674259359, 18.832410193287256, 10.390782031700159, 0.0, 14.030614580262736, 22.87042678503858, 2.553687084562624, 4.257400293333794, 17.194916351807965, 14.850257409075668, 14.280208411618034, 18.620021617400393, 13.293787687057016, 4.1215440041880065, 10.733044941061642, 10.480524008006578, 17.047115665816314, 15.786481434650396, 4.188656096023776, 7.485199537980314, 11.974188547075514, 17.571830589352587, 11.949161362731719, 15.467412816953912, 1.9199249413701807, 5.743518290574759, 13.292676390507875, 11.155088877225785, 5.209674416717744, 21.706647516473716, 4.002128095985872, 14.163184050790413, 7.631518966630686, 13.335707219388791, 24.466415582927905, 17.095515410302287, 20.124387380556982, 14.828146842568755, 13.292676390507875, 14.828146842568755, 20.124387380556982, 5.209674416717744, 4.002128095985872, 13.335707219388791, 11.641270885008938, 12.687643498642059, 13.018735830500072, 8.570683522238316, 6.079671432261448, 0.5272736354552338, 13.010535674259359, 18.832410193287256, 10.390782031700159, 0.0, 14.030614580262736, 22.87042678503858, 2.553687084562624, 4.257400293333794, 17.194916351807965, 14.850257409075668, 14.280208411618034, 18.620021617400393, 13.293787687057016, 4.1215440041880065, 10.733044941061642, 10.480524008006578, 17.047115665816314, 15.786481434650396, 4.188656096023776, 7.485199537980314, 11.974188547075514, 17.571830589352587, 11.949161362731719, 15.467412816953912], [21.54109613624464, 2.6102913417115983, 2.2343322914514476, 19.29154199049152, 10.446091897780898, 13.82925313585872, 22.905588821461865, 5.328127700944424, 6.9706116831156395, 14.030614580262736, 0.0, 19.21283696671835, 11.84764136882431, 17.582663863287173, 12.951092485772751, 20.351997129566893, 1.1166404472713625, 4.592291633023191, 2.3834483482827387, 18.090781111568297, 4.1753577540640805, 5.345659278604601, 3.5180684936352766, 2.197373069732131, 10.965889975013148, 18.531359312504655, 7.043013291861063, 17.87635588563655, 18.021006334572277, 7.638536290103051, 14.262180019607202, 11.086284317003154, 9.23857226642237, 17.77586850162767, 17.474621465137897, 18.37143885916768, 17.62212593860337, 15.409985318784704, 8.138689504724212, 17.60695273729893, 19.550084088002627, 16.925817475106687, 17.561242920328088, 24.674979453811325, 9.23857226642237, 24.674979453811325, 17.561242920328088, 17.474621465137897, 17.62212593860337, 17.60695273729893, 21.54109613624464, 2.6102913417115983, 2.2343322914514476, 19.29154199049152, 10.446091897780898, 13.82925313585872, 22.905588821461865, 5.328127700944424, 6.9706116831156395, 14.030614580262736, 0.0, 19.21283696671835, 11.84764136882431, 17.582663863287173, 12.951092485772751, 20.351997129566893, 1.1166404472713625, 4.592291633023191, 2.3834483482827387, 18.090781111568297, 4.1753577540640805, 5.345659278604601, 3.5180684936352766, 2.197373069732131, 10.965889975013148, 18.531359312504655, 7.043013291861063, 17.87635588563655, 18.021006334572277, 7.638536290103051], [19.177269331381975, 21.272814578863635, 21.068859511844956, 19.744802033042387, 17.029202874005016, 23.164996879860773, 19.612770977915236, 22.66811798599951, 14.587732977740764, 22.87042678503858, 19.21283696671835, 0.0, 22.803867700141296, 22.90685389095991, 6.50206559047983, 13.112861251811358, 20.323432045809316, 20.28409246133722, 21.35929711551489, 24.704065714751877, 21.473128608412704, 22.706886910631084, 17.72224237467243, 20.80308984855684, 23.51084551117414, 20.025522769720528, 13.316293865965864, 6.53797375945704, 13.976154118792097, 11.574470253754521, 24.550592161727476, 25.007158363146562, 10.942716364805461, 14.681288520298988, 21.37524019158213, 1.1684958407338777, 26.490914902855415, 9.192753519033982, 23.469905898434455, 11.838209587823437, 2.25962004594913, 6.42194888130119, 2.829721935741318, 20.255816532974567, 10.942716364805461, 20.255816532974567, 2.829721935741318, 21.37524019158213, 26.490914902855415, 11.838209587823437, 19.177269331381975, 21.272814578863635, 21.068859511844956, 19.744802033042387, 17.029202874005016, 23.164996879860773, 19.612770977915236, 22.66811798599951, 14.587732977740764, 22.87042678503858, 19.21283696671835, 0.0, 22.803867700141296, 22.90685389095991, 6.50206559047983, 13.112861251811358, 20.323432045809316, 20.28409246133722, 21.35929711551489, 24.704065714751877, 21.473128608412704, 22.706886910631084, 17.72224237467243, 20.80308984855684, 23.51084551117414, 20.025522769720528, 13.316293865965864, 6.53797375945704, 13.976154118792097, 11.574470253754521], [13.748517435319835, 10.303370716162574, 10.654631875648956, 10.731363646090882, 5.798023713403344, 2.163447101426759, 15.154953465540451, 16.461051509445777, 9.248763619972188, 2.553687084562624, 11.84764136882431, 22.803867700141296, 0.0, 6.788960647858123, 16.766986867080792, 16.20674781488956, 11.993034236930113, 16.405805594323876, 10.909491676524143, 6.60448777088185, 8.31551706058424, 7.972693704299778, 15.031130465329397, 13.479988301424846, 1.702650496576221, 9.66774313365399, 10.862895848309805, 18.030240384373666, 13.26480558800592, 14.276932030977461, 2.4501276158566334, 3.4558483279862497, 12.554485438989998, 12.539294530292985, 7.563784910614047, 21.659761292553135, 5.776127731034143, 14.596045528872839, 5.077888336093515, 14.351106636990696, 24.217861217795594, 17.436599206853575, 20.15848239385353, 17.00392551007126, 12.554485438989998, 17.00392551007126, 20.15848239385353, 7.563784910614047, 5.776127731034143, 14.351106636990696, 13.748517435319835, 10.303370716162574, 10.654631875648956, 10.731363646090882, 5.798023713403344, 2.163447101426759, 15.154953465540451, 16.461051509445777, 9.248763619972188, 2.553687084562624, 11.84764136882431, 22.803867700141296, 0.0, 6.788960647858123, 16.766986867080792, 16.20674781488956, 11.993034236930113, 16.405805594323876, 10.909491676524143, 6.60448777088185, 8.31551706058424, 7.972693704299778, 15.031130465329397, 13.479988301424846, 1.702650496576221, 9.66774313365399, 10.862895848309805, 18.030240384373666, 13.26480558800592, 14.276932030977461], [8.144420360824068, 16.55809833567989, 16.85427877215656, 5.1515048238743315, 7.948060645568486, 4.727201690774022, 9.384565242829977, 22.62489806505716, 12.704187375414952, 4.257400293333794, 17.582663863287173, 22.90685389095991, 6.788960647858123, 0.0, 18.023324702344986, 12.7123630151721, 17.982144092769015, 22.153441765286427, 17.157044523971443, 1.9409954244590437, 14.67867750265949, 14.571858023383587, 20.295780977831168, 19.49891929719321, 8.445585894009612, 4.1363884562520274, 14.125541116762182, 16.91527658864368, 10.095338809281245, 17.544222234791413, 5.58322299348712, 9.960283301523127, 14.816609772429086, 9.240555345261802, 1.7681135088663453, 21.744351157374513, 4.597514712797118, 13.749517119256833, 11.848532925101258, 11.942060281610035, 24.76275037357725, 16.662812214951032, 20.07999556364052, 11.096288107306615, 14.816609772429086, 11.096288107306615, 20.07999556364052, 1.7681135088663453, 4.597514712797118, 11.942060281610035, 8.144420360824068, 16.55809833567989, 16.85427877215656, 5.1515048238743315, 7.948060645568486, 4.727201690774022, 9.384565242829977, 22.62489806505716, 12.704187375414952, 4.257400293333794, 17.582663863287173, 22.90685389095991, 6.788960647858123, 0.0, 18.023324702344986, 12.7123630151721, 17.982144092769015, 22.153441765286427, 17.157044523971443, 1.9409954244590437, 14.67867750265949, 14.571858023383587, 20.295780977831168, 19.49891929719321, 8.445585894009612, 4.1363884562520274, 14.125541116762182, 16.91527658864368, 10.095338809281245, 17.544222234791413], [16.395807238709065, 14.866457375785377, 14.687625902948731, 15.990010838836575, 11.14623404106578, 17.418041300692288, 17.252770559000403, 16.93036992233397, 8.133153852481865, 17.194916351807965, 12.951092485772751, 6.50206559047983, 16.766986867080792, 18.023324702344986, 0.0, 11.657876377979374, 14.06772468705474, 14.701299241030037, 14.993725683320553, 19.64094774082899, 14.982523602356881, 16.208559144242784, 11.987006024771118, 14.713380522694319, 17.300551902809943, 15.955991792155963, 6.816458377534156, 6.090295642982664, 11.071428606008602, 5.4368048299691365, 18.720944184483358, 18.70070351608402, 4.471636011892904, 11.491826382479323, 16.728713957163638, 5.520643577139593, 21.035651982357606, 5.878366267600007, 17.01775257550703, 9.278406408552483, 7.514877525783796, 5.165042817341843, 4.615042265373798, 18.426147853235733, 4.471636011892904, 18.426147853235733, 4.615042265373798, 16.728713957163638, 21.035651982357606, 9.278406408552483, 16.395807238709065, 14.866457375785377, 14.687625902948731, 15.990010838836575, 11.14623404106578, 17.418041300692288, 17.252770559000403, 16.93036992233397, 8.133153852481865, 17.194916351807965, 12.951092485772751, 6.50206559047983, 16.766986867080792, 18.023324702344986, 0.0, 11.657876377979374, 14.06772468705474, 14.701299241030037, 14.993725683320553, 19.64094774082899, 14.982523602356881, 16.208559144242784, 11.987006024771118, 14.713380522694319, 17.300551902809943, 15.955991792155963, 6.816458377534156, 6.090295642982664, 11.071428606008602, 5.4368048299691365], [6.3787628131477705, 21.01571115795757, 21.06965439504924, 8.013476109449641, 11.54376295439523, 15.33385296228004, 6.558131715681507, 25.499193107674525, 13.385079720202228, 14.850257409075668, 20.351997129566893, 13.112861251811358, 16.20674781488956, 12.7123630151721, 11.657876377979374, 0.0, 21.30281224520884, 23.844861943876307, 21.437858295587084, 14.647262008119412, 19.987789179483205, 20.719736832882216, 21.168997349801145, 22.53337687228095, 17.657381329296335, 8.757206656220434, 13.53110517886767, 6.670674568040019, 2.9421310794865603, 15.18169610776759, 16.768417224010204, 19.500606554632274, 12.011090363764415, 3.697119553527287, 10.94449342741026, 12.1459581105182, 17.205185601576492, 5.8971729675924225, 19.59828803398684, 2.783118633831662, 15.3470175825647, 7.136839393239936, 10.606344650375645, 7.1639088863535285, 12.011090363764415, 7.1639088863535285, 10.606344650375645, 10.94449342741026, 17.205185601576492, 2.783118633831662, 6.3787628131477705, 21.01571115795757, 21.06965439504924, 8.013476109449641, 11.54376295439523, 15.33385296228004, 6.558131715681507, 25.499193107674525, 13.385079720202228, 14.850257409075668, 20.351997129566893, 13.112861251811358, 16.20674781488956, 12.7123630151721, 11.657876377979374, 0.0, 21.30281224520884, 23.844861943876307, 21.437858295587084, 14.647262008119412, 19.987789179483205, 20.719736832882216, 21.168997349801145, 22.53337687228095, 17.657381329296335, 8.757206656220434, 13.53110517886767, 6.670674568040019, 2.9421310794865603, 15.18169610776759], [22.2802738681784, 2.0092762658001355, 1.5868346086427836, 19.94425270095399, 11.11074823928069, 14.041578229438056, 23.6599648543049, 4.676265055599704, 7.921451458216569, 14.280208411618034, 1.1166404472713625, 20.323432045809316, 11.993034236930113, 17.982144092769015, 14.06772468705474, 21.30281224520884, 0.0, 4.474540840730557, 1.5761423710977545, 18.37891417029253, 3.9059305306797607, 4.904604549234795, 4.097874649260804, 1.516812104423894, 10.973739797436412, 19.147778836830057, 8.09698545500472, 18.962850847665585, 18.915565673974285, 8.74904308341828, 14.363535919967683, 10.906957966300983, 10.328402648386207, 18.63986880320075, 17.975794743037984, 19.485929465415285, 17.74015914557489, 16.450528886964367, 7.913162924755415, 18.57251744820654, 20.640685198679442, 18.01550633360639, 18.67771155477784, 25.44844955900834, 10.328402648386207, 25.44844955900834, 18.67771155477784, 17.975794743037984, 17.74015914557489, 18.57251744820654, 22.2802738681784, 2.0092762658001355, 1.5868346086427836, 19.94425270095399, 11.11074823928069, 14.041578229438056, 23.6599648543049, 4.676265055599704, 7.921451458216569, 14.280208411618034, 1.1166404472713625, 20.323432045809316, 11.993034236930113, 17.982144092769015, 14.06772468705474, 21.30281224520884, 0.0, 4.474540840730557, 1.5761423710977545, 18.37891417029253, 3.9059305306797607, 4.904604549234795, 4.097874649260804, 1.516812104423894, 10.973739797436412, 19.147778836830057, 8.09698545500472, 18.962850847665585, 18.915565673974285, 8.74904308341828], [25.70820377784545, 6.408609647078711, 5.995627764619955, 23.626886054388653, 14.823723640466556, 18.4116372398043, 27.032446765604323, 2.4810224483078906, 10.793420408057445, 18.620021617400393, 4.592291633023191, 20.28409246133722, 16.405805594323876, 22.153441765286427, 14.701299241030037, 23.844861943876307, 4.474540840730557, 0.0, 5.864093923137504, 22.68304838356174, 8.37222667334516, 9.283875180504069, 2.7572728384321525, 3.1384702558141093, 15.439132434687528, 22.92150712164648, 10.327495012250784, 20.363301684420982, 21.776413748655564, 9.3548624892789, 18.800933170776652, 15.367777547226764, 12.004625702958231, 21.639621447643147, 21.98728843116326, 19.64943777710184, 22.171713038446313, 18.435165639037127, 12.368227667301333, 21.062281153254172, 20.105471372779007, 19.387456970841292, 19.202162748968938, 28.74828145357877, 12.004625702958231, 28.74828145357877, 19.202162748968938, 21.98728843116326, 22.171713038446313, 21.062281153254172, 25.70820377784545, 6.408609647078711, 5.995627764619955, 23.626886054388653, 14.823723640466556, 18.4116372398043, 27.032446765604323, 2.4810224483078906, 10.793420408057445, 18.620021617400393, 4.592291633023191, 20.28409246133722, 16.405805594323876, 22.153441765286427, 14.701299241030037, 23.844861943876307, 4.474540840730557, 0.0, 5.864093923137504, 22.68304838356174, 8.37222667334516, 9.283875180504069, 2.7572728384321525, 3.1384702558141093, 15.439132434687528, 22.92150712164648, 10.327495012250784, 20.363301684420982, 21.776413748655564, 9.3548624892789], [21.956921983362555, 0.6065934685733836, 0.36842837369138326, 19.48065414007226, 10.742861174377936, 13.01436629798201, 23.359729964803496, 5.551615590818354, 8.189108971584695, 13.293787687057016, 2.3834483482827387, 21.35929711551489, 10.909491676524143, 17.157044523971443, 14.993725683320553, 21.437858295587084, 1.5761423710977545, 5.864093923137504, 0.0, 17.413888860114124, 2.6115701431928913, 3.4199116254021398, 5.670364869685895, 2.732932513788141, 9.760329993378868, 18.629146062769085, 8.657467815211406, 19.575244679272835, 18.923376695265592, 9.822358926263535, 13.21580754200287, 9.533498603374428, 11.010160648239157, 18.580749253457462, 17.289532688698525, 20.475041287585437, 16.59258351176077, 16.87713652618943, 6.5319701620761395, 18.758313091854525, 21.796453419428772, 18.64880303818076, 19.573321736692563, 25.1786600286812, 11.010160648239157, 25.1786600286812, 19.573321736692563, 17.289532688698525, 16.59258351176077, 18.758313091854525, 21.956921983362555, 0.6065934685733836, 0.36842837369138326, 19.48065414007226, 10.742861174377936, 13.01436629798201, 23.359729964803496, 5.551615590818354, 8.189108971584695, 13.293787687057016, 2.3834483482827387, 21.35929711551489, 10.909491676524143, 17.157044523971443, 14.993725683320553, 21.437858295587084, 1.5761423710977545, 5.864093923137504, 0.0, 17.413888860114124, 2.6115701431928913, 3.4199116254021398, 5.670364869685895, 2.732932513788141, 9.760329993378868, 18.629146062769085, 8.657467815211406, 19.575244679272835, 18.923376695265592, 9.822358926263535], [9.871068725428875, 16.807925107197143, 17.136534439191617, 6.971984169294601, 9.121425054536576, 4.442944967412244, 11.033148847013825, 22.94897384053153, 13.813051381652421, 4.1215440041880065, 18.090781111568297, 24.704065714751877, 6.60448777088185, 1.9409954244590437, 19.64094774082899, 14.647262008119412, 18.37891417029253, 22.68304838356174, 17.413888860114124, 0.0, 14.854350982328183, 14.575269249421378, 21.0061880082183, 19.889097982355853, 8.105051581639351, 6.005617545350148, 15.311206348823625, 18.793081695184416, 12.035413661461233, 18.78307318520197, 4.788772099044466, 9.364759782708196, 16.221498859540453, 11.180718256097192, 3.7044351204573376, 23.538395178751692, 2.836501306596296, 15.582544207933173, 11.637306961592675, 13.868440941499165, 26.518272578721113, 18.511920490176724, 21.882840212161575, 12.662845785086784, 16.221498859540453, 12.662845785086784, 21.882840212161575, 3.7044351204573376, 2.836501306596296, 13.868440941499165, 9.871068725428875, 16.807925107197143, 17.136534439191617, 6.971984169294601, 9.121425054536576, 4.442944967412244, 11.033148847013825, 22.94897384053153, 13.813051381652421, 4.1215440041880065, 18.090781111568297, 24.704065714751877, 6.60448777088185, 1.9409954244590437, 19.64094774082899, 14.647262008119412, 18.37891417029253, 22.68304838356174, 17.413888860114124, 0.0, 14.854350982328183, 14.575269249421378, 21.0061880082183, 19.889097982355853, 8.105051581639351, 6.005617545350148, 15.311206348823625, 18.793081695184416, 12.035413661461233, 18.78307318520197], [19.917284365970556, 2.0126589692854138, 2.398699368085047, 17.305046983082093, 8.793932495989232, 10.43623150552819, 21.33835774167741, 8.15503260222779, 7.3153801886659755, 10.733044941061642, 4.1753577540640805, 21.473128608412704, 8.31551706058424, 14.67867750265949, 14.982523602356881, 19.987789179483205, 3.9059305306797607, 8.37222667334516, 2.6115701431928913, 14.854350982328183, 0.0, 1.3175810473363863, 7.691964100853603, 5.290178580270467, 7.149508467132993, 16.403131929864827, 8.238229033902055, 18.900812533855976, 17.321438939928008, 10.281208642071611, 10.605949990879413, 7.001078224788142, 10.669056719860908, 16.89246219813807, 14.916755966134087, 20.500725015212318, 13.981949069762463, 15.932430216627107, 4.010218203787592, 17.411285676498807, 22.172319337300145, 18.024063597539698, 19.421802360402317, 23.182864313676053, 10.669056719860908, 23.182864313676053, 19.421802360402317, 14.916755966134087, 13.981949069762463, 17.411285676498807, 19.917284365970556, 2.0126589692854138, 2.398699368085047, 17.305046983082093, 8.793932495989232, 10.43623150552819, 21.33835774167741, 8.15503260222779, 7.3153801886659755, 10.733044941061642, 4.1753577540640805, 21.473128608412704, 8.31551706058424, 14.67867750265949, 14.982523602356881, 19.987789179483205, 3.9059305306797607, 8.37222667334516, 2.6115701431928913, 14.854350982328183, 0.0, 1.3175810473363863, 7.691964100853603, 5.290178580270467, 7.149508467132993, 16.403131929864827, 8.238229033902055, 18.900812533855976, 17.321438939928008, 10.281208642071611], [20.27189265604998, 2.8986635777466305, 3.32071194840186, 17.554185024351806, 9.326656595785211, 10.132327758338867, 21.701686449241357, 8.762283087610165, 8.401737672886659, 10.480524008006578, 5.345659278604601, 22.706886910631084, 7.972693704299778, 14.571858023383587, 16.208559144242784, 20.719736832882216, 4.904604549234795, 9.283875180504069, 3.4199116254021398, 14.575269249421378, 1.3175810473363863, 0.0, 8.855311508397069, 6.149688026627081, 6.617487198889245, 16.60844784738469, 9.426665711300174, 19.951341647457898, 17.98471921118563, 11.581883808505896, 10.123636603730967, 6.1649307384092, 11.85115831809502, 17.507810911223455, 14.964959232254994, 21.72029924631741, 13.467955185053235, 16.90456328153586, 3.1867388738641313, 18.206651939030316, 23.44455858164566, 19.093026145352766, 20.608109886343083, 23.559596421579293, 11.85115831809502, 23.559596421579293, 20.608109886343083, 14.964959232254994, 13.467955185053235, 18.206651939030316, 20.27189265604998, 2.8986635777466305, 3.32071194840186, 17.554185024351806, 9.326656595785211, 10.132327758338867, 21.701686449241357, 8.762283087610165, 8.401737672886659, 10.480524008006578, 5.345659278604601, 22.706886910631084, 7.972693704299778, 14.571858023383587, 16.208559144242784, 20.719736832882216, 4.904604549234795, 9.283875180504069, 3.4199116254021398, 14.575269249421378, 1.3175810473363863, 0.0, 8.855311508397069, 6.149688026627081, 6.617487198889245, 16.60844784738469, 9.426665711300174, 19.951341647457898, 17.98471921118563, 11.581883808505896], [23.29210911669278, 6.038611904415608, 5.62867713287402, 21.354722040505354, 12.67140020833947, 16.9028008228653, 24.58619977962867, 4.965037621758482, 8.344051213424308, 17.047115665816314, 3.5180684936352766, 17.72224237467243, 15.031130465329397, 20.295780977831168, 11.987006024771118, 21.168997349801145, 4.097874649260804, 2.7572728384321525, 5.670364869685895, 21.0061880082183, 7.691964100853603, 8.855311508397069, 0.0, 3.600115564056704, 14.301346699315628, 20.711231303542, 7.703418775242428, 17.607435485689354, 19.179813978634886, 6.608647458844022, 17.47531427625855, 14.548909692386843, 9.26890485592894, 19.08380037858153, 19.966949468708666, 17.038241601177926, 20.792827983032236, 15.700121556989071, 11.631281770801062, 18.38607702064187, 17.683360169106226, 16.63170055423648, 16.522441652912914, 26.265990501291686, 9.26890485592894, 26.265990501291686, 16.522441652912914, 19.966949468708666, 20.792827983032236, 18.38607702064187, 23.29210911669278, 6.038611904415608, 5.62867713287402, 21.354722040505354, 12.67140020833947, 16.9028008228653, 24.58619977962867, 4.965037621758482, 8.344051213424308, 17.047115665816314, 3.5180684936352766, 17.72224237467243, 15.031130465329397, 20.295780977831168, 11.987006024771118, 21.168997349801145, 4.097874649260804, 2.7572728384321525, 5.670364869685895, 21.0061880082183, 7.691964100853603, 8.855311508397069, 0.0, 3.600115564056704, 14.301346699315628, 20.711231303542, 7.703418775242428, 17.607435485689354, 19.179813978634886, 6.608647458844022], [23.708556645309155, 3.2950330698045667, 2.892937515626184, 21.413835113071464, 12.571398710994997, 15.541490780422922, 25.07933559062565, 3.181874692004679, 9.159523998287296, 15.786481434650396, 2.197373069732131, 20.80308984855684, 13.479988301424846, 19.49891929719321, 14.713380522694319, 22.53337687228095, 1.516812104423894, 3.1384702558141093, 2.732932513788141, 19.889097982355853, 5.290178580270467, 6.149688026627081, 3.600115564056704, 0.0, 12.418517565012374, 20.630208090433538, 9.148824740169244, 19.875159058806272, 20.217294258784868, 9.296825090225152, 15.834848853450898, 12.260506148202708, 11.249206821900511, 19.973089436860544, 19.48480658807949, 20.025415889361806, 19.21330832365462, 17.51603674642088, 9.258618395972963, 19.781996431045975, 20.961391993905085, 18.91467617572841, 19.325398575033933, 26.855698532267233, 11.249206821900511, 26.855698532267233, 19.325398575033933, 19.48480658807949, 19.21330832365462, 19.781996431045975, 23.708556645309155, 3.2950330698045667, 2.892937515626184, 21.413835113071464, 12.571398710994997, 15.541490780422922, 25.07933559062565, 3.181874692004679, 9.159523998287296, 15.786481434650396, 2.197373069732131, 20.80308984855684, 13.479988301424846, 19.49891929719321, 14.713380522694319, 22.53337687228095, 1.516812104423894, 3.1384702558141093, 2.732932513788141, 19.889097982355853, 5.290178580270467, 6.149688026627081, 3.600115564056704, 0.0, 12.418517565012374, 20.630208090433538, 9.148824740169244, 19.8751