M = 99999999.0;
numWorkers = 15;
numRoles = 5;
numNodes = 40;
wStart = [60, 150, 60, 90, 60, 30, 60, 180, 270, 60, 60, 30, 0, 30, 90, 180, 30, 90, 90, 60, 330, 60, 180, 270, 180, 300, 270, 180, 300, 420, 240, 150, 360, 390, 120, 150, 420, 90, 180, 450];
wEnd = [60, 150, 60, 90, 60, 30, 60, 180, 270, 60, 60, 30, 0, 30, 90, 330, 360, 360, 420, 390, 420, 360, 420, 360, 450, 300, 270, 180, 300, 420, 240, 150, 360, 390, 120, 150, 420, 90, 180, 450];
p = [0, 0, 0, 0, 0, 0, 0, 0, 0, 0, 0, 0, 0, 0, 0, 52.705727018382525, 23.967427131017388, 61.151438996973916, 27.190194010293087, 35.637942185774996, 56.525618644817904, 53.458910593627095, 48.58370622566046, 19.221579189513346, 66.67209994778577, 0, 0, 0, 0, 0, 0, 0, 0, 0, 0, 0, 0, 0, 0, 0];
e = [[0, 1, 0, 0, 0], [1, 1, 0, 0, 0], [0, 1, 0, 1, 0], [0, 0, 0, 1, 0], [0, 0, 0, 0, 1], [1, 0, 0, 0, 0], [0, 0, 1, 0, 0], [0, 0, 0, 0, 1], [0, 1, 0, 0, 0], [1, 0, 0, 0, 0], [0, 0, 0, 0, 1], [0, 0, 1, 0, 0], [1, 0, 0, 0, 0], [0, 0, 1, 0, 0], [0, 0, 0, 1, 0]];
d = [[1, 1, 1, 1, 1, 1, 1, 2, 2, 1], [0, 0, 1, 1, 1, 1, 0, 2, 2, 0], [1, 1, 3, 3, 3, 3, 1, 0, 0, 1], [0, 0, 0, 0, 0, 0, 0, 0, 0, 0], [1, 1, 0, 0, 0, 0, 1, 0, 0, 1]];
r = [3156, 669, 1416, 4346, 3419, 919, 1553, 3541, 2946, 835];
g = [[0, 0, 0, 0, 0, 0, 0, 0, 0, 0], [0, 0, 0, 0, 0, 0, 0, 0, 0, 0], [0, 0, 0, 0, 0, 0, 0, 0, 0, 0], [0, 0, 0, 0, 0, 0, 0, 0, 0, 0], [0, 0, 0, 0, 0, 0, 0, 0, 0, 0], [0, 0, 0, 0, 0, 0, 0, 0, 0, 0], [0, 0, 0, 0, 0, 0, 0, 0, 0, 0], [0, 0, 0, 0, 0, 0, 0, 0, 0, 0], [0, 0, 0, 0, 0, 0, 0, 0, 0, 0], [0, 0, 0, 0, 0, 0, 0, 0, 0, 0]];
t = [[0.0, 36.31310897157052, 29.779307488773178, 11.440657908705838, 48.32235997359668, 6.312542623591875, 4.119188320034304, 37.56171034723638, 25.6688060148798, 20.898599550515485, 39.575552763039745, 11.845762945541416, 31.15249801768787, 42.32671872625042, 39.60319574332263, 10.798188018637017, 35.896944143671426, 26.503629001082285, 3.1696034899586953, 26.545372167394387, 45.234649664438514, 7.687831149006213, 24.893606821537258, 22.04359168414395, 10.691724371030512, 0.0, 36.31310897157052, 29.779307488773178, 11.440657908705838, 48.32235997359668, 6.312542623591875, 4.119188320034304, 37.56171034723638, 25.6688060148798, 20.898599550515485, 39.575552763039745, 11.845762945541416, 31.15249801768787, 42.32671872625042, 39.60319574332263], [36.31310897157052, 0.0, 22.18012687390226, 32.915521874851734, 31.004575618210886, 41.823175778325776, 32.196470225838496, 36.443957314359814, 14.84273412052017, 34.688728647990935, 12.86949467791233, 44.76742417046307, 5.160612096430311, 21.293864403381697, 8.669049143443397, 32.394169012853574, 38.38642182702984, 16.74529562112343, 38.975095278882556, 47.52027498819305, 20.410807827149192, 28.737736386290713, 43.188538494560675, 16.5274306810005, 39.117802503145704, 36.31310897157052, 0.0, 22.18012687390226, 32.915521874851734, 31.004575618210886, 41.823175778325776, 32.196470225838496, 36.443957314359814, 14.84273412052017, 34.688728647990935, 12.86949467791233, 44.76742417046307, 5.160612096430311, 21.293864403381697, 8.669049143443397], [29.779307488773178, 22.18012687390226, 0.0, 20.164441198979873, 18.60528083796654, 32.564677156084464, 26.729566161488467, 14.698689746038582, 26.74858282240794, 16.04402555029789, 14.846005397401743, 41.40472860158721, 19.683023048841264, 13.357954390376896, 18.044251444720967, 33.080763703277334, 16.250617293490137, 29.486255972527967, 30.915700395194047, 28.045916624903626, 17.094658117944604, 23.345067258989168, 23.56056003557328, 12.008924535325159, 26.054109388966683, 29.779307488773178, 22.18012687390226, 0.0, 20.164441198979873, 18.60528083796654, 32.564677156084464, 26.729566161488467, 14.698689746038582, 26.74858282240794, 16.04402555029789, 14.846005397401743, 41.40472860158721, 19.683023048841264, 13.357954390376896, 18.044251444720967], [11.440657908705838, 32.915521874851734, 20.164441198979873, 0.0, 38.15138787136856, 12.534961186474641, 10.44764431170378, 26.177921189038578, 26.868294619423576, 9.546646794372505, 32.50090592047366, 23.132634365329327, 28.059954556091938, 33.410837281176754, 33.732501152967025, 19.672852011560494, 24.456629176054822, 28.706796739854006, 11.434952009616016, 18.081928506089746, 36.84940429253871, 9.457543229545815, 15.150088296527356, 16.499331481435117, 6.388789431982328, 11.440657908705838, 32.915521874851734, 20.164441198979873, 0.0, 38.15138787136856, 12.534961186474641, 10.44764431170378, 26.177921189038578, 26.868294619423576, 9.546646794372505, 32.50090592047366, 23.132634365329327, 28.059954556091938, 33.410837281176754, 33.732501152967025], [48.32235997359668, 31.004575618210886, 18.60528083796654, 38.15138787136856, 0.0, 50.68527696864345, 45.33464389251004, 17.819197403913336, 41.60926253261847, 31.64498101352836, 18.179117133989212, 60.0, 31.558625285740014, 9.715512878441686, 22.725964907580217, 51.38560629805415, 21.50301503587043, 44.29173148827435, 49.28466310962816, 40.573267696941514, 11.586854000445204, 41.9344139938077, 36.58173594109983, 29.312042430026118, 43.48650396991492, 48.32235997359668, 31.004575618210886, 18.60528083796654, 38.15138787136856, 0.0, 50.68527696864345, 45.33464389251004, 17.819197403913336, 41.60926253261847, 31.64498101352836, 18.179117133989212, 60.0, 31.558625285740014, 9.715512878441686, 22.725964907580217], [6.312542623591875, 41.823175778325776, 32.564677156084464, 12.534961186474641, 50.68527696864345, 0.0, 10.100037257064264, 38.018912477034746, 31.869641252595272, 20.73128433018118, 43.8658546924444, 12.647023182546505, 36.6812344156429, 45.65431568242265, 44.38238467488732, 16.604572328162536, 35.81686121973861, 32.7855493131697, 3.1497865231561075, 23.14426647371225, 48.89720092379837, 13.153322637419791, 22.495625921120922, 26.649200774219555, 8.347526341549724, 6.312542623591875, 41.823175778325776, 32.564677156084464, 12.534961186474641, 50.68527696864345, 0.0, 10.100037257064264, 38.018912477034746, 31.869641252595272, 20.73128433018118, 43.8658546924444, 12.647023182546505, 36.6812344156429, 45.65431568242265, 44.38238467488732], [4.119188320034304, 32.196470225838496, 26.729566161488467, 10.44764431170378, 45.33464389251004, 10.100037257064264, 0.0, 35.74587400061145, 21.778304900924464, 19.910799498642735, 35.7547441672193, 14.717178061702544, 27.035898432107604, 38.89889196871835, 35.62105771627069, 9.341146755019603, 34.43612619289416, 22.78105799615957, 7.005939994542414, 27.485329569064504, 41.64539842188349, 3.717434959971239, 25.202407346385364, 18.193986001895517, 12.049922939265945, 4.119188320034304, 32.196470225838496, 26.729566161488467, 10.44764431170378, 45.33464389251004, 10.100037257064264, 0.0, 35.74587400061145, 21.778304900924464, 19.910799498642735, 35.7547441672193, 14.717178061702544, 27.035898432107604, 38.89889196871835, 35.62105771627069], [37.56171034723638, 36.443957314359814, 14.698689746038582, 26.177921189038578, 17.819197403913336, 38.018912477034746, 35.74587400061145, 0.0, 41.09133750010652, 17.307683482882776, 26.56887994742377, 49.31051613516146, 34.34176486683476, 20.453952440787052, 30.79474292779843, 43.91307945893904, 3.6865756323718277, 43.79017905050369, 37.513033071708016, 23.284054518506217, 24.580330979538964, 33.190745619063826, 19.712186367446385, 25.862699722371023, 29.886040431171175, 37.56171034723638, 36.443957314359814, 14.698689746038582, 26.177921189038578, 17.819197403913336, 38.018912477034746, 35.74587400061145, 0.0, 41.09133750010652, 17.307683482882776, 26.56887994742377, 49.31051613516146, 34.34176486683476, 20.453952440787052, 30.79474292779843], [25.6688060148798, 14.84273412052017, 26.74858282240794, 26.868294619423576, 41.60926253261847, 31.869641252595272, 21.778304900924464, 41.09133750010652, 0.0, 32.58071812779257, 25.160469317272415, 31.707324934938686, 11.036979328752734, 32.33021803511602, 22.282523203832913, 18.90067015852169, 41.78785557172938, 2.7515201748922378, 28.745886551733882, 44.403997513760615, 32.9056134369467, 19.2417174700166, 40.69742274882871, 15.316431552957342, 31.934924661581277, 25.6688060148798, 14.84273412052017, 26.74858282240794, 26.868294619423576, 41.60926253261847, 31.869641252595272, 21.778304900924464, 41.09133750010652, 0.0, 32.58071812779257, 25.160469317272415, 31.707324934938686, 11.036979328752734, 32.33021803511602, 22.282523203832913], [20.898599550515485, 34.688728647990935, 16.04402555029789, 9.546646794372505, 31.64498101352836, 20.73128433018118, 19.910799498642735, 17.307683482882776, 32.58071812779257, 0.0, 30.571258309895622, 32.37256949234827, 30.55695017267659, 29.0370195474758, 33.04912485176264, 28.958320580851222, 15.148131919961852, 34.86088359508075, 20.42715767159732, 12.835783441819313, 32.99625000433341, 18.30176075196617, 8.52802338849683, 18.758835908524073, 12.586796456882904, 20.898599550515485, 34.688728647990935, 16.04402555029789, 9.546646794372505, 31.64498101352836, 20.73128433018118, 19.910799498642735, 17.307683482882776, 32.58071812779257, 0.0, 30.571258309895622, 32.37256949234827, 30.55695017267659, 29.0370195474758, 33.04912485176264], [39.575552763039745, 12.86949467791233, 14.846005397401743, 32.50090592047366, 18.179117133989212, 43.8658546924444, 35.7547441672193, 26.56887994742377, 25.160469317272415, 30.571258309895622, 0.0, 50.03605751688048, 14.28232645887719, 8.515817168542917, 4.668678692357378, 39.06412604395426, 29.275550984028307, 27.63996883294795, 41.55557979400788, 42.86617795672793, 7.802190805227756, 32.037663101460055, 38.377267783377775, 17.5608174352428, 38.84367823089087, 39.575552763039745, 12.86949467791233, 14.846005397401743, 32.50090592047366, 18.179117133989212, 43.8658546924444, 35.7547441672193, 26.56887994742377, 25.160469317272415, 30.571258309895622, 0.0, 50.03605751688048, 14.28232645887719, 8.515817168542917, 4.668678692357378], [11.845762945541416, 44.76742417046307, 41.40472860158721, 23.132634365329327, 60.0, 12.647023182546505, 14.717178061702544, 49.31051613516146, 31.707324934938686, 32.37256949234827, 50.03605751688048, 0.0, 39.72940281840118, 53.58447795630149, 49.423075948794335, 12.821508985951313, 47.494329944147395, 31.547319698713153, 11.986534176780474, 35.76758149427103, 56.228903881179164, 18.299268880393956, 35.08549847724757, 32.566524447382236, 20.71099637017464, 11.845762945541416, 44.76742417046307, 41.40472860158721, 23.132634365329327, 60.0, 12.647023182546505, 14.717178061702544, 49.31051613516146, 31.707324934938686, 32.37256949234827, 50.03605751688048, 0.0, 39.72940281840118, 53.58447795630149, 49.423075948794335], [31.15249801768787, 5.160612096430311, 19.683023048841264, 28.059954556091938, 31.558625285740014, 36.6812344156429, 27.035898432107604, 34.34176486683476, 11.036979328752734, 30.55695017267659, 14.28232645887719, 39.72940281840118, 0.0, 21.976453135929386, 11.254027715423254, 27.495361940316343, 35.870271241438246, 13.399424705628292, 33.820871870327984, 43.32206011478786, 22.080480453619778, 23.58245523175087, 39.08491484879252, 11.944359505128025, 34.1801978552381, 31.15249801768787, 5.160612096430311, 19.683023048841264, 28.059954556091938, 31.558625285740014, 36.6812344156429, 27.035898432107604, 34.34176486683476, 11.036979328752734, 30.55695017267659, 14.28232645887719, 39.72940281840118, 0.0, 21.976453135929386, 11.254027715423254], [42.32671872625042, 21.293864403381697, 13.357954390376896, 33.410837281176754, 9.715512878441686, 45.65431568242265, 38.89889196871835, 20.453952440787052, 32.33021803511602, 29.0370195474758, 8.515817168542917, 53.58447795630149, 21.976453135929386, 0.0, 13.138037790131186, 43.81511336141046, 23.696209356548597, 34.96044695107185, 43.78912844455393, 40.13507222257331, 4.229376699007645, 35.2855231075773, 35.75482736333629, 21.473262515661325, 39.39688611731252, 42.32671872625042, 21.293864403381697, 13.357954390376896, 33.410837281176754, 9.715512878441686, 45.65431568242265, 38.89889196871835, 20.453952440787052, 32.33021803511602, 29.0370195474758, 8.515817168542917, 53.58447795630149, 21.976453135929386, 0.0, 13.138037790131186], [39.60319574332263, 8.669049143443397, 18.044251444720967, 33.732501152967025, 22.725964907580217, 44.38238467488732, 35.62105771627069, 30.79474292779843, 22.282523203832913, 33.04912485176264, 4.668678692357378, 49.423075948794335, 11.254027715423254, 13.138037790131186, 0.0, 37.817999699264014, 33.31299065799526, 24.563827551444348, 41.85390565263401, 45.657451516364105, 11.778302298402947, 31.932374103564435, 41.180644862954, 17.73371163965973, 40.121229609604974, 39.60319574332263, 8.669049143443397, 18.044251444720967, 33.732501152967025, 22.725964907580217, 44.38238467488732, 35.62105771627069, 30.79474292779843, 22.282523203832913, 33.04912485176264, 4.668678692357378, 49.423075948794335, 11.254027715423254, 13.138037790131186, 0.0], [10.798188018637017, 32.394169012853574, 33.080763703277334, 19.672852011560494, 51.38560629805415, 16.604572328162536, 9.341146755019603, 43.91307945893904, 18.90067015852169, 28.958320580851222, 39.06412604395426, 12.821508985951313, 27.495361940316343, 43.81511336141046, 37.817999699264014, 0.0, 42.9776066409175, 18.752484230052197, 13.711473691242318, 36.75588686995643, 45.898112904062906, 10.8104442022287, 34.54348039886428, 22.34460233164516, 21.085040462508175, 10.798188018637017, 32.394169012853574, 33.080763703277334, 19.672852011560494, 51.38560629805415, 16.604572328162536, 9.341146755019603, 43.91307945893904, 18.90067015852169, 28.958320580851222, 39.06412604395426, 12.821508985951313, 27.495361940316343, 43.81511336141046, 37.817999699264014], [35.896944143671426, 38.38642182702984, 16.250617293490137, 24.456629176054822, 21.50301503587043, 35.81686121973861, 34.43612619289416, 3.6865756323718277, 41.78785557172938, 15.148131919961852, 29.275550984028307, 47.494329944147395, 35.870271241438246, 23.696209356548597, 33.31299065799526, 42.9776066409175, 0.0, 44.43159715583286, 35.57057745673869, 19.76964375865121, 27.877937987384076, 32.17318317596842, 16.395289137650142, 26.471499243282683, 27.548668896729957, 35.896944143671426, 38.38642182702984, 16.250617293490137, 24.456629176054822, 21.50301503587043, 35.81686121973861, 34.43612619289416, 3.6865756323718277, 41.78785557172938, 15.148131919961852, 29.275550984028307, 47.494329944147395, 35.870271241438246, 23.696209356548597, 33.31299065799526], [26.503629001082285, 16.74529562112343, 29.486255972527967, 28.706796739854006, 44.29173148827435, 32.7855493131697, 22.78105799615957, 43.79017905050369, 2.7515201748922378, 34.86088359508075, 27.63996883294795, 31.547319698713153, 13.399424705628292, 34.96044695107185, 24.563827551444348, 18.752484230052197, 44.43159715583286, 0.0, 29.63881537355187, 46.45740776500368, 35.41572865181504, 20.582780573043202, 42.856762601414374, 17.97208973658184, 33.480703470305755, 26.503629001082285, 16.74529562112343, 29.486255972527967, 28.706796739854006, 44.29173148827435, 32.7855493131697, 22.78105799615957, 43.79017905050369, 2.7515201748922378, 34.86088359508075, 27.63996883294795, 31.547319698713153, 13.399424705628292, 34.96044695107185, 24.563827551444348], [3.1696034899586953, 38.975095278882556, 30.915700395194047, 11.434952009616016, 49.28466310962816, 3.1497865231561075, 7.005939994542414, 37.513033071708016, 28.745886551733882, 20.42715767159732, 41.55557979400788, 11.986534176780474, 33.820871870327984, 43.78912844455393, 41.85390565263401, 13.711473691242318, 35.57057745673869, 29.63881537355187, 0.0, 24.573263906649576, 46.881848129505144, 10.238825695153272, 23.37444691499591, 24.157950035225156, 8.918191836987212, 3.1696034899586953, 38.975095278882556, 30.915700395194047, 11.434952009616016, 49.28466310962816, 3.1497865231561075, 7.005939994542414, 37.513033071708016, 28.745886551733882, 20.42715767159732, 41.55557979400788, 11.986534176780474, 33.820871870327984, 43.78912844455393, 41.85390565263401], [26.545372167394387, 47.52027498819305, 28.045916624903626, 18.081928506089746, 40.573267696941514, 23.14426647371225, 27.485329569064504, 23.284054518506217, 44.403997513760615, 12.835783441819313, 42.86617795672793, 35.76758149427103, 43.32206011478786, 40.13507222257331, 45.657451516364105, 36.75588686995643, 19.76964375865121, 46.45740776500368, 24.573263906649576, 0.0, 44.29191217740855, 27.413627865560805, 4.4893708985220515, 31.43784747477021, 15.853753302098653, 26.545372167394387, 47.52027498819305, 28.045916624903626, 18.081928506089746, 40.573267696941514, 23.14426647371225, 27.485329569064504, 23.284054518506217, 44.403997513760615, 12.835783441819313, 42.86617795672793, 35.76758149427103, 43.32206011478786, 40.13507222257331, 45.657451516364105], [45.234649664438514, 20.410807827149192, 17.094658117944604, 36.84940429253871, 11.586854000445204, 48.89720092379837, 41.64539842188349, 24.580330979538964, 32.9056134369467, 32.99625000433341, 7.802190805227756, 56.228903881179164, 22.080480453619778, 4.229376699007645, 11.778302298402947, 45.898112904062906, 27.877937987384076, 35.41572865181504, 46.881848129505144, 44.29191217740855, 0.0, 37.97121216647132, 39.89218041752533, 23.741287429490075, 42.962950308510315, 45.234649664438514, 20.410807827149192, 17.094658117944604, 36.84940429253871, 11.586854000445204, 48.89720092379837, 41.64539842188349, 24.580330979538964, 32.9056134369467, 32.99625000433341, 7.802190805227756, 56.228903881179164, 22.080480453619778, 4.229376699007645, 11.778302298402947], [7.687831149006213, 28.737736386290713, 23.345067258989168, 9.457543229545815, 41.9344139938077, 13.153322637419791, 3.717434959971239, 33.190745619063826, 19.2417174700166, 18.30176075196617, 32.037663101460055, 18.299268880393956, 23.58245523175087, 35.2855231075773, 31.932374103564435, 10.8104442022287, 32.17318317596842, 20.582780573043202, 10.238825695153272, 27.413627865560805, 37.97121216647132, 0.0, 24.607576695375226, 14.476847883653276, 13.001727158583083, 7.687831149006213, 28.737736386290713, 23.345067258989168, 9.457543229545815, 41.9344139938077, 13.153322637419791, 3.717434959971239, 33.190745619063826, 19.2417174700166, 18.30176075196617, 32.037663101460055, 18.299268880393956, 23.58245523175087, 35.2855231075773, 31.932374103564435], [24.893606821537258, 43.188538494560675, 23.56056003557328, 15.150088296527356, 36.58173594109983, 22.495625921120922, 25.202407346385364, 19.712186367446385, 40.69742274882871, 8.52802338849683, 38.377267783377775, 35.08549847724757, 39.08491484879252, 35.75482736333629, 41.180644862954, 34.54348039886428, 16.395289137650142, 42.856762601414374, 23.37444691499591, 4.4893708985220515, 39.89218041752533, 24.607576695375226, 0.0, 27.267130510824654, 14.457216349216676, 24.893606821537258, 43.188538494560675, 23.56056003557328, 15.150088296527356, 36.58173594109983, 22.495625921120922, 25.202407346385364, 19.712186367446385, 40.69742274882871, 8.52802338849683, 38.377267783377775, 35.08549847724757, 39.08491484879252, 35.75482736333629, 41.180644862954], [22.04359168414395, 16.5274306810005, 12.008924535325159, 16.499331481435117, 29.312042430026118, 26.649200774219555, 18.193986001895517, 25.862699722371023, 15.316431552957342, 18.758835908524073, 17.5608174352428, 32.566524447382236, 11.944359505128025, 21.473262515661325, 17.73371163965973, 22.34460233164516, 26.471499243282683, 17.97208973658184, 24.157950035225156, 31.43784747477021, 23.741287429490075, 14.476847883653276, 27.267130510824654, 0.0, 22.811650801994908, 22.04359168414395, 16.5274306810005, 12.008924535325159, 16.499331481435117, 29.312042430026118, 26.649200774219555, 18.193986001895517, 25.862699722371023, 15.316431552957342, 18.758835908524073, 17.5608174352428, 32.566524447382236, 11.944359505128025, 21.473262515661325, 17.73371163965973], [10.691724371030512, 39.117802503145704, 26.054109388966683, 6.388789431982328, 43.48650396991492, 8.347526341549724, 12.049922939265945, 29.886040431171175, 31.934924661581277, 12.586796456882904, 38.84367823089087, 20.71099637017464, 34.1801978552381, 39.39688611731252, 40.121229609604974, 21.085040462508175, 27.548668896729957, 33.480703470305755, 8.918191836987212, 15.853753302098653, 42.962950308510315, 13.001727158583083, 14.457216349216676, 22.811650801994908, 0.0, 10.691724371030512, 39.117802503145704, 26.054109388966683, 6.388789431982328, 43.48650396991492, 8.347526341549724, 12.049922939265945, 29.886040431171175, 31.934924661581277, 12.586796456882904, 38.84367823089087, 20.71099637017464, 34.1801978552381, 39.39688611731252, 40.121229609604974], [0.0, 36.31310897157052, 29.779307488773178, 11.440657908705838, 48.32235997359668, 6.312542623591875, 4.119188320034304, 37.56171034723638, 25.6688060148798, 20.898599550515485, 39.575552763039745, 11.845762945541416, 31.15249801768787, 42.32671872625042, 39.60319574332263, 10.798188018637017, 35.896944143671426, 26.503629001082285, 3.1696034899586953, 26.545372167394387, 45.234649664438514, 7.687831149006213, 24.893606821537258, 22.04359168414395, 10.691724371030512, 0.0, 36.31310897157052, 29.779307488773178, 11.440657908705838, 48.32235997359668, 6.312542623591875, 4.119188320034304, 37.56171034723638, 25.6688060148798, 20.898599550515485, 39.575552763039745, 11.845762945541416, 31.15249801768787, 42.32671872625042, 39.60319574332263], [36.31310897157052, 0.0, 22.18012687390226, 32.915521874851734, 31.004575618210886, 41.823175778325776, 32.196470225838496, 36.443957314359814, 14.84273412052017, 34.688728647990935, 12.86949467791233, 44.76742417046307, 5.160612096430311, 21.293864403381697, 8.669049143443397, 32.394169012853574, 38.38642182702984, 16.74529562112343, 38.975095278882556, 47.52027498819305, 20.410807827149192, 28.737736386290713, 43.188538494560675, 16.5274306810005, 39.117802503145704, 36.31310897157052, 0.0, 22.18012687390226, 32.915521874851734, 31.004575618210886, 41.823175778325776, 32.196470225838496, 36.443957314359814, 14.84273412052017, 34.688728647990935, 12.86949467791233, 44.76742417046307, 5.160612096430311, 21.293864403381697, 8.669049143443397], [29.779307488773178, 22.18012687390226, 0.0, 20.164441198979873, 18.60528083796654, 32.564677156084464, 26.729566161488467, 14.698689746038582, 26.74858282240794, 16.04402555029789, 14.846005397401743, 41.40472860158721, 19.683023048841264, 13.357954390376896, 18.044251444720967, 33.080763703277334, 16.250617293490137, 29.486255972527967, 30.915700395194047, 28.045916624903626, 17.094658117944604, 23.345067258989168, 23.56056003557328, 12.008924535325159, 26.054109388966683, 29.779307488773178, 22.18012687390226, 0.0, 20.164441198979873, 18.60528083796654, 32.564677156084464, 26.729566161488467, 14.698689746038582, 26.74858282240794, 16.04402555029789, 14.846005397401743, 41.40472860158721, 19.683023048841264, 13.357954390376896, 18.044251444720967], [11.440657908705838, 32.915521874851734, 20.164441198979873, 0.0, 38.15138787136856, 12.534961186474641, 10.44764431170378, 26.177921189038578, 26.868294619423576, 9.546646794372505, 32.50090592047366, 23.132634365329327, 28.059954556091938, 33.410837281176754, 33.732501152967025, 19.672852011560494, 24.456629176054822, 28.706796739854006, 11.434952009616016, 18.081928506089746, 36.84940429253871, 9.457543229545815, 15.150088296527356, 16.499331481435117, 6.388789431982328, 11.440657908705838, 32.915521874851734, 20.164441198979873, 0.0, 38.15138787136856, 12.534961186474641, 10.44764431170378, 26.177921189038578, 26.868294619423576, 9.546646794372505, 32.50090592047366, 23.132634365329327, 28.059954556091938, 33.410837281176754, 33.732501152967025], [48.32235997359668, 31.004575618210886, 18.60528083796654, 38.15138787136856, 0.0, 50.68527696864345, 45.33464389251004, 17.819197403913336, 41.60926253261847, 31.64498101352836, 18.179117133989212, 60.0, 31.558625285740014, 9.715512878441686, 22.725964907580217, 51.38560629805415, 21.50301503587043, 44.29173148827435, 49.28466310962816, 40.573267696941514, 11.586854000445204, 41.9344139938077, 36.58173594109983, 29.312042430026118, 43.48650396991492, 48.32235997359668, 31.004575618210886, 18.60528083796654, 38.15138787136856, 0.0, 50.68527696864345, 45.33464389251004, 17.819197403913336, 41.60926253261847, 31.64498101352836, 18.179117133989212, 60.0, 31.558625285740014, 9.715512878441686, 22.725964907580217], [6.312542623591875, 41.823175778325776, 32.564677156084464, 12.534961186474641, 50.68527696864345, 0.0, 10.100037257064264, 38.018912477034746, 31.869641252595272, 20.73128433018118, 43.8658546924444, 12.647023182546505, 36.6812344156429, 45.65431568242265, 44.38238467488732, 16.604572328162536, 35.81686121973861, 32.7855493131697, 3.1497865231561075, 23.14426647371225, 48.89720092379837, 13.153322637419791, 22.495625921120922, 26.649200774219555, 8.347526341549724, 6.312542623591875, 41.823175778325776, 32.564677156084464, 12.534961186474641, 50.68527696864345, 0.0, 10.100037257064264, 38.018912477034746, 31.869641252595272, 20.73128433018118, 43.8658546924444, 12.647023182546505, 36.6812344156429, 45.65431568242265, 44.38238467488732], [4.119188320034304, 32.196470225838496, 26.729566161488467, 10.44764431170378, 45.33464389251004, 10.100037257064264, 0.0, 35.74587400061145, 21.778304900924464, 19.910799498642735, 35.7547441672193, 14.717178061702544, 27.035898432107604, 38.89889196871835, 35.62105771627069, 9.341146755019603, 34.43612619289416, 22.78105799615957, 7.005939994542414, 27.485329569064504, 41.64539842188349, 3.717434959971239, 25.202407346385364, 18.193986001895517, 12.049922939265945, 4.119188320034304, 32.196470225838496, 26.729566161488467, 10.44764431170378, 45.33464389251004, 10.100037257064264, 0.0, 35.74587400061145, 21.778304900924464, 19.910799498642735, 35.7547441672193, 14.717178061702544, 27.035898432107604, 38.89889196871835, 35.62105771627069], [37.56171034723638, 36.443957314359814, 14.698689746038582, 26.177921189038578, 17.819197403913336, 38.018912477034746, 35.74587400061145, 0.0, 41.09133750010652, 17.307683482882776, 26.56887994742377, 49.31051613516146, 34.34176486683476, 20.453952440787052, 30.79474292779843, 43.91307945893904, 3.6865756323718277, 43.79017905050369, 37.513033071708016, 23.284054518506217, 24.580330979538964, 33.190745619063826, 19.712186367446385, 25.862699722371023, 29.886040431171175, 37.56171034723638, 36.443957314359814, 14.698689746038582, 26.177921189038578, 17.819197403913336, 38.018912477034746, 35.74587400061145, 0.0, 41.09133750010652, 17.307683482882776, 26.56887994742377, 49.31051613516146, 34.34176486683476, 20.453952440787052, 30.79474292779843], [25.6688060148798, 14.84273412052017, 26.74858282240794, 26.868294619423576, 41.60926253261847, 31.869641252595272, 21.778304900924464, 41.09133750010652, 0.0, 32.58071812779257, 25.160469317272415, 31.707324934938686, 11.036979328752734, 32.33021803511602, 22.282523203832913, 18.90067015852169, 41.78785557172938, 2.7515201748922378, 28.745886551733882, 44.403997513760615, 32.9056134369467, 19.2417174700166, 40.69742274882871, 15.316431552957342, 31.934924661581277, 25.6688060148798, 14.84273412052017, 26.74858282240794, 26.868294619423576, 41.60926253261847, 31.869641252595272, 21.778304900924464, 41.09133750010652, 0.0, 32.58071812779257, 25.160469317272415, 31.707324934938686, 11.036979328752734, 32.33021803511602, 22.282523203832913], [20.898599550515485, 34.688728647990935, 16.04402555029789, 9.546646794372505, 31.64498101352836, 20.73128433018118, 19.910799498642735, 17.307683482882776, 32.58071812779257, 0.0, 30.571258309895622, 32.37256949234827, 30.55695017267659, 29.0370195474758, 33.04912485176264, 28.958320580851222, 15.148131919961852, 34.86088359508075, 20.42715767159732, 12.835783441819313, 32.99625000433341, 18.30176075196617, 8.52802338849683, 18.758835908524073, 12.586796456882904, 20.898599550515485, 34.688728647990935, 16.04402555029789, 9.546646794372505, 31.64498101352836, 20.73128433018118, 19.910799498642735, 17.307683482882776, 32.58071812779257, 0.0, 30.571258309895622, 32.37256949234827, 30.55695017267659, 29.0370195474758, 33.04912485176264], [39.575552763039745, 12.86949467791233, 14.846005397401743, 32.50090592047366, 18.179117133989212, 43.8658546924444, 35.7547441672193, 26.56887994742377, 25.160469317272415, 30.571258309895622, 0.0, 50.03605751688048, 14.28232645887719, 8.515817168542917, 4.668678692357378, 39.06412604395426, 29.275550984028307, 27.63996883294795, 41.55557979400788, 42.86617795672793, 7.802190805227756, 32.037663101460055, 38.377267783377775, 17.5608174352428, 38.84367823089087, 39.575552763039745, 12.86949467791233, 14.846005397401743, 32.50090592047366, 18.179117133989212, 43.8658546924444, 35.7547441672193, 26.56887994742377, 25.160469317272415, 30.571258309895622, 0.0, 50.03605751688048, 14.28232645887719, 8.515817168542917, 4.668678692357378], [11.845762945541416, 44.76742417046307, 41.40472860158721, 23.132634365329327, 60.0, 12.647023182546505, 14.717178061702544, 49.31051613516146, 31.707324934938686, 32.37256949234827, 50.03605751688048, 0.0, 39.72940281840118, 53.58447795630149, 49.423075948794335, 12.821508985951313, 47.494329944147395, 31.547319698713153, 11.986534176780474, 35.76758149427103, 56.228903881179164, 18.299268880393956, 35.08549847724757, 32.566524447382236, 20.71099637017464, 11.845762945541416, 44.76742417046307, 41.40472860158721, 23.132634365329327, 60.0, 12.647023182546505, 14.717178061702544, 49.31051613516146, 31.707324934938686, 32.37256949234827, 50.03605751688048, 0.0, 39.72940281840118, 53.58447795630149, 49.423075948794335], [31.15249801768787, 5.160612096430311, 19.683023048841264, 28.059954556091938, 31.558625285740014, 36.6812344156429, 27.035898432107604, 34.34176486683476, 11.036979328752734, 30.55695017267659, 14.28232645887719, 39.72940281840118, 0.0, 21.976453135929386, 11.254027715423254, 27.495361940316343, 35.870271241438246, 13.399424705628292, 33.820871870327984, 43.32206011478786, 22.080480453619778, 23.58245523175087, 39.08491484879252, 11.944359505128025, 34.1801978552381, 31.15249801768787, 5.160612096430311, 19.683023048841264, 28.059954556091938, 31.558625285740014, 36.6812344156429, 27.035898432107604, 34.34176486683476, 11.036979328752734, 30.55695017267659, 14.28232645887719, 39.72940281840118, 0.0, 21.976453135929386, 11.254027715423254], [42.32671872625042, 21.293864403381697, 13.357954390376896, 33.410837281176754, 9.715512878441686, 45.65431568242265, 38.89889196871835, 20.453952440787052, 32.33021803511602, 29.0370195474758, 8.515817168542917, 53.58447795630149, 21.976453135929386, 0.0, 13.138037790131186, 43.81511336141046, 23.696209356548597, 34.96044695107185, 43.78912844455393, 40.13507222257331, 4.229376699007645, 35.2855231075773, 35.75482736333629, 21.473262515661325, 39.39688611731252, 42.32671872625042, 21.293864403381697, 13.357954390376896, 33.410837281176754, 9.715512878441686, 45.65431568242265, 38.89889196871835, 20.453952440787052, 32.33021803511602, 29.0370195474758, 8.515817168542917, 53.58447795630149, 21.976453135929386, 0.0, 13.138037790131186], [39.60319574332263, 8.669049143443397, 18.044251444720967, 33.732501152967025, 22.725964907580217, 44.38238467488732, 35.62105771627069, 30.79474292779843, 22.282523203832913, 33.04912485176264, 4.668678692357378, 49.423075948794335, 11.254027715423254, 13.138037790131186, 0.0, 37.817999699264014, 33.31299065799526, 24.563827551444348, 41.85390565263401, 45.657451516364105, 11.778302298402947, 31.932374103564435, 41.180644862954, 17.73371163965973, 40.121229609604974, 39.60319574332263, 8.669049143443397, 18.044251444720967, 33.732501152967025, 22.725964907580217, 44.38238467488732, 35.62105771627069, 30.79474292779843, 22.282523203832913, 33.04912485176264, 4.668678692357378, 49.423075948794335, 11.254027715423254, 13.138037790131186, 0.0]];
