M = 99999999.0;
numWorkers = 30;
numRoles = 5;
numNodes = 80;
wStart = [240, 30, 60, 30, 120, 120, 120, 60, 150, 0, 210, 270, 90, 30, 60, 30, 60, 30, 90, 330, 300, 270, 120, 0, 150, 210, 240, 30, 180, 180, 60, 270, 120, 30, 330, 210, 150, 60, 90, 60, 60, 30, 60, 90, 210, 90, 270, 210, 300, 90, 360, 270, 450, 360, 450, 450, 480, 210, 270, 300, 390, 390, 420, 180, 480, 450, 450, 480, 240, 420, 360, 480, 480, 420, 420, 480, 450, 450, 360, 420];
wEnd = [240, 30, 60, 30, 120, 120, 120, 60, 150, 0, 210, 270, 90, 30, 60, 30, 60, 30, 90, 330, 300, 270, 120, 0, 150, 210, 240, 30, 180, 180, 420, 450, 330, 390, 390, 330, 210, 420, 390, 420, 150, 390, 270, 390, 390, 210, 390, 390, 420, 420, 360, 270, 450, 360, 450, 450, 480, 210, 270, 300, 390, 390, 420, 180, 480, 450, 450, 480, 240, 420, 360, 480, 480, 420, 420, 480, 450, 450, 360, 420];
p = [0, 0, 0, 0, 0, 0, 0, 0, 0, 0, 0, 0, 0, 0, 0, 0, 0, 0, 0, 0, 0, 0, 0, 0, 0, 0, 0, 0, 0, 0, 60.37221531540248, 39.75428713996832, 16.355097815925642, 36.31084892805918, 58.36202618654292, 35.62143207812736, 65.11701964975306, 28.011347096474246, 70.57482264194061, 37.67272016259538, 62.83191429895935, 16.428119249782903, 72.43448836699845, 39.02428804074324, 40.30596031786028, 24.82277790945539, 66.44040101029728, 36.61053780377633, 59.207977432698875, 31.457388843796775, 0, 0, 0, 0, 0, 0, 0, 0, 0, 0, 0, 0, 0, 0, 0, 0, 0, 0, 0, 0, 0, 0, 0, 0, 0, 0, 0, 0, 0, 0];
e = [[1, 0, 0, 0, 1], [0, 1, 1, 0, 0], [1, 0, 0, 0, 1], [1, 0, 0, 0, 1], [1, 0, 0, 0, 1], [1, 1, 0, 0, 0], [0, 0, 1, 0, 0], [1, 0, 0, 0, 0], [1, 0, 0, 0, 0], [0, 0, 0, 1, 0], [0, 1, 0, 0, 0], [0, 1, 0, 0, 0], [0, 1, 0, 0, 0], [0, 0, 0, 1, 0], [0, 0, 0, 1, 0], [0, 1, 0, 0, 0], [0, 0, 1, 0, 0], [0, 1, 0, 0, 0], [0, 0, 0, 0, 1], [0, 0, 1, 0, 0], [0, 1, 0, 0, 0], [0, 0, 0, 1, 0], [0, 0, 1, 0, 0], [1, 0, 0, 0, 0], [0, 0, 0, 1, 0], [0, 0, 0, 1, 0], [0, 0, 1, 0, 0], [0, 1, 0, 0, 0], [0, 0, 0, 0, 1], [1, 0, 0, 0, 0]];
d = [[0, 2, 2, 0, 2, 1, 2, 0, 1, 2, 0, 1, 0, 0, 0, 2, 1, 0, 2, 2], [0, 2, 2, 0, 2, 0, 2, 0, 0, 2, 0, 0, 0, 0, 0, 2, 0, 0, 2, 2], [2, 1, 1, 2, 1, 1, 1, 2, 1, 1, 2, 1, 0, 0, 0, 1, 1, 2, 1, 1], [1, 0, 0, 1, 0, 0, 0, 1, 0, 0, 1, 0, 1, 1, 1, 0, 0, 1, 0, 0], [0, 0, 0, 0, 0, 1, 0, 0, 1, 0, 0, 1, 2, 2, 2, 0, 1, 0, 0, 0]];
r = [1395, 985, 2433, 2807, 1649, 4797, 3692, 4304, 2033, 1868, 2921, 2940, 4201, 1377, 2817, 4322, 588, 3484, 3553, 131];
g = [[0, 0, 0, 0, 0, 0, 0, 0, 0, 0, 0, 0, 0, 0, 0, 0, 0, 0, 0, 0], [0, 0, 0, 0, 0, 0, 0, 0, 0, 0, 0, 0, 0, 0, 0, 0, 0, 0, 0, 0], [0, 0, 0, 0, 0, 0, 0, 0, 0, 0, 0, 0, 0, 0, 0, 0, 0, 0, 0, 0], [0, 0, 0, 0, 0, 0, 0, 0, 0, 0, 0, 0, 0, 0, 0, 0, 0, 0, 0, 0], [0, 0, 0, 0, 0, 0, 0, 0, 0, 0, 0, 0, 0, 0, 0, 0, 0, 0, 0, 0], [0, 0, 0, 0, 0, 0, 0, 0, 0, 0, 0, 0, 0, 0, 0, 0, 0, 0, 0, 0], [0, 0, 0, 0, 0, 0, 0, 0, 0, 0, 0, 0, 0, 0, 0, 0, 0, 0, 0, 0], [0, 0, 0, 0, 0, 0, 0, 0, 0, 0, 0, 0, 0, 0, 0, 0, 0, 0, 0, 0], [0, 0, 0, 0, 0, 0, 0, 0, 0, 0, 0, 0, 0, 0, 0, 0, 0, 0, 0, 0], [0, 0, 0, 0, 0, 0, 0, 0, 0, 0, 0, 0, 0, 0, 0, 0, 0, 0, 0, 0], [0, 0, 0, 0, 0, 0, 0, 0, 0, 0, 0, 0, 0, 0, 0, 0, 0, 0, 0, 0], [0, 0, 0, 0, 0, 0, 0, 0, 0, 0, 0, 0, 0, 0, 0, 0, 0, 0, 0, 0], [0, 0, 0, 0, 0, 0, 0, 0, 0, 0, 0, 0, 0, 0, 0, 0, 0, 0, 0, 0], [0, 0, 0, 0, 0, 0, 0, 0, 0, 0, 0, 0, 0, 0, 0, 0, 0, 0, 0, 0], [0, 0, 0, 0, 0, 0, 0, 0, 0, 0, 0, 0, 0, 0, 0, 0, 0, 0, 0, 0], [0, 0, 0, 0, 0, 0, 0, 0, 0, 0, 0, 0, 0, 0, 0, 0, 0, 0, 0, 0], [0, 0, 0, 0, 0, 0, 0, 0, 0, 0, 0, 0, 0, 0, 0, 0, 0, 0, 0, 0], [0, 0, 0, 0, 0, 0, 0, 0, 0, 0, 0, 0, 0, 0, 0, 0, 0, 0, 0, 0], [0, 0, 0, 0, 0, 0, 0, 0, 0, 0, 0, 0, 0, 0, 0, 0, 0, 0, 0, 0], [0, 0, 0, 0, 0, 0, 0, 0, 0, 0, 0, 0, 0, 0, 0, 0, 0, 0, 0, 0]];
t = [[0.0, 26.938791672891107, 11.420342306207031, 37.33926467787172, 25.049815290495978, 38.05433002710466, 31.3464805620216, 9.014937609992513, 37.872144090113444, 55.703617164574034, 12.44471455434412, 26.961565257930587, 41.95298073169128, 40.09465995861133, 28.534850888235272, 54.46291054613584, 56.00498115422941, 35.03118187155793, 14.477788782753663, 36.35130820738384, 35.05030361116398, 54.480116665581534, 32.566533289350396, 43.688868740135675, 37.97333117426966, 24.031523152253605, 28.89321508793979, 36.35003894567411, 30.863936098505835, 30.112384969770943, 16.424649762681874, 28.579858203444726, 35.77870821733253, 20.54873468627413, 55.06658810115039, 26.633465733790015, 35.78783672696653, 33.10605704091514, 10.417974016517825, 21.778483550723497, 31.86495979900632, 28.9775823798063, 31.774157495593784, 18.65441067008608, 21.789966366534912, 39.167634712516914, 60.0, 14.464763375674426, 16.379087300847786, 40.15929873185632, 0.0, 26.938791672891107, 11.420342306207031, 37.33926467787172, 25.049815290495978, 38.05433002710466, 31.3464805620216, 9.014937609992513, 37.872144090113444, 55.703617164574034, 12.44471455434412, 26.961565257930587, 41.95298073169128, 40.09465995861133, 28.534850888235272, 54.46291054613584, 56.00498115422941, 35.03118187155793, 14.477788782753663, 36.35130820738384, 35.05030361116398, 54.480116665581534, 32.566533289350396, 43.688868740135675, 37.97333117426966, 24.031523152253605, 28.89321508793979, 36.35003894567411, 30.863936098505835, 30.112384969770943], [26.938791672891107, 0.0, 15.519396495878668, 23.2653899730182, 2.96634230937431, 37.35240267777976, 28.860412972340377, 31.033222319258748, 11.02120265287248, 42.08324888534874, 18.50148251184754, 2.125837896623647, 39.12195892437323, 13.319313595220859, 6.805271190297458, 42.71206219267378, 41.486032571029114, 41.49692425657882, 35.3864027563793, 38.65631928572044, 24.692631977364403, 39.83535334500384, 32.36909604096728, 22.94414998781301, 42.88802448495311, 40.46263465252439, 42.45781788060533, 45.797124254912966, 33.585961449298665, 30.59008661507524, 30.045804688898695, 1.9172138893889132, 25.915162869959506, 6.60147237437454, 43.52967313079559, 38.1644517827881, 21.53765853244918, 12.542231009373598, 16.648886479452983, 6.567252323054362, 5.198555689640134, 6.7071453929238505, 4.963555275931742, 33.90573079202709, 17.28491596600122, 24.017860444045855, 46.261414158560044, 13.470867089425761, 28.956557600887518, 16.809639043780923, 26.938791672891107, 0.0, 15.519396495878668, 23.2653899730182, 2.96634230937431, 37.35240267777976, 28.860412972340377, 31.033222319258748, 11.02120265287248, 42.08324888534874, 18.50148251184754, 2.125837896623647, 39.12195892437323, 13.319313595220859, 6.805271190297458, 42.71206219267378, 41.486032571029114, 41.49692425657882, 35.3864027563793, 38.65631928572044, 24.692631977364403, 39.83535334500384, 32.36909604096728, 22.94414998781301, 42.88802448495311, 40.46263465252439, 42.45781788060533, 45.797124254912966, 33.585961449298665, 30.59008661507524], [11.420342306207031, 15.519396495878668, 0.0, 29.159313013593366, 13.729504457757306, 35.22247916913101, 27.128476663903626, 16.611979407124178, 26.4749753180974, 48.49759247039813, 7.44709556345702, 15.61886695394065, 38.43244316447216, 28.697182927537842, 17.606267843520204, 47.911930699049364, 48.48191891082175, 35.38316463412053, 21.712045785566847, 34.78092294752185, 27.991047096544065, 46.87086222295918, 29.518422429274203, 33.78154814464029, 37.74734863182997, 29.057662235943855, 32.58099194085057, 38.27508079780934, 29.038560844604437, 27.124995187557822, 18.900848355259527, 17.165919580000708, 28.968556995318007, 9.210715007220138, 48.614262306113424, 29.03322235490113, 27.431140173360095, 22.76423430499201, 1.761401649867155, 10.72949469686015, 20.483880157984117, 18.003514033049775, 20.361071757586966, 22.50419996463921, 14.82741518071646, 30.754253794455355, 52.85877869283785, 4.5905409298719135, 18.143426386446457, 29.47655724502734, 11.420342306207031, 15.519396495878668, 0.0, 29.159313013593366, 13.729504457757306, 35.22247916913101, 27.128476663903626, 16.611979407124178, 26.4749753180974, 48.49759247039813, 7.44709556345702, 15.61886695394065, 38.43244316447216, 28.697182927537842, 17.606267843520204, 47.911930699049364, 48.48191891082175, 35.38316463412053, 21.712045785566847, 34.78092294752185, 27.991047096544065, 46.87086222295918, 29.518422429274203, 33.78154814464029, 37.74734863182997, 29.057662235943855, 32.58099194085057, 38.27508079780934, 29.038560844604437, 27.124995187557822], [37.33926467787172, 23.2653899730182, 29.159313013593366, 0.0, 25.718716397366197, 19.128075492267918, 13.556920690598384, 35.35675170217177, 26.219801750788317, 19.544743390145694, 24.90279904462131, 25.38604755524316, 18.847395303703895, 23.227208611574667, 16.461026628644344, 19.610108522766566, 19.370644155667136, 27.583444923189518, 36.55292563124254, 22.36230452817783, 4.586972186055481, 17.742214284128956, 16.85397088032081, 10.500262912633321, 27.278192793009282, 35.50005268594297, 34.22308225305875, 32.98804367676522, 20.002090154489764, 16.862730362038146, 28.408183969273736, 22.13669218581612, 5.268342490794947, 26.11977996008612, 20.403601371034924, 29.903096818658074, 1.8028873121726596, 11.354504533434277, 30.92071452740044, 27.905186919959462, 25.076888371367907, 16.596748958404397, 22.064706650530795, 31.043877646136202, 15.567483518106974, 1.9957712304147726, 23.88687422712682, 30.903009543575237, 27.332037454672435, 13.835747105504904, 37.33926467787172, 23.2653899730182, 29.159313013593366, 0.0, 25.718716397366197, 19.128075492267918, 13.556920690598384, 35.35675170217177, 26.219801750788317, 19.544743390145694, 24.90279904462131, 25.38604755524316, 18.847395303703895, 23.227208611574667, 16.461026628644344, 19.610108522766566, 19.370644155667136, 27.583444923189518, 36.55292563124254, 22.36230452817783, 4.586972186055481, 17.742214284128956, 16.85397088032081, 10.500262912633321, 27.278192793009282, 35.50005268594297, 34.22308225305875, 32.98804367676522, 20.002090154489764, 16.862730362038146], [25.049815290495978, 2.96634230937431, 13.729504457757306, 25.718716397366197, 0.0, 38.85269044894974, 30.28838046662123, 29.849058130623707, 12.895658275006372, 44.756985674224154, 17.789944401144005, 1.9265656979351888, 40.86930537470826, 15.789834726982328, 9.38154016576908, 45.264976480888606, 44.21127273264285, 42.355918064541754, 34.4808103948713, 39.88153569310815, 26.81613129086988, 42.55745625580673, 33.67758643683162, 25.87096551822046, 43.93801265184072, 40.208325924266376, 42.57208114434157, 46.42832610355518, 34.62261130547433, 31.760827862708478, 29.721384266305, 4.83937576319396, 28.02771981587939, 4.518793918851557, 46.07421326770174, 38.39385859558171, 23.958502686192478, 15.305641137294018, 14.642782636255191, 3.765129995513709, 6.872576469049133, 9.374724055513278, 7.610060865684009, 33.58222755370489, 18.125393376893904, 26.58681562484048, 48.96795144738082, 11.069026669446638, 28.684296108268608, 19.775971688874307, 25.049815290495978, 2.96634230937431, 13.729504457757306, 25.718716397366197, 0.0, 38.85269044894974, 30.28838046662123, 29.849058130623707, 12.895658275006372, 44.756985674224154, 17.789944401144005, 1.9265656979351888, 40.86930537470826, 15.789834726982328, 9.38154016576908, 45.264976480888606, 44.21127273264285, 42.355918064541754, 34.4808103948713, 39.88153569310815, 26.81613129086988, 42.55745625580673, 33.67758643683162, 25.87096551822046, 43.93801265184072, 40.208325924266376, 42.57208114434157, 46.42832610355518, 34.62261130547433, 31.760827862708478], [38.05433002710466, 37.35240267777976, 35.22247916913101, 19.128075492267918, 38.85269044894974, 0.0, 8.586156464947724, 31.813492451512648, 43.64324458556366, 24.33326754406104, 28.138994712118883, 39.34217665786605, 4.323346426963121, 41.47969050354483, 31.38692147727487, 21.326336143519974, 25.645424280207653, 10.175714862254999, 29.938541785327573, 4.204399728307355, 14.915432136329684, 24.804508720819374, 5.710816233481064, 29.279069365517177, 8.663389942449587, 23.87721770688632, 20.08335063860275, 15.428166400085066, 7.410175006613537, 8.151961112842297, 22.76225213031454, 36.98014867172537, 13.939748401213262, 37.145253323569804, 21.534807814523546, 17.147433601049336, 19.73932968102998, 28.516740683052593, 36.71374697273503, 39.472147649535025, 40.878947434133906, 31.75914278960586, 38.13569530281614, 22.960827165091178, 21.37287702867953, 20.387785081175085, 27.62305348182786, 38.901660839553976, 22.312218378643085, 32.81299194899443, 38.05433002710466, 37.35240267777976, 35.22247916913101, 19.128075492267918, 38.85269044894974, 0.0, 8.586156464947724, 31.813492451512648, 43.64324458556366, 24.33326754406104, 28.138994712118883, 39.34217665786605, 4.323346426963121, 41.47969050354483, 31.38692147727487, 21.326336143519974, 25.645424280207653, 10.175714862254999, 29.938541785327573, 4.204399728307355, 14.915432136329684, 24.804508720819374, 5.710816233481064, 29.279069365517177, 8.663389942449587, 23.87721770688632, 20.08335063860275, 15.428166400085066, 7.410175006613537, 8.151961112842297], [31.3464805620216, 28.860412972340377, 27.128476663903626, 13.556920690598384, 30.28838046662123, 8.586156464947724, 0.0, 26.463679297417812, 35.71654334686028, 25.89172039048082, 20.371508135074556, 30.823111781421375, 11.312985018249428, 33.96942024560717, 23.098981477109014, 23.87904028830131, 26.684915751467308, 14.369038876060255, 25.962702913007533, 10.04530923856562, 8.979372951970385, 25.4216413936933, 3.732054959250175, 24.03473854752446, 14.732526734680771, 22.732085878298875, 20.81435165796335, 19.648486297718968, 6.464196723477436, 3.3388848063724255, 17.908192543672552, 28.575641602796875, 8.572962181079651, 28.57153309652482, 24.364680983090953, 16.64723450835115, 13.484694176016616, 20.895126672470784, 28.70111914636603, 30.89156854645964, 32.572750668338415, 23.501510379620157, 29.92000756731255, 19.470237375341313, 12.8634167478147, 15.321899582192076, 29.903099765879457, 30.586391939343244, 17.10799776622472, 26.159334302237443, 31.3464805620216, 28.860412972340377, 27.128476663903626, 13.556920690598384, 30.28838046662123, 8.586156464947724, 0.0, 26.463679297417812, 35.71654334686028, 25.89172039048082, 20.371508135074556, 30.823111781421375, 11.312985018249428, 33.96942024560717, 23.098981477109014, 23.87904028830131, 26.684915751467308, 14.369038876060255, 25.962702913007533, 10.04530923856562, 8.979372951970385, 25.4216413936933, 3.732054959250175, 24.03473854752446, 14.732526734680771, 22.732085878298875, 20.81435165796335, 19.648486297718968, 6.464196723477436, 3.3388848063724255], [9.014937609992513, 31.033222319258748, 16.611979407124178, 35.35675170217177, 29.849058130623707, 31.813492451512648, 26.463679297417812, 0.0, 41.98706537308702, 52.087430819701105, 12.935960923829409, 31.626171342703707, 35.98440590900908, 43.32898847921037, 30.671247814272583, 50.31019217733431, 52.67224198761264, 27.196950009291825, 5.561196537647093, 29.440345110040546, 32.15843384806283, 51.26714927037135, 26.775042280767696, 43.41408633403054, 30.308677297199758, 15.048209911585918, 20.068464847421673, 27.870500520796835, 24.408308115576187, 24.467323177737246, 9.06246005349839, 32.34415775216645, 32.618654794685106, 25.43597156350713, 50.81658265218492, 18.26544610513227, 34.07867210371279, 33.95672801522523, 16.478895683962428, 27.242011982762968, 36.21892039032749, 31.178183427202104, 35.41276971040838, 10.173845064365553, 20.367259717807855, 37.32183508134649, 56.22743458658517, 20.84768045110243, 9.539097255045537, 41.24847168264134, 9.014937609992513, 31.033222319258748, 16.611979407124178, 35.35675170217177, 29.849058130623707, 31.813492451512648, 26.463679297417812, 0.0, 41.98706537308702, 52.087430819701105, 12.935960923829409, 31.626171342703707, 35.98440590900908, 43.32898847921037, 30.671247814272583, 50.31019217733431, 52.67224198761264, 27.196950009291825, 5.561196537647093, 29.440345110040546, 32.15843384806283, 51.26714927037135, 26.775042280767696, 43.41408633403054, 30.308677297199758, 15.048209911585918, 20.068464847421673, 27.870500520796835, 24.408308115576187, 24.467323177737246], [37.872144090113444, 11.02120265287248, 26.4749753180974, 26.219801750788317, 12.895658275006372, 43.64324458556366, 35.71654334686028, 41.98706537308702, 0.0, 42.19904936330788, 29.284689362015797, 10.969099735358494, 44.473620506790375, 4.715891579841041, 13.151193914665116, 43.76914681320901, 41.15159166460925, 49.51434234460956, 46.17952696326761, 45.76141637638634, 29.24852714261296, 39.59839727140246, 39.43186457338121, 21.12582079110123, 50.384414424996095, 50.570647156726366, 51.992291033689085, 54.27698647823941, 41.35111773338636, 38.10586345259175, 40.34384146715992, 9.650600392737324, 30.421876588270592, 17.339740360131216, 44.61850951032694, 47.555228766739916, 24.882501538027284, 15.224919331849646, 27.49966621608668, 16.485051046495318, 6.02467591570103, 12.657438495140553, 6.72544185838351, 44.160543221569256, 26.23988987068639, 26.123939719806856, 45.936325794054675, 23.939480373833195, 39.208002811267924, 14.166949312431663, 37.872144090113444, 11.02120265287248, 26.4749753180974, 26.219801750788317, 12.895658275006372, 43.64324458556366, 35.71654334686028, 41.98706537308702, 0.0, 42.19904936330788, 29.284689362015797, 10.969099735358494, 44.473620506790375, 4.715891579841041, 13.151193914665116, 43.76914681320901, 41.15159166460925, 49.51434234460956, 46.17952696326761, 45.76141637638634, 29.24852714261296, 39.59839727140246, 39.43186457338121, 21.12582079110123, 50.384414424996095, 50.570647156726366, 51.992291033689085, 54.27698647823941, 41.35111773338636, 38.10586345259175], [55.703617164574034, 42.08324888534874, 48.49759247039813, 19.544743390145694, 44.756985674224154, 24.33326754406104, 25.89172039048082, 52.087430819701105, 42.19904936330788, 0.0, 43.507263234379096, 44.15012536433606, 20.616278002891537, 38.058493567909835, 35.375447257839596, 3.815508614103123, 1.8959057485104547, 34.39440895631287, 51.853869340983834, 28.50106027926975, 20.717475446668523, 2.7749537561919806, 26.84448269338833, 21.13181680576884, 32.24335872385302, 47.65369693945064, 44.34193835076412, 39.35090776933946, 30.22025858791974, 28.573035958286447, 43.777511714298626, 40.686164050977595, 19.928986393560688, 45.572342602745344, 4.279972996917027, 41.02307531219194, 21.340645004254682, 29.563367451123998, 50.25411756840687, 47.24731721712613, 42.83397048238046, 35.40065572117893, 39.857903573800535, 45.27582061987126, 34.17191669572378, 18.294150996479363, 4.361339155631592, 50.434893612569546, 42.93170335589659, 28.03430467625651, 55.703617164574034, 42.08324888534874, 48.49759247039813, 19.544743390145694, 44.756985674224154, 24.33326754406104, 25.89172039048082, 52.087430819701105, 42.19904936330788, 0.0, 43.507263234379096, 44.15012536433606, 20.616278002891537, 38.058493567909835, 35.375447257839596, 3.815508614103123, 1.8959057485104547, 34.39440895631287, 51.853869340983834, 28.50106027926975, 20.717475446668523, 2.7749537561919806, 26.84448269338833, 21.13181680576884, 32.24335872385302, 47.65369693945064, 44.34193835076412, 39.35090776933946, 30.22025858791974, 28.573035958286447], [12.44471455434412, 18.50148251184754, 7.44709556345702, 24.90279904462131, 17.789944401144005, 28.138994712118883, 20.371508135074556, 12.935960923829409, 29.284689362015797, 43.507263234379096, 0.0, 19.398162889096312, 31.565692295573943, 30.41843991339413, 17.744338399696428, 42.48586187503704, 43.72333787760321, 27.936531347020743, 16.901807395772416, 27.454269403151166, 22.792708919851524, 42.17405710675221, 22.43108517842444, 31.516970974858463, 30.31257025878434, 22.620492422505173, 25.610938690960488, 30.91266946240532, 21.705975462468384, 19.991666770711745, 12.15917037040068, 19.64278173473922, 23.59957654024663, 13.748559840068664, 43.130585106231095, 21.83962015691268, 23.3433248021952, 21.377035228107104, 8.706564950686753, 15.942004902542967, 23.693214116992714, 18.24844597294684, 22.627263643556102, 15.967460533762635, 9.390799923818896, 26.72362817501204, 47.835575582760136, 11.81161224866527, 11.23424550988986, 28.625669843871872, 12.44471455434412, 18.50148251184754, 7.44709556345702, 24.90279904462131, 17.789944401144005, 28.138994712118883, 20.371508135074556, 12.935960923829409, 29.284689362015797, 43.507263234379096, 0.0, 19.398162889096312, 31.565692295573943, 30.41843991339413, 17.744338399696428, 42.48586187503704, 43.72333787760321, 27.936531347020743, 16.901807395772416, 27.454269403151166, 22.792708919851524, 42.17405710675221, 22.43108517842444, 31.516970974858463, 30.31257025878434, 22.620492422505173, 25.610938690960488, 30.91266946240532, 21.705975462468384, 19.991666770711745], [26.961565257930587, 2.125837896623647, 15.61886695394065, 25.38604755524316, 1.9265656979351888, 39.34217665786605, 30.823111781421375, 31.626171342703707, 10.969099735358494, 44.15012536433606, 19.398162889096312, 0.0, 41.17662550998869, 13.939193819820291, 8.925025115410971, 44.81420289331972, 43.530235214214834, 43.26092214288757, 36.179128726200595, 40.55860778382791, 26.806812168958587, 41.881597824019856, 34.295901847581895, 24.8004337715371, 44.72859381228563, 41.66977198400451, 43.870761862341055, 47.46497204637832, 35.41569825681228, 32.46745098312815, 31.20268261715108, 3.568154202385984, 28.028519642539397, 6.415908378159594, 45.63342036836444, 39.63434817485002, 23.661084857179294, 14.590952888734043, 16.56017393341348, 5.613616143838313, 4.946408343037313, 8.81144924823259, 5.9089869276143965, 35.06718117814869, 19.008943550627034, 26.121418756739324, 48.3134243732977, 12.98826598653375, 30.142712011584504, 18.483787601634805, 26.961565257930587, 2.125837896623647, 15.61886695394065, 25.38604755524316, 1.9265656979351888, 39.34217665786605, 30.823111781421375, 31.626171342703707, 10.969099735358494, 44.15012536433606, 19.398162889096312, 0.0, 41.17662550998869, 13.939193819820291, 8.925025115410971, 44.81420289331972, 43.530235214214834, 43.26092214288757, 36.179128726200595, 40.55860778382791, 26.806812168958587, 41.881597824019856, 34.295901847581895, 24.8004337715371, 44.72859381228563, 41.66977198400451, 43.870761862341055, 47.46497204637832, 35.41569825681228, 32.46745098312815], [41.95298073169128, 39.12195892437323, 38.43244316447216, 18.847395303703895, 40.86930537470826, 4.323346426963121, 11.312985018249428, 35.98440590900908, 44.473620506790375, 20.616278002891537, 31.565692295573943, 41.17662550998869, 0.0, 41.90313426286718, 32.820891264329035, 17.39660801812575, 22.05875242483951, 13.832419203172574, 34.237435742959185, 8.105939581326487, 15.232374739048353, 21.376482300190354, 9.386703662718038, 28.33883036572717, 11.6488458917741, 28.138380763529163, 24.161854677086176, 18.739959516079377, 11.647292798007424, 11.843632393853163, 26.956633142860383, 38.554672561402384, 14.081701541171089, 39.566089256322456, 17.531211540537765, 21.41063204099759, 19.819369343608308, 29.248933449815798, 39.99069593310316, 41.82980279535515, 42.24495537672086, 33.142870554736255, 39.38591251505846, 27.26674831011789, 24.090073094955105, 19.73770974482199, 23.65925381887432, 41.885806996960056, 26.45617749257192, 32.67858819919774, 41.95298073169128, 39.12195892437323, 38.43244316447216, 18.847395303703895, 40.86930537470826, 4.323346426963121, 11.312985018249428, 35.98440590900908, 44.473620506790375, 20.616278002891537, 31.565692295573943, 41.17662550998869, 0.0, 41.90313426286718, 32.820891264329035, 17.39660801812575, 22.05875242483951, 13.832419203172574, 34.237435742959185, 8.105939581326487, 15.232374739048353, 21.376482300190354, 9.386703662718038, 28.33883036572717, 11.6488458917741, 28.138380763529163, 24.161854677086176, 18.739959516079377, 11.647292798007424, 11.843632393853163], [40.09465995861133, 13.319313595220859, 28.697182927537842, 23.227208611574667, 15.789834726982328, 41.47969050354483, 33.96942024560717, 43.32898847921037, 4.715891579841041, 38.058493567909835, 30.41843991339413, 13.939193819820291, 41.90313426286718, 0.0, 12.997132022893435, 39.83221404787344, 36.92566881755407, 48.11889796775645, 47.1251655709582, 43.942676339514186, 26.72367658904172, 35.40688498684108, 37.7003135377484, 16.926997961753333, 48.70087098678513, 50.630459388656355, 51.54891593684802, 53.09759056693346, 39.93818382029692, 36.6266564733495, 40.703384123049176, 11.552583993651476, 27.836480874725716, 19.91889061540291, 40.68118631373116, 47.05038229825654, 22.092617299125894, 13.074372423536165, 29.919542889158034, 19.543609288996954, 9.279117456099751, 12.469616264996905, 8.36819503427329, 44.42930792232136, 25.92650750736371, 22.847209688765556, 41.676002094146085, 26.765254328015004, 39.536070548428064, 10.151486261668477, 40.09465995861133, 13.319313595220859, 28.697182927537842, 23.227208611574667, 15.789834726982328, 41.47969050354483, 33.96942024560717, 43.32898847921037, 4.715891579841041, 38.058493567909835, 30.41843991339413, 13.939193819820291, 41.90313426286718, 0.0, 12.997132022893435, 39.83221404787344, 36.92566881755407, 48.11889796775645, 47.1251655709582, 43.942676339514186, 26.72367658904172, 35.40688498684108, 37.7003135377484, 16.926997961753333, 48.70087098678513, 50.630459388656355, 51.54891593684802, 53.09759056693346, 39.93818382029692, 36.6266564733495], [28.534850888235272, 6.805271190297458, 17.606267843520204, 16.461026628644344, 9.38154016576908, 31.38692147727487, 23.098981477109014, 30.671247814272583, 13.151193914665116, 35.375447257839596, 17.744338399696428, 8.925025115410971, 32.820891264329035, 12.997132022893435, 0.0, 35.92464144682717, 34.8399165647629, 36.52058260960884, 34.221309832887044, 33.0950387332045, 18.066094489307915, 33.1852124701957, 26.747213632091253, 17.05321188537829, 37.57159271233932, 37.70376143623687, 38.889204656802626, 41.18363349274924, 28.403795485461654, 25.22605285506873, 27.708363976051338, 5.800147377045372, 19.291975836133425, 10.933662439468854, 36.7394383303625, 34.433215117442266, 14.739103970062903, 6.041195980803364, 19.15238292915553, 12.133206962996717, 9.492324922016797, 0.5275421197490962, 6.852152545229861, 31.446140321878417, 13.131194841326806, 17.23231022576067, 39.58997838163785, 17.263974190714276, 26.542745865968172, 11.91882280322389, 28.534850888235272, 6.805271190297458, 17.606267843520204, 16.461026628644344, 9.38154016576908, 31.38692147727487, 23.098981477109014, 30.671247814272583, 13.151193914665116, 35.375447257839596, 17.744338399696428, 8.925025115410971, 32.820891264329035, 12.997132022893435, 0.0, 35.92464144682717, 34.8399165647629, 36.52058260960884, 34.221309832887044, 33.0950387332045, 18.066094489307915, 33.1852124701957, 26.747213632091253, 17.05321188537829, 37.57159271233932, 37.70376143623687, 38.889204656802626, 41.18363349274924, 28.403795485461654, 25.22605285506873], [54.46291054613584, 42.71206219267378, 47.911930699049364, 19.610108522766566, 45.264976480888606, 21.326336143519974, 23.87904028830131, 50.31019217733431, 43.76914681320901, 3.815508614103123, 42.48586187503704, 44.81420289331972, 17.39660801812575, 39.83221404787344, 35.92464144682717, 0.0, 5.680549143249001, 31.22887039344132, 49.72041507121725, 25.42467071141805, 19.920995089663933, 6.028868224579331, 24.383868427214193, 23.0043941467527, 28.92661520940277, 44.97591901972495, 41.40876093808828, 36.046778760112495, 27.63653900525807, 26.30069475277236, 41.76535137426928, 41.43859203513519, 18.97166272940255, 45.704950358739424, 0.8495935382155811, 38.28609166513939, 21.404218415495794, 30.340182232338222, 49.65322124003185, 47.51498550174073, 43.90572414992696, 36.00533974182798, 40.89460085133875, 43.00110719489521, 33.29323951017459, 18.6943062778124, 6.299243244911805, 50.16368953409442, 40.985836919893494, 29.697126952508526, 54.46291054613584, 42.71206219267378, 47.911930699049364, 19.610108522766566, 45.264976480888606, 21.326336143519974, 23.87904028830131, 50.31019217733431, 43.76914681320901, 3.815508614103123, 42.48586187503704, 44.81420289331972, 17.39660801812575, 39.83221404787344, 35.92464144682717, 0.0, 5.680549143249001, 31.22887039344132, 49.72041507121725, 25.42467071141805, 19.920995089663933, 6.028868224579331, 24.383868427214193, 23.0043941467527, 28.92661520940277, 44.97591901972495, 41.40876093808828, 36.046778760112495, 27.63653900525807, 26.30069475277236], [56.00498115422941, 41.486032571029114, 48.48191891082175, 19.370644155667136, 44.21127273264285, 25.645424280207653, 26.684915751467308, 52.67224198761264, 41.15159166460925, 1.8959057485104547, 43.72333787760321, 43.530235214214834, 22.05875242483951, 36.92566881755407, 34.8399165647629, 5.680549143249001, 0.0, 35.76515169959359, 52.62677992314242, 29.835781198862176, 20.955206421741885, 1.6562085602386483, 27.859851534917965, 20.030491247553528, 33.706254242464865, 48.727737731723494, 45.56359807397769, 40.795608937535675, 31.28484976348736, 29.483130751096528, 44.50177819857146, 40.03306186779794, 20.255944087114, 45.20794361486807, 6.174569132728653, 42.140883409428355, 21.144111668389673, 28.94423750547639, 50.242178102414854, 46.812654812302156, 42.02118503676175, 34.83786797247254, 39.07004029310334, 46.13555976057923, 34.349403820407105, 17.970872948279787, 4.818732887913303, 50.25834170597914, 43.6233118655824, 26.990629859106527, 56.00498115422941, 41.486032571029114, 48.48191891082175, 19.370644155667136, 44.21127273264285, 25.645424280207653, 26.684915751467308, 52.67224198761264, 41.15159166460925, 1.8959057485104547, 43.72333787760321, 43.530235214214834, 22.05875242483951, 36.92566881755407, 34.8399165647629, 5.680549143249001, 0.0, 35.76515169959359, 52.62677992314242, 29.835781198862176, 20.955206421741885, 1.6562085602386483, 27.859851534917965, 20.030491247553528, 33.706254242464865, 48.727737731723494, 45.56359807397769, 40.795608937535675, 31.28484976348736, 29.483130751096528], [35.03118187155793, 41.49692425657882, 35.38316463412053, 27.583444923189518, 42.355918064541754, 10.175714862254999, 14.369038876060255, 27.196950009291825, 49.51434234460956, 34.39440895631287, 27.936531347020743, 43.26092214288757, 13.832419203172574, 48.11889796775645, 36.52058260960884, 31.22887039344132, 35.76515169959359, 0.0, 23.817922527839368, 5.9759075242184245, 23.02927205231169, 34.963822846341316, 10.774618970857212, 38.06269657187285, 3.2603330100827583, 15.599173139718493, 10.76364049651034, 5.450962699838655, 8.184255926311362, 11.49384922407861, 18.61135955274978, 41.571739542602224, 22.34657701612831, 39.67794020289993, 31.356921784353865, 9.389466222525986, 27.740660629639702, 35.08198172010931, 36.55216236835772, 42.077598195823185, 45.775881278762185, 36.97584957835813, 43.359266229210434, 17.140492903907635, 24.254954378086065, 29.161794234402368, 37.48848132644352, 39.66764936749325, 18.697690781337123, 40.52797205926745, 35.03118187155793, 41.49692425657882, 35.38316463412053, 27.583444923189518, 42.355918064541754, 10.175714862254999, 14.369038876060255, 27.196950009291825, 49.51434234460956, 34.39440895631287, 27.936531347020743, 43.26092214288757, 13.832419203172574, 48.11889796775645, 36.52058260960884, 31.22887039344132, 35.76515169959359, 0.0, 23.817922527839368, 5.9759075242184245, 23.02927205231169, 34.963822846341316, 10.774618970857212, 38.06269657187285, 3.2603330100827583, 15.599173139718493, 10.76364049651034, 5.450962699838655, 8.184255926311362, 11.49384922407861], [14.477788782753663, 35.3864027563793, 21.712045785566847, 36.55292563124254, 34.4808103948713, 29.938541785327573, 25.962702913007533, 5.561196537647093, 46.17952696326761, 51.853869340983834, 16.901807395772416, 36.179128726200595, 34.237435742959185, 47.1251655709582, 34.221309832887044, 49.72041507121725, 52.62677992314242, 23.817922527839368, 0.0, 27.00058237499918, 32.870464203376216, 51.32342386507717, 25.491484107320375, 45.43364734401899, 27.047421852100634, 9.993962764090995, 15.375022242795767, 23.632430563362107, 22.621393709772352, 23.429775393045528, 8.212239850202177, 36.54295080334125, 33.13269975190093, 30.18698608834047, 50.14883966253005, 14.479531130774225, 35.48367475654778, 36.79791832054494, 21.762637102680127, 32.137045711159246, 40.583121076651835, 34.74297346768776, 39.50320201394611, 6.9901931769154855, 22.62999051141064, 38.54788803360651, 55.83100303999261, 26.098292731124364, 9.232871587133607, 44.046271824338874, 14.477788782753663, 35.3864027563793, 21.712045785566847, 36.55292563124254, 34.4808103948713, 29.938541785327573, 25.962702913007533, 5.561196537647093, 46.17952696326761, 51.853869340983834, 16.901807395772416, 36.179128726200595, 34.237435742959185, 47.1251655709582, 34.221309832887044, 49.72041507121725, 52.62677992314242, 23.817922527839368, 0.0, 27.00058237499918, 32.870464203376216, 51.32342386507717, 25.491484107320375, 45.43364734401899, 27.047421852100634, 9.993962764090995, 15.375022242795767, 23.632430563362107, 22.621393709772352, 23.429775393045528], [36.35130820738384, 38.65631928572044, 34.78092294752185, 22.36230452817783, 39.88153569310815, 4.204399728307355, 10.04530923856562, 29.440345110040546, 45.76141637638634, 28.50106027926975, 27.454269403151166, 40.55860778382791, 8.105939581326487, 43.942676339514186, 33.0950387332045, 25.42467071141805, 29.835781198862176, 5.9759075242184245, 27.00058237499918, 0.0, 17.92199407134898, 29.00711189522051, 6.349108572188806, 32.731747502317496, 4.91599109308893, 20.16850462974713, 16.056023087440295, 11.290391695668816, 5.748303554058662, 8.129952904087839, 20.411194782970675, 38.482702471003094, 17.09517031338305, 37.734991761469146, 25.597349413563318, 13.474451583953607, 22.74020731523109, 30.875788694764793, 36.152611297757666, 40.111483955044655, 42.542583938712475, 33.508767814438045, 39.93222360162418, 20.02388230727508, 21.899757397704498, 23.79916125859471, 31.710636191316446, 38.74811520528369, 20.148429216717513, 35.75082845101607, 36.35130820738384, 38.65631928572044, 34.78092294752185, 22.36230452817783, 39.88153569310815, 4.204399728307355, 10.04530923856562, 29.440345110040546, 45.76141637638634, 28.50106027926975, 27.454269403151166, 40.55860778382791, 8.105939581326487, 43.942676339514186, 33.0950387332045, 25.42467071141805, 29.835781198862176, 5.9759075242184245, 27.00058237499918, 0.0, 17.92199407134898, 29.00711189522051, 6.349108572188806, 32.731747502317496, 4.91599109308893, 20.16850462974713, 16.056023087440295, 11.290391695668816, 5.748303554058662, 8.129952904087839], [35.05030361116398, 24.692631977364403, 27.991047096544065, 4.586972186055481, 26.81613129086988, 14.915432136329684, 8.979372951970385, 32.15843384806283, 29.24852714261296, 20.717475446668523, 22.792708919851524, 26.806812168958587, 15.232374739048353, 26.72367658904172, 18.066094489307915, 19.920995089663933, 20.955206421741885, 23.02927205231169, 32.870464203376216, 17.92199407134898, 0.0, 19.43323210989105, 12.279727431160135, 15.085286013952839, 22.833097583235162, 31.18531664096373, 29.710000603897758, 28.42064787157111, 15.416566633797453, 12.29751867729833, 24.66458811720582, 23.86607781590305, 1.225884721739581, 26.437714157951373, 20.625371960681335, 25.433591011111094, 4.836316489928102, 14.028489719066263, 29.73236454214146, 28.46604410134685, 27.294124389941604, 18.322378122918053, 24.362922436113962, 27.040370734651326, 13.459801324531075, 6.35817954257101, 25.05417056385917, 30.359469740367903, 23.64539436181394, 17.906910568419526, 35.05030361116398, 24.692631977364403, 27.991047096544065, 4.586972186055481, 26.81613129086988, 14.915432136329684, 8.979372951970385, 32.15843384806283, 29.24852714261296, 20.717475446668523, 22.792708919851524, 26.806812168958587, 15.232374739048353, 26.72367658904172, 18.066094489307915, 19.920995089663933, 20.955206421741885, 23.02927205231169, 32.870464203376216, 17.92199407134898, 0.0, 19.43323210989105, 12.279727431160135, 15.085286013952839, 22.833097583235162, 31.18531664096373, 29.710000603897758, 28.42064787157111, 15.416566633797453, 12.29751867729833], [54.480116665581534, 39.83535334500384, 46.87086222295918, 17.742214284128956, 42.55745625580673, 24.804508720819374, 25.4216413936933, 51.26714927037135, 39.59839727140246, 2.7749537561919806, 42.17405710675221, 41.881597824019856, 21.376482300190354, 35.40688498684108, 33.1852124701957, 6.028868224579331, 1.6562085602386483, 34.963822846341316, 51.32342386507717, 29.00711189522051, 19.43323210989105, 0.0, 26.748484690421847, 18.491597347654498, 33.015625177872536, 47.634642547137446, 44.59998721107417, 40.0720873622344, 30.204931535054264, 28.29134240617598, 43.17505047991615, 38.38744306435092, 18.769517730184866, 43.553544949709234, 6.6848424806021995, 41.089310782743894, 19.510674321239055, 27.294091556490855, 48.63156915065356, 45.156489579446756, 40.40071837149762, 33.18445801421177, 37.4442417000599, 44.89011669405862, 32.79267318946061, 16.323626627623657, 6.444652182913017, 48.61992128584249, 42.278886080395964, 25.43240207621112, 54.480116665581534, 39.83535334500384, 46.87086222295918, 17.742214284128956, 42.55745625580673, 24.804508720819374, 25.4216413936933, 51.26714927037135, 39.59839727140246, 2.7749537561919806, 42.17405710675221, 41.881597824019856, 21.376482300190354, 35.40688498684108, 33.1852124701957, 6.028868224579331, 1.6562085602386483, 34.963822846341316, 51.32342386507717, 29.00711189522051, 19.43323210989105, 0.0, 26.748484690421847, 18.491597347654498, 33.015625177872536, 47.634642547137446, 44.59998721107417, 40.0720873622344, 30.204931535054264, 28.29134240617598], [32.566533289350396, 32.36909604096728, 29.518422429274203, 16.85397088032081, 33.67758643683162, 5.710816233481064, 3.732054959250175, 26.775042280767696, 39.43186457338121, 26.84448269338833, 22.43108517842444, 34.295901847581895, 9.386703662718038, 37.7003135377484, 26.747213632091253, 24.383868427214193, 27.859851534917965, 10.774618970857212, 25.491484107320375, 6.349108572188806, 12.279727431160135, 26.748484690421847, 0.0, 27.35158059551574, 11.000820605842613, 20.886934441574077, 18.22923923706644, 16.142548018464478, 3.5188206833083884, 2.4718195819112716, 17.835392828928292, 32.156870427837696, 11.664784271154682, 31.723101975301525, 24.758101082757477, 14.403329299076407, 16.966423537615043, 24.625941263231056, 31.004084800905233, 34.077176663926146, 36.20025186039135, 27.159925666769105, 33.58323444848292, 18.65987892776676, 15.879931030495795, 18.498911909824052, 30.602413957750127, 33.23792870403987, 17.23823542718065, 29.794279330527367, 32.566533289350396, 32.36909604096728, 29.518422429274203, 16.85397088032081, 33.67758643683162, 5.710816233481064, 3.732054959250175, 26.775042280767696, 39.43186457338121, 26.84448269338833, 22.43108517842444, 34.295901847581895, 9.386703662718038, 37.7003135377484, 26.747213632091253, 24.383868427214193, 27.859851534917965, 10.774618970857212, 25.491484107320375, 6.349108572188806, 12.279727431160135, 26.748484690421847, 0.0, 27.35158059551574, 11.000820605842613, 20.886934441574077, 18.22923923706644, 16.142548018464478, 3.5188206833083884, 2.4718195819112716], [43.688868740135675, 22.94414998781301, 33.78154814464029, 10.500262912633321, 25.87096551822046, 29.279069365517177, 24.03473854752446, 43.41408633403054, 21.12582079110123, 21.13181680576884, 31.516970974858463, 24.8004337715371, 28.33883036572717, 16.926997961753333, 17.05321188537829, 23.0043941467527, 20.030491247553528, 38.06269657187285, 45.43364734401899, 32.731747502317496, 15.085286013952839, 18.491597347654498, 27.35158059551574, 0.0, 37.637793554325384, 45.48203708916966, 44.55922742303355, 43.4780215641574, 30.491164871047435, 27.31787096160171, 37.53323917839603, 21.23358520524662, 15.716312543865662, 27.986504026757224, 23.849967050987736, 40.17288765916207, 10.688583244863734, 11.162243256525894, 35.46753509979575, 29.056896611449705, 22.46854461594375, 16.85889193874794, 19.658818179662198, 40.543069621169224, 23.051316638557687, 8.932632775344285, 24.810555402709326, 34.16594959108772, 36.39091268275844, 6.990328829503163, 43.688868740135675, 22.94414998781301, 33.78154814464029, 10.500262912633321, 25.87096551822046, 29.279069365517177, 24.03473854752446, 43.41408633403054, 21.12582079110123, 21.13181680576884, 31.516970974858463, 24.8004337715371, 28.33883036572717, 16.926997961753333, 17.05321188537829, 23.0043941467527, 20.030