M = 99999999.0;
numWorkers = 30;
numRoles = 3;
numNodes = 80;
wStart = [60, 60, 90, 330, 0, 180, 60, 120, 90, 270, 30, 150, 120, 90, 300, 0, 60, 60, 270, 60, 90, 360, 210, 90, 60, 120, 360, 60, 60, 90, 270, 30, 150, 60, 60, 120, 90, 270, 90, 60, 60, 180, 120, 60, 120, 180, 150, 270, 90, 60, 330, 360, 480, 390, 420, 390, 300, 330, 300, 450, 180, 480, 420, 420, 390, 300, 330, 210, 420, 450, 210, 390, 300, 330, 330, 270, 420, 360, 480, 150];
wEnd = [60, 60, 90, 330, 0, 180, 60, 120, 90, 270, 30, 150, 120, 90, 300, 0, 60, 60, 270, 60, 90, 360, 210, 90, 60, 120, 360, 60, 60, 90, 420, 240, 450, 150, 390, 450, 330, 450, 300, 210, 450, 240, 270, 330, 450, 240, 450, 450, 300, 450, 330, 360, 480, 390, 420, 390, 300, 330, 300, 450, 180, 480, 420, 420, 390, 300, 330, 210, 420, 450, 210, 390, 300, 330, 330, 270, 420, 360, 480, 150];
p = [0, 0, 0, 0, 0, 0, 0, 0, 0, 0, 0, 0, 0, 0, 0, 0, 0, 0, 0, 0, 0, 0, 0, 0, 0, 0, 0, 0, 0, 0, 72.97442348783643, 67.22706455635344, 70.70552028451908, 46.06863893198016, 72.98312745420284, 35.89672024096465, 71.71912594564904, 40.642369928158715, 69.22265913577084, 31.328475195122618, 16.749068431196918, 37.97327711010979, 35.8303217935147, 74.31626511180254, 17.948360120482324, 18.986638555054896, 35.35276014225954, 20.321184964079357, 34.61132956788542, 8.374534215598459, 0, 0, 0, 0, 0, 0, 0, 0, 0, 0, 0, 0, 0, 0, 0, 0, 0, 0, 0, 0, 0, 0, 0, 0, 0, 0, 0, 0, 0, 0];
e = [[0, 1, 1], [0, 1, 1], [1, 1, 0], [1, 1, 0], [0, 1, 1], [0, 1, 1], [0, 1, 0], [1, 1, 0], [1, 1, 0], [0, 1, 1], [1, 1, 0], [1, 1, 0], [0, 1, 1], [0, 1, 0], [0, 1, 1], [1, 1, 0], [1, 1, 0], [1, 1, 0], [0, 1, 1], [1, 1, 0], [0, 1, 0], [1, 0, 0], [0, 0, 1], [0, 0, 1], [1, 0, 0], [0, 0, 1], [0, 1, 0], [0, 0, 1], [0, 1, 0], [0, 1, 0]];
d = [[1, 1, 1, 2, 1, 1, 2, 1, 1, 1, 1, 1, 1, 2, 2, 2, 2, 2, 2, 2], [1, 1, 1, 1, 1, 1, 0, 2, 2, 2, 2, 2, 2, 0, 2, 4, 2, 4, 4, 4], [1, 1, 1, 0, 1, 1, 1, 0, 0, 0, 0, 0, 0, 1, 2, 0, 2, 0, 0, 0]];
r = [961, 4052, 933, 1964, 3357, 1474, 2316, 1953, 2542, 913, 2136, 2294, 3454, 2279, 1474, 2294, 933, 1953, 2542, 2136];
g = [[0, 0, 0, 0, 0, 0, 0, 0, 0, 0, 0, 0, 0, 0, 0, 0, 0, 0, 0, 0], [0, 0, 0, 0, 0, 0, 0, 0, 0, 0, 0, 0, 0, 0, 0, 0, 0, 0, 0, 0], [0, 0, 0, 0, 0, 0, 0, 0, 0, 0, 0, 0, 0, 0, 0, 0, 1, 0, 0, 0], [0, 0, 0, 0, 0, 0, 0, 0, 0, 0, 0, 0, 0, 0, 0, 0, 0, 0, 0, 0], [0, 0, 0, 0, 0, 0, 0, 0, 0, 0, 0, 0, 0, 0, 0, 0, 0, 0, 0, 0], [0, 0, 0, 0, 0, 0, 0, 0, 0, 0, 0, 0, 0, 0, 1, 0, 0, 0, 0, 0], [0, 0, 0, 0, 0, 0, 0, 0, 0, 0, 0, 0, 0, 0, 0, 0, 0, 0, 0, 0], [0, 0, 0, 0, 0, 0, 0, 0, 0, 0, 0, 0, 0, 0, 0, 0, 0, 1, 0, 0], [0, 0, 0, 0, 0, 0, 0, 0, 0, 0, 0, 0, 0, 0, 0, 0, 0, 0, 1, 0], [0, 0, 0, 0, 0, 0, 0, 0, 0, 0, 0, 0, 0, 0, 0, 0, 0, 0, 0, 0], [0, 0, 0, 0, 0, 0, 0, 0, 0, 0, 0, 0, 0, 0, 0, 0, 0, 0, 0, 1], [0, 0, 0, 0, 0, 0, 0, 0, 0, 0, 0, 0, 0, 0, 0, 1, 0, 0, 0, 0], [0, 0, 0, 0, 0, 0, 0, 0, 0, 0, 0, 0, 0, 0, 0, 0, 0, 0, 0, 0], [0, 0, 0, 0, 0, 0, 0, 0, 0, 0, 0, 0, 0, 0, 0, 0, 0, 0, 0, 0], [0, 0, 0, 0, 0, 1, 0, 0, 0, 0, 0, 0, 0, 0, 0, 0, 0, 0, 0, 0], [0, 0, 0, 0, 0, 0, 0, 0, 0, 0, 0, 1, 0, 0, 0, 0, 0, 0, 0, 0], [0, 0, 1, 0, 0, 0, 0, 0, 0, 0, 0, 0, 0, 0, 0, 0, 0, 0, 0, 0], [0, 0, 0, 0, 0, 0, 0, 1, 0, 0, 0, 0, 0, 0, 0, 0, 0, 0, 0, 0], [0, 0, 0, 0, 0, 0, 0, 0, 1, 0, 0, 0, 0, 0, 0, 0, 0, 0, 0, 0], [0, 0, 0, 0, 0, 0, 0, 0, 0, 0, 1, 0, 0, 0, 0, 0, 0, 0, 0, 0]];
t = [[0.0, 6.181814030396803, 16.14946455620237, 8.364985547900186, 6.823089417405513, 1.1707279299683098, 7.357392738450221, 3.351853292524127, 10.494718608250851, 12.475049656406824, 9.548877129405376, 14.521684787456465, 1.3678612177401284, 4.6802992799118375, 8.446004594026592, 14.115919856668137, 15.862363307346673, 15.642735091084145, 10.575161237122138, 17.710307425463157, 10.127676453422431, 8.44699674940671, 16.03989328071425, 9.66319465966168, 8.41613060047614, 13.266088881547931, 11.921224723292653, 6.728678309545964, 3.3353904377481243, 16.493877877001434, 14.979201526898796, 15.055754902248825, 11.529340948599142, 18.541981906930904, 1.153289591696199, 14.043969129676784, 10.570189564786942, 9.930560397837622, 4.003860071322867, 16.317326970151996, 7.821108861371538, 16.145522744226252, 20.47252956295499, 7.063214434895736, 14.043969129676784, 16.145522744226252, 11.529340948599142, 9.930560397837622, 4.003860071322867, 7.821108861371538, 0.0, 6.181814030396803, 16.14946455620237, 8.364985547900186, 6.823089417405513, 1.1707279299683098, 7.357392738450221, 3.351853292524127, 10.494718608250851, 12.475049656406824, 9.548877129405376, 14.521684787456465, 1.3678612177401284, 4.6802992799118375, 8.446004594026592, 14.115919856668137, 15.862363307346673, 15.642735091084145, 10.575161237122138, 17.710307425463157, 10.127676453422431, 8.44699674940671, 16.03989328071425, 9.66319465966168, 8.41613060047614, 13.266088881547931, 11.921224723292653, 6.728678309545964, 3.3353904377481243, 16.493877877001434], [6.181814030396803, 0.0, 10.003672911075874, 14.041933805434871, 4.288750876357932, 5.056468777399124, 3.2268986916195908, 7.68278627633528, 6.140043257508675, 9.499908442177063, 12.571821978864826, 11.22495375379019, 6.346720636018334, 9.17173371855578, 5.774221982841246, 13.671450289836093, 9.860611444276271, 9.7028592596659, 9.346827632055462, 12.109200113389239, 15.846283456704738, 9.270526801906517, 10.381397627092788, 15.447750140486708, 2.479012550030107, 14.210157966106731, 12.791958976344448, 11.504642527778177, 7.943546547535909, 13.24090233687218, 9.47946426752724, 8.963584755721792, 13.174337290854442, 15.531111755572608, 7.29384131199363, 7.875838744888883, 8.449076171849676, 4.7583676973395885, 4.602283991966181, 10.477016354563276, 12.500031613389066, 10.05187281902494, 14.312862947070123, 6.054600601818269, 7.875838744888883, 10.05187281902494, 13.174337290854442, 4.7583676973395885, 4.602283991966181, 12.500031613389066, 6.181814030396803, 0.0, 10.003672911075874, 14.041933805434871, 4.288750876357932, 5.056468777399124, 3.2268986916195908, 7.68278627633528, 6.140043257508675, 9.499908442177063, 12.571821978864826, 11.22495375379019, 6.346720636018334, 9.17173371855578, 5.774221982841246, 13.671450289836093, 9.860611444276271, 9.7028592596659, 9.346827632055462, 12.109200113389239, 15.846283456704738, 9.270526801906517, 10.381397627092788, 15.447750140486708, 2.479012550030107, 14.210157966106731, 12.791958976344448, 11.504642527778177, 7.943546547535909, 13.24090233687218], [16.14946455620237, 10.003672911075874, 0.0, 23.960188486976758, 12.087937037426395, 15.04950172124722, 9.638934015303303, 17.48995519535888, 9.895740362490518, 13.11854695869466, 21.259126809975026, 11.059399218631276, 16.107048245206713, 18.262475391513874, 12.230606232497625, 17.07139066464568, 1.700953862797236, 4.84483969971625, 13.566343890410439, 4.829124178146257, 25.761634642925916, 17.12318452920153, 6.604277341264382, 25.388331719396, 8.198115921173354, 19.19903320694523, 18.083534070665664, 20.453942997325807, 17.78654635361984, 14.679108564446016, 4.556543559680188, 3.5362267388262385, 19.1952748004001, 16.67870156990423, 17.27973788298263, 2.922932422927413, 13.827173551501753, 7.224385773849228, 13.513181509937585, 2.9233015193190623, 22.075467120294185, 3.5128771326945527, 4.330714152146429, 12.694345335592104, 2.922932422927413, 3.5128771326945527, 19.1952748004001, 7.224385773849228, 13.513181509937585, 22.075467120294185, 16.14946455620237, 10.003672911075874, 0.0, 23.960188486976758, 12.087937037426395, 15.04950172124722, 9.638934015303303, 17.48995519535888, 9.895740362490518, 13.11854695869466, 21.259126809975026, 11.059399218631276, 16.107048245206713, 18.262475391513874, 12.230606232497625, 17.07139066464568, 1.700953862797236, 4.84483969971625, 13.566343890410439, 4.829124178146257, 25.761634642925916, 17.12318452920153, 6.604277341264382, 25.388331719396, 8.198115921173354, 19.19903320694523, 18.083534070665664, 20.453942997325807, 17.78654635361984, 14.679108564446016], [8.364985547900186, 14.041933805434871, 23.960188486976758, 0.0, 12.56632660103837, 9.2291209661648, 15.708142399376959, 6.500654076187977, 16.193409722950328, 16.35316804290979, 6.987341501982835, 22.677996120757083, 9.125619301889104, 10.011923985965408, 13.44672843946485, 21.054210897107282, 23.9025451325861, 22.481667767372606, 18.273118900139327, 25.984661527152625, 1.804451354251581, 9.93419022041847, 22.399255031624794, 1.460448524234068, 15.810132688544382, 19.313925240833285, 18.234577617569688, 10.235873240637932, 6.1864962083928425, 19.84226537201795, 23.27058947850777, 22.242523868264435, 17.27277685797433, 21.283361057772808, 7.250779524544725, 21.521137796382714, 14.182918277484395, 18.238615173904236, 12.243488629375989, 24.481559765065096, 3.3177369447184253, 23.297051610349705, 28.202920441297547, 15.113416224285958, 21.521137796382714, 23.297051610349705, 17.27277685797433, 18.238615173904236, 12.243488629375989, 3.3177369447184253, 8.364985547900186, 14.041933805434871, 23.960188486976758, 0.0, 12.56632660103837, 9.2291209661648, 15.708142399376959, 6.500654076187977, 16.193409722950328, 16.35316804290979, 6.987341501982835, 22.677996120757083, 9.125619301889104, 10.011923985965408, 13.44672843946485, 21.054210897107282, 23.9025451325861, 22.481667767372606, 18.273118900139327, 25.984661527152625, 1.804451354251581, 9.93419022041847, 22.399255031624794, 1.460448524234068, 15.810132688544382, 19.313925240833285, 18.234577617569688, 10.235873240637932, 6.1864962083928425, 19.84226537201795], [6.823089417405513, 4.288750876357932, 12.087937037426395, 12.56632660103837, 0.0, 5.7700748731448375, 7.513124465591207, 6.216128540806814, 3.799713403381439, 5.863148038537891, 9.198158239314418, 15.477804061674409, 7.753333336986422, 11.18794113557969, 1.7538924904484163, 17.767485559253593, 12.493924980212125, 9.931861456283093, 13.494743616701625, 15.295392623475086, 14.303354426239776, 5.300380289335421, 9.861490096318262, 14.02660384179884, 4.18293464377604, 17.980420198617804, 16.550632167456808, 13.421242136408658, 6.568808200687555, 9.862254518643434, 12.900511806844337, 9.817155810832237, 16.693390146127495, 12.035143401450327, 7.546355112300301, 9.34298555944894, 4.349421801456284, 8.759764497387192, 7.678870919375952, 13.405361994305485, 10.189981332440444, 10.833523927928944, 16.081059195284695, 9.99162451071191, 9.34298555944894, 10.833523927928944, 16.693390146127495, 8.759764497387192, 7.678870919375952, 10.189981332440444, 6.823089417405513, 4.288750876357932, 12.087937037426395, 12.56632660103837, 0.0, 5.7700748731448375, 7.513124465591207, 6.216128540806814, 3.799713403381439, 5.863148038537891, 9.198158239314418, 15.477804061674409, 7.753333336986422, 11.18794113557969, 1.7538924904484163, 17.767485559253593, 12.493924980212125, 9.931861456283093, 13.494743616701625, 15.295392623475086, 14.303354426239776, 5.300380289335421, 9.861490096318262, 14.02660384179884, 4.18293464377604, 17.980420198617804, 16.550632167456808, 13.421242136408658, 6.568808200687555, 9.862254518643434], [1.1707279299683098, 5.056468777399124, 15.04950172124722, 9.2291209661648, 5.7700748731448375, 0.0, 6.506941004747969, 3.5296371298851232, 9.3817117742882, 11.515365864286947, 9.612519852498233, 13.994420157954188, 2.0188388334309773, 5.492108045478337, 7.440332996726713, 14.115283638707213, 14.81241745218073, 14.472676119540557, 10.350089509992877, 16.762649112724638, 11.017148041330612, 7.974165954671608, 14.872846898840638, 10.577083538195827, 7.252591951360372, 13.521442265651578, 12.138248567535733, 7.667227110831647, 3.6309786267381865, 15.538731517488674, 14.043530666839592, 13.894268109262361, 11.894063993790171, 17.629842514443826, 2.2386010577678808, 12.89921317400192, 9.683054283484156, 9.009638740109063, 3.6161296579306925, 15.310463295324963, 8.323333319088151, 14.9836978418625, 19.365786595415635, 6.719774750976244, 12.89921317400192, 14.9836978418625, 11.894063993790171, 9.009638740109063, 3.6161296579306925, 8.323333319088151, 1.1707279299683098, 5.056468777399124, 15.04950172124722, 9.2291209661648, 5.7700748731448375, 0.0, 6.506941004747969, 3.5296371298851232, 9.3817117742882, 11.515365864286947, 9.612519852498233, 13.994420157954188, 2.0188388334309773, 5.492108045478337, 7.440332996726713, 14.115283638707213, 14.81241745218073, 14.472676119540557, 10.350089509992877, 16.762649112724638, 11.017148041330612, 7.974165954671608, 14.872846898840638, 10.577083538195827, 7.252591951360372, 13.521442265651578, 12.138248567535733, 7.667227110831647, 3.6309786267381865, 15.538731517488674], [7.357392738450221, 3.2268986916195908, 9.638934015303303, 15.708142399376959, 7.513124465591207, 6.506941004747969, 0.0, 9.822255134485964, 8.982286842537482, 12.561177014554398, 15.337621919387889, 8.09191242262092, 6.889730502248225, 8.633834195571083, 8.982186431794998, 10.621851919361836, 8.95315809714303, 10.873464560205552, 6.280442863527339, 10.407637202898334, 17.481064179391677, 12.35930584152323, 11.967942904250219, 17.02034091001568, 4.758128830754675, 11.506553178117636, 10.131003421215022, 10.815916523189191, 10.00526672999875, 16.142099968468173, 7.668337675143472, 9.77552127353081, 10.768843521891853, 18.45329304281935, 8.498354844893612, 8.362257309545189, 11.646574883369714, 2.6479313438612895, 3.9585153817386005, 9.184353726964671, 14.720615836256467, 10.788977111552432, 13.904714550977966, 3.5196161396447314, 8.362257309545189, 10.788977111552432, 10.768843521891853, 2.6479313438612895, 3.9585153817386005, 14.720615836256467, 7.357392738450221, 3.2268986916195908, 9.638934015303303, 15.708142399376959, 7.513124465591207, 6.506941004747969, 0.0, 9.822255134485964, 8.982286842537482, 12.561177014554398, 15.337621919387889, 8.09191242262092, 6.889730502248225, 8.633834195571083, 8.982186431794998, 10.621851919361836, 8.95315809714303, 10.873464560205552, 6.280442863527339, 10.407637202898334, 17.481064179391677, 12.35930584152323, 11.967942904250219, 17.02034091001568, 4.758128830754675, 11.506553178117636, 10.131003421215022, 10.815916523189191, 10.00526672999875, 16.142099968468173], [3.351853292524127, 7.68278627633528, 17.48995519535888, 6.500654076187977, 6.216128540806814, 3.5296371298851232, 9.822255134485964, 0.0, 9.974507558677624, 10.934306308537645, 6.197395445440953, 17.506732428044106, 4.6906865162131774, 7.609858069726937, 7.379472469330181, 17.462770880945264, 17.50682663018, 16.042855871695537, 13.836639829687064, 19.77013158089687, 8.290777553733099, 5.646292333774385, 16.071682858622673, 7.950346903646053, 9.31707106586624, 16.584470413656025, 15.25436283029483, 9.268479573019153, 0.3581048021322739, 14.816632338319865, 17.102358263318095, 15.753973786980023, 14.800136349094863, 16.650655014695896, 2.9476688717541433, 15.021120545681088, 8.815317916313518, 12.16374084050201, 7.13042336032097, 18.159059248852255, 4.901230888252536, 16.814559549275188, 21.712499311001345, 10.236932310667077, 15.021120545681088, 16.814559549275188, 14.800136349094863, 12.16374084050201, 7.13042336032097, 4.901230888252536, 3.351853292524127, 7.68278627633528, 17.48995519535888, 6.500654076187977, 6.216128540806814, 3.5296371298851232, 9.822255134485964, 0.0, 9.974507558677624, 10.934306308537645, 6.197395445440953, 17.506732428044106, 4.6906865162131774, 7.609858069726937, 7.379472469330181, 17.462770880945264, 17.50682663018, 16.042855871695537, 13.836639829687064, 19.77013158089687, 8.290777553733099, 5.646292333774385, 16.071682858622673, 7.950346903646053, 9.31707106586624, 16.584470413656025, 15.25436283029483, 9.268479573019153, 0.3581048021322739, 14.816632338319865], [10.494718608250851, 6.140043257508675, 9.895740362490518, 16.193409722950328, 3.799713403381439, 9.3817117742882, 8.982286842537482, 9.974507558677624, 0.0, 3.804800371706971, 11.885618400689848, 16.083524847419767, 11.282066518456022, 14.610731436384413, 2.801466849525361, 19.603125611818722, 10.756464434689448, 6.650123929546883, 15.262501871046336, 13.939405470952844, 17.886209892683702, 7.556343752410212, 6.24090873060975, 17.647743064746855, 4.277280743543747, 20.331306378244708, 18.918596206247322, 16.907171395723726, 10.33059002004873, 7.160343707466088, 11.985814058059397, 6.931715643786992, 19.31141355843336, 9.471009368888037, 11.296007819511384, 6.973794439654381, 3.9421772247851354, 9.1340809642297, 10.53380368232768, 11.888741260459344, 13.5757501580542, 7.803121579890252, 13.401174502410942, 12.169907963856904, 6.973794439654381, 7.803121579890252, 19.31141355843336, 9.1340809642297, 10.53380368232768, 13.5757501580542, 10.494718608250851, 6.140043257508675, 9.895740362490518, 16.193409722950328, 3.799713403381439, 9.3817117742882, 8.982286842537482, 9.974507558677624, 0.0, 3.804800371706971, 11.885618400689848, 16.083524847419767, 11.282066518456022, 14.610731436384413, 2.801466849525361, 19.603125611818722, 10.756464434689448, 6.650123929546883, 15.262501871046336, 13.939405470952844, 17.886209892683702, 7.556343752410212, 6.24090873060975, 17.647743064746855, 4.277280743543747, 20.331306378244708, 18.918596206247322, 16.907171395723726, 10.33059002004873, 7.160343707466088], [12.475049656406824, 9.499908442177063, 13.11854695869466, 16.35316804290979, 5.863148038537891, 11.515365864286947, 12.561177014554398, 10.934306308537645, 3.804800371706971, 0.0, 10.696577960301244, 19.876400737553723, 13.529414001741612, 16.99365372597527, 4.115130757716358, 23.153529861730604, 14.194559099347842, 9.029669852475251, 18.81603813130988, 17.469629544897508, 17.865352260573616, 6.5471741363828855, 7.928915064551728, 17.74125162762449, 7.992958394869501, 23.65396243192595, 22.227331012914767, 19.177966977444793, 11.281951896353323, 4.023368237698731, 15.676461493936138, 9.786176761778735, 22.470469132590335, 6.173339243998493, 13.012619666868302, 10.241137590197711, 2.175494795073697, 12.91975943958897, 13.487803228848014, 15.393559189021744, 13.302057912385601, 10.4181496437745, 16.10258281826656, 15.533385756646803, 10.241137590197711, 10.4181496437745, 22.470469132590335, 12.91975943958897, 13.487803228848014, 13.302057912385601, 12.475049656406824, 9.499908442177063, 13.11854695869466, 16.35316804290979, 5.863148038537891, 11.515365864286947, 12.561177014554398, 10.934306308537645, 3.804800371706971, 0.0, 10.696577960301244, 19.876400737553723, 13.529414001741612, 16.99365372597527, 4.115130757716358, 23.153529861730604, 14.194559099347842, 9.029669852475251, 18.81603813130988, 17.469629544897508, 17.865352260573616, 6.5471741363828855, 7.928915064551728, 17.74125162762449, 7.992958394869501, 23.65396243192595, 22.227331012914767, 19.177966977444793, 11.281951896353323, 4.023368237698731], [9.548877129405376, 12.571821978864826, 21.259126809975026, 6.987341501982835, 9.198158239314418, 9.612519852498233, 15.337621919387889, 6.197395445440953, 11.885618400689848, 10.696577960301244, 0.0, 23.325157121443905, 10.877464429402549, 13.527312415088652, 9.171216091849745, 23.65801985330392, 21.689219081076292, 18.535654755813045, 19.961303755052736, 24.415740011817594, 7.977107223611537, 4.353326732914223, 17.972785791990912, 8.05670410094793, 13.320688337625493, 22.734548030248522, 21.42417819278514, 14.799375166415478, 6.236577561342037, 13.591000405525161, 21.918337724695643, 18.723340018388207, 20.898995391582755, 14.720325331842599, 9.013353304879969, 18.452028513816334, 8.70984815092696, 17.32661007374668, 13.221679613997233, 22.57417593834226, 3.7197210687196094, 19.655831830026106, 25.1352965646266, 16.312496425487975, 18.452028513816334, 19.655831830026106, 20.898995391582755, 17.32661007374668, 13.221679613997233, 3.7197210687196094, 9.548877129405376, 12.571821978864826, 21.259126809975026, 6.987341501982835, 9.198158239314418, 9.612519852498233, 15.337621919387889, 6.197395445440953, 11.885618400689848, 10.696577960301244, 0.0, 23.325157121443905, 10.877464429402549, 13.527312415088652, 9.171216091849745, 23.65801985330392, 21.689219081076292, 18.535654755813045, 19.961303755052736, 24.415740011817594, 7.977107223611537, 4.353326732914223, 17.972785791990912, 8.05670410094793, 13.320688337625493, 22.734548030248522, 21.42417819278514, 14.799375166415478, 6.236577561342037, 13.591000405525161], [14.521684787456465, 11.22495375379019, 11.059399218631276, 22.677996120757083, 15.477804061674409, 13.994420157954188, 8.09191242262092, 17.506732428044106, 16.083524847419767, 19.876400737553723, 23.325157121443905, 0.0, 13.570041664133875, 13.468400485445956, 16.77970949905623, 6.561405619045886, 9.437161019494713, 14.951302622749578, 5.053664144335784, 7.968452971536074, 24.33956967432503, 20.448635233842637, 16.58828601332313, 23.820093267618493, 11.93326463854428, 9.348989774364519, 8.699418190862897, 14.823140332517687, 17.62507774509773, 22.957624872775668, 6.544611580051012, 13.489572435455912, 10.197075511649697, 25.24435370061795, 15.531307767508283, 11.983089090051845, 19.356837333639405, 6.959788313759596, 10.519416134809871, 8.556711618550905, 22.301978015543533, 14.07810916636892, 13.883903229441605, 7.565813060509978, 11.983089090051845, 14.07810916636892, 10.197075511649697, 6.959788313759596, 10.519416134809871, 22.301978015543533, 14.521684787456465, 11.22495375379019, 11.059399218631276, 22.677996120757083, 15.477804061674409, 13.994420157954188, 8.09191242262092, 17.506732428044106, 16.083524847419767, 19.876400737553723, 23.325157121443905, 0.0, 13.570041664133875, 13.468400485445956, 16.77970949905623, 6.561405619045886, 9.437161019494713, 14.951302622749578, 5.053664144335784, 7.968452971536074, 24.33956967432503, 20.448635233842637, 16.58828601332313, 23.820093267618493, 11.93326463854428, 9.348989774364519, 8.699418190862897, 14.823140332517687, 17.62507774509773, 22.957624872775668], [1.3678612177401284, 6.346720636018334, 16.107048245206713, 9.125619301889104, 7.753333336986422, 2.0188388334309773, 6.889730502248225, 4.6906865162131774, 11.282066518456022, 13.529414001741612, 10.877464429402549, 13.570041664133875, 0.0, 3.473481294737749, 9.444363887882478, 12.81798968600097, 15.677826538994049, 16.01128847117434, 9.406267112934017, 17.2964185886266, 10.828876374679005, 9.787299206374211, 16.54617813639418, 10.33035376702115, 8.739744920027185, 11.903920796533011, 10.565422729802222, 5.667908827246389, 4.6434811843312085, 17.552541792797943, 14.557081153994309, 15.310271334774354, 10.16150291630641, 19.648477587594858, 2.018540280187007, 14.193638049227568, 11.700785049849284, 9.52872237157126, 3.1361045050872405, 16.029181289162736, 8.955441450507882, 16.39858165869869, 20.437218145027742, 6.023155744649419, 14.193638049227568, 16.39858165869869, 10.16150291630641, 9.52872237157126, 3.1361045050872405, 8.955441450507882, 1.3678612177401284, 6.346720636018334, 16.107048245206713, 9.125619301889104, 7.753333336986422, 2.0188388334309773, 6.889730502248225, 4.6906865162131774, 11.282066518456022, 13.529414001741612, 10.877464429402549, 13.570041664133875, 0.0, 3.473481294737749, 9.444363887882478, 12.81798968600097, 15.677826538994049, 16.01128847117434, 9.406267112934017, 17.2964185886266, 10.828876374679005, 9.787299206374211, 16.54617813639418, 10.33035376702115, 8.739744920027185, 11.903920796533011, 10.565422729802222, 5.667908827246389, 4.6434811843312085, 17.552541792797943], [4.6802992799118375, 9.17173371855578, 18.262475391513874, 10.011923985965408, 11.18794113557969, 5.492108045478337, 8.633834195571083, 7.609858069726937, 14.610731436384413, 16.99365372597527, 13.527312415088652, 13.468400485445956, 3.473481294737749, 0.0, 12.897784322406437, 11.043924958353719, 17.564790185894473, 18.838146993197856, 8.624252409702532, 18.639747275909606, 11.429637214530105, 13.0674228937109, 19.549499011038076, 10.87318592651355, 11.648733195613413, 9.437820760438104, 8.269142795671451, 2.335252995089192, 7.449148224298806, 21.015639663962943, 15.953212215717011, 17.980676330076268, 7.4755282325109995, 23.12047729469248, 4.666379122464189, 16.719797617093096, 15.174076272090812, 11.193718059896494, 4.789519966730284, 17.689213345974085, 10.913140829567007, 19.05146979002776, 22.538529517259892, 6.2718825121221595, 16.719797617093096, 19.05146979002776, 7.4755282325109995, 11.193718059896494, 4.789519966730284, 10.913140829567007, 4.6802992799118375, 9.17173371855578, 18.262475391513874, 10.011923985965408, 11.18794113557969, 5.492108045478337, 8.633834195571083, 7.609858069726937, 14.610731436384413, 16.99365372597527, 13.527312415088652, 13.468400485445956, 3.473481294737749, 0.0, 12.897784322406437, 11.043924958353719, 17.564790185894473, 18.838146993197856, 8.624252409702532, 18.639747275909606, 11.429637214530105, 13.0674228937109, 19.549499011038076, 10.87318592651355, 11.648733195613413, 9.437820760438104, 8.269142795671451, 2.335252995089192, 7.449148224298806, 21.015639663962943], [8.446004594026592, 5.774221982841246, 12.230606232497625, 13.44672843946485, 1.7538924904484163, 7.440332996726713, 8.982186431794998, 7.379472469330181, 2.801466849525361, 4.115130757716358, 9.171216091849745, 16.77970949905623, 9.444363887882478, 12.897784322406437, 0.0, 19.39585453176777, 12.862902754156487, 9.407146133807212, 15.094358655356464, 15.862642231130074, 15.118874320966633, 4.910255657462621, 9.039400555202295, 14.89554834394783, 5.013287897359557, 19.694075423274473, 18.26437879297058, 15.1070089496836, 7.7375394330124605, 8.125413532859111, 13.633585229882073, 9.5530035913982, 18.433729629171825, 10.284158250610838, 9.080008866880563, 9.358226191481858, 2.6798714425894117, 9.911236824643778, 9.423797848666593, 13.88508735448209, 10.777498239879, 10.487899503967146, 15.982067131518882, 11.654998072209148, 9.358226191481858, 10.487899503967146, 18.433729629171825, 9.911236824643778, 9.423797848666593, 10.777498239879, 8.446004594026592, 5.774221982841246, 12.230606232497625, 13.44672843946485, 1.7538924904484163, 7.440332996726713, 8.982186431794998, 7.379472469330181, 2.801466849525361, 4.115130757716358, 9.171216091849745, 16.77970949905623, 9.444363887882478, 12.897784322406437, 0.0, 19.39585453176777, 12.862902754156487, 9.407146133807212, 15.094358655356464, 15.862642231130074, 15.118874320966633, 4.910255657462621, 9.039400555202295, 14.89554834394783, 5.013287897359557, 19.694075423274473, 18.26437879297058, 15.1070089496836, 7.7375394330124605, 8.125413532859111], [14.115919856668137, 13.671450289836093, 17.07139066464568, 21.054210897107282, 17.767485559253593, 14.115283638707213, 10.621851919361836, 17.462770880945264, 19.603125611818722, 23.153529861730604, 23.65801985330392, 6.561405619045886, 12.81798968600097, 11.043924958353719, 19.39585453176777, 0.0, 15.57643329695589, 20.274749275465453, 4.342073722849177, 14.50377056953338, 22.455849012475543, 21.847442043691107, 21.727670720843044, 21.895838578655205, 15.355034918245083, 3.1097699067611595, 3.2062258694487964, 11.38959987786596, 17.448423856439632, 26.761504122714054, 12.781587611166334, 18.89577254198932, 4.722236842845622, 29.07382310147385, 14.784946919135043, 17.33935594832383, 22.07418405857923, 11.123424549360664, 10.625437646141156, 14.87436635695933, 21.655890898156265, 19.67027796141063, 20.303442929694793, 7.8033510835241255, 17.33935594832383, 19.67027796141063, 4.722236842845622, 11.123424549360664, 10.625437646141156, 21.655890898156265, 14.115919856668137, 13.671450289836093, 17.07139066464568, 21.054210897107282, 17.767485559253593, 14.115283638707213, 10.621851919361836, 17.462770880945264, 19.603125611818722, 23.153529861730604, 23.65801985330392, 6.561405619045886, 12.81798968600097, 11.043924958353719, 19.39585453176777, 0.0, 15.57643329695589, 20.274749275465453, 4.342073722849177, 14.50377056953338, 22.455849012475543, 21.847442043691107, 21.727670720843044, 21.895838578655205, 15.355034918245083, 3.1097699067611595, 3.2062258694487964, 11.38959987786596, 17.448423856439632, 26.761504122714054], [15.862363307346673, 9.860611444276271, 1.700953862797236, 23.9025451325861, 12.493924980212125, 14.81241745218073, 8.95315809714303, 17.50682663018, 10.756464434689448, 14.194559099347842, 21.689219081076292, 9.437161019494713, 15.677826538994049, 17.564790185894473, 12.862902754156487, 15.57643329695589, 0.0, 6.403431271444704, 12.24597524453609, 3.3409093609129923, 25.706891334944338, 17.68220084398804, 8.172671129685064, 25.30622144860147, 8.4035005769088, 17.819323201089556, 16.7569887878972, 19.683832842012468, 17.782711939807324, 16.049947942598564, 2.897847969947355, 5.0030345935846645, 17.93545018456617, 18.114634123208806, 17.01003123424587, 4.003268666115475, 14.694277984882678, 6.3759150465094665, 12.903421005181684, 1.2927378036428447, 22.224474733300127, 5.1509176693060095, 5.0835855990893055, 11.73537507994525, 4.003268666115475, 5.1509176693060095, 17.93545018456617, 6.3759150465094665, 12.903421005181684, 22.224474733300127, 15.862363307346673, 9.860611444276271, 1.700953862797236, 23.9025451325861, 12.493924980212125, 14.81241745218073, 8.95315809714303, 17.50682663018, 10.756464434689448, 14.194559099347842, 21.689219081076292, 9.437161019494713, 15.677826538994049, 17.564790185894473, 12.862902754156487, 15.57643329695589, 0.0, 6.403431271444704, 12.24597524453609, 3.3409093609129923, 25.706891334944338, 17.68220084398804, 8.172671129685064, 25.30622144860147, 8.4035005769088, 17.819323201089556, 16.7569887878972, 19.683832842012468, 17.782711939807324, 16.049947942598564], [15.642735091084145, 9.7028592596659, 4.84483969971625, 22.481667767372606, 9.931861456283093, 14.472676119540557, 10.873464560205552, 16.042855871695537, 6.650123929546883, 9.029669852475251, 18.535654755813045, 14.951302622749578, 16.01128847117434, 18.838146993197856, 9.407146133807212, 20.274749275465453, 6.403431271444704, 0.0, 16.275839079730048, 9.66881449218005, 24.2303539757444, 14.201188944238496, 1.769240150213356, 23.941896890790968, 7.271564622960997, 21.919085469961356, 20.64527756522749, 21.159880702578118, 16.382762266407212, 9.963032524634865, 8.902419020038167, 1.4754849643213241, 21.496503650041742, 11.878893523254341, 16.65802801710706, 2.9765340807044125, 10.241360929257011, 9.28098441761656, 14.119252582591272, 7.692410755189599, 20.080796438922416, 1.4609588428143454, 7.078338340283469, 14.366219899309781, 2.9765340807044125, 1.4609588428143454, 21.496503650041742, 9.28098441761656, 14.119252582591272, 20.080796438922416, 15.642735091084145, 9.7028592596659, 4.84483969971625, 22.481667767372606, 9.931861456283093, 14.472676119540557, 10.873464560205552, 16.042855871695537, 6.650123929546883, 9.029669852475251, 18.535654755813045, 14.951302622749578, 16.01128847117434, 18.838146993197856, 9.407146133807212, 20.274749275465453, 6.403431271444704, 0.0, 16.275839079730048, 9.66881449218005, 24.2303539757444, 14.201188944238496, 1.769240150213356, 23.941896890790968, 7.271564622960997, 21.919085469961356, 20.64527756522749, 21.159880702578118, 16.382762266407212, 9.963032524634865], [10.575161237122138, 9.346827632055462, 13.566343890410439, 18.273118900139327, 13.494743616701625, 10.350089509992877, 6.280442863527339, 13.836639829687064, 15.262501871046336, 18.81603813130988, 19.961303755052736, 5.053664144335784, 9.406267112934017, 8.624252409702532, 15.094358655356464, 4.342073722849177, 12.24597524453609, 16.275839079730048, 0.0, 11.941598410119754, 19.844535506645624, 17.791307083051816, 17.63928293205114, 19.30458890052834, 11.021002784923098, 5.675762268279001, 4.517805631857812, 9.803844935374011, 13.878203779339238, 22.421782262568755, 9.708733111511062, 14.956631321466244, 5.725543179598751, 24.73347753035891, 11.424805258333521, 13.409391634140245, 17.774227265736922, 7.0047999612762695, 6.740889161593189, 11.793767752139034, 18.35906532523407, 15.81130507554508, 17.23404127721818, 3.6869062827701735, 13.409391634140245, 15.81130507554508, 5.725543179598751, 7.0047999612762695, 6.740889161593189, 18.35906532523407, 10.575161237122138, 9.346827632055462, 13.566343890410439, 18.273118900139327, 13.494743616701625, 10.350089509992877, 6.280442863527339, 13.836639829687064, 15.262501871046336, 18.81603813130988, 19.961303755052736, 5.053664144335784, 9.406267112934017, 8.624252409702532, 15.094358655356464, 4.342073722849177, 12.24597524453609, 16.275839079730048, 0.0, 11.941598410119754, 19.844535506645624, 17.791307083051816, 17.63928293205114, 19.30458890052834, 11.021002784923098, 5.675762268279001, 4.517805631857812, 9.803844935374011, 13.878203779339238, 22.421782262568755], [17.710307425463157, 12.109200113389239, 4.829124178146257, 25.984661527152625, 15.295392623475086, 16.762649112724638, 10.407637202898334, 19.77013158089687, 13.939405470952844, 17.469629544897508, 24.415740011817594, 7.968452971536074, 17.2964185886266, 18.639747275909606, 15.862642231130074, 14.50377056953338, 3.3409093609129923, 9.66881449218005, 11.941598410119754, 0.0, 27.77775531725846, 20.57024759593248, 11.431939395557835, 27.339524077350934, 11.11716637537319, 17.128503436362184, 16.270509948047717, 20.56537406770414, 20.01355093058169, 19.390495489277708, 2.73935345330623, 8.311364219150725, 17.629244906063644, 21.447050650180945, 18.86138345918123, 7.337299547719228, 17.852371529818303, 7.784402851091608, 14.286909121419207, 2.0815670743042585, 24.60917700124408, 8.335435419801083, 6.076319247442549, 12.447692649769834, 7.337299547719228, 8.335435419801083, 17.629244906063644, 7.784402851091608, 14.286909121419207, 24.60917700124408, 17.710307425463157, 12.109200113389239, 4.829124178146257, 25.984661527152625, 15.295392623475086, 16.762649112724638, 10.407637202898334, 19.77013158089687, 13.939405470952844, 17.469629544897508, 24.415740011817594, 7.968452971536074, 17.2964185886266, 18.639747275909606, 15.862642231130074, 14.50377056953338, 3.3409093609129923, 9.66881449218005, 11.941598410119754, 0.0, 27.77775531725846, 20.57024759593248, 11.431939395557835, 27.339524077350934, 11.11716637537319, 17.128503436362184, 16.270509948047717, 20.56537406770414, 20.01355093058169, 19.390495489277708], [10.127676453422431, 15.846283456704738, 25.761634642925916, 1.804451354251581, 14.303354426239776, 11.017148041330612, 17.481064179391677, 8.290777553733099, 17.886209892683702, 17.865352260573616, 7.977107223611537, 24.33956967432503, 10.828876374679005, 11.429637214530105, 15.118874320966633, 22.455849012475543, 25.706891334944338, 24.2303539757444, 19.844535506645624, 27.77775531725846, 0.0, 11.365941920280067, 24.10917606966559, 0.5648467002761208, 17.605593724178586, 20.567658333080594, 19.551772100395766, 11.379135075886166, 7.981651700934108, 21.234613375645214, 25.060648591216506, 24.015693087892984, 18.505400891040004, 22.57026452907304, 9.000477516302688, 23.311362580911222, 15.708343978773094, 20.024240805095143, 13.959829389749236, 26.283088682708915, 4.587883806518234, 25.06607008308932, 30.0, 16.775027256640914, 23.311362580911222, 25.06607008308932, 18.505400891040004, 20.024240805095143, 13.959829389749236, 4.587883806518234, 10.127676453422431, 15.846283456704738, 25.761634642925916, 1.804451354251581, 14.303354426239776, 11.017148041330612, 17.481064179391677, 8.290777553733099, 17.886209892683702, 17.865352260573616, 7.977107223611537, 24.33956967432503, 10.828876374679005, 11.429637214530105, 15.118874320966633, 22.455849012475543, 25.706891334944338, 24.2303539757444, 19.844535506645624, 27.77775531725846, 0.0, 11.365941920280067, 24.10917606966559, 0.5648467002761208, 17.605593724178586, 20.567658333080594, 19.551772100395766, 11.379135075886166, 7.981651700934108, 21.234613375645214], [8.44699674940671, 9.270526801906517, 17.12318452920153, 9.93419022041847, 5.300380289335421, 7.974165954671608, 12.35930584152323, 5.646292333774385, 7.556343752410212, 6.5471741363828855, 4.353326732914223, 20.448635233842637, 9.787299206374211, 13.0674228937109, 4.910255657462621, 21.847442043691107, 17.68220084398804, 14.201188944238496, 17.791307083051816, 20.57024759593248, 11.365941920280067, 0.0, 13.619773062068278, 11.27764383292043, 9.477007701837046, 21.476554044995982, 20.08035597887932, 14.87758015560405, 5.915079432422617, 9.90908578514254, 18.200199723572698, 14.442328471347473, 19.867732353089497, 11.438718488988185, 8.45216022449477, 14.264477200103325, 4.448515433024351, 13.954219315316024, 11.233749138036966, 18.64775010575377, 6.782482607649427, 15.350061714629964, 20.886756235450864, 14.115988861431779, 14.264477200103325, 15.350061714629964, 19.867732353089497, 13.954219315316024, 11.233749138036966, 6.782482607649427, 8.44699674940671, 9.270526801906517, 17.12318452920153, 9.93419022041847, 5.300380289335421, 7.974165954671608, 12.35930584152323, 5.646292333774385, 7.556343752410212, 6.5471741363828855, 4.353326732914223, 20.448635233842637, 9.787299206374211, 13.0674228937109, 4.910255657462621, 21.847442043691107, 17.68220084398804, 14.201188944238496, 17.791307083051816, 20.57024759593248, 11.365941920280067, 0.0, 13.619773062068278, 11.27764383292043, 9.477007701837046, 21.476554044995982, 20.08035597887932, 14.87758015560405, 5.915079432422617, 9.90908578514254], [16.03989328071425, 10.381397627092788, 6.604277341264382, 22.399255031624794, 9.861490096318262, 14.872846898840638, 11.967942904250219, 16.071682858622673, 6.24090873060975, 7.928915064551728, 17.972785791990912, 16.58828601332313, 16.54617813639418, 19.549499011038076, 9.039400555202295, 21.727670720843044, 8.172671129685064, 1.769240150213356, 17.63928293205114, 11.431939395557835, 24.10917606966559, 13.619773062068278, 0.0, 23.857162683323754, 7.902460323649484, 23.23690707398606, 21.929487307276812, 21.883833048419977, 16.421836615945594, 8.36553097049275, 10.643942303613517, 3.2129657331017953, 22.70227850002028, 10.193090842596735, 16.991549640158752, 4.619769812600826, 9.41732066418991, 10.63850749390845, 14.930505829800511, 9.461495828171604, 19.81630919636756, 3.138683658075123, 8.441205298234632, 15.487000693873725, 4.619769812600826, 3.138683658075123, 22.70227850002028, 10.63850749390845, 14.930505829800511, 19.81630919636756, 16.03989328071425, 10.381397627092788, 6.604277341264382, 22.399255031624794, 9.861490096318262, 14.872846898840638, 11.967942904250219, 16.071682858622673, 6.24090873060975, 7.928915064551728, 17.972785791990912, 16.58828601332313, 16.54617813639418, 19.549499011038076, 9.039400555202295, 21.727670720843044, 8.172671129685064, 1.769240150213356, 17.63928293205114, 11.431939395557835, 24.10917606966559, 13.619773062068278, 0.0, 23.857162683323754, 7.902460323649484, 23.23690707398606, 21.929487307276812, 21.883833048419977, 16.421836615945594, 8.36553097049275], [9.66319465966168, 15.447750140486708, 25.388331719396, 1.460448524234068, 14.02660384179884, 10.577083538195827, 17.02034091001568, 7.950346903646053, 17.647743064746855, 17.74125162762449, 8.05670410094793, 23.820093267618493, 10.33035376702115, 10.87318592651355, 14.89554834394783, 21.895838578655205, 25.30622144860147, 23.941896890790968, 19.30458890052834, 27.339524077350934, 0.5648467002761208, 11.27764383292043, 23.857162683323754, 0.0, 17.250966093612803, 20.002870706269828, 18.988132703452433, 10.814689667912468, 7.6315604432630115, 21.172170806453817, 24.617956660673986, 23.698252981493713, 17.94055573211575, 22.556096207976363, 8.528371503226895, 22.967019966907575, 15.57608728396158, 19.57649011157394, 13.464535135386795, 25.86489678073591, 4.539308125507028, 24.75405068857254, 29.640023842794267, 16.25758741762865, 22.967019966907575, 24.75405068857254, 17.94055573211575, 19.57649011157394, 13.464535135386795, 4.539308125507028, 9.66319465966168, 15.447750140486708, 25.388331719396, 1.460448524234068, 14.02660384179884, 10.577083538195827, 17.02034091001568, 7.950346903646053, 17.647743064746855, 17.74125162762449, 8.05670410094793, 23.820093267618493, 10.33035376702115, 10.87318592651355, 14.89554834394783, 21.895838578655205, 25.30622144860147, 23.941896890790968, 19.30458890052834, 27.339524077350934, 0.5648467002761208, 11.27764383292043, 23.857162683323754, 0.0, 17.250966093612803, 20.002870706269828, 18.988132703452433, 10.814689667912468, 7.6315604432630115, 21.172170806453817], [8.41613060047614, 2.479012550030107, 8.