M = 99999999.0;
numWorkers = 30;
numRoles = 5;
numNodes = 80;
wStart = [30, 30, 330, 0, 360, 30, 90, 180, 60, 240, 300, 30, 60, 90, 30, 180, 30, 300, 30, 0, 210, 0, 180, 30, 60, 30, 180, 270, 60, 60, 90, 330, 210, 150, 90, 120, 60, 90, 60, 120, 210, 60, 300, 60, 390, 90, 60, 330, 120, 90, 120, 450, 420, 390, 420, 330, 420, 330, 210, 360, 420, 450, 450, 330, 150, 300, 60, 360, 420, 390, 450, 330, 390, 420, 210, 450, 420, 450, 360, 270];
wEnd = [30, 30, 330, 0, 360, 30, 90, 180, 60, 240, 300, 30, 60, 90, 30, 180, 30, 300, 30, 0, 210, 0, 180, 30, 60, 30, 180, 270, 60, 60, 150, 390, 360, 450, 450, 300, 420, 390, 270, 300, 420, 300, 360, 420, 420, 150, 270, 390, 150, 270, 120, 450, 420, 390, 420, 330, 420, 330, 210, 360, 420, 450, 450, 330, 150, 300, 60, 360, 420, 390, 450, 330, 390, 420, 210, 450, 420, 450, 360, 270];
p = [0, 0, 0, 0, 0, 0, 0, 0, 0, 0, 0, 0, 0, 0, 0, 0, 0, 0, 0, 0, 0, 0, 0, 0, 0, 0, 0, 0, 0, 0, 33.40973091632817, 34.62736831784319, 31.472611475902575, 30.84652922952272, 62.325009404745046, 58.64662553162261, 22.558015372380417, 63.54189210529198, 56.985372758649675, 44.1834918633587, 67.38766283478358, 59.66980540798029, 22.365582322447885, 38.92635016035304, 26.280551339809875, 29.692144314747246, 71.66099730191544, 37.949416581524744, 72.3353496712152, 16.37022084784912, 0, 0, 0, 0, 0, 0, 0, 0, 0, 0, 0, 0, 0, 0, 0, 0, 0, 0, 0, 0, 0, 0, 0, 0, 0, 0, 0, 0, 0, 0];
e = [[1, 0, 0, 0, 1], [1, 1, 0, 0, 0], [0, 1, 0, 1, 0], [0, 1, 0, 1, 0], [1, 1, 0, 0, 0], [1, 0, 1, 0, 0], [0, 1, 0, 0, 0], [0, 1, 0, 0, 0], [0, 0, 0, 0, 1], [0, 0, 0, 1, 0], [1, 0, 0, 0, 0], [0, 1, 0, 0, 0], [0, 0, 1, 0, 0], [0, 0, 0, 0, 1], [0, 0, 1, 0, 0], [0, 0, 0, 0, 1], [1, 0, 0, 0, 0], [0, 0, 1, 0, 0], [0, 0, 0, 1, 0], [0, 1, 0, 0, 0], [0, 0, 0, 0, 1], [1, 0, 0, 0, 0], [0, 0, 0, 1, 0], [0, 0, 0, 0, 1], [0, 1, 0, 0, 0], [0, 0, 1, 0, 0], [1, 0, 0, 0, 0], [1, 0, 0, 0, 0], [0, 0, 1, 0, 0], [0, 0, 0, 1, 0]];
d = [[1, 0, 0, 1, 0, 1, 0, 1, 1, 0, 1, 1, 0, 1, 1, 1, 1, 1, 1, 1], [1, 2, 0, 1, 2, 1, 2, 1, 0, 0, 0, 0, 2, 0, 1, 1, 1, 0, 0, 1], [1, 0, 3, 0, 0, 0, 0, 1, 0, 3, 0, 0, 0, 0, 1, 1, 1, 0, 0, 0], [1, 1, 0, 0, 1, 0, 1, 1, 1, 0, 1, 1, 1, 1, 1, 1, 1, 1, 1, 0], [1, 1, 0, 1, 1, 1, 1, 1, 1, 0, 1, 1, 1, 1, 1, 1, 1, 1, 1, 1]];
r = [2252, 4057, 1909, 2386, 2136, 3725, 4091, 4416, 1326, 2200, 2268, 3435, 4173, 225, 4688, 3966, 3706, 1483, 3235, 3229];
g = [[0, 0, 0, 0, 0, 0, 0, 0, 0, 0, 0, 0, 0, 0, 0, 0, 0, 0, 0, 0], [0, 0, 0, 0, 0, 0, 0, 0, 0, 0, 0, 0, 0, 0, 0, 0, 0, 0, 0, 0], [0, 0, 0, 0, 0, 0, 0, 0, 0, 0, 0, 0, 0, 0, 0, 0, 0, 0, 0, 0], [0, 0, 0, 0, 0, 0, 0, 0, 0, 0, 0, 0, 0, 0, 0, 0, 0, 0, 0, 0], [0, 0, 0, 0, 0, 0, 0, 0, 0, 0, 0, 0, 0, 0, 0, 0, 0, 0, 0, 0], [0, 0, 0, 0, 0, 0, 0, 0, 0, 0, 0, 0, 0, 0, 0, 0, 0, 0, 0, 0], [0, 0, 0, 0, 0, 0, 0, 0, 0, 0, 0, 0, 0, 0, 0, 0, 0, 0, 0, 0], [0, 0, 0, 0, 0, 0, 0, 0, 0, 0, 0, 0, 0, 0, 0, 0, 0, 0, 0, 0], [0, 0, 0, 0, 0, 0, 0, 0, 0, 0, 0, 0, 0, 0, 0, 0, 0, 0, 0, 0], [0, 0, 0, 0, 0, 0, 0, 0, 0, 0, 0, 0, 0, 0, 0, 0, 0, 0, 0, 0], [0, 0, 0, 0, 0, 0, 0, 0, 0, 0, 0, 0, 0, 0, 0, 0, 0, 0, 0, 0], [0, 0, 0, 0, 0, 0, 0, 0, 0, 0, 0, 0, 0, 0, 0, 0, 0, 0, 0, 0], [0, 0, 0, 0, 0, 0, 0, 0, 0, 0, 0, 0, 0, 0, 0, 0, 0, 0, 0, 0], [0, 0, 0, 0, 0, 0, 0, 0, 0, 0, 0, 0, 0, 0, 0, 0, 0, 0, 0, 0], [0, 0, 0, 0, 0, 0, 0, 0, 0, 0, 0, 0, 0, 0, 0, 0, 0, 0, 0, 0], [0, 0, 0, 0, 0, 0, 0, 0, 0, 0, 0, 0, 0, 0, 0, 0, 0, 0, 0, 0], [0, 0, 0, 0, 0, 0, 0, 0, 0, 0, 0, 0, 0, 0, 0, 0, 0, 0, 0, 0], [0, 0, 0, 0, 0, 0, 0, 0, 0, 0, 0, 0, 0, 0, 0, 0, 0, 0, 0, 0], [0, 0, 0, 0, 0, 0, 0, 0, 0, 0, 0, 0, 0, 0, 0, 0, 0, 0, 0, 0], [0, 0, 0, 0, 0, 0, 0, 0, 0, 0, 0, 0, 0, 0, 0, 0, 0, 0, 0, 0]];
t = [[0.0, 30.257258172912447, 7.92017722912157, 38.095769056150324, 24.683810628134655, 15.648161599887015, 26.15675768509901, 30.588043809962645, 39.470360042634894, 22.331082803964982, 21.478047171332605, 30.633827278439323, 7.3401276887525375, 32.89240379563089, 17.28830311475618, 6.687828229448225, 50.02973276729867, 4.123031067491654, 20.64497632772583, 21.995626292383097, 24.03359974572325, 48.70596063286005, 42.667150917715034, 37.12695872620217, 31.799019561043327, 9.82465452959901, 23.897021782418197, 12.221199319267228, 32.71403580410558, 19.42085709177944, 21.149579274182276, 27.803909759491194, 18.17764087719905, 5.562430314677696, 20.55474192027758, 5.080717566891691, 13.086492820820462, 26.18276186669891, 13.43794501658589, 29.836913326053303, 15.183927977410312, 19.125128074188606, 17.175138977751523, 10.648865607170748, 29.642039259114753, 39.5635286490908, 13.073919303830627, 10.544724584700925, 33.18865229694778, 24.722879854356783, 0.0, 30.257258172912447, 7.92017722912157, 38.095769056150324, 24.683810628134655, 15.648161599887015, 26.15675768509901, 30.588043809962645, 39.470360042634894, 22.331082803964982, 21.478047171332605, 30.633827278439323, 7.3401276887525375, 32.89240379563089, 17.28830311475618, 6.687828229448225, 50.02973276729867, 4.123031067491654, 20.64497632772583, 21.995626292383097, 24.03359974572325, 48.70596063286005, 42.667150917715034, 37.12695872620217, 31.799019561043327, 9.82465452959901, 23.897021782418197, 12.221199319267228, 32.71403580410558, 19.42085709177944], [30.257258172912447, 0.0, 24.953460678758177, 38.61190503319397, 36.46619698441912, 45.32592709269276, 4.210889839255134, 10.691895296122233, 36.369685459705025, 13.45833974987116, 15.325538826788671, 25.089100604166354, 30.362211086366752, 50.38806289417881, 13.36844289281579, 24.341643507524676, 32.03050600503661, 26.195652325262824, 45.514482997927416, 16.255391512098274, 8.307139647162089, 30.445692772681998, 28.988009386036325, 43.30631575316272, 9.838156160294385, 25.77636939497989, 6.960970631436701, 33.73595913791179, 32.59728885569295, 35.27843498128611, 19.670449353068896, 43.62099312269774, 18.153496843149576, 34.69154334470843, 12.643745115609383, 26.587021070153234, 41.00773729485414, 32.25571129061753, 24.22058043578979, 44.74088823333746, 33.525734135636014, 16.698868385977793, 13.085483849219873, 31.717096066301977, 10.499525512527011, 31.40852922639485, 33.20308853914334, 34.583301385048316, 45.4254959102756, 24.080780146965676, 30.257258172912447, 0.0, 24.953460678758177, 38.61190503319397, 36.46619698441912, 45.32592709269276, 4.210889839255134, 10.691895296122233, 36.369685459705025, 13.45833974987116, 15.325538826788671, 25.089100604166354, 30.362211086366752, 50.38806289417881, 13.36844289281579, 24.341643507524676, 32.03050600503661, 26.195652325262824, 45.514482997927416, 16.255391512098274, 8.307139647162089, 30.445692772681998, 28.988009386036325, 43.30631575316272, 9.838156160294385, 25.77636939497989, 6.960970631436701, 33.73595913791179, 32.59728885569295, 35.27843498128611], [7.92017722912157, 24.953460678758177, 0.0, 31.138664219311572, 19.344302915533973, 20.650651600944553, 21.1936677734401, 23.425027680303756, 32.090433825266686, 14.99691465594681, 13.904431831473271, 22.783248764736353, 5.464407627502959, 30.22571135996744, 11.598398615022909, 8.107074404182118, 42.13629010641014, 6.2377836512066756, 21.276536309095803, 14.286051595190637, 17.663072461161768, 40.826739198548346, 34.747598422098626, 31.183544253310835, 28.689178416621164, 2.662683064871399, 19.52439769821292, 9.855753604912488, 25.42202036009042, 14.981344307351145, 13.235617408935571, 24.175518169583384, 10.41141659241009, 13.480809166003423, 13.653419344557289, 2.846436512044432, 16.054436060906646, 19.475079840141333, 5.755335094486609, 25.99950896252334, 11.302878678596212, 18.313362210646456, 12.39074490553814, 7.657288716528136, 26.88650733984126, 31.772420557107537, 9.89559455922954, 9.940128854981104, 28.64968901573504, 16.934018652573446, 7.92017722912157, 24.953460678758177, 0.0, 31.138664219311572, 19.344302915533973, 20.650651600944553, 21.1936677734401, 23.425027680303756, 32.090433825266686, 14.99691465594681, 13.904431831473271, 22.783248764736353, 5.464407627502959, 30.22571135996744, 11.598398615022909, 8.107074404182118, 42.13629010641014, 6.2377836512066756, 21.276536309095803, 14.286051595190637, 17.663072461161768, 40.826739198548346, 34.747598422098626, 31.183544253310835, 28.689178416621164, 2.662683064871399, 19.52439769821292, 9.855753604912488, 25.42202036009042, 14.981344307351145], [38.095769056150324, 38.61190503319397, 31.138664219311572, 0.0, 15.5730124291555, 41.958470189017504, 37.96649195630319, 28.470167643351346, 4.586548527205322, 26.760491831686565, 25.3654187701058, 13.526477264194929, 31.11409947480533, 23.696490836133517, 32.89928731251725, 38.948577493908836, 25.47735516888678, 37.37594677826459, 32.337952401506485, 24.133580138462747, 31.683346992256794, 25.280125147311644, 17.98055412797134, 7.659847889067967, 47.75414262759383, 28.63185981937456, 38.87585634375966, 27.903436236286044, 6.347368836094148, 20.92495033653933, 21.618370975045007, 19.575993367888238, 25.192309345629248, 43.10790117328663, 29.07783723746007, 33.66435682948856, 36.03202240539747, 11.945981579911862, 25.49448543700711, 18.570941911144715, 24.524612712991143, 44.84657061450368, 35.119235905258996, 28.349343649141403, 47.37377114559747, 11.096968105117424, 26.620377418775316, 30.445730079443866, 15.381038300464608, 16.139706231879824, 38.095769056150324, 38.61190503319397, 31.138664219311572, 0.0, 15.5730124291555, 41.958470189017504, 37.96649195630319, 28.470167643351346, 4.586548527205322, 26.760491831686565, 25.3654187701058, 13.526477264194929, 31.11409947480533, 23.696490836133517, 32.89928731251725, 38.948577493908836, 25.47735516888678, 37.37594677826459, 32.337952401506485, 24.133580138462747, 31.683346992256794, 25.280125147311644, 17.98055412797134, 7.659847889067967, 47.75414262759383, 28.63185981937456, 38.87585634375966, 27.903436236286044, 6.347368836094148, 20.92495033653933], [24.683810628134655, 36.46619698441912, 19.344302915533973, 15.5730124291555, 0.0, 26.401598877786267, 34.18430979283667, 29.0206945573972, 18.754165352812237, 23.009058463515977, 21.140736451226644, 17.075416311746938, 17.34662837267968, 14.130993147359552, 26.041649264422826, 27.41504825553197, 36.83668925959932, 25.146524732913317, 17.120999789063085, 20.24624454885074, 28.221733853385103, 36.09574950913925, 28.46089412573263, 12.559831429109176, 43.67043460294402, 16.693621584290376, 33.912721374297604, 13.085257315537564, 12.834602095575125, 5.61939539810047, 16.81987702642596, 7.441456762736594, 18.7070432750967, 29.040910740800225, 24.15800150215101, 21.19559810474405, 20.520669446152947, 6.041533715302407, 14.931696478126055, 8.286512017562055, 9.722463295992704, 36.553548384146865, 27.9758714751563, 14.119745565264202, 42.526908530952255, 22.415178101220594, 11.922682726665078, 15.520972561228042, 9.578163554145606, 13.51930487507405, 24.683810628134655, 36.46619698441912, 19.344302915533973, 15.5730124291555, 0.0, 26.401598877786267, 34.18430979283667, 29.0206945573972, 18.754165352812237, 23.009058463515977, 21.140736451226644, 17.075416311746938, 17.34662837267968, 14.130993147359552, 26.041649264422826, 27.41504825553197, 36.83668925959932, 25.146524732913317, 17.120999789063085, 20.24624454885074, 28.221733853385103, 36.09574950913925, 28.46089412573263, 12.559831429109176, 43.67043460294402, 16.693621584290376, 33.912721374297604, 13.085257315537564, 12.834602095575125, 5.61939539810047], [15.648161599887015, 45.32592709269276, 20.650651600944553, 41.958470189017504, 26.401598877786267, 0.0, 41.360385749297926, 43.81216217243329, 44.810717312385165, 35.37547256898939, 34.02959453746095, 39.29440760802199, 15.706534201204944, 27.129042631789574, 32.00387829554986, 22.314769613379948, 60.0, 19.72126648838553, 11.913452236353974, 34.12432475419983, 38.30883702790249, 58.90043688821791, 51.88755507281856, 38.09861524683705, 47.44482790099486, 20.710873775497795, 39.29433872097841, 15.266329619176261, 38.30717808999873, 21.105577534065358, 32.05616120711073, 25.07916742918973, 30.316264566202417, 13.686147952636158, 34.27332185453048, 18.742095522537664, 6.047810208163808, 30.848686248236124, 23.79508381879531, 27.08453394179313, 18.15718307493853, 34.62188082534018, 32.32663424662235, 16.116092188561428, 45.288878566376155, 47.128154148103, 16.528641301642093, 12.982820334891224, 31.32953921244833, 33.48216520376003, 15.648161599887015, 45.32592709269276, 20.650651600944553, 41.958470189017504, 26.401598877786267, 0.0, 41.360385749297926, 43.81216217243329, 44.810717312385165, 35.37547256898939, 34.02959453746095, 39.29440760802199, 15.706534201204944, 27.129042631789574, 32.00387829554986, 22.314769613379948, 60.0, 19.72126648838553, 11.913452236353974, 34.12432475419983, 38.30883702790249, 58.90043688821791, 51.88755507281856, 38.09861524683705, 47.44482790099486, 20.710873775497795, 39.29433872097841, 15.266329619176261, 38.30717808999873, 21.105577534065358], [26.15675768509901, 4.210889839255134, 21.1936677734401, 37.96649195630319, 34.18430979283667, 41.360385749297926, 0.0, 11.750526305392505, 36.18760144957152, 11.56704817277005, 13.309496442651795, 24.610035253075758, 26.64579667880159, 47.857476244606985, 9.623910338181188, 20.155198313477616, 34.27333866338433, 22.07288895827799, 42.08095695991158, 14.414122555558054, 6.330950025370006, 32.69053833724905, 30.30551721519628, 42.02376018667893, 9.841164673491546, 22.238980585255703, 2.8764446230827887, 30.306481221862338, 31.754725731233062, 32.47065500804552, 17.683663509915057, 41.12710249104042, 15.517077758761616, 30.50927812489753, 10.026619816899965, 22.65585306407133, 37.212586267760805, 30.479066347424588, 21.05374153632564, 42.3861254293246, 30.375745021227942, 12.917209575502707, 9.036839734430247, 28.226223446499475, 9.474866149616126, 31.83514653927027, 29.87004678308719, 30.97991373145803, 43.41563304308597, 22.61502757947525, 26.15675768509901, 4.210889839255134, 21.1936677734401, 37.96649195630319, 34.18430979283667, 41.360385749297926, 0.0, 11.750526305392505, 36.18760144957152, 11.56704817277005, 13.309496442651795, 24.610035253075758, 26.64579667880159, 47.857476244606985, 9.623910338181188, 20.155198313477616, 34.27333866338433, 22.07288895827799, 42.08095695991158, 14.414122555558054, 6.330950025370006, 32.69053833724905, 30.30551721519628, 42.02376018667893, 9.841164673491546, 22.238980585255703, 2.8764446230827887, 30.306481221862338, 31.754725731233062, 32.47065500804552], [30.588043809962645, 10.691895296122233, 23.425027680303756, 28.470167643351346, 29.0206945573972, 43.81216217243329, 11.750526305392505, 0.0, 25.89056063169437, 8.448383807361125, 9.835554945988504, 15.032931801319037, 28.10761897042456, 43.146310954598604, 14.155468644318695, 26.280377600252372, 22.816137344338213, 27.0733228868998, 41.22701827268528, 9.985346759140976, 7.69350316612757, 21.251154158036144, 18.576745948717598, 33.84344072675644, 20.473989426097237, 23.104238597474097, 13.988351604781709, 29.953184133191666, 22.758511009001946, 29.26851701505973, 12.952264560656268, 36.448123329842204, 13.567715485579372, 35.86612578597249, 10.055413593125557, 25.87503525812623, 38.57987504242957, 23.901999323378085, 20.28250621847564, 37.2060736884933, 28.707125739735513, 23.51113586246668, 15.494783154912769, 28.32199842825847, 20.810660637113504, 20.724934021203556, 29.0725457599132, 31.501330096024574, 37.13839451584336, 15.61261596737486, 30.588043809962645, 10.691895296122233, 23.425027680303756, 28.470167643351346, 29.0206945573972, 43.81216217243329, 11.750526305392505, 0.0, 25.89056063169437, 8.448383807361125, 9.835554945988504, 15.032931801319037, 28.10761897042456, 43.146310954598604, 14.155468644318695, 26.280377600252372, 22.816137344338213, 27.0733228868998, 41.22701827268528, 9.985346759140976, 7.69350316612757, 21.251154158036144, 18.576745948717598, 33.84344072675644, 20.473989426097237, 23.104238597474097, 13.988351604781709, 29.953184133191666, 22.758511009001946, 29.26851701505973], [39.470360042634894, 36.369685459705025, 32.090433825266686, 4.586548527205322, 18.754165352812237, 44.810717312385165, 36.18760144957152, 25.89056063169437, 0.0, 25.48746638564719, 24.331479139286515, 11.652314264150343, 32.818807484181605, 28.117357395322188, 32.1987808348871, 39.55758522193199, 20.894954055451073, 38.28535650655283, 35.82849263272509, 23.101466498505545, 30.05182100678588, 20.721854978744084, 13.533619042053466, 12.245818750489482, 45.82248530103049, 29.74249660194695, 37.40180126251551, 30.19996300039282, 6.785645559993079, 23.717154522350768, 21.103209851274368, 23.61920762269951, 24.83649905026406, 44.70809062658155, 27.99889417865949, 34.77079135460806, 38.79987144635145, 14.0381216717764, 26.33959751744641, 22.79259154870642, 26.916809720496275, 44.21520391247417, 34.41409588779176, 30.34324926080892, 45.661046661911385, 6.764717842285198, 28.89075460901766, 32.74442363898477, 19.832849350108543, 15.80950760401348, 39.470360042634894, 36.369685459705025, 32.090433825266686, 4.586548527205322, 18.754165352812237, 44.810717312385165, 36.18760144957152, 25.89056063169437, 0.0, 25.48746638564719, 24.331479139286515, 11.652314264150343, 32.818807484181605, 28.117357395322188, 32.1987808348871, 39.55758522193199, 20.894954055451073, 38.28535650655283, 35.82849263272509, 23.101466498505545, 30.05182100678588, 20.721854978744084, 13.533619042053466, 12.245818750489482, 45.82248530103049, 29.74249660194695, 37.40180126251551, 30.19996300039282, 6.785645559993079, 23.717154522350768], [22.331082803964982, 13.45833974987116, 14.99691465594681, 26.760491831686565, 23.009058463515977, 35.37547256898939, 11.56704817277005, 8.448383807361125, 25.48746638564719, 0.0, 1.8765766476020997, 13.863500649158048, 19.677099481322966, 36.97105426289, 7.444200841678347, 18.623271287023485, 28.813381039100953, 19.022984829987738, 33.31954912854659, 2.854637905306883, 5.301649123402459, 27.353479801845157, 22.65324788775578, 30.474035476118505, 21.385527482763088, 14.678438986591894, 12.130761294048378, 21.79743406384394, 20.453934232581563, 22.109761208738668, 6.223386307910114, 30.199913664875886, 5.312949522118339, 27.719230841712374, 2.7011506190285095, 17.508284848442024, 30.210568168953156, 18.951412262635053, 12.032092568163964, 31.287024491766573, 20.903597318246167, 19.080720607395694, 9.4715725940187, 20.053827534345064, 20.736286881000215, 22.198175808001483, 21.012341687257074, 23.19686237800734, 32.017537603879624, 11.066157264387751, 22.331082803964982, 13.45833974987116, 14.99691465594681, 26.760491831686565, 23.009058463515977, 35.37547256898939, 11.56704817277005, 8.448383807361125, 25.48746638564719, 0.0, 1.8765766476020997, 13.863500649158048, 19.677099481322966, 36.97105426289, 7.444200841678347, 18.623271287023485, 28.813381039100953, 19.022984829987738, 33.31954912854659, 2.854637905306883, 5.301649123402459, 27.353479801845157, 22.65324788775578, 30.474035476118505, 21.385527482763088, 14.678438986591894, 12.130761294048378, 21.79743406384394, 20.453934232581563, 22.109761208738668], [21.478047171332605, 15.325538826788671, 13.904431831473271, 25.3654187701058, 21.140736451226644, 34.02959453746095, 13.309496442651795, 9.835554945988504, 24.331479139286515, 1.8765766476020997, 0.0, 12.815536341058419, 18.32577869886751, 35.09470610955934, 8.00655319409044, 18.275983769120526, 29.038355317825488, 18.391219902990407, 31.60646639089157, 1.2362369861814309, 7.1187753413157395, 27.62254896939283, 22.477619729380834, 28.816838551540773, 23.08827469181404, 13.324016491211957, 13.673808333401588, 20.171034789091358, 19.02903361965243, 20.258270774869352, 4.389790228958145, 28.323635352734374, 3.7327855869005764, 26.948785949548952, 3.712666014148609, 16.537019709144136, 28.746385037790006, 17.170505015141234, 10.454161633198757, 29.416195481661074, 19.14903526644496, 19.949907143669247, 10.176226862087931, 18.49560304192737, 22.345012088366662, 21.459367034081406, 19.34090646729058, 21.668508956508298, 30.184676006582084, 9.451354047028078, 21.478047171332605, 15.325538826788671, 13.904431831473271, 25.3654187701058, 21.140736451226644, 34.02959453746095, 13.309496442651795, 9.835554945988504, 24.331479139286515, 1.8765766476020997, 0.0, 12.815536341058419, 18.32577869886751, 35.09470610955934, 8.00655319409044, 18.275983769120526, 29.038355317825488, 18.391219902990407, 31.60646639089157, 1.2362369861814309, 7.1187753413157395, 27.62254896939283, 22.477619729380834, 28.816838551540773, 23.08827469181404, 13.324016491211957, 13.673808333401588, 20.171034789091358, 19.02903361965243, 20.258270774869352], [30.633827278439323, 25.089100604166354, 22.783248764736353, 13.526477264194929, 17.075416311746938, 39.29440760802199, 24.610035253075758, 15.032931801319037, 11.652314264150343, 13.863500649158048, 12.815536341058419, 0.0, 24.996473965599034, 30.438724805781792, 20.78980037990964, 29.42373642376718, 20.76527147143536, 28.65436501280323, 32.89323736851891, 11.60613909433222, 18.41968554245088, 19.762738392283467, 12.595508597537272, 18.948100750787766, 34.32840582934587, 20.87711344710726, 25.75376207510878, 24.02843673014857, 7.750872043171972, 19.769127181738916, 10.181817527822462, 24.211162248053384, 13.909826828022801, 36.145116918790514, 16.424772590172275, 25.617566962370052, 33.31877926627699, 11.070887921108357, 17.2195560036815, 24.399942210649698, 21.35314410293124, 32.76511341487983, 22.981247141373995, 23.38715048694417, 34.071061344751726, 9.081451041393446, 22.77696689823941, 26.3661864135499, 23.33949044801736, 5.994550975266567, 30.633827278439323, 25.089100604166354, 22.783248764736353, 13.526477264194929, 17.075416311746938, 39.29440760802199, 24.610035253075758, 15.032931801319037, 11.652314264150343, 13.863500649158048, 12.815536341058419, 0.0, 24.996473965599034, 30.438724805781792, 20.78980037990964, 29.42373642376718, 20.76527147143536, 28.65436501280323, 32.89323736851891, 11.60613909433222, 18.41968554245088, 19.762738392283467, 12.595508597537272, 18.948100750787766, 34.32840582934587, 20.87711344710726, 25.75376207510878, 24.02843673014857, 7.750872043171972, 19.769127181738916], [7.3401276887525375, 30.362211086366752, 5.464407627502959, 31.11409947480533, 17.34662837267968, 15.706534201204944, 26.64579667880159, 28.10761897042456, 32.818807484181605, 19.677099481322966, 18.32577869886751, 24.996473965599034, 0.0, 26.226956085655456, 17.034939393116698, 11.394594562699996, 45.247037756020035, 8.60897090353669, 15.95199517512315, 18.45387093458399, 22.87646158922934, 44.03713394488551, 37.44793217469851, 29.81620757330118, 34.075891845537164, 5.004347582480683, 24.985385234416313, 5.2566690323705725, 26.033173258246908, 12.106575912241803, 16.617146461602974, 20.735740181881113, 14.62032485913655, 11.996011980948786, 18.696733599469535, 5.06264853381326, 10.699783835674952, 19.16829183402505, 8.267737247556916, 22.721766828693532, 7.892734714646762, 23.09019193597577, 17.85023129263152, 3.3687106716680106, 32.216732238532565, 33.60335140527911, 5.867910524127568, 4.589997492172726, 25.92832458428702, 19.003504883628132, 7.3401276887525375, 30.362211086366752, 5.464407627502959, 31.11409947480533, 17.34662837267968, 15.706534201204944, 26.64579667880159, 28.10761897042456, 32.818807484181605, 19.677099481322966, 18.32577869886751, 24.996473965599034, 0.0, 26.226956085655456, 17.034939393116698, 11.394594562699996, 45.247037756020035, 8.60897090353669, 15.95199517512315, 18.45387093458399, 22.87646158922934, 44.03713394488551, 37.44793217469851, 29.81620757330118, 34.075891845537164, 5.004347582480683, 24.985385234416313, 5.2566690323705725, 26.033173258246908, 12.106575912241803], [32.89240379563089, 50.38806289417881, 30.22571135996744, 23.696490836133517, 14.130993147359552, 27.129042631789574, 47.857476244606985, 43.146310954598604, 28.117357395322188, 36.97105426289, 35.09470610955934, 30.438724805781792, 26.226956085655456, 0.0, 39.14446021198434, 37.57969898574822, 48.49555061505774, 34.83551906746887, 15.217493794475288, 34.266331979243695, 42.09413289475316, 48.02636321562581, 40.364381745542424, 16.582002572638853, 57.070918744311776, 27.86907565894829, 47.29953692612021, 20.970563838730627, 24.355099961236412, 15.650367134587697, 30.848336802390456, 6.771492007493167, 32.35467565510769, 35.5548595812895, 37.887845259732636, 31.128574349316935, 23.03013487898621, 19.5708099887436, 27.388308535992415, 6.047223466931366, 18.922933392916235, 48.469281030877745, 40.86708931289534, 22.987129171623863, 55.72431770022257, 33.650043156314965, 20.509719690896763, 22.348058647406276, 8.322307810513442, 27.594077509349784, 32.89240379563089, 50.38806289417881, 30.22571135996744, 23.696490836133517, 14.130993147359552, 27.129042631789574, 47.857476244606985, 43.146310954598604, 28.117357395322188, 36.97105426289, 35.09470610955934, 30.438724805781792, 26.226956085655456, 0.0, 39.14446021198434, 37.57969898574822, 48.49555061505774, 34.83551906746887, 15.217493794475288, 34.266331979243695, 42.09413289475316, 48.02636321562581, 40.364381745542424, 16.582002572638853, 57.070918744311776, 27.86907565894829, 47.29953692612021, 20.970563838730627, 24.355099961236412, 15.650367134587697], [17.28830311475618, 13.36844289281579, 11.598398615022909, 32.89928731251725, 26.041649264422826, 32.00387829554986, 9.623910338181188, 14.155468644318695, 32.1987808348871, 7.444200841678347, 8.00655319409044, 20.78980037990964, 17.034939393116698, 39.14446021198434, 0.0, 12.218305906820882, 36.03635595970124, 13.40906649223887, 32.49565846214311, 9.190610188460369, 6.8643370452565105, 34.54221829221771, 30.09017431558503, 35.52700641601137, 17.976191127015035, 12.641463433812161, 8.294068252166605, 20.741111338262918, 26.559154818416488, 23.53572604833304, 11.2813816796892, 32.53037581736427, 7.860945743014877, 22.198942285676523, 4.7690263871447565, 13.26693034364766, 27.647212414445626, 23.39955285604038, 11.835272184702623, 33.98397163929673, 21.040420554872735, 12.017197736619135, 2.222947719432734, 18.634943288973965, 16.583902243480956, 29.45752948079916, 20.369954312790608, 21.356842238274034, 35.5579894344868, 16.760507524272843, 17.28830311475618, 13.36844289281579, 11.598398615022909, 32.89928731251725, 26.041649264422826, 32.00387829554986, 9.623910338181188, 14.155468644318695, 32.1987808348871, 7.444200841678347, 8.00655319409044, 20.78980037990964, 17.034939393116698, 39.14446021198434, 0.0, 12.218305906820882, 36.03635595970124, 13.40906649223887, 32.49565846214311, 9.190610188460369, 6.8643370452565105, 34.54221829221771, 30.09017431558503, 35.52700641601137, 17.976191127015035, 12.641463433812161, 8.294068252166605, 20.741111338262918, 26.559154818416488, 23.53572604833304], [6.687828229448225, 24.341643507524676, 8.107074404182118, 38.948577493908836, 27.41504825553197, 22.314769613379948, 20.155198313477616, 26.280377600252372, 39.55758522193199, 18.623271287023485, 18.275983769120526, 29.42373642376718, 11.394594562699996, 37.57969898574822, 12.218305906820882, 0.0, 47.312826875457176, 2.929077088026697, 26.667032231945907, 19.09892783491883, 19.068253240761145, 45.88897757102052, 40.57534479983393, 39.27974818096174, 25.16840672752053, 10.769151792755506, 17.690599667651377, 16.6355465596521, 33.033855411773274, 22.817784401717034, 19.300306940710914, 31.857277334172842, 15.72582776008338, 10.355123409237372, 16.35423130717076, 6.467036028264054, 19.588599809399337, 27.46819764256197, 13.47276900816199, 33.7645856223799, 18.858794010480985, 12.48115014567345, 11.500068094764897, 14.59382357813038, 22.98121140409068, 38.50475269569391, 17.085108157670174, 15.70741943319144, 36.6186775798265, 23.932088283904953, 6.687828229448225, 24.341643507524676, 8.107074404182118, 38.948577493908836, 27.41504825553197, 22.314769613379948, 20.155198313477616, 26.280377600252372, 39.55758522193199, 18.623271287023485, 18.275983769120526, 29.42373642376718, 11.394594562699996, 37.57969898574822, 12.218305906820882, 0.0, 47.312826875457176, 2.929077088026697, 26.667032231945907, 19.09892783491883, 19.068253240761145, 45.88897757102052, 40.57534479983393, 39.27974818096174, 25.16840672752053, 10.769151792755506, 17.690599667651377, 16.6355465596521, 33.033855411773274, 22.817784401717034], [50.02973276729867, 32.03050600503661, 42.13629010641014, 25.47735516888678, 36.83668925959932, 60.0, 34.27333866338433, 22.816137344338213, 20.894954055451073, 28.813381039100953, 29.038355317825488, 20.76527147143536, 45.247037756020035, 48.49555061505774, 36.03635595970124, 47.312826875457176, 0.0, 47.31387393602892, 53.43695477198124, 28.270443850498644, 30.342085717806057, 1.5863221752548562, 8.38212739601857, 33.1362012514508, 41.54876426436329, 40.701235451382985, 36.72640223741201, 44.74826556108915, 24.342364199768745, 40.342480201162495, 28.915708683751664, 43.18644282923544, 31.92886408343148, 55.587699327223866, 31.333390696596247, 44.95449088530083, 54.05448214140122, 30.89428132356108, 37.08999528853925, 42.786902747085534, 42.11837785669523, 46.31420132210797, 37.76616820657472, 43.97618240409921, 42.515664229146395, 14.8456277603935, 43.51297647246559, 47.03228034116431, 40.38341770090685, 26.520289085065496, 50.02973276729867, 32.03050600503661, 42.13629010641014, 25.47735516888678, 36.83668925959932, 60.0, 34.27333866338433, 22.816137344338213, 20.894954055451073, 28.813381039100953, 29.038355317825488, 20.76527147143536, 45.247037756020035, 48.49555061505774, 36.03635595970124, 47.312826875457176, 0.0, 47.31387393602892, 53.43695477198124, 28.270443850498644, 30.342085717806057, 1.5863221752548562, 8.38212739601857, 33.1362012514508, 41.54876426436329, 40.701235451382985, 36.72640223741201, 44.74826556108915, 24.342364199768745, 40.342480201162495], [4.123031067491654, 26.195652325262824, 6.2377836512066756, 37.37594677826459, 25.146524732913317, 19.72126648838553, 22.07288895827799, 27.0733228868998, 38.28535650655283, 19.022984829987738, 18.391219902990407, 28.65436501280323, 8.60897090353669, 34.83551906746887, 13.40906649223887, 2.929077088026697, 47.31387393602892, 0.0, 23.738029186126354, 19.0600516137274, 20.23591904388397, 45.93676285891543, 40.258121094519595, 37.24578275954882, 27.73189011377581, 8.791070313628792, 19.781644752552804, 13.865633123431222, 31.642056829249153, 20.32979600537911, 18.737453697971677, 29.2448016070255, 15.408781016325015, 8.819262181395386, 17.02129153222549, 3.9515149534824894, 16.723335798423374, 25.679547517684796, 11.952890936139516, 31.188760847752963, 16.266800208845346, 15.3402172486268, 13.133503361047113, 11.88927763742738, 25.606050343953722, 37.71021628954786, 14.398852410527232, 12.821020881632027, 34.183557800429774, 22.937215484518028, 4.123031067491654, 26.195652325262824, 6.2377836512066756, 37.37594677826459, 25.146524732913317, 19.72126648838553, 22.07288895827799, 27.0733228868998, 38.28535650655283, 19.022984829987738, 18.391219902990407, 28.65436501280323, 8.60897090353669, 34.83551906746887, 13.40906649223887, 2.929077088026697, 47.31387393602892, 0.0, 23.738029186126354, 19.0600516137274, 20.23591904388397, 45.93676285891543, 40.258121094519595, 37.24578275954882, 27.73189011377581, 8.791070313628792, 19.781644752552804, 13.865633123431222, 31.642056829249153, 20.32979600537911], [20.64497632772583, 45.514482997927416, 21.276536309095803, 32.337952401506485, 17.120999789063085, 11.913452236353974, 42.08095695991158, 41.22701827268528, 35.82849263272509, 33.31954912854659, 31.60646639089157, 32.89323736851891, 15.95199517512315, 15.217493794475288, 32.49565846214311, 26.667032231945907, 53.43695477198124, 23.738029186126354, 0.0, 31.264681457534802, 37.52349107262869, 52.558082923961095, 45.07290335361167, 27.36843175475556, 49.964886199885065, 19.854337068765393, 40.67748165587146, 11.782933825924848, 29.909536096435428, 13.125737556246458, 28.354043759893454, 13.773690340951081, 28.01686267736781, 21.79520729585276, 33.12672214411479, 20.86454866167013, 8.418187491316703, 22.683737501565748, 21.421020641664683, 15.632045780762395, 12.525177298363872, 38.883030059720795, 33.58518271926551, 13.860722629095992, 48.14956268948492, 39.385591071270994, 12.358120680579958, 11.36728050564994, 19.93169048681337, 27.80979073446579, 20.64497632772583, 45.514482997927416, 21.276536309095803, 32.337952401506485, 17.120999789063085, 11.913452236353974, 42.08095695991158, 41.22701827268528, 35.82849263272509, 33.31954912854659, 31.60646639089157, 32.89323736851891, 15.95199517512315, 15.217493794475288, 32.49565846214311, 26.667032231945907, 53.43695477198124, 23.738029186126354, 0.0, 31.264681457534802, 37.52349107262869, 52.558082923961095, 45.07290335361167, 27.36843175475556, 49.964886199885065, 19.854337068765393, 40.67748165587146, 11.782933825924848, 29.909536096435428, 13.125737556246458], [21.995626292383097, 16.255391512098274, 14.286051595190637, 24.133580138462747, 20.24624454885074, 34.12432475419983, 14.414122555558054, 9.985346759140976, 23.101466498505545, 2.854637905306883, 1.2362369861814309, 11.60613909433222, 18.45387093458399, 34.266331979243695, 9.190610188460369, 19.09892783491883, 28.270443850498644, 19.0600516137274, 31.264681457534802, 0.0, 8.155163023258176, 26.88056833727216, 21.529753587825393, 27.652695710031733, 24.220895718737555, 13.47998505942651, 14.867641273935355, 19.978886956054374, 17.799307154077923, 19.629162613348637, 3.4263686984309905, 27.495980649415348, 3.887585843219113, 27.506649503581578, 4.946635352199439, 16.992950224628398, 28.729035368770962, 16.097698502948706, 10.388109817824384, 28.53161652919696, 18.75890986153503, 21.16110740293508, 11.375522198941383, 18.397635140143286, 23.521516990923377, 20.310137626277005, 19.08742326017345, 21.595359895793493, 29.18478107391068, 8.261413940328683, 21.995626292383097, 16.255391512098274, 14.286051595190637, 24.133580138462747, 20.24624454885074, 34.12432475419983, 14.414122555558054, 9.985346759140976, 23.101466498505545, 2.854637905306883, 1.2362369861814309, 11.60613909433222, 18.45387093458399, 34.266331979243695, 9.190610188460369, 19.09892783491883, 28.270443850498644, 19.0600516137274, 31.264681457534802, 0.0, 8.155163023258176, 26.88056833727216, 21.529753587825393, 27.652695710031733, 24.220895718737555, 13.47998505942651, 14.867641273935355, 19.978886956054374, 17.799307154077923, 19.629162613348637], [24.03359974572325, 8.307139647162089, 17.663072461161768, 31.683346992256794, 28.221733853385103, 38.30883702790249, 6.330950025370006, 7.69350316612757, 30.05182100678588, 5.301649123402459, 7.1187753413157395, 18.41968554245088, 22.87646158922934, 42.09413289475316, 6.8643370452565105, 19.068253240761145, 30.342085717806057, 20.23591904388397, 37.52349107262869, 8.155163023258176, 0.0, 28.79576069815854, 25.319136695687124, 35.70233297198131, 16.17207070149756, 18.055925219334085, 7.392401613728255, 25.79338393850695, 25.44581326349747, 26.98240216257329, 11.506507919111915, 35.3303775896469, 9.858957302636233, 29.043518961156384, 4.41164775868873, 19.723401490473815, 33.57484164779697, 24.25279428243734, 16.117388895895957, 36.48177410300734, 25.35537237535045, 16.030886108452172, 7.881046679102476, 23.861091541397137, 15.691287143030317, 26.059289440926456, 25.16881273703233, 26.857026466112504, 37.30335449626895, 16.298833369243862, 24.03359974572325, 8.307139647162089, 17.663072461161768, 31.683346992256794, 28.221733853385103, 38.30883702790249, 6.330950025370006, 7.69350316612757, 30.05182100678588, 5.301649123402459, 7.1187753413157395, 18.41968554245088, 22.87646158922934, 42.09413289475316, 6.8643370452565105, 19.068253240761145, 30.342085717806057, 20.23591904388397, 37.52349107262869, 8.155163023258176, 0.0, 28.79576069815854, 25.319136695687124, 35.70233297198131, 16.17207070149756, 18.055925219334085, 7.392401613728255, 25.79338393850695, 25.44581326349747, 26.98240216257329], [48.70596063286005, 30.445692772681998, 40.826739198548346, 25.280125147311644, 36.09574950913925, 58.90043688821791, 32.69053833724905, 21.251154158036144, 20.721854978744084, 27.353479801845157, 27.62254896939283, 19.762738392283467, 44.03713394488551, 48.02636321562581, 34.54221829221771, 45.88897757102052, 1.5863221752548562, 45.93676285891543, 52.558082923961095, 26.88056833727216, 28.79576069815854, 0.0, 7.688954657520021, 32.92094146398982, 39.97254551510542, 39.44328923831221, 35.14963693044426, 43.66755789009909, 23.759044794533647, 39.443087125795714, 27.627606524633133, 42.582229136275366, 30.573241563991388, 54.25942463137248, 29.853202128751178, 43.63604214728819, 52.97884017765769, 30.113040984520957, 35.84897587441729, 42.254585373633056, 41.098609273845, 44.7551609178506, 36.252400461178674, 42.84236981640768, 40.93205637982639, 14.42654930473123, 42.44459708637662, 45.922202061821025, 39.98347520355538, 25.423123939227153, 48.70596063286005, 30.445692772681998, 40.826739198548346, 25.280125147311644, 36.09574950913925, 58.90043688821791, 32.69053833724905, 21.251154158036144, 20.721854978744084, 27.353479801845157, 27.62254896939283, 19.762738392283467, 44.03713394488551, 48.02636321562581, 34.54221829221771, 45.88897757102052, 1.5863221752548562, 45.93676285891543, 52.558082923961095, 26.88056833727216, 28.79576069815854, 0.0, 7.688954657520021, 32.92094146398982, 39.97254551510542, 39.44328923831221, 35.14963693044426, 43.66755789009909, 23.759044794533647, 39.443087125795714], [42.667150917715034, 28.988009386036325, 34.747598422098626, 17.98055412797134, 28.46089412573263, 51.88755507281856, 30.30551721519628, 18.576745948717598, 13.533619042053466, 22.65324788775578, 22.477619729380834, 12.595508597537272, 37.44793217469851, 40.364381745542424, 30.09017431558503, 40.57534479983393, 8.38212739601857, 40.258121094519595, 45.07290335361167, 21.529753587825393, 25.319136695687124, 7.688954657520021, 0.0, 25.53959475902495, 38.821664309812945, 33.09597630476693, 32.374233789805366, 36.62122547098047, 16.07147810692402, 31.9940210873083, 21.555714972488754, 34.89398144982286, 24.891431051819033, 48.2247067313419, 25.32283106456817, 37.59169842249057, 45.903759961231465, 22.512173753802394, 29.441320786387656, 34.57197352045684, 33.89288887568449, 41.25818050693616, 32.03983198921182, 35.96637268443549, 39.33855890590012, 6.91201710516584, 35.36512094243711, 38.96077358878884, 32.36942269443597, 18.504329573248093, 42.667150917715034, 28.988009386036325, 34.747598422098626, 17.98055412797134, 28.46089412573263, 51.88755507281856, 30.30551721519628, 18.576745948717598, 13.533619042053466, 22.65324788775578, 22.477619729380834, 12.595508597537272, 37.44793217469851, 40.364381745542424, 30.09017431558503, 40.57534479983393, 8.38212739601857, 40.258121094519595, 45.07290335361167, 21.529753587825393, 25.319136695687124, 7.688954657520021, 0.0, 25.53959475902495, 38.821664309812945, 33.09597630476693, 32.374233789805366, 36.62122547098047, 16.07147810692402, 31.9940210873083], [37.12695872620217, 43.30631575316272, 31.183544253310835, 7.659847889067967, 12.559831429109176, 38.09861524683705, 42.02376018667893, 33.84344072675644, 12.245818750489482, 30.474035476118505, 28.816838551540773, 18.948100750787766, 29.81620757330118, 16.582002572638853, 35.52700641601137, 39.27974818096174, 33.1362012514508, 37.24578275954882, 27.36843175475556, 27.652695710031733, 35.70233297198131, 32.92094146398982, 25.53959475902495, 0.0, 51.856570623360746, 28.530813269100396, 42.47297366286455, 25.637951275623468, 11.24098052898206, 18.136569004429997, 24.584306141697013, 13.730274972474865, 27.673232520010117, 41.594324413642546, 32.41365144228285, 33.329302267792364, 32.4872147501776, 12.216087197675371, 26.04657039945922, 12.230115940395196, 22.282294699934006, 47.03663107150211, 37.67711710716456, 26.649180888248864, 51.16035932787051, 18.628430397779937, 24.48250629163404, 28.04616141361093, 8.361194005649985, 19.41007316978817, 37.12695872620217, 43.30631575316272, 31.183544253310835, 7.659847889067967, 12.559831429109176, 38.09861524683705, 42.02376018667893, 33.84344072675644, 12.245818750489482, 30.474035476118505, 28.816838551540773, 18.948100750787766, 29.81620757330118, 16.582002572638853, 35.52700641601137, 39.27974818096174, 33.1362012514508, 37.245782759548