M = 99999999.0;
numWorkers = 15;
numRoles = 3;
numNodes = 40;
wStart = [0, 180, 150, 60, 30, 150, 270, 60, 30, 120, 30, 90, 30, 30, 30, 90, 60, 210, 90, 360, 30, 270, 270, 90, 210, 360, 330, 390, 330, 420, 390, 360, 240, 360, 420, 60, 480, 390, 300, 120];
wEnd = [0, 180, 150, 60, 30, 150, 270, 60, 30, 120, 30, 90, 30, 30, 30, 420, 330, 330, 300, 390, 150, 360, 360, 300, 330, 360, 330, 390, 330, 420, 390, 360, 240, 360, 420, 60, 480, 390, 300, 120];
p = [0, 0, 0, 0, 0, 0, 0, 0, 0, 0, 0, 0, 0, 0, 0, 43.679157847202696, 73.9498031103308, 25.023653434067278, 69.00559944350609, 47.58319250968994, 55.827384267656406, 71.939286151409, 35.9696430757045, 34.50279972175304, 12.511826717033639, 0, 0, 0, 0, 0, 0, 0, 0, 0, 0, 0, 0, 0, 0, 0];
e = [[1, 0, 1], [1, 0, 1], [0, 1, 1], [1, 1, 0], [0, 1, 1], [1, 1, 0], [1, 1, 0], [0, 1, 0], [0, 1, 0], [0, 1, 0], [1, 1, 0], [0, 1, 1], [0, 1, 0], [0, 0, 1], [0, 1, 0]];
d = [[0, 0, 1, 1, 1, 1, 1, 2, 2, 2], [0, 1, 0, 0, 0, 0, 1, 2, 0, 0], [1, 1, 0, 2, 2, 0, 0, 0, 4, 0]];
r = [363, 658, 3773, 3171, 3478, 3756, 3975, 3975, 3171, 3773];
g = [[0, 0, 0, 0, 0, 0, 0, 0, 0, 0], [0, 0, 0, 0, 0, 0, 0, 0, 0, 0], [0, 0, 0, 0, 0, 0, 0, 0, 0, 1], [0, 0, 0, 0, 0, 0, 0, 0, 1, 0], [0, 0, 0, 0, 0, 0, 0, 0, 0, 0], [0, 0, 0, 0, 0, 0, 0, 0, 0, 0], [0, 0, 0, 0, 0, 0, 0, 1, 0, 0], [0, 0, 0, 0, 0, 0, 1, 0, 0, 0], [0, 0, 0, 1, 0, 0, 0, 0, 0, 0], [0, 0, 1, 0, 0, 0, 0, 0, 0, 0]];
t = [[0.0, 8.733211057975588, 6.274381909436417, 22.467836145752134, 30.0, 11.809679794140923, 12.593628049698482, 8.116699022541685, 5.9989245914960785, 9.237699538569114, 19.492913397096565, 7.772295217536328, 27.333143490262223, 19.75045056507826, 26.11479756362081, 20.37196810014011, 19.700142343621025, 27.825627278166497, 26.66304534541858, 26.915140869079554, 2.510028742440661, 24.289041944464902, 24.289041944464902, 26.66304534541858, 27.825627278166497, 0.0, 8.733211057975588, 6.274381909436417, 22.467836145752134, 30.0, 11.809679794140923, 12.593628049698482, 8.116699022541685, 5.9989245914960785, 9.237699538569114, 19.492913397096565, 7.772295217536328, 27.333143490262223, 19.75045056507826, 26.11479756362081], [8.733211057975588, 0.0, 12.557721439733692, 22.457693705529216, 27.60501707380231, 14.601681327062987, 15.367608697443476, 15.645094895426933, 2.8114546598845864, 3.154594470049239, 20.3333024077525, 2.424447172651374, 24.045947200348273, 14.039380172867721, 26.89064657969419, 23.667696981031042, 25.86168289619653, 28.024819082909403, 26.988236434964776, 25.05850673048015, 10.464585763817144, 26.217145486091354, 26.217145486091354, 26.988236434964776, 28.024819082909403, 8.733211057975588, 0.0, 12.557721439733692, 22.457693705529216, 27.60501707380231, 14.601681327062987, 15.367608697443476, 15.645094895426933, 2.8114546598845864, 3.154594470049239, 20.3333024077525, 2.424447172651374, 24.045947200348273, 14.039380172867721, 26.89064657969419], [6.274381909436417, 12.557721439733692, 0.0, 17.60677231778037, 26.09954459852616, 6.534186757516841, 7.188902069675388, 3.472611741715017, 10.50734874624621, 11.400362440722322, 14.3893864670109, 10.570347073649284, 24.13064891570847, 18.98969525486447, 20.72021893046425, 14.275584545822886, 13.692250578243792, 22.62890494799453, 21.447919450920413, 22.833454116486283, 3.910635105102046, 18.503951112758816, 18.503951112758816, 21.447919450920413, 22.62890494799453, 6.274381909436417, 12.557721439733692, 0.0, 17.60677231778037, 26.09954459852616, 6.534186757516841, 7.188902069675388, 3.472611741715017, 10.50734874624621, 11.400362440722322, 14.3893864670109, 10.570347073649284, 24.13064891570847, 18.98969525486447, 20.72021893046425], [22.467836145752134, 22.457693705529216, 17.60677231778037, 0.0, 9.515031779657381, 11.0727053633535, 10.444230183486729, 19.378009588644428, 22.631219017151615, 19.36128048193662, 3.3227627318337207, 20.19237661357088, 9.747441298849846, 14.67401936812391, 4.657300425005112, 8.58369181906184, 17.247448970412442, 5.579824481933783, 4.5326719240028055, 6.262527020864299, 20.913747472306568, 6.027042526543322, 6.027042526543322, 4.5326719240028055, 5.579824481933783, 22.467836145752134, 22.457693705529216, 17.60677231778037, 0.0, 9.515031779657381, 11.0727053633535, 10.444230183486729, 19.378009588644428, 22.631219017151615, 19.36128048193662, 3.3227627318337207, 20.19237661357088, 9.747441298849846, 14.67401936812391, 4.657300425005112], [30.0, 27.60501707380231, 26.09954459852616, 9.515031779657381, 0.0, 19.73100798107639, 19.257483357184988, 28.343559881931686, 28.619711987382633, 24.487448813765123, 12.687496125814558, 25.744519517681113, 4.305251042352547, 15.357185593392495, 10.340544912906424, 17.8143445544624, 26.601474978570586, 8.537950929684108, 8.94596639242481, 3.337936232392695, 28.90847991808919, 13.830413793019765, 13.830413793019765, 8.94596639242481, 8.537950929684108, 30.0, 27.60501707380231, 26.09954459852616, 9.515031779657381, 0.0, 19.73100798107639, 19.257483357184988, 28.343559881931686, 28.619711987382633, 24.487448813765123, 12.687496125814558, 25.744519517681113, 4.305251042352547, 15.357185593392495, 10.340544912906424], [11.809679794140923, 14.601681327062987, 6.534186757516841, 11.0727053633535, 19.73100798107639, 0.0, 0.8145800559672447, 8.647923350484708, 13.657158878483557, 12.15712158915814, 7.874590618889014, 12.188924318206066, 18.12679837966855, 15.279746817077429, 14.350389355723445, 9.14273878307307, 12.519259762026433, 16.16818776332335, 14.991264827246692, 16.426824493063997, 9.972234495031541, 12.523509378202506, 12.523509378202506, 14.991264827246692, 16.16818776332335, 11.809679794140923, 14.601681327062987, 6.534186757516841, 11.0727053633535, 19.73100798107639, 0.0, 0.8145800559672447, 8.647923350484708, 13.657158878483557, 12.15712158915814, 7.874590618889014, 12.188924318206066, 18.12679837966855, 15.279746817077429, 14.350389355723445], [12.593628049698482, 15.367608697443476, 7.188902069675388, 10.444230183486729, 19.257483357184988, 0.8145800559672447, 0.0, 9.086104323060606, 14.46079005564513, 12.875482675866731, 7.201845120405984, 12.950456646525272, 17.80595578524039, 15.49110383684755, 13.6046716822723, 8.344486800368443, 12.077805169391647, 15.456492121785859, 14.277179313257468, 15.93804238913221, 10.714178935580348, 11.720582869456834, 11.720582869456834, 14.277179313257468, 15.456492121785859, 12.593628049698482, 15.367608697443476, 7.188902069675388, 10.444230183486729, 19.257483357184988, 0.8145800559672447, 0.0, 9.086104323060606, 14.46079005564513, 12.875482675866731, 7.201845120405984, 12.950456646525272, 17.80595578524039, 15.49110383684755, 13.6046716822723], [8.116699022541685, 15.645094895426933, 3.472611741715017, 19.378009588644428, 28.343559881931686, 8.647923350484708, 9.086104323060606, 0.0, 13.346783243144952, 14.76181541521896, 16.063941020778557, 13.819565154995026, 26.743578588696046, 22.333794225987162, 21.90614229768716, 14.515625779918135, 11.787878317660864, 23.981755120305365, 22.80624453480511, 25.023307680921615, 5.646077506360914, 19.23341388497698, 19.23341388497698, 22.80624453480511, 23.981755120305365, 8.116699022541685, 15.645094895426933, 3.472611741715017, 19.378009588644428, 28.343559881931686, 8.647923350484708, 9.086104323060606, 0.0, 13.346783243144952, 14.76181541521896, 16.063941020778557, 13.819565154995026, 26.743578588696046, 22.333794225987162, 21.90614229768716], [5.9989245914960785, 2.8114546598845864, 10.50734874624621, 22.631219017151615, 28.619711987382633, 13.657158878483557, 14.46079005564513, 13.346783243144952, 0.0, 4.581799468700936, 20.189848567746033, 3.0280390501254852, 25.31359878958145, 15.976585796498044, 26.87251834263489, 22.79850695830884, 24.106437925564656, 28.20563577240669, 27.116720299726726, 25.871580870229632, 7.928502116447322, 25.819884834858566, 25.819884834858566, 27.116720299726726, 28.20563577240669, 5.9989245914960785, 2.8114546598845864, 10.50734874624621, 22.631219017151615, 28.619711987382633, 13.657158878483557, 14.46079005564513, 13.346783243144952, 0.0, 4.581799468700936, 20.189848567746033, 3.0280390501254852, 25.31359878958145, 15.976585796498044, 26.87251834263489], [9.237699538569114, 3.154594470049239, 11.400362440722322, 19.36128048193662, 24.487448813765123, 12.15712158915814, 12.875482675866731, 14.76181541521896, 4.581799468700936, 0.0, 17.342565328206096, 1.6055927510051529, 20.993822793886647, 11.394786445518847, 23.83536842909164, 21.041451044345354, 24.015612593040018, 24.917548100909947, 23.893912169669395, 21.910912367505546, 10.291980482610457, 23.307676284677576, 23.307676284677576, 23.893912169669395, 24.917548100909947, 9.237699538569114, 3.154594470049239, 11.400362440722322, 19.36128048193662, 24.487448813765123, 12.15712158915814, 12.875482675866731, 14.76181541521896, 4.581799468700936, 0.0, 17.342565328206096, 1.6055927510051529, 20.993822793886647, 11.394786445518847, 23.83536842909164], [19.492913397096565, 20.3333024077525, 14.3893864670109, 3.3227627318337207, 12.687496125814558, 7.874590618889014, 7.201845120405984, 16.063941020778557, 20.189848567746033, 17.342565328206096, 0.0, 17.978071507480426, 12.295096309361393, 14.729368195037395, 6.713200118640457, 6.42639373839062, 14.581024076872916, 8.335011143273247, 7.170145218505479, 9.369207668774282, 17.811266924363824, 6.132049879287608, 6.132049879287608, 7.170145218505479, 8.335011143273247, 19.492913397096565, 20.3333024077525, 14.3893864670109, 3.3227627318337207, 12.687496125814558, 7.874590618889014, 7.201845120405984, 16.063941020778557, 20.189848567746033, 17.342565328206096, 0.0, 17.978071507480426, 12.295096309361393, 14.729368195037395, 6.713200118640457], [7.772295217536328, 2.424447172651374, 10.570347073649284, 20.19237661357088, 25.744519517681113, 12.188924318206066, 12.950456646525272, 13.819565154995026, 3.0280390501254852, 1.6055927510051529, 17.978071507480426, 0.0, 22.353708584958312, 12.970499962540167, 24.57454489047108, 21.244172555922734, 23.619764075848202, 25.769550509377805, 24.714868303914425, 23.076533367487617, 9.031481700801942, 23.82272957207807, 23.82272957207807, 24.714868303914425, 25.769550509377805, 7.772295217536328, 2.424447172651374, 10.570347073649284, 20.19237661357088, 25.744519517681113, 12.188924318206066, 12.950456646525272, 13.819565154995026, 3.0280390501254852, 1.6055927510051529, 17.978071507480426, 0.0, 22.353708584958312, 12.970499962540167, 24.57454489047108], [27.333143490262223, 24.045947200348273, 24.13064891570847, 9.747441298849846, 4.305251042352547, 18.12679837966855, 17.80595578524039, 26.743578588696046, 25.31359878958145, 20.993822793886647, 12.295096309361393, 22.353708584958312, 0.0, 11.191790954697408, 12.298427562972764, 18.310672082714774, 26.84317570241473, 11.099730071391653, 11.081062347272292, 4.435084450307744, 26.529330778914428, 15.266167083939955, 15.266167083939955, 11.081062347272292, 11.099730071391653, 27.333143490262223, 24.045947200348273, 24.13064891570847, 9.747441298849846, 4.305251042352547, 18.12679837966855, 17.80595578524039, 26.743578588696046, 25.31359878958145, 20.993822793886647, 12.295096309361393, 22.353708584958312, 0.0, 11.191790954697408, 12.298427562972764], [19.75045056507826, 14.039380172867721, 18.98969525486447, 14.67401936812391, 15.357185593392495, 15.279746817077429, 15.49110383684755, 22.333794225987162, 15.976585796498044, 11.394786445518847, 14.729368195037395, 12.970499962540167, 11.191790954697408, 0.0, 19.15848116123611, 20.81105552374164, 27.345623991305064, 19.194100292584384, 18.547430820553135, 13.834905502117675, 19.875273510607077, 20.450775273745972, 20.450775273745972, 18.547430820553135, 19.194100292584384, 19.75045056507826, 14.039380172867721, 18.98969525486447, 14.67401936812391, 15.357185593392495, 15.279746817077429, 15.49110383684755, 22.333794225987162, 15.976585796498044, 11.394786445518847, 14.729368195037395, 12.970499962540167, 11.191790954697408, 0.0, 19.15848116123611], [26.11479756362081, 26.89064657969419, 20.72021893046425, 4.657300425005112, 10.340544912906424, 14.350389355723445, 13.6046716822723, 21.90614229768716, 26.87251834263489, 23.83536842909164, 6.713200118640457, 24.57454489047108, 12.298427562972764, 19.15848116123611, 0.0, 8.489656852151766, 17.089966235241764, 2.305092913702895, 1.4169154931381311, 7.94302441957479, 24.31803514070045, 3.6791318740828247, 3.6791318740828247, 1.4169154931381311, 2.305092913702895, 26.11479756362081, 26.89064657969419, 20.72021893046425, 4.657300425005112, 10.340544912906424, 14.350389355723445, 13.6046716822723, 21.90614229768716, 26.87251834263489, 23.83536842909164, 6.713200118640457, 24.57454489047108, 12.298427562972764, 19.15848116123611, 0.0], [20.37196810014011, 23.667696981031042, 14.275584545822886, 8.58369181906184, 17.8143445544624, 9.14273878307307, 8.344486800368443, 14.515625779918135, 22.79850695830884, 21.041451044345354, 6.42639373839062, 21.244172555922734, 18.310672082714774, 20.81105552374164, 8.489656852151766, 0.0, 8.798544694129797, 10.79112768139999, 9.757953444446658, 14.725663521064831, 18.165762760949363, 5.072425532028349, 5.072425532028349, 9.757953444446658, 10.79112768139999, 20.37196810014011, 23.667696981031042, 14.275584545822886, 8.58369181906184, 17.8143445544624, 9.14273878307307, 8.344486800368443, 14.515625779918135, 22.79850695830884, 21.041451044345354, 6.42639373839062, 21.244172555922734, 18.310672082714774, 20.81105552374164, 8.489656852151766], [19.700142343621025, 25.86168289619653, 13.692250578243792, 17.247448970412442, 26.601474978570586, 12.519259762026433, 12.077805169391647, 11.787878317660864, 24.106437925564656, 24.015612593040018, 14.581024076872916, 23.619764075848202, 26.84317570241473, 27.345623991305064, 17.089966235241764, 8.798544694129797, 0.0, 19.38663165246044, 18.43019869038298, 23.469931539941665, 17.19104211746055, 13.453134118932832, 13.453134118932832, 18.43019869038298, 19.38663165246044, 19.700142343621025, 25.86168289619653, 13.692250578243792, 17.247448970412442, 26.601474978570586, 12.519259762026433, 12.077805169391647, 11.787878317660864, 24.106437925564656, 24.015612593040018, 14.581024076872916, 23.619764075848202, 26.84317570241473, 27.345623991305064, 17.089966235241764], [27.825627278166497, 28.024819082909403, 22.62890494799453, 5.579824481933783, 8.537950929684108, 16.16818776332335, 15.456492121785859, 23.981755120305365, 28.20563577240669, 24.917548100909947, 8.335011143273247, 25.769550509377805, 11.099730071391653, 19.194100292584384, 2.305092913702895, 10.79112768139999, 19.38663165246044, 0.0, 1.1818202630497023, 6.665664950197365, 26.131565330261715, 5.948188268881354, 5.948188268881354, 1.1818202630497023, 0.0, 27.825627278166497, 28.024819082909403, 22.62890494799453, 5.579824481933783, 8.537950929684108, 16.16818776332335, 15.456492121785859, 23.981755120305365, 28.20563577240669, 24.917548100909947, 8.335011143273247, 25.769550509377805, 11.099730071391653, 19.194100292584384, 2.305092913702895], [26.66304534541858, 26.988236434964776, 21.447919450920413, 4.5326719240028055, 8.94596639242481, 14.991264827246692, 14.277179313257468, 22.80624453480511, 27.116720299726726, 23.893912169669395, 7.170145218505479, 24.714868303914425, 11.081062347272292, 18.547430820553135, 1.4169154931381311, 9.757953444446658, 18.43019869038298, 1.1818202630497023, 0.0, 6.675829915278572, 24.956972598682963, 5.0737031858762025, 5.0737031858762025, 0.0, 1.1818202630497023, 26.66304534541858, 26.988236434964776, 21.447919450920413, 4.5326719240028055, 8.94596639242481, 14.991264827246692, 14.277179313257468, 22.80624453480511, 27.116720299726726, 23.893912169669395, 7.170145218505479, 24.714868303914425, 11.081062347272292, 18.547430820553135, 1.4169154931381311], [26.915140869079554, 25.05850673048015, 22.833454116486283, 6.262527020864299, 3.337936232392695, 16.426824493063997, 15.93804238913221, 25.023307680921615, 25.871580870229632, 21.910912367505546, 9.369207668774282, 23.076533367487617, 4.435084450307744, 13.834905502117675, 7.94302441957479, 14.725663521064831, 23.469931539941665, 6.665664950197365, 6.675829915278572, 0.0, 25.731205920305182, 11.126863821569009, 11.126863821569009, 6.675829915278572, 6.665664950197365, 26.915140869079554, 25.05850673048015, 22.833454116486283, 6.262527020864299, 3.337936232392695, 16.426824493063997, 15.93804238913221, 25.023307680921615, 25.871580870229632, 21.910912367505546, 9.369207668774282, 23.076533367487617, 4.435084450307744, 13.834905502117675, 7.94302441957479], [2.510028742440661, 10.464585763817144, 3.910635105102046, 20.913747472306568, 28.90847991808919, 9.972234495031541, 10.714178935580348, 5.646077506360914, 7.928502116447322, 10.291980482610457, 17.811266924363824, 9.031481700801942, 26.529330778914428, 19.875273510607077, 24.31803514070045, 18.165762760949363, 17.19104211746055, 26.131565330261715, 24.956972598682963, 25.731205920305182, 0.0, 22.281147087962733, 22.281147087962733, 24.956972598682963, 26.131565330261715, 2.510028742440661, 10.464585763817144, 3.910635105102046, 20.913747472306568, 28.90847991808919, 9.972234495031541, 10.714178935580348, 5.646077506360914, 7.928502116447322, 10.291980482610457, 17.811266924363824, 9.031481700801942, 26.529330778914428, 19.875273510607077, 24.31803514070045], [24.289041944464902, 26.217145486091354, 18.503951112758816, 6.027042526543322, 13.830413793019765, 12.523509378202506, 11.720582869456834, 19.23341388497698, 25.819884834858566, 23.307676284677576, 6.132049879287608, 23.82272957207807, 15.266167083939955, 20.450775273745972, 3.6791318740828247, 5.072425532028349, 13.453134118932832, 5.948188268881354, 5.0737031858762025, 11.126863821569009, 22.281147087962733, 0.0, 0.0, 5.0737031858762025, 5.948188268881354, 24.289041944464902, 26.217145486091354, 18.503951112758816, 6.027042526543322, 13.830413793019765, 12.523509378202506, 11.720582869456834, 19.23341388497698, 25.819884834858566, 23.307676284677576, 6.132049879287608, 23.82272957207807, 15.266167083939955, 20.450775273745972, 3.6791318740828247], [24.289041944464902, 26.217145486091354, 18.503951112758816, 6.027042526543322, 13.830413793019765, 12.523509378202506, 11.720582869456834, 19.23341388497698, 25.819884834858566, 23.307676284677576, 6.132049879287608, 23.82272957207807, 15.266167083939955, 20.450775273745972, 3.6791318740828247, 5.072425532028349, 13.453134118932832, 5.948188268881354, 5.0737031858762025, 11.126863821569009, 22.281147087962733, 0.0, 0.0, 5.0737031858762025, 5.948188268881354, 24.289041944464902, 26.217145486091354, 18.503951112758816, 6.027042526543322, 13.830413793019765, 12.523509378202506, 11.720582869456834, 19.23341388497698, 25.819884834858566, 23.307676284677576, 6.132049879287608, 23.82272957207807, 15.266167083939955, 20.450775273745972, 3.6791318740828247], [26.66304534541858, 26.988236434964776, 21.447919450920413, 4.5326719240028055, 8.94596639242481, 14.991264827246692, 14.277179313257468, 22.80624453480511, 27.116720299726726, 23.893912169669395, 7.170145218505479, 24.714868303914425, 11.081062347272292, 18.547430820553135, 1.4169154931381311, 9.757953444446658, 18.43019869038298, 1.1818202630497023, 0.0, 6.675829915278572, 24.956972598682963, 5.0737031858762025, 5.0737031858762025, 0.0, 1.1818202630497023, 26.66304534541858, 26.988236434964776, 21.447919450920413, 4.5326719240028055, 8.94596639242481, 14.991264827246692, 14.277179313257468, 22.80624453480511, 27.116720299726726, 23.893912169669395, 7.170145218505479, 24.714868303914425, 11.081062347272292, 18.547430820553135, 1.4169154931381311], [27.825627278166497, 28.024819082909403, 22.62890494799453, 5.579824481933783, 8.537950929684108, 16.16818776332335, 15.456492121785859, 23.981755120305365, 28.20563577240669, 24.917548100909947, 8.335011143273247, 25.769550509377805, 11.099730071391653, 19.194100292584384, 2.305092913702895, 10.79112768139999, 19.38663165246044, 0.0, 1.1818202630497023, 6.665664950197365, 26.131565330261715, 5.948188268881354, 5.948188268881354, 1.1818202630497023, 0.0, 27.825627278166497, 28.024819082909403, 22.62890494799453, 5.579824481933783, 8.537950929684108, 16.16818776332335, 15.456492121785859, 23.981755120305365, 28.20563577240669, 24.917548100909947, 8.335011143273247, 25.769550509377805, 11.099730071391653, 19.194100292584384, 2.305092913702895], [0.0, 8.733211057975588, 6.274381909436417, 22.467836145752134, 30.0, 11.809679794140923, 12.593628049698482, 8.116699022541685, 5.9989245914960785, 9.237699538569114, 19.492913397096565, 7.772295217536328, 27.333143490262223, 19.75045056507826, 26.11479756362081, 20.37196810014011, 19.700142343621025, 27.825627278166497, 26.66304534541858, 26.915140869079554, 2.510028742440661, 24.289041944464902, 24.289041944464902, 26.66304534541858, 27.825627278166497, 0.0, 8.733211057975588, 6.274381909436417, 22.467836145752134, 30.0, 11.809679794140923, 12.593628049698482, 8.116699022541685, 5.9989245914960785, 9.237699538569114, 19.492913397096565, 7.772295217536328, 27.333143490262223, 19.75045056507826, 26.11479756362081], [8.733211057975588, 0.0, 12.557721439733692, 22.457693705529216, 27.60501707380231, 14.601681327062987, 15.367608697443476, 15.645094895426933, 2.8114546598845864, 3.154594470049239, 20.3333024077525, 2.424447172651374, 24.045947200348273, 14.039380172867721, 26.89064657969419, 23.667696981031042, 25.86168289619653, 28.024819082909403, 26.988236434964776, 25.05850673048015, 10.464585763817144, 26.217145486091354, 26.217145486091354, 26.988236434964776, 28.024819082909403, 8.733211057975588, 0.0, 12.557721439733692, 22.457693705529216, 27.60501707380231, 14.601681327062987, 15.367608697443476, 15.645094895426933, 2.8114546598845864, 3.154594470049239, 20.3333024077525, 2.424447172651374, 24.045947200348273, 14.039380172867721, 26.89064657969419], [6.274381909436417, 12.557721439733692, 0.0, 17.60677231778037, 26.09954459852616, 6.534186757516841, 7.188902069675388, 3.472611741715017, 10.50734874624621, 11.400362440722322, 14.3893864670109, 10.570347073649284, 24.13064891570847, 18.98969525486447, 20.72021893046425, 14.275584545822886, 13.692250578243792, 22.62890494799453, 21.447919450920413, 22.833454116486283, 3.910635105102046, 18.503951112758816, 18.503951112758816, 21.447919450920413, 22.62890494799453, 6.274381909436417, 12.557721439733692, 0.0, 17.60677231778037, 26.09954459852616, 6.534186757516841, 7.188902069675388, 3.472611741715017, 10.50734874624621, 11.400362440722322, 14.3893864670109, 10.570347073649284, 24.13064891570847, 18.98969525486447, 20.72021893046425], [22.467836145752134, 22.457693705529216, 17.60677231778037, 0.0, 9.515031779657381, 11.0727053633535, 10.444230183486729, 19.378009588644428, 22.631219017151615, 19.36128048193662, 3.3227627318337207, 20.19237661357088, 9.747441298849846, 14.67401936812391, 4.657300425005112, 8.58369181906184, 17.247448970412442, 5.579824481933783, 4.5326719240028055, 6.262527020864299, 20.913747472306568, 6.027042526543322, 6.027042526543322, 4.5326719240028055, 5.579824481933783, 22.467836145752134, 22.457693705529216, 17.60677231778037, 0.0, 9.515031779657381, 11.0727053633535, 10.444230183486729, 19.378009588644428, 22.631219017151615, 19.36128048193662, 3.3227627318337207, 20.19237661357088, 9.747441298849846, 14.67401936812391, 4.657300425005112], [30.0, 27.60501707380231, 26.09954459852616, 9.515031779657381, 0.0, 19.73100798107639, 19.257483357184988, 28.343559881931686, 28.619711987382633, 24.487448813765123, 12.687496125814558, 25.744519517681113, 4.305251042352547, 15.357185593392495, 10.340544912906424, 17.8143445544624, 26.601474978570586, 8.537950929684108, 8.94596639242481, 3.337936232392695, 28.90847991808919, 13.830413793019765, 13.830413793019765, 8.94596639242481, 8.537950929684108, 30.0, 27.60501707380231, 26.09954459852616, 9.515031779657381, 0.0, 19.73100798107639, 19.257483357184988, 28.343559881931686, 28.619711987382633, 24.487448813765123, 12.687496125814558, 25.744519517681113, 4.305251042352547, 15.357185593392495, 10.340544912906424], [11.809679794140923, 14.601681327062987, 6.534186757516841, 11.0727053633535, 19.73100798107639, 0.0, 0.8145800559672447, 8.647923350484708, 13.657158878483557, 12.15712158915814, 7.874590618889014, 12.188924318206066, 18.12679837966855, 15.279746817077429, 14.350389355723445, 9.14273878307307, 12.519259762026433, 16.16818776332335, 14.991264827246692, 16.426824493063997, 9.972234495031541, 12.523509378202506, 12.523509378202506, 14.991264827246692, 16.16818776332335, 11.809679794140923, 14.601681327062987, 6.534186757516841, 11.0727053633535, 19.73100798107639, 0.0, 0.8145800559672447, 8.647923350484708, 13.657158878483557, 12.15712158915814, 7.874590618889014, 12.188924318206066, 18.12679837966855, 15.279746817077429, 14.350389355723445], [12.593628049698482, 15.367608697443476, 7.188902069675388, 10.444230183486729, 19.257483357184988, 0.8145800559672447, 0.0, 9.086104323060606, 14.46079005564513, 12.875482675866731, 7.201845120405984, 12.950456646525272, 17.80595578524039, 15.49110383684755, 13.6046716822723, 8.344486800368443, 12.077805169391647, 15.456492121785859, 14.277179313257468, 15.93804238913221, 10.714178935580348, 11.720582869456834, 11.720582869456834, 14.277179313257468, 15.456492121785859, 12.593628049698482, 15.367608697443476, 7.188902069675388, 10.444230183486729, 19.257483357184988, 0.8145800559672447, 0.0, 9.086104323060606, 14.46079005564513, 12.875482675866731, 7.201845120405984, 12.950456646525272, 17.80595578524039, 15.49110383684755, 13.6046716822723], [8.116699022541685, 15.645094895426933, 3.472611741715017, 19.378009588644428, 28.343559881931686, 8.647923350484708, 9.086104323060606, 0.0, 13.346783243144952, 14.76181541521896, 16.063941020778557, 13.819565154995026, 26.743578588696046, 22.333794225987162, 21.90614229768716, 14.515625779918135, 11.787878317660864, 23.981755120305365, 22.80624453480511, 25.023307680921615, 5.646077506360914, 19.23341388497698, 19.23341388497698, 22.80624453480511, 23.981755120305365, 8.116699022541685, 15.645094895426933, 3.472611741715017, 19.378009588644428, 28.343559881931686, 8.647923350484708, 9.086104323060606, 0.0, 13.346783243144952, 14.76181541521896, 16.063941020778557, 13.819565154995026, 26.743578588696046, 22.333794225987162, 21.90614229768716], [5.9989245914960785, 2.8114546598845864, 10.50734874624621, 22.631219017151615, 28.619711987382633, 13.657158878483557, 14.46079005564513, 13.346783243144952, 0.0, 4.581799468700936, 20.189848567746033, 3.0280390501254852, 25.31359878958145, 15.976585796498044, 26.87251834263489, 22.79850695830884, 24.106437925564656, 28.20563577240669, 27.116720299726726, 25.871580870229632, 7.928502116447322, 25.819884834858566, 25.819884834858566, 27.116720299726726, 28.20563577240669, 5.9989245914960785, 2.8114546598845864, 10.50734874624621, 22.631219017151615, 28.619711987382633, 13.657158878483557, 14.46079005564513, 13.346783243144952, 0.0, 4.581799468700936, 20.189848567746033, 3.0280390501254852, 25.31359878958145, 15.976585796498044, 26.87251834263489], [9.237699538569114, 3.154594470049239, 11.400362440722322, 19.36128048193662, 24.487448813765123, 12.15712158915814, 12.875482675866731, 14.76181541521896, 4.581799468700936, 0.0, 17.342565328206096, 1.6055927510051529, 20.993822793886647, 11.394786445518847, 23.83536842909164, 21.041451044345354, 24.015612593040018, 24.917548100909947, 23.893912169669395, 21.910912367505546, 10.291980482610457, 23.307676284677576, 23.307676284677576, 23.893912169669395, 24.917548100909947, 9.237699538569114, 3.154594470049239, 11.400362440722322, 19.36128048193662, 24.487448813765123, 12.15712158915814, 12.875482675866731, 14.76181541521896, 4.581799468700936, 0.0, 17.342565328206096, 1.6055927510051529, 20.993822793886647, 11.394786445518847, 23.83536842909164], [19.492913397096565, 20.3333024077525, 14.3893864670109, 3.3227627318337207, 12.687496125814558, 7.874590618889014, 7.201845120405984, 16.063941020778557, 20.189848567746033, 17.342565328206096, 0.0, 17.978071507480426, 12.295096309361393, 14.729368195037395, 6.713200118640457, 6.42639373839062, 14.581024076872916, 8.335011143273247, 7.170145218505479, 9.369207668774282, 17.811266924363824, 6.132049879287608, 6.132049879287608, 7.170145218505479, 8.335011143273247, 19.492913397096565, 20.3333024077525, 14.3893864670109, 3.3227627318337207, 12.687496125814558, 7.874590618889014, 7.201845120405984, 16.063941020778557, 20.189848567746033, 17.342565328206096, 0.0, 17.978071507480426, 12.295096309361393, 14.729368195037395, 6.713200118640457], [7.772295217536328, 2.424447172651374, 10.570347073649284, 20.19237661357088, 25.744519517681113, 12.188924318206066, 12.950456646525272, 13.819565154995026, 3.0280390501254852, 1.6055927510051529, 17.978071507480426, 0.0, 22.353708584958312, 12.970499962540167, 24.57454489047108, 21.244172555922734, 23.619764075848202, 25.769550509377805, 24.714868303914425, 23.076533367487617, 9.031481700801942, 23.82272957207807, 23.82272957207807, 24.714868303914425, 25.769550509377805, 7.772295217536328, 2.424447172651374, 10.570347073649284, 20.19237661357088, 25.744519517681113, 12.188924318206066, 12.950456646525272, 13.819565154995026, 3.0280390501254852, 1.6055927510051529, 17.978071507480426, 0.0, 22.353708584958312, 12.970499962540167, 24.57454489047108], [27.333143490262223, 24.045947200348273, 24.13064891570847, 9.747441298849846, 4.305251042352547, 18.12679837966855, 17.80595578524039, 26.743578588696046, 25.31359878958145, 20.993822793886647, 12.295096309361393, 22.353708584958312, 0.0, 11.191790954697408, 12.298427562972764, 18.310672082714774, 26.84317570241473, 11.099730071391653, 11.081062347272292, 4.435084450307744, 26.529330778914428, 15.266167083939955, 15.266167083939955, 11.081062347272292, 11.099730071391653, 27.333143490262223, 24.045947200348273, 24.13064891570847, 9.747441298849846, 4.305251042352547, 18.12679837966855, 17.80595578524039, 26.743578588696046, 25.31359878958145, 20.993822793886647, 12.295096309361393, 22.353708584958312, 0.0, 11.191790954697408, 12.298427562972764], [19.75045056507826, 14.039380172867721, 18.98969525486447, 14.67401936812391, 15.357185593392495, 15.279746817077429, 15.49110383684755, 22.333794225987162, 15.976585796498044, 11.394786445518847, 14.729368195037395, 12.970499962540167, 11.191790954697408, 0.0, 19.15848116123611, 20.81105552374164, 27.345623991305064, 19.194100292584384, 18.547430820553135, 13.834905502117675, 19.875273510607077, 20.450775273745972, 20.450775273745972, 18.547430820553135, 19.194100292584384, 19.75045056507826, 14.039380172867721, 18.98969525486447, 14.67401936812391, 15.357185593392495, 15.279746817077429, 15.49110383684755, 22.333794225987162, 15.976585796498044, 11.394786445518847, 14.729368195037395, 12.970499962540167, 11.191790954697408, 0.0, 19.15848116123611], [26.11479756362081, 26.89064657969419, 20.72021893046425, 4.657300425005112, 10.340544912906424, 14.350389355723445, 13.6046716822723, 21.90614229768716, 26.87251834263489, 23.83536842909164, 6.713200118640457, 24.57454489047108, 12.298427562972764, 19.15848116123611, 0.0, 8.489656852151766, 17.089966235241764, 2.305092913702895, 1.4169154931381311, 7.94302441957479, 24.31803514070045, 3.6791318740828247, 3.6791318740828247, 1.4169154931381311, 2.305092913702895, 26.11479756362081, 26.89064657969419, 20.72021893046425, 4.657300425005112, 10.340544912906424, 14.350389355723445, 13.6046716822723, 21.90614229768716, 26.87251834263489, 23.83536842909164, 6.713200118640457, 24.57454489047108, 12.298427562972764, 19.15848116123611, 0.0]];
