M = 99999999.0;
numWorkers = 15;
numRoles = 5;
numNodes = 40;
wStart = [120, 60, 270, 120, 0, 120, 60, 60, 120, 120, 30, 60, 90, 90, 120, 90, 30, 60, 60, 60, 90, 240, 270, 180, 180, 330, 450, 450, 420, 450, 390, 330, 480, 360, 210, 420, 360, 120, 450, 330];
wEnd = [120, 60, 270, 120, 0, 120, 60, 60, 120, 120, 30, 60, 90, 90, 120, 450, 390, 210, 300, 420, 330, 300, 300, 240, 210, 330, 450, 450, 420, 450, 390, 330, 480, 360, 210, 420, 360, 120, 450, 330];
p = [0, 0, 0, 0, 0, 0, 0, 0, 0, 0, 0, 0, 0, 0, 0, 58.30159875020179, 29.34781298107942, 36.43893571348912, 59.56371077417466, 52.01283664829387, 61.921065776388474, 47.207700049163684, 38.02421608251998, 50.9219016829838, 19.413880569764657, 0, 0, 0, 0, 0, 0, 0, 0, 0, 0, 0, 0, 0, 0, 0];
e = [[0, 1, 0, 1, 0], [0, 0, 1, 1, 0], [0, 1, 0, 0, 0], [0, 0, 0, 0, 1], [0, 0, 1, 0, 0], [0, 0, 1, 0, 0], [0, 0, 0, 1, 0], [1, 0, 0, 0, 0], [0, 1, 0, 0, 0], [0, 1, 0, 0, 0], [1, 0, 0, 0, 0], [0, 0, 0, 0, 1], [0, 0, 0, 0, 1], [1, 0, 0, 0, 0], [1, 0, 0, 0, 0]];
d = [[2, 0, 2, 0, 0, 0, 0, 2, 0, 2], [0, 1, 0, 1, 1, 1, 1, 0, 1, 0], [1, 0, 1, 1, 1, 2, 1, 1, 2, 1], [0, 1, 0, 1, 1, 1, 1, 0, 1, 0], [0, 1, 0, 1, 1, 1, 1, 0, 1, 0]];
r = [4827, 2008, 4819, 4708, 1063, 1821, 4972, 2801, 3122, 2245];
g = [[0, 0, 0, 0, 0, 0, 0, 0, 0, 0], [0, 0, 0, 0, 0, 0, 0, 0, 0, 0], [0, 0, 0, 0, 0, 0, 0, 0, 0, 0], [0, 0, 0, 0, 0, 0, 0, 0, 0, 0], [0, 0, 0, 0, 0, 0, 0, 0, 0, 0], [0, 0, 0, 0, 0, 0, 0, 0, 0, 0], [0, 0, 0, 0, 0, 0, 0, 0, 0, 0], [0, 0, 0, 0, 0, 0, 0, 0, 0, 0], [0, 0, 0, 0, 0, 0, 0, 0, 0, 0], [0, 0, 0, 0, 0, 0, 0, 0, 0, 0]];
t = [[0.0, 21.311250734218802, 6.324110401227783, 27.349466152045245, 39.1677301708893, 20.937453747733496, 39.204259524759784, 34.288097795033494, 33.5145878895706, 54.95613378063925, 10.948354228043582, 33.23961583139854, 29.240857393377677, 23.413818954557144, 41.76369415965591, 27.38682929213288, 18.47289605529401, 46.764360433726374, 36.743748700615086, 33.52679429835513, 33.275699750697136, 14.786572168689142, 12.465812939217557, 30.276746415595767, 51.80482418118084, 0.0, 21.311250734218802, 6.324110401227783, 27.349466152045245, 39.1677301708893, 20.937453747733496, 39.204259524759784, 34.288097795033494, 33.5145878895706, 54.95613378063925, 10.948354228043582, 33.23961583139854, 29.240857393377677, 23.413818954557144, 41.76369415965591], [21.311250734218802, 0.0, 27.472822245386357, 34.7209671643554, 44.912412952038906, 37.267382828261745, 24.033694020560308, 28.070154204109624, 20.51407013816021, 45.7481877322897, 30.79512213730091, 15.546428856605255, 27.40140472175493, 36.339849430715574, 51.244934327654846, 10.667629927971765, 33.36063819259254, 37.873985596634974, 28.719488541084466, 32.76229815337536, 41.62759389064842, 23.993152880036618, 29.953006629342706, 20.84630847331607, 41.8840985965941, 21.311250734218802, 0.0, 27.472822245386357, 34.7209671643554, 44.912412952038906, 37.267382828261745, 24.033694020560308, 28.070154204109624, 20.51407013816021, 45.7481877322897, 30.79512213730091, 15.546428856605255, 27.40140472175493, 36.339849430715574, 51.244934327654846], [6.324110401227783, 27.472822245386357, 0.0, 29.58802904602199, 41.139525184385334, 19.8053174378114, 45.278009537209606, 39.342437428092474, 39.479512687876664, 60.0, 8.580098468560612, 39.52656623029565, 33.76004017794392, 23.84675588607812, 42.33905117343432, 33.68184328214964, 18.569081285815543, 51.89823530409546, 41.99764556917282, 37.55387552987198, 34.71164048999376, 18.268738145522498, 12.11481443330054, 35.95355191313192, 57.01952985473652, 6.324110401227783, 27.472822245386357, 0.0, 29.58802904602199, 41.139525184385334, 19.8053174378114, 45.278009537209606, 39.342437428092474, 39.479512687876664, 60.0, 8.580098468560612, 39.52656623029565, 33.76004017794392, 23.84675588607812, 42.33905117343432], [27.349466152045245, 34.7209671643554, 29.58802904602199, 0.0, 11.827627606764018, 15.255280671823009, 33.86153222999322, 19.843637197905604, 28.27728743545993, 36.684105403045685, 22.557567642764486, 34.478008094112376, 13.234662714367731, 9.008896835094735, 16.525639672816716, 31.103249368936606, 12.783531851736074, 30.056798504507547, 23.097171963786085, 12.581941933122714, 6.916063058719651, 12.955948500405954, 18.138260147871154, 22.988249468939827, 35.0509617422797, 27.349466152045245, 34.7209671643554, 29.58802904602199, 0.0, 11.827627606764018, 15.255280671823009, 33.86153222999322, 19.843637197905604, 28.27728743545993, 36.684105403045685, 22.557567642764486, 34.478008094112376, 13.234662714367731, 9.008896835094735, 16.525639672816716], [39.1677301708893, 44.912412952038906, 41.139525184385334, 11.827627606764018, 0.0, 24.36874159396212, 38.44991387193763, 23.266949345891764, 33.96229468206333, 33.497120113762335, 33.61559391030551, 41.50675898967568, 18.955587661911565, 18.277828011856972, 9.45811469470043, 39.41014684854285, 23.265263724353158, 29.051432015578516, 25.878539894706087, 14.750551812175136, 6.983337696229253, 24.729296113501864, 29.315985476651573, 29.130231576750223, 33.16130618636567, 39.1677301708893, 44.912412952038906, 41.139525184385334, 11.827627606764018, 0.0, 24.36874159396212, 38.44991387193763, 23.266949345891764, 33.96229468206333, 33.497120113762335, 33.61559391030551, 41.50675898967568, 18.955587661911565, 18.277828011856972, 9.45811469470043], [20.937453747733496, 37.267382828261745, 19.8053174378114, 15.255280671823009, 24.36874159396212, 0.0, 44.945205616707874, 33.14647888685386, 38.84588655900569, 51.660815122367275, 11.233547622242483, 42.864590037948446, 26.243136047261682, 6.357174594950119, 23.19567885058473, 38.00031853537123, 4.224167759207376, 44.600552714147426, 36.412374783973945, 27.326298017145763, 17.390624232618887, 14.200400573746533, 8.476486336627685, 33.78629993446699, 49.73034097830859, 20.937453747733496, 37.267382828261745, 19.8053174378114, 15.255280671823009, 24.36874159396212, 0.0, 44.945205616707874, 33.14647888685386, 38.84588655900569, 51.660815122367275, 11.233547622242483, 42.864590037948446, 26.243136047261682, 6.357174594950119, 23.19567885058473], [39.204259524759784, 24.033694020560308, 45.278009537209606, 33.86153222999322, 38.44991387193763, 44.945205616707874, 0.0, 15.183522822847026, 6.154379957258331, 23.485432447476807, 44.33877764260506, 8.965044985590177, 20.735257681821153, 40.64983482898744, 47.449767008568664, 13.46877547549388, 40.81013634835165, 17.020777871211465, 12.80539387785175, 23.745692001599412, 39.11207322556626, 31.520306411062155, 41.251200107601775, 11.19719654344294, 19.477224349367486, 39.204259524759784, 24.033694020560308, 45.278009537209606, 33.86153222999322, 38.44991387193763, 44.945205616707874, 0.0, 15.183522822847026, 6.154379957258331, 23.485432447476807, 44.33877764260506, 8.965044985590177, 20.735257681821153, 40.64983482898744, 47.449767008568664], [34.288097795033494, 28.070154204109624, 39.342437428092474, 19.843637197905604, 23.266949345891764, 33.14647888685386, 15.183522822847026, 0.0, 11.150708596642204, 20.68096528751152, 35.72098771240217, 19.337145380146314, 6.914381211298316, 27.83689557012177, 32.308336556257366, 19.160415316921608, 29.388269337004512, 12.560680107048052, 3.2909118615972033, 8.583689467711618, 24.295501982730308, 22.030482891193, 31.78251205755866, 7.5240201713323405, 17.718631172236222, 34.288097795033494, 28.070154204109624, 39.342437428092474, 19.843637197905604, 23.266949345891764, 33.14647888685386, 15.183522822847026, 0.0, 11.150708596642204, 20.68096528751152, 35.72098771240217, 19.337145380146314, 6.914381211298316, 27.83689557012177, 32.308336556257366], [33.5145878895706, 20.51407013816021, 39.479512687876664, 28.27728743545993, 33.96229468206333, 38.84588655900569, 6.154379957258331, 11.150708596642204, 0.0, 25.268121743445118, 38.242403314261736, 8.340443731520464, 15.455502328399643, 34.69269756534455, 42.62761698947324, 10.015994205208226, 34.695075580920914, 17.59101518494509, 9.913802465941314, 19.250205388645842, 33.90117082005798, 25.36593336587888, 35.10698370488579, 5.298238728606633, 21.376810521487705, 33.5145878895706, 20.51407013816021, 39.479512687876664, 28.27728743545993, 33.96229468206333, 38.84588655900569, 6.154379957258331, 11.150708596642204, 0.0, 25.268121743445118, 38.242403314261736, 8.340443731520464, 15.455502328399643, 34.69269756534455, 42.62761698947324], [54.95613378063925, 45.7481877322897, 60.0, 36.684105403045685, 33.497120113762335, 51.660815122367275, 23.485432447476807, 20.68096528751152, 25.268121743445118, 0.0, 55.93722360824145, 32.18496246251976, 26.562747901430512, 45.63495311549413, 42.61852889690316, 35.27336739727616, 48.41341405866452, 8.250984497269455, 18.32373582912312, 24.339523265511126, 38.15979057154958, 42.35890221868314, 51.794183330229714, 25.75771669115421, 4.009106400127452, 54.95613378063925, 45.7481877322897, 60.0, 36.684105403045685, 33.497120113762335, 51.660815122367275, 23.485432447476807, 20.68096528751152, 25.268121743445118, 0.0, 55.93722360824145, 32.18496246251976, 26.562747901430512, 45.63495311549413, 42.61852889690316], [10.948354228043582, 30.79512213730091, 8.580098468560612, 22.557567642764486, 33.61559391030551, 11.233547622242483, 44.33877764260506, 35.72098771240217, 38.242403314261736, 55.93722360824145, 0.0, 40.09548190008164, 29.379301692597934, 15.708854439639847, 34.025459078492986, 34.5169033192452, 10.451481147927508, 48.13815869950607, 38.712768224897246, 32.27722129511947, 26.917971410509413, 13.693018640481537, 4.437011735444469, 33.91037333321548, 53.34655021886306, 10.948354228043582, 30.79512213730091, 8.580098468560612, 22.557567642764486, 33.61559391030551, 11.233547622242483, 44.33877764260506, 35.72098771240217, 38.242403314261736, 55.93722360824145, 0.0, 40.09548190008164, 29.379301692597934, 15.708854439639847, 34.025459078492986], [33.23961583139854, 15.546428856605255, 39.52656623029565, 34.478008094112376, 41.50675898967568, 42.864590037948446, 8.965044985590177, 19.337145380146314, 8.340443731520464, 32.18496246251976, 40.09548190008164, 0.0, 22.596688553665917, 39.64472548099106, 49.77539766467863, 5.863710063921981, 38.640444516905376, 25.125043122262884, 18.251175407329768, 27.008861788056223, 40.65340167851123, 28.72692716565939, 37.69602292162703, 12.408594671976571, 28.183962655739254, 33.23961583139854, 15.546428856605255, 39.52656623029565, 34.478008094112376, 41.50675898967568, 42.864590037948446, 8.965044985590177, 19.337145380146314, 8.340443731520464, 32.18496246251976, 40.09548190008164, 0.0, 22.596688553665917, 39.64472548099106, 49.77539766467863], [29.240857393377677, 27.40140472175493, 33.76004017794392, 13.234662714367731, 18.955587661911565, 26.243136047261682, 20.735257681821153, 6.914381211298316, 15.455502328399643, 26.562747901430512, 29.379301692597934, 22.596688553665917, 0.0, 20.94185862845808, 27.24867912440733, 20.584112006840474, 22.530548049565905, 18.817325719830585, 10.198324870214785, 5.371401315855117, 18.455982243931803, 15.814207498265533, 25.28254154106874, 10.33317857726751, 24.029106859099954, 29.240857393377677, 27.40140472175493, 33.76004017794392, 13.234662714367731, 18.955587661911565, 26.243136047261682, 20.735257681821153, 6.914381211298316, 15.455502328399643, 26.562747901430512, 29.379301692597934, 22.596688553665917, 0.0, 20.94185862845808, 27.24867912440733], [23.413818954557144, 36.339849430715574, 23.84675588607812, 9.008896835094735, 18.277828011856972, 6.357174594950119, 40.64983482898744, 27.83689557012177, 34.69269756534455, 45.63495311549413, 15.708854439639847, 39.64472548099106, 20.94185862845808, 0.0, 18.52763683606013, 35.30423464065313, 5.287443210186487, 38.8045764162632, 31.127511143404966, 21.378407416142046, 11.37407060181735, 12.346869006207658, 11.732175106832896, 29.463792504779704, 43.872536835443945, 23.413818954557144, 36.339849430715574, 23.84675588607812, 9.008896835094735, 18.277828011856972, 6.357174594950119, 40.64983482898744, 27.83689557012177, 34.69269756534455, 45.63495311549413, 15.708854439639847, 39.64472548099106, 20.94185862845808, 0.0, 18.52763683606013], [41.76369415965591, 51.244934327654846, 42.33905117343432, 16.525639672816716, 9.45811469470043, 23.19567885058473, 47.449767008568664, 32.308336556257366, 42.62761698947324, 42.61852889690316, 34.025459078492986, 49.77539766467863, 27.24867912440733, 18.52763683606013, 0.0, 47.06451657963931, 23.777077316621078, 38.48703605858505, 35.08270611307261, 23.72466369815596, 9.619049723890353, 28.705457392279293, 30.23805108027734, 37.58071759145693, 42.49664713906267, 41.76369415965591, 51.244934327654846, 42.33905117343432, 16.525639672816716, 9.45811469470043, 23.19567885058473, 47.449767008568664, 32.308336556257366, 42.62761698947324, 42.61852889690316, 34.025459078492986, 49.77539766467863, 27.24867912440733, 18.52763683606013, 0.0], [27.38682929213288, 10.667629927971765, 33.68184328214964, 31.103249368936606, 39.41014684854285, 38.00031853537123, 13.46877547549388, 19.160415316921608, 10.015994205208226, 35.27336739727616, 34.5169033192452, 5.863710063921981, 20.584112006840474, 35.30423464065313, 47.06451657963931, 0.0, 33.792997399640576, 27.581863532672745, 19.07439902145515, 25.5902532757211, 37.64721197627069, 23.80012031765082, 32.3386727869248, 11.63707668961507, 31.361215384846908, 27.38682929213288, 10.667629927971765, 33.68184328214964, 31.103249368936606, 39.41014684854285, 38.00031853537123, 13.46877547549388, 19.160415316921608, 10.015994205208226, 35.27336739727616, 34.5169033192452, 5.863710063921981, 20.584112006840474, 35.30423464065313, 47.06451657963931], [18.47289605529401, 33.36063819259254, 18.569081285815543, 12.783531851736074, 23.265263724353158, 4.224167759207376, 40.81013634835165, 29.388269337004512, 34.695075580920914, 48.41341405866452, 10.451481147927508, 38.640444516905376, 22.530548049565905, 5.287443210186487, 23.777077316621078, 33.792997399640576, 0.0, 41.128200192527345, 32.62523523620076, 24.11160602642363, 16.487781005341567, 9.995449994496242, 6.460973802355646, 29.677912945440347, 46.30027376070796, 18.47289605529401, 33.36063819259254, 18.569081285815543, 12.783531851736074, 23.265263724353158, 4.224167759207376, 40.81013634835165, 29.388269337004512, 34.695075580920914, 48.41341405866452, 10.451481147927508, 38.640444516905376, 22.530548049565905, 5.287443210186487, 23.777077316621078], [46.764360433726374, 37.873985596634974, 51.89823530409546, 30.056798504507547, 29.051432015578516, 44.600552714147426, 17.020777871211465, 12.560680107048052, 17.59101518494509, 8.250984497269455, 48.13815869950607, 25.125043122262884, 18.817325719830585, 38.8045764162632, 38.48703605858505, 27.581863532672745, 41.128200192527345, 0.0, 10.075882472073406, 17.475905133856447, 32.60190483246342, 34.48037584459577, 44.09189404311237, 17.57060927512521, 5.212555697065343, 46.764360433726374, 37.873985596634974, 51.89823530409546, 30.056798504507547, 29.051432015578516, 44.600552714147426, 17.020777871211465, 12.560680107048052, 17.59101518494509, 8.250984497269455, 48.13815869950607, 25.125043122262884, 18.817325719830585, 38.8045764162632, 38.48703605858505], [36.743748700615086, 28.719488541084466, 41.99764556917282, 23.097171963786085, 25.878539894706087, 36.412374783973945, 12.80539387785175, 3.2909118615972033, 9.913802465941314, 18.32373582912312, 38.712768224897246, 18.251175407329768, 10.198324870214785, 31.127511143404966, 35.08270611307261, 19.07439902145515, 32.62523523620076, 10.075882472073406, 0.0, 11.45655630381065, 27.35153449814254, 25.024792263497822, 34.85125650880079, 7.900200575357384, 15.061229824570205, 36.743748700615086, 28.719488541084466, 41.99764556917282, 23.097171963786085, 25.878539894706087, 36.412374783973945, 12.80539387785175, 3.2909118615972033, 9.913802465941314, 18.32373582912312, 38.712768224897246, 18.251175407329768, 10.198324870214785, 31.127511143404966, 35.08270611307261], [33.52679429835513, 32.76229815337536, 37.55387552987198, 12.581941933122714, 14.750551812175136, 27.326298017145763, 23.745692001599412, 8.583689467711618, 19.250205388645842, 24.339523265511126, 32.27722129511947, 27.008861788056223, 5.371401315855117, 21.378407416142046, 23.72466369815596, 25.5902532757211, 24.11160602642363, 17.475905133856447, 11.45655630381065, 0.0, 15.95364573657358, 19.29318227249085, 27.960679690411933, 14.605323649318947, 22.49959833584108, 33.52679429835513, 32.76229815337536, 37.55387552987198, 12.581941933122714, 14.750551812175136, 27.326298017145763, 23.745692001599412, 8.583689467711618, 19.250205388645842, 24.339523265511126, 32.27722129511947, 27.008861788056223, 5.371401315855117, 21.378407416142046, 23.72466369815596], [33.275699750697136, 41.62759389064842, 34.71164048999376, 6.916063058719651, 6.983337696229253, 17.390624232618887, 39.11207322556626, 24.295501982730308, 33.90117082005798, 38.15979057154958, 26.917971410509413, 40.65340167851123, 18.455982243931803, 11.37407060181735, 9.619049723890353, 37.64721197627069, 16.487781005341567, 32.60190483246342, 27.35153449814254, 15.95364573657358, 0.0, 19.469628091731785, 22.714521025939554, 28.707872102386858, 37.215303029978436, 33.275699750697136, 41.62759389064842, 34.71164048999376, 6.916063058719651, 6.983337696229253, 17.390624232618887, 39.11207322556626, 24.295501982730308, 33.90117082005798, 38.15979057154958, 26.917971410509413, 40.65340167851123, 18.455982243931803, 11.37407060181735, 9.619049723890353], [14.786572168689142, 23.993152880036618, 18.268738145522498, 12.955948500405954, 24.729296113501864, 14.200400573746533, 31.520306411062155, 22.030482891193, 25.36593336587888, 42.35890221868314, 13.693018640481537, 28.72692716565939, 15.814207498265533, 12.346869006207658, 28.705457392279293, 23.80012031765082, 9.995449994496242, 34.48037584459577, 25.024792263497822, 19.29318227249085, 19.469628091731785, 0.0, 9.926343694042584, 20.648786492315462, 39.683018204934314, 14.786572168689142, 23.993152880036618, 18.268738145522498, 12.955948500405954, 24.729296113501864, 14.200400573746533, 31.520306411062155, 22.030482891193, 25.36593336587888, 42.35890221868314, 13.693018640481537, 28.72692716565939, 15.814207498265533, 12.346869006207658, 28.705457392279293], [12.465812939217557, 29.953006629342706, 12.11481443330054, 18.138260147871154, 29.315985476651573, 8.476486336627685, 41.251200107601775, 31.78251205755866, 35.10698370488579, 51.794183330229714, 4.437011735444469, 37.69602292162703, 25.28254154106874, 11.732175106832896, 30.23805108027734, 32.3386727869248, 6.460973802355646, 44.09189404311237, 34.85125650880079, 27.960679690411933, 22.714521025939554, 9.926343694042584, 0.0, 30.52473282145546, 49.30443445201249, 12.465812939217557, 29.953006629342706, 12.11481443330054, 18.138260147871154, 29.315985476651573, 8.476486336627685, 41.251200107601775, 31.78251205755866, 35.10698370488579, 51.794183330229714, 4.437011735444469, 37.69602292162703, 25.28254154106874, 11.732175106832896, 30.23805108027734], [30.276746415595767, 20.84630847331607, 35.95355191313192, 22.988249468939827, 29.130231576750223, 33.78629993446699, 11.19719654344294, 7.5240201713323405, 5.298238728606633, 25.75771669115421, 33.91037333321548, 12.408594671976571, 10.33317857726751, 29.463792504779704, 37.58071759145693, 11.63707668961507, 29.677912945440347, 17.57060927512521, 7.900200575357384, 14.605323649318947, 28.707872102386858, 20.648786492315462, 30.52473282145546, 0.0, 22.17718890435962, 30.276746415595767, 20.84630847331607, 35.95355191313192, 22.988249468939827, 29.130231576750223, 33.78629993446699, 11.19719654344294, 7.5240201713323405, 5.298238728606633, 25.75771669115421, 33.91037333321548, 12.408594671976571, 10.33317857726751, 29.463792504779704, 37.58071759145693], [51.80482418118084, 41.8840985965941, 57.01952985473652, 35.0509617422797, 33.16130618636567, 49.73034097830859, 19.477224349367486, 17.718631172236222, 21.376810521487705, 4.009106400127452, 53.34655021886306, 28.183962655739254, 24.029106859099954, 43.872536835443945, 42.49664713906267, 31.361215384846908, 46.30027376070796, 5.212555697065343, 15.061229824570205, 22.49959833584108, 37.215303029978436, 39.683018204934314, 49.30443445201249, 22.17718890435962, 0.0, 51.80482418118084, 41.8840985965941, 57.01952985473652, 35.0509617422797, 33.16130618636567, 49.73034097830859, 19.477224349367486, 17.718631172236222, 21.376810521487705, 4.009106400127452, 53.34655021886306, 28.183962655739254, 24.029106859099954, 43.872536835443945, 42.49664713906267], [0.0, 21.311250734218802, 6.324110401227783, 27.349466152045245, 39.1677301708893, 20.937453747733496, 39.204259524759784, 34.288097795033494, 33.5145878895706, 54.95613378063925, 10.948354228043582, 33.23961583139854, 29.240857393377677, 23.413818954557144, 41.76369415965591, 27.38682929213288, 18.47289605529401, 46.764360433726374, 36.743748700615086, 33.52679429835513, 33.275699750697136, 14.786572168689142, 12.465812939217557, 30.276746415595767, 51.80482418118084, 0.0, 21.311250734218802, 6.324110401227783, 27.349466152045245, 39.1677301708893, 20.937453747733496, 39.204259524759784, 34.288097795033494, 33.5145878895706, 54.95613378063925, 10.948354228043582, 33.23961583139854, 29.240857393377677, 23.413818954557144, 41.76369415965591], [21.311250734218802, 0.0, 27.472822245386357, 34.7209671643554, 44.912412952038906, 37.267382828261745, 24.033694020560308, 28.070154204109624, 20.51407013816021, 45.7481877322897, 30.79512213730091, 15.546428856605255, 27.40140472175493, 36.339849430715574, 51.244934327654846, 10.667629927971765, 33.36063819259254, 37.873985596634974, 28.719488541084466, 32.76229815337536, 41.62759389064842, 23.993152880036618, 29.953006629342706, 20.84630847331607, 41.8840985965941, 21.311250734218802, 0.0, 27.472822245386357, 34.7209671643554, 44.912412952038906, 37.267382828261745, 24.033694020560308, 28.070154204109624, 20.51407013816021, 45.7481877322897, 30.79512213730091, 15.546428856605255, 27.40140472175493, 36.339849430715574, 51.244934327654846], [6.324110401227783, 27.472822245386357, 0.0, 29.58802904602199, 41.139525184385334, 19.8053174378114, 45.278009537209606, 39.342437428092474, 39.479512687876664, 60.0, 8.580098468560612, 39.52656623029565, 33.76004017794392, 23.84675588607812, 42.33905117343432, 33.68184328214964, 18.569081285815543, 51.89823530409546, 41.99764556917282, 37.55387552987198, 34.71164048999376, 18.268738145522498, 12.11481443330054, 35.95355191313192, 57.01952985473652, 6.324110401227783, 27.472822245386357, 0.0, 29.58802904602199, 41.139525184385334, 19.8053174378114, 45.278009537209606, 39.342437428092474, 39.479512687876664, 60.0, 8.580098468560612, 39.52656623029565, 33.76004017794392, 23.84675588607812, 42.33905117343432], [27.349466152045245, 34.7209671643554, 29.58802904602199, 0.0, 11.827627606764018, 15.255280671823009, 33.86153222999322, 19.843637197905604, 28.27728743545993, 36.684105403045685, 22.557567642764486, 34.478008094112376, 13.234662714367731, 9.008896835094735, 16.525639672816716, 31.103249368936606, 12.783531851736074, 30.056798504507547, 23.097171963786085, 12.581941933122714, 6.916063058719651, 12.955948500405954, 18.138260147871154, 22.988249468939827, 35.0509617422797, 27.349466152045245, 34.7209671643554, 29.58802904602199, 0.0, 11.827627606764018, 15.255280671823009, 33.86153222999322, 19.843637197905604, 28.27728743545993, 36.684105403045685, 22.557567642764486, 34.478008094112376, 13.234662714367731, 9.008896835094735, 16.525639672816716], [39.1677301708893, 44.912412952038906, 41.139525184385334, 11.827627606764018, 0.0, 24.36874159396212, 38.44991387193763, 23.266949345891764, 33.96229468206333, 33.497120113762335, 33.61559391030551, 41.50675898967568, 18.955587661911565, 18.277828011856972, 9.45811469470043, 39.41014684854285, 23.265263724353158, 29.051432015578516, 25.878539894706087, 14.750551812175136, 6.983337696229253, 24.729296113501864, 29.315985476651573, 29.130231576750223, 33.16130618636567, 39.1677301708893, 44.912412952038906, 41.139525184385334, 11.827627606764018, 0.0, 24.36874159396212, 38.44991387193763, 23.266949345891764, 33.96229468206333, 33.497120113762335, 33.61559391030551, 41.50675898967568, 18.955587661911565, 18.277828011856972, 9.45811469470043], [20.937453747733496, 37.267382828261745, 19.8053174378114, 15.255280671823009, 24.36874159396212, 0.0, 44.945205616707874, 33.14647888685386, 38.84588655900569, 51.660815122367275, 11.233547622242483, 42.864590037948446, 26.243136047261682, 6.357174594950119, 23.19567885058473, 38.00031853537123, 4.224167759207376, 44.600552714147426, 36.412374783973945, 27.326298017145763, 17.390624232618887, 14.200400573746533, 8.476486336627685, 33.78629993446699, 49.73034097830859, 20.937453747733496, 37.267382828261745, 19.8053174378114, 15.255280671823009, 24.36874159396212, 0.0, 44.945205616707874, 33.14647888685386, 38.84588655900569, 51.660815122367275, 11.233547622242483, 42.864590037948446, 26.243136047261682, 6.357174594950119, 23.19567885058473], [39.204259524759784, 24.033694020560308, 45.278009537209606, 33.86153222999322, 38.44991387193763, 44.945205616707874, 0.0, 15.183522822847026, 6.154379957258331, 23.485432447476807, 44.33877764260506, 8.965044985590177, 20.735257681821153, 40.64983482898744, 47.449767008568664, 13.46877547549388, 40.81013634835165, 17.020777871211465, 12.80539387785175, 23.745692001599412, 39.11207322556626, 31.520306411062155, 41.251200107601775, 11.19719654344294, 19.477224349367486, 39.204259524759784, 24.033694020560308, 45.278009537209606, 33.86153222999322, 38.44991387193763, 44.945205616707874, 0.0, 15.183522822847026, 6.154379957258331, 23.485432447476807, 44.33877764260506, 8.965044985590177, 20.735257681821153, 40.64983482898744, 47.449767008568664], [34.288097795033494, 28.070154204109624, 39.342437428092474, 19.843637197905604, 23.266949345891764, 33.14647888685386, 15.183522822847026, 0.0, 11.150708596642204, 20.68096528751152, 35.72098771240217, 19.337145380146314, 6.914381211298316, 27.83689557012177, 32.308336556257366, 19.160415316921608, 29.388269337004512, 12.560680107048052, 3.2909118615972033, 8.583689467711618, 24.295501982730308, 22.030482891193, 31.78251205755866, 7.5240201713323405, 17.718631172236222, 34.288097795033494, 28.070154204109624, 39.342437428092474, 19.843637197905604, 23.266949345891764, 33.14647888685386, 15.183522822847026, 0.0, 11.150708596642204, 20.68096528751152, 35.72098771240217, 19.337145380146314, 6.914381211298316, 27.83689557012177, 32.308336556257366], [33.5145878895706, 20.51407013816021, 39.479512687876664, 28.27728743545993, 33.96229468206333, 38.84588655900569, 6.154379957258331, 11.150708596642204, 0.0, 25.268121743445118, 38.242403314261736, 8.340443731520464, 15.455502328399643, 34.69269756534455, 42.62761698947324, 10.015994205208226, 34.695075580920914, 17.59101518494509, 9.913802465941314, 19.250205388645842, 33.90117082005798, 25.36593336587888, 35.10698370488579, 5.298238728606633, 21.376810521487705, 33.5145878895706, 20.51407013816021, 39.479512687876664, 28.27728743545993, 33.96229468206333, 38.84588655900569, 6.154379957258331, 11.150708596642204, 0.0, 25.268121743445118, 38.242403314261736, 8.340443731520464, 15.455502328399643, 34.69269756534455, 42.62761698947324], [54.95613378063925, 45.7481877322897, 60.0, 36.684105403045685, 33.497120113762335, 51.660815122367275, 23.485432447476807, 20.68096528751152, 25.268121743445118, 0.0, 55.93722360824145, 32.18496246251976, 26.562747901430512, 45.63495311549413, 42.61852889690316, 35.27336739727616, 48.41341405866452, 8.250984497269455, 18.32373582912312, 24.339523265511126, 38.15979057154958, 42.35890221868314, 51.794183330229714, 25.75771669115421, 4.009106400127452, 54.95613378063925, 45.7481877322897, 60.0, 36.684105403045685, 33.497120113762335, 51.660815122367275, 23.485432447476807, 20.68096528751152, 25.268121743445118, 0.0, 55.93722360824145, 32.18496246251976, 26.562747901430512, 45.63495311549413, 42.61852889690316], [10.948354228043582, 30.79512213730091, 8.580098468560612, 22.557567642764486, 33.61559391030551, 11.233547622242483, 44.33877764260506, 35.72098771240217, 38.242403314261736, 55.93722360824145, 0.0, 40.09548190008164, 29.379301692597934, 15.708854439639847, 34.025459078492986, 34.5169033192452, 10.451481147927508, 48.13815869950607, 38.712768224897246, 32.27722129511947, 26.917971410509413, 13.693018640481537, 4.437011735444469, 33.91037333321548, 53.34655021886306, 10.948354228043582, 30.79512213730091, 8.580098468560612, 22.557567642764486, 33.61559391030551, 11.233547622242483, 44.33877764260506, 35.72098771240217, 38.242403314261736, 55.93722360824145, 0.0, 40.09548190008164, 29.379301692597934, 15.708854439639847, 34.025459078492986], [33.23961583139854, 15.546428856605255, 39.52656623029565, 34.478008094112376, 41.50675898967568, 42.864590037948446, 8.965044985590177, 19.337145380146314, 8.340443731520464, 32.18496246251976, 40.09548190008164, 0.0, 22.596688553665917, 39.64472548099106, 49.77539766467863, 5.863710063921981, 38.640444516905376, 25.125043122262884, 18.251175407329768, 27.008861788056223, 40.65340167851123, 28.72692716565939, 37.69602292162703, 12.408594671976571, 28.183962655739254, 33.23961583139854, 15.546428856605255, 39.52656623029565, 34.478008094112376, 41.50675898967568, 42.864590037948446, 8.965044985590177, 19.337145380146314, 8.340443731520464, 32.18496246251976, 40.09548190008164, 0.0, 22.596688553665917, 39.64472548099106, 49.77539766467863], [29.240857393377677, 27.40140472175493, 33.76004017794392, 13.234662714367731, 18.955587661911565, 26.243136047261682, 20.735257681821153, 6.914381211298316, 15.455502328399643, 26.562747901430512, 29.379301692597934, 22.596688553665917, 0.0, 20.94185862845808, 27.24867912440733, 20.584112006840474, 22.530548049565905, 18.817325719830585, 10.198324870214785, 5.371401315855117, 18.455982243931803, 15.814207498265533, 25.28254154106874, 10.33317857726751, 24.029106859099954, 29.240857393377677, 27.40140472175493, 33.76004017794392, 13.234662714367731, 18.955587661911565, 26.243136047261682, 20.735257681821153, 6.914381211298316, 15.455502328399643, 26.562747901430512, 29.379301692597934, 22.596688553665917, 0.0, 20.94185862845808, 27.24867912440733], [23.413818954557144, 36.339849430715574, 23.84675588607812, 9.008896835094735, 18.277828011856972, 6.357174594950119, 40.64983482898744, 27.83689557012177, 34.69269756534455, 45.63495311549413, 15.708854439639847, 39.64472548099106, 20.94185862845808, 0.0, 18.52763683606013, 35.30423464065313, 5.287443210186487, 38.8045764162632, 31.127511143404966, 21.378407416142046, 11.37407060181735, 12.346869006207658, 11.732175106832896, 29.463792504779704, 43.872536835443945, 23.413818954557144, 36.339849430715574, 23.84675588607812, 9.008896835094735, 18.277828011856972, 6.357174594950119, 40.64983482898744, 27.83689557012177, 34.69269756534455, 45.63495311549413, 15.708854439639847, 39.64472548099106, 20.94185862845808, 0.0, 18.52763683606013], [41.76369415965591, 51.244934327654846, 42.33905117343432, 16.525639672816716, 9.45811469470043, 23.19567885058473, 47.449767008568664, 32.308336556257366, 42.62761698947324, 42.61852889690316, 34.025459078492986, 49.77539766467863, 27.24867912440733, 18.52763683606013, 0.0, 47.06451657963931, 23.777077316621078, 38.48703605858505, 35.08270611307261, 23.72466369815596, 9.619049723890353, 28.705457392279293, 30.23805108027734, 37.58071759145693, 42.49664713906267, 41.76369415965591, 51.244934327654846, 42.33905117343432, 16.525639672816716, 9.45811469470043, 23.19567885058473, 47.449767008568664, 32.308336556257366, 42.62761698947324, 42.61852889690316, 34.025459078492986, 49.77539766467863, 27.24867912440733, 18.52763683606013, 0.0]];
