M = 99999999.0;
numWorkers = 30;
numRoles = 3;
numNodes = 80;
wStart = [360, 30, 30, 210, 180, 390, 240, 30, 150, 30, 240, 90, 30, 0, 360, 60, 240, 240, 60, 120, 30, 180, 30, 360, 150, 420, 30, 120, 30, 30, 60, 30, 60, 60, 360, 150, 60, 120, 90, 330, 30, 360, 90, 30, 30, 30, 60, 330, 360, 60, 450, 480, 450, 390, 240, 450, 450, 360, 390, 480, 480, 360, 450, 150, 450, 450, 480, 450, 270, 150, 450, 390, 270, 480, 390, 480, 390, 240, 390, 90];
wEnd = [360, 30, 30, 210, 180, 390, 240, 30, 150, 30, 240, 90, 30, 0, 360, 60, 240, 240, 60, 120, 30, 180, 30, 360, 150, 420, 30, 120, 30, 30, 180, 390, 330, 120, 450, 300, 420, 420, 420, 420, 330, 420, 420, 390, 390, 330, 330, 420, 420, 120, 450, 480, 450, 390, 240, 450, 450, 360, 390, 480, 480, 360, 450, 150, 450, 450, 480, 450, 270, 150, 450, 390, 270, 480, 390, 480, 390, 240, 390, 90];
p = [0, 0, 0, 0, 0, 0, 0, 0, 0, 0, 0, 0, 0, 0, 0, 0, 0, 0, 0, 0, 0, 0, 0, 0, 0, 0, 0, 0, 0, 0, 69.24705031161787, 21.537619655804313, 48.75370907469582, 15.278906129833135, 65.90740251018599, 49.875071701938396, 18.34204772363554, 30.86645547963759, 55.084451598932574, 18.81070638092815, 36.455335825863216, 19.65037630306214, 64.4090866352796, 70.37065364775924, 10.768809827902157, 18.227667912931608, 24.37685453734791, 9.405353190464075, 9.82518815153107, 7.639453064916568, 0, 0, 0, 0, 0, 0, 0, 0, 0, 0, 0, 0, 0, 0, 0, 0, 0, 0, 0, 0, 0, 0, 0, 0, 0, 0, 0, 0, 0, 0];
e = [[0, 1, 1], [1, 1, 0], [1, 1, 0], [1, 1, 0], [1, 1, 0], [1, 1, 0], [0, 1, 0], [1, 1, 0], [0, 1, 1], [1, 1, 0], [1, 1, 0], [0, 1, 1], [0, 1, 0], [0, 1, 0], [0, 1, 1], [1, 1, 0], [0, 1, 0], [0, 1, 1], [1, 1, 0], [0, 1, 1], [0, 1, 1], [0, 1, 0], [0, 1, 1], [1, 0, 0], [1, 0, 0], [0, 0, 1], [0, 0, 1], [0, 1, 0], [0, 0, 1], [0, 0, 1]];
d = [[0, 1, 1, 1, 0, 1, 1, 0, 1, 1, 1, 0, 1, 1, 2, 2, 2, 2, 0, 2], [2, 1, 0, 0, 2, 1, 1, 2, 1, 1, 1, 2, 0, 0, 2, 2, 0, 2, 4, 0], [1, 0, 1, 1, 1, 0, 0, 1, 0, 0, 0, 1, 1, 1, 0, 0, 2, 0, 2, 2]];
r = [950, 450, 3881, 1294, 4040, 4238, 3443, 976, 1758, 4522, 1182, 2199, 1760, 4173, 450, 1182, 3881, 4522, 2199, 1294];
g = [[0, 0, 0, 0, 0, 0, 0, 0, 0, 0, 0, 0, 0, 0, 0, 0, 0, 0, 0, 0], [0, 0, 0, 0, 0, 0, 0, 0, 0, 0, 0, 0, 0, 0, 1, 0, 0, 0, 0, 0], [0, 0, 0, 0, 0, 0, 0, 0, 0, 0, 0, 0, 0, 0, 0, 0, 1, 0, 0, 0], [0, 0, 0, 0, 0, 0, 0, 0, 0, 0, 0, 0, 0, 0, 0, 0, 0, 0, 0, 1], [0, 0, 0, 0, 0, 0, 0, 0, 0, 0, 0, 0, 0, 0, 0, 0, 0, 0, 0, 0], [0, 0, 0, 0, 0, 0, 0, 0, 0, 0, 0, 0, 0, 0, 0, 0, 0, 0, 0, 0], [0, 0, 0, 0, 0, 0, 0, 0, 0, 0, 0, 0, 0, 0, 0, 0, 0, 0, 0, 0], [0, 0, 0, 0, 0, 0, 0, 0, 0, 0, 0, 0, 0, 0, 0, 0, 0, 0, 0, 0], [0, 0, 0, 0, 0, 0, 0, 0, 0, 0, 0, 0, 0, 0, 0, 0, 0, 0, 0, 0], [0, 0, 0, 0, 0, 0, 0, 0, 0, 0, 0, 0, 0, 0, 0, 0, 0, 1, 0, 0], [0, 0, 0, 0, 0, 0, 0, 0, 0, 0, 0, 0, 0, 0, 0, 1, 0, 0, 0, 0], [0, 0, 0, 0, 0, 0, 0, 0, 0, 0, 0, 0, 0, 0, 0, 0, 0, 0, 1, 0], [0, 0, 0, 0, 0, 0, 0, 0, 0, 0, 0, 0, 0, 0, 0, 0, 0, 0, 0, 0], [0, 0, 0, 0, 0, 0, 0, 0, 0, 0, 0, 0, 0, 0, 0, 0, 0, 0, 0, 0], [0, 1, 0, 0, 0, 0, 0, 0, 0, 0, 0, 0, 0, 0, 0, 0, 0, 0, 0, 0], [0, 0, 0, 0, 0, 0, 0, 0, 0, 0, 1, 0, 0, 0, 0, 0, 0, 0, 0, 0], [0, 0, 1, 0, 0, 0, 0, 0, 0, 0, 0, 0, 0, 0, 0, 0, 0, 0, 0, 0], [0, 0, 0, 0, 0, 0, 0, 0, 0, 1, 0, 0, 0, 0, 0, 0, 0, 0, 0, 0], [0, 0, 0, 0, 0, 0, 0, 0, 0, 0, 0, 1, 0, 0, 0, 0, 0, 0, 0, 0], [0, 0, 0, 1, 0, 0, 0, 0, 0, 0, 0, 0, 0, 0, 0, 0, 0, 0, 0, 0]];
t = [[0.0, 3.045328725705229, 9.787858032889773, 15.415598413037134, 17.467295497803192, 17.76873536833841, 17.34648238958745, 25.671782284890458, 25.58904786826153, 7.184858704996452, 10.510255835018711, 14.507421924412085, 6.03928814690019, 15.022045531762235, 30.0, 21.394070789158167, 9.721604209245504, 3.532210972000791, 21.584412837428516, 2.2783084009906003, 16.95789188101673, 24.11976088203683, 16.926230819967692, 11.277329207128714, 17.240332808316335, 29.072627903222134, 17.625741947084173, 25.174105994741065, 13.245841747272557, 14.664922266672148, 13.299981368865506, 29.96017308206077, 24.66841963747654, 26.443444042648228, 14.831566428862871, 20.292817515311743, 20.47619721684263, 11.197626051911882, 3.7827463469334806, 9.853401503259569, 20.419425084998515, 15.776270086823978, 16.57168978599206, 18.85635469439068, 29.96017308206077, 20.419425084998515, 24.66841963747654, 9.853401503259569, 15.776270086823978, 26.443444042648228, 0.0, 3.045328725705229, 9.787858032889773, 15.415598413037134, 17.467295497803192, 17.76873536833841, 17.34648238958745, 25.671782284890458, 25.58904786826153, 7.184858704996452, 10.510255835018711, 14.507421924412085, 6.03928814690019, 15.022045531762235, 30.0, 21.394070789158167, 9.721604209245504, 3.532210972000791, 21.584412837428516, 2.2783084009906003, 16.95789188101673, 24.11976088203683, 16.926230819967692, 11.277329207128714, 17.240332808316335, 29.072627903222134, 17.625741947084173, 25.174105994741065, 13.245841747272557, 14.664922266672148], [3.045328725705229, 0.0, 9.312229289387018, 14.896544702725684, 16.807939940716917, 17.38849340483875, 14.302954352742939, 22.85008570746002, 22.55680617522748, 5.812100527077617, 8.88772529779461, 12.516543777332158, 3.819348990836972, 13.385209197976067, 27.221124355200473, 19.025496783858376, 6.7767990274562235, 3.901037756712573, 19.578118688052168, 1.5883534951420424, 13.975998068357494, 21.352301036051813, 13.924649053131153, 8.242034138102753, 14.213245043967559, 26.35137476325869, 14.717732940577314, 22.23528794332407, 10.691148229779737, 12.474382809992516, 10.30801151908671, 27.133209186905976, 22.00376294501728, 24.01598152279826, 13.419805496267951, 19.29836523389242, 17.439481058723537, 9.468950303157564, 2.322772728326899, 7.229895617221143, 17.414519355185764, 12.798505505676708, 14.129543408550417, 16.11367001854727, 27.133209186905976, 17.414519355185764, 22.00376294501728, 7.229895617221143, 12.798505505676708, 24.01598152279826, 3.045328725705229, 0.0, 9.312229289387018, 14.896544702725684, 16.807939940716917, 17.38849340483875, 14.302954352742939, 22.85008570746002, 22.55680617522748, 5.812100527077617, 8.88772529779461, 12.516543777332158, 3.819348990836972, 13.385209197976067, 27.221124355200473, 19.025496783858376, 6.7767990274562235, 3.901037756712573, 19.578118688052168, 1.5883534951420424, 13.975998068357494, 21.352301036051813, 13.924649053131153, 8.242034138102753, 14.213245043967559, 26.35137476325869, 14.717732940577314, 22.23528794332407, 10.691148229779737, 12.474382809992516], [9.787858032889773, 9.312229289387018, 0.0, 5.65297793249736, 7.680293538353151, 8.093933410962094, 17.385859846403676, 20.988789189726035, 23.56876049263262, 3.9442699318895182, 17.801801581891496, 7.390618207653732, 12.696685451134435, 6.668902389442852, 24.73000306983342, 14.617181064416515, 13.09655095816058, 6.255703707353581, 13.534764049739405, 8.219625094926792, 18.468854665504722, 19.1705687219243, 15.270270283457192, 11.857350210858312, 17.929637784561, 23.47815708076601, 14.668652603775723, 21.609127105066754, 17.94130065718715, 8.269432465817555, 15.304590778448384, 25.04132719102992, 19.028831603396547, 19.530103774419363, 5.947698696429724, 10.583730033053163, 20.454445180277954, 18.258107238060678, 6.990213456470673, 14.79316243756478, 18.276263376716376, 13.99539862584289, 21.37729488209751, 22.096240049034176, 25.04132719102992, 18.276263376716376, 19.028831603396547, 14.79316243756478, 13.99539862584289, 19.530103774419363, 9.787858032889773, 9.312229289387018, 0.0, 5.65297793249736, 7.680293538353151, 8.093933410962094, 17.385859846403676, 20.988789189726035, 23.56876049263262, 3.9442699318895182, 17.801801581891496, 7.390618207653732, 12.696685451134435, 6.668902389442852, 24.73000306983342, 14.617181064416515, 13.09655095816058, 6.255703707353581, 13.534764049739405, 8.219625094926792, 18.468854665504722, 19.1705687219243, 15.270270283457192, 11.857350210858312, 17.929637784561, 23.47815708076601, 14.668652603775723, 21.609127105066754, 17.94130065718715, 8.269432465817555], [15.415598413037134, 14.896544702725684, 5.65297793249736, 0.0, 2.1291119825949325, 2.5465406597147973, 20.304167388661394, 20.71070760360961, 24.839185529215367, 9.225933570958897, 23.109646799489497, 7.819674677231867, 18.09629642087688, 5.849577235093449, 23.73687471935974, 13.317036093766804, 17.76327740131962, 11.886855777646055, 10.991346544749002, 13.865350419132064, 21.93659564032513, 18.865134635908444, 17.599449275947144, 15.786011411138187, 21.09101231339325, 22.313278588797417, 16.33831386564901, 22.061908733723754, 22.586752781697392, 9.037430899899505, 19.27756109809806, 24.292759973139532, 18.192559120372167, 17.531075934702944, 4.643010714551553, 5.428953499226328, 23.051627111702715, 23.50331200068725, 12.586625558241881, 19.713671945295044, 19.945275377789276, 16.458173327603348, 25.88155885623378, 26.006790007801094, 24.292759973139532, 19.945275377789276, 18.192559120372167, 19.713671945295044, 16.458173327603348, 17.531075934702944, 15.415598413037134, 14.896544702725684, 5.65297793249736, 0.0, 2.1291119825949325, 2.5465406597147973, 20.304167388661394, 20.71070760360961, 24.839185529215367, 9.225933570958897, 23.109646799489497, 7.819674677231867, 18.09629642087688, 5.849577235093449, 23.73687471935974, 13.317036093766804, 17.76327740131962, 11.886855777646055, 10.991346544749002, 13.865350419132064, 21.93659564032513, 18.865134635908444, 17.599449275947144, 15.786011411138187, 21.09101231339325, 22.313278588797417, 16.33831386564901, 22.061908733723754, 22.586752781697392, 9.037430899899505], [17.467295497803192, 16.807939940716917, 7.680293538353151, 2.1291119825949325, 0.0, 1.6739454702267043, 21.037856713173053, 20.233274579200263, 24.878497221481055, 11.053271635682334, 24.813699949827576, 8.280347862811565, 19.874624950350036, 6.166049003027426, 22.943254556360966, 12.656241326173715, 19.210542502336295, 13.935124365459737, 9.924377294203865, 15.846183509654232, 22.855882468301473, 18.415870325632117, 18.169479864158614, 16.984548787510946, 21.90429733714351, 21.475924215389316, 16.699980670283562, 21.835367586405965, 23.977056456976637, 9.479645824968932, 20.43015365272872, 23.58250462318564, 17.55680010111925, 16.465025219673162, 5.086920933891993, 3.3975266758115588, 23.62031763685828, 25.171596623133844, 14.517858588134946, 21.248255085837293, 20.216377545035296, 17.10722198084422, 27.18636358341431, 27.059727601092945, 23.58250462318564, 20.216377545035296, 17.55680010111925, 21.248255085837293, 17.10722198084422, 16.465025219673162, 17.467295497803192, 16.807939940716917, 7.680293538353151, 2.1291119825949325, 0.0, 1.6739454702267043, 21.037856713173053, 20.233274579200263, 24.878497221481055, 11.053271635682334, 24.813699949827576, 8.280347862811565, 19.874624950350036, 6.166049003027426, 22.943254556360966, 12.656241326173715, 19.210542502336295, 13.935124365459737, 9.924377294203865, 15.846183509654232, 22.855882468301473, 18.415870325632117, 18.169479864158614, 16.984548787510946, 21.90429733714351, 21.475924215389316, 16.699980670283562, 21.835367586405965, 23.977056456976637, 9.479645824968932], [17.76873536833841, 17.38849340483875, 8.093933410962094, 2.5465406597147973, 1.6739454702267043, 0.0, 22.506430748697582, 21.904832043715633, 26.526849058107267, 11.759151809162944, 25.654255965630263, 9.805113367523894, 20.63228447444613, 7.712065848317435, 24.57967575604579, 14.320080917082835, 20.282958233648152, 14.257549835886453, 11.5277409812862, 16.310043121234585, 24.24826213316298, 20.088774925218978, 19.691887366950404, 18.2232816455314, 23.342099527880144, 23.105513085584427, 18.27961846211113, 23.506388130867904, 25.09490119762266, 11.017124331081714, 21.699844148957155, 25.23166500759895, 19.21857603886022, 18.04676483851315, 6.578826929389969, 4.4569700132325805, 25.149140389726668, 26.04965891619949, 15.071230029555672, 22.250763805530358, 21.821309694834127, 18.601445809132354, 28.365819685239785, 28.38942175089253, 25.23166500759895, 21.821309694834127, 19.21857603886022, 22.250763805530358, 18.601445809132354, 18.04676483851315, 17.76873536833841, 17.38849340483875, 8.093933410962094, 2.5465406597147973, 1.6739454702267043, 0.0, 22.506430748697582, 21.904832043715633, 26.526849058107267, 11.759151809162944, 25.654255965630263, 9.805113367523894, 20.63228447444613, 7.712065848317435, 24.57967575604579, 14.320080917082835, 20.282958233648152, 14.257549835886453, 11.5277409812862, 16.310043121234585, 24.24826213316298, 20.088774925218978, 19.691887366950404, 18.2232816455314, 23.342099527880144, 23.105513085584427, 18.27961846211113, 23.506388130867904, 25.09490119762266, 11.017124331081714], [17.34648238958745, 14.302954352742939, 17.385859846403676, 20.304167388661394, 21.037856713173053, 22.506430748697582, 0.0, 11.726501260432189, 8.610634114065986, 14.291698450759045, 13.06121401647049, 12.777390982808484, 12.5098216717025, 14.897423210575235, 15.983205326682512, 13.20860499909563, 7.985290048871734, 16.728151043334677, 16.141093050243683, 15.47123958928424, 2.669226403214274, 11.120193427064386, 3.1931835970628097, 6.230038256201941, 1.1832793534448403, 15.750889385032846, 5.334717098294439, 9.763051562333459, 8.270299843377908, 11.612084370351209, 4.525789452338235, 15.436548708157936, 12.680344869989424, 16.323681788898057, 15.952449591298336, 21.353004557501713, 3.2113827789766223, 12.68758418875365, 14.63472376963737, 9.241390172002605, 4.594705820202099, 3.9719008238837143, 9.271973330211846, 7.028979216383951, 15.436548708157936, 4.594705820202099, 12.680344869989424, 9.241390172002605, 3.9719008238837143, 16.323681788898057, 17.34648238958745, 14.302954352742939, 17.385859846403676, 20.304167388661394, 21.037856713173053, 22.506430748697582, 0.0, 11.726501260432189, 8.610634114065986, 14.291698450759045, 13.06121401647049, 12.777390982808484, 12.5098216717025, 14.897423210575235, 15.983205326682512, 13.20860499909563, 7.985290048871734, 16.728151043334677, 16.141093050243683, 15.47123958928424, 2.669226403214274, 11.120193427064386, 3.1931835970628097, 6.230038256201941, 1.1832793534448403, 15.750889385032846, 5.334717098294439, 9.763051562333459, 8.270299843377908, 11.612084370351209], [25.671782284890458, 22.85008570746002, 20.988789189726035, 20.71070760360961, 20.233274579200263, 21.904832043715633, 11.726501260432189, 0.0, 7.041928840687883, 19.85521601359154, 24.41302855909132, 13.686416116090717, 22.547366023804535, 15.106983795945963, 4.451584432180329, 7.640421154719489, 18.30742426911696, 23.637478519809207, 10.940081460509033, 23.430215345195457, 14.2629458383975, 1.8530990083269343, 9.766077742677687, 15.22898692636865, 12.80264504267747, 4.02438968019345, 8.260881253248865, 2.9327064804663965, 19.927918163022742, 12.721192738701372, 15.679997679382083, 4.288486231251481, 2.9895218607338547, 6.543144145157873, 16.276428882706497, 18.645105669213716, 11.118018334470337, 24.14581011714094, 22.084044527785693, 20.18750634191631, 7.147644391146281, 10.487985791160241, 20.8769833801335, 17.985046127908802, 4.288486231251481, 7.147644391146281, 2.9895218607338547, 20.18750634191631, 10.487985791160241, 6.543144145157873, 25.671782284890458, 22.85008570746002, 20.988789189726035, 20.71070760360961, 20.233274579200263, 21.904832043715633, 11.726501260432189, 0.0, 7.041928840687883, 19.85521601359154, 24.41302855909132, 13.686416116090717, 22.547366023804535, 15.106983795945963, 4.451584432180329, 7.640421154719489, 18.30742426911696, 23.637478519809207, 10.940081460509033, 23.430215345195457, 14.2629458383975, 1.8530990083269343, 9.766077742677687, 15.22898692636865, 12.80264504267747, 4.02438968019345, 8.260881253248865, 2.9327064804663965, 19.927918163022742, 12.721192738701372], [25.58904786826153, 22.55680617522748, 23.56876049263262, 24.839185529215367, 24.878497221481055, 26.526849058107267, 8.610634114065986, 7.041928840687883, 0.0, 21.315369184342526, 21.45317107237292, 17.089719659737455, 21.0883711423663, 18.98970202619788, 9.700644941801709, 13.308158384559789, 16.558171441545774, 24.446225289652922, 16.82383135002636, 23.555524334472896, 10.319839905086049, 7.961915732151825, 8.773330820796536, 14.31486506847957, 9.219129425172707, 10.227017332338674, 8.901567940669981, 4.124350808827661, 16.41577820780828, 15.902765141262583, 13.133588200540679, 8.748799886253028, 9.720270035329236, 13.54320305074004, 20.19670000285207, 24.0079140181738, 6.240455618836166, 20.99854013495071, 22.506149243531034, 17.834792980748418, 5.369260788604072, 10.027227187774908, 16.271774378381217, 12.788585595551869, 8.748799886253028, 5.369260788604072, 9.720270035329236, 17.834792980748418, 10.027227187774908, 13.54320305074004, 25.58904786826153, 22.55680617522748, 23.56876049263262, 24.839185529215367, 24.878497221481055, 26.526849058107267, 8.610634114065986, 7.041928840687883, 0.0, 21.315369184342526, 21.45317107237292, 17.089719659737455, 21.0883711423663, 18.98970202619788, 9.700644941801709, 13.308158384559789, 16.558171441545774, 24.446225289652922, 16.82383135002636, 23.555524334472896, 10.319839905086049, 7.961915732151825, 8.773330820796536, 14.31486506847957, 9.219129425172707, 10.227017332338674, 8.901567940669981, 4.124350808827661, 16.41577820780828, 15.902765141262583], [7.184858704996452, 5.812100527077617, 3.9442699318895182, 9.225933570958897, 11.053271635682334, 11.759151809162944, 14.291698450759045, 19.85521601359154, 21.315369184342526, 0.0, 13.92628949761395, 7.435780943701033, 8.873521046945342, 7.838308683809545, 23.953929678187727, 14.592778103658613, 9.211266264539729, 4.073248242755876, 14.45913780658305, 5.1252093358344775, 15.034390180788165, 18.14058818913305, 12.64698855447208, 8.355206472029357, 14.676316270892316, 22.862616392662893, 12.542634867183331, 19.954193118314855, 14.035498042013502, 7.782383406186844, 11.674659898462254, 24.086728946915546, 18.37480988646852, 19.66573021872401, 7.706524211116847, 13.487137983889486, 17.46518507123768, 14.357012868999712, 3.626704518478762, 10.852126433613831, 15.946175723294132, 11.357773438252005, 17.492793151480875, 18.406336077679182, 24.086728946915546, 15.946175723294132, 18.37480988646852, 10.852126433613831, 11.357773438252005, 19.66573021872401, 7.184858704996452, 5.812100527077617, 3.9442699318895182, 9.225933570958897, 11.053271635682334, 11.759151809162944, 14.291698450759045, 19.85521601359154, 21.315369184342526, 0.0, 13.92628949761395, 7.435780943701033, 8.873521046945342, 7.838308683809545, 23.953929678187727, 14.592778103658613, 9.211266264539729, 4.073248242755876, 14.45913780658305, 5.1252093358344775, 15.034390180788165, 18.14058818913305, 12.64698855447208, 8.355206472029357, 14.676316270892316, 22.862616392662893, 12.542634867183331, 19.954193118314855, 14.035498042013502, 7.782383406186844], [10.510255835018711, 8.88772529779461, 17.801801581891496, 23.109646799489497, 24.813699949827576, 25.654255965630263, 13.06121401647049, 24.41302855909132, 21.45317107237292, 13.92628949761395, 0.0, 18.629740736499407, 5.143445427900579, 20.165853415660894, 28.813784325705804, 23.298634839945343, 6.6614576968177674, 12.77306382252971, 24.997591598307867, 10.403500782234781, 11.151345903564957, 23.428059731983133, 14.669147362351765, 9.989358785903738, 12.264442032818893, 28.37849903793485, 16.48104376460183, 22.76576590297344, 5.142678062316308, 18.066729517745593, 8.74287333201845, 28.37196082586157, 24.66115040324039, 27.690900360795865, 20.59548253254656, 26.79230917947771, 15.277292985597983, 0.763154722897755, 11.06626956903636, 4.41943755521246, 17.519355616959594, 14.152585972113705, 7.21498816627451, 10.593353684733243, 28.37196082586157, 17.519355616959594, 24.66115040324039, 4.41943755521246, 14.152585972113705, 27.690900360795865, 10.510255835018711, 8.88772529779461, 17.801801581891496, 23.109646799489497, 24.813699949827576, 25.654255965630263, 13.06121401647049, 24.41302855909132, 21.45317107237292, 13.92628949761395, 0.0, 18.629740736499407, 5.143445427900579, 20.165853415660894, 28.813784325705804, 23.298634839945343, 6.6614576968177674, 12.77306382252971, 24.997591598307867, 10.403500782234781, 11.151345903564957, 23.428059731983133, 14.669147362351765, 9.989358785903738, 12.264442032818893, 28.37849903793485, 16.48104376460183, 22.76576590297344, 5.142678062316308, 18.066729517745593], [14.507421924412085, 12.516543777332158, 7.390618207653732, 7.819674677231867, 8.280347862811565, 9.805113367523894, 12.777390982808484, 13.686416116090717, 17.089719659737455, 7.435780943701033, 18.629740736499407, 0.0, 14.359190828578761, 2.1205101862155256, 17.341233212779397, 7.327441366809421, 12.255388589483967, 11.504108962072657, 7.087066268871769, 12.307260522429477, 14.707741183693852, 11.848315814417331, 9.891539653864854, 9.420173454767186, 13.679568666926334, 16.089266457659487, 8.5216623978268, 14.589340651009373, 16.664848481022318, 1.2198104285551055, 12.646833020467461, 17.67180558522496, 11.639033591217414, 12.355359390670156, 3.2305242226558137, 8.819581119389536, 15.346360736401405, 18.809387455434535, 10.758360412829667, 14.502577174598361, 12.126499172368794, 8.831451842534289, 19.59590644442761, 19.0301814395527, 17.67180558522496, 12.126499172368794, 11.639033591217414, 14.502577174598361, 8.831451842534289, 12.355359390670156, 14.507421924412085, 12.516543777332158, 7.390618207653732, 7.819674677231867, 8.280347862811565, 9.805113367523894, 12.777390982808484, 13.686416116090717, 17.089719659737455, 7.435780943701033, 18.629740736499407, 0.0, 14.359190828578761, 2.1205101862155256, 17.341233212779397, 7.327441366809421, 12.255388589483967, 11.504108962072657, 7.087066268871769, 12.307260522429477, 14.707741183693852, 11.848315814417331, 9.891539653864854, 9.420173454767186, 13.679568666926334, 16.089266457659487, 8.5216623978268, 14.589340651009373, 16.664848481022318, 1.2198104285551055], [6.03928814690019, 3.819348990836972, 12.696685451134435, 18.09629642087688, 19.874624950350036, 20.63228447444613, 12.5098216717025, 22.547366023804535, 21.0883711423663, 8.873521046945342, 5.143445427900579, 14.359190828578761, 0.0, 15.648574729562712, 26.99594322161311, 19.976759312390225, 4.530285786946492, 7.71862066671002, 21.14603830876603, 5.38980796046161, 11.55176880853766, 21.26065099673117, 12.979449950078388, 7.318385156253301, 12.132206548798422, 26.31472821999181, 14.291080196599362, 21.456298560124175, 7.220790989467939, 14.007353743398864, 8.069583520818027, 26.74693060656824, 22.200433900626738, 24.738300830648157, 15.929045675605618, 22.051988708292043, 15.41510486413769, 5.67930724451871, 5.927215649140156, 3.911155504494143, 16.325201983067068, 12.080582222683994, 10.534892069885323, 12.912723269911634, 26.74693060656824, 16.325201983067068, 22.200433900626738, 3.911155504494143, 12.080582222683994, 24.738300830648157, 6.03928814690019, 3.819348990836972, 12.696685451134435, 18.09629642087688, 19.874624950350036, 20.63228447444613, 12.5098216717025, 22.547366023804535, 21.0883711423663, 8.873521046945342, 5.143445427900579, 14.359190828578761, 0.0, 15.648574729562712, 26.99594322161311, 19.976759312390225, 4.530285786946492, 7.71862066671002, 21.14603830876603, 5.38980796046161, 11.55176880853766, 21.26065099673117, 12.979449950078388, 7.318385156253301, 12.132206548798422, 26.31472821999181, 14.291080196599362, 21.456298560124175, 7.220790989467939, 14.007353743398864], [15.022045531762235, 13.385209197976067, 6.668902389442852, 5.849577235093449, 6.166049003027426, 7.712065848317435, 14.897423210575235, 15.106983795945963, 18.98970202619788, 7.838308683809545, 20.165853415660894, 2.1205101862155256, 15.648574729562712, 0.0, 18.47426888998999, 8.119778011322133, 13.978529423328085, 11.761869142149163, 6.898023466134571, 12.934786262083472, 16.805294693559713, 13.253967851803328, 12.003543185465249, 11.32174005065245, 15.794080915785475, 17.13631495857657, 10.57269212368986, 16.274710501516164, 18.526887245697456, 3.313649567386025, 14.63674073749823, 18.910769889936667, 12.800470658794291, 12.905154242945116, 1.210417451240721, 6.847211876027604, 17.454604235644307, 20.399510269430703, 11.40080973415888, 16.178642815166526, 14.140541898515602, 10.951628287351594, 21.54738078423993, 21.10073862894578, 18.910769889936667, 14.140541898515602, 12.800470658794291, 16.178642815166526, 10.951628287351594, 12.905154242945116, 15.022045531762235, 13.385209197976067, 6.668902389442852, 5.849577235093449, 6.166049003027426, 7.712065848317435, 14.897423210575235, 15.106983795945963, 18.98970202619788, 7.838308683809545, 20.165853415660894, 2.1205101862155256, 15.648574729562712, 0.0, 18.47426888998999, 8.119778011322133, 13.978529423328085, 11.761869142149163, 6.898023466134571, 12.934786262083472, 16.805294693559713, 13.253967851803328, 12.003543185465249, 11.32174005065245, 15.794080915785475, 17.13631495857657, 10.57269212368986, 16.274710501516164, 18.526887245697456, 3.313649567386025], [30.0, 27.221124355200473, 24.73000306983342, 23.73687471935974, 22.943254556360966, 24.57967575604579, 15.983205326682512, 4.451584432180329, 9.700644941801709, 23.953929678187727, 28.813784325705804, 17.341233212779397, 26.99594322161311, 18.47426888998999, 0.0, 10.434725317606746, 22.756377283056263, 27.830634876479014, 13.097614434907568, 27.743855186865044, 18.427676400631086, 5.880864826079753, 14.198428586555961, 19.677854825206015, 17.006399967972627, 1.5316451201554264, 12.706016674289543, 6.366650992139825, 24.23882408272054, 16.51025918206994, 20.07192827730887, 1.1559170857420633, 5.703237764097833, 6.953082040059373, 19.573452359770705, 20.84225585610676, 14.956036332561753, 28.526890329929994, 26.363175820125452, 24.61857231303859, 11.391472721897417, 14.939508150653772, 24.97040757778286, 21.867118602513226, 1.1559170857420633, 11.391472721897417, 5.703237764097833, 24.61857231303859, 14.939508150653772, 6.953082040059373, 30.0, 27.221124355200473, 24.73000306983342, 23.73687471935974, 22.943254556360966, 24.57967575604579, 15.983205326682512, 4.451584432180329, 9.700644941801709, 23.953929678187727, 28.813784325705804, 17.341233212779397, 26.99594322161311, 18.47426888998999, 0.0, 10.434725317606746, 22.756377283056263, 27.830634876479014, 13.097614434907568, 27.743855186865044, 18.427676400631086, 5.880864826079753, 14.198428586555961, 19.677854825206015, 17.006399967972627, 1.5316451201554264, 12.706016674289543, 6.366650992139825, 24.23882408272054, 16.51025918206994], [21.394070789158167, 19.025496783858376, 14.617181064416515, 13.317036093766804, 12.656241326173715, 14.320080917082835, 13.20860499909563, 7.640421154719489, 13.308158384559789, 14.592778103658613, 23.298634839945343, 7.327441366809421, 19.976759312390225, 8.119778011322133, 10.434725317606746, 0.0, 16.642765610986814, 18.653182877102864, 3.5157473945857007, 19.128304925600553, 15.802289585483914, 5.888063033770251, 10.087311362598884, 13.309420550245, 14.377586438111763, 9.047677925700551, 7.891409689713803, 9.644707466150214, 19.95325044828397, 6.810465436780094, 15.409651165423677, 10.977464381912123, 4.902516127762631, 5.073853908258847, 9.172923697256495, 11.022844023217623, 14.442538665831501, 23.269822928425498, 17.613037187195285, 18.88567007871622, 10.046674959093556, 9.847271615532346, 22.05707602820744, 20.236921364496734, 10.977464381912123, 10.046674959093556, 4.902516127762631, 18.88567007871622, 9.847271615532346, 5.073853908258847, 21.394070789158167, 19.025496783858376, 14.617181064416515, 13.317036093766804, 12.656241326173715, 14.320080917082835, 13.20860499909563, 7.640421154719489, 13.308158384559789, 14.592778103658613, 23.298634839945343, 7.327441366809421, 19.976759312390225, 8.119778011322133, 10.434725317606746, 0.0, 16.642765610986814, 18.653182877102864, 3.5157473945857007, 19.128304925600553, 15.802289585483914, 5.888063033770251, 10.087311362598884, 13.309420550245, 14.377586438111763, 9.047677925700551, 7.891409689713803, 9.644707466150214, 19.95325044828397, 6.810465436780094], [9.721604209245504, 6.7767990274562235, 13.09655095816058, 17.76327740131962, 19.210542502336295, 20.282958233648152, 7.985290048871734, 18.30742426911696, 16.558171441545774, 9.211266264539729, 6.6614576968177674, 12.255388589483967, 4.530285786946492, 13.978529423328085, 22.756377283056263, 16.642765610986814, 0.0, 10.025665220044575, 18.375345186854442, 8.200198256538176, 7.245718592541182, 17.143747733730848, 8.598202918892312, 3.342826935171582, 7.663921111076984, 22.173039818764583, 10.129291056305677, 17.038838360382226, 4.855854218338179, 11.571340385537832, 3.622118703150617, 22.43915003960052, 18.241341181330718, 21.108706213334745, 14.579207750222077, 20.775969500065454, 10.946381641035295, 6.690217478573332, 7.85350285083063, 2.2871484002451683, 11.855344109304477, 7.832027256809495, 8.283415717886879, 9.522501639436499, 22.43915003960052, 11.855344109304477, 18.241341181330718, 2.2871484002451683, 7.832027256809495, 21.108706213334745, 9.721604209245504, 6.7767990274562235, 13.09655095816058, 17.76327740131962, 19.210542502336295, 20.282958233648152, 7.985290048871734, 18.30742426911696, 16.558171441545774, 9.211266264539729, 6.6614576968177674, 12.255388589483967, 4.530285786946492, 13.978529423328085, 22.756377283056263, 16.642765610986814, 0.0, 10.025665220044575, 18.375345186854442, 8.200198256538176, 7.245718592541182, 17.143747733730848, 8.598202918892312, 3.342826935171582, 7.663921111076984, 22.173039818764583, 10.129291056305677, 17.038838360382226, 4.855854218338179, 11.571340385537832], [3.532210972000791, 3.901037756712573, 6.255703707353581, 11.886855777646055, 13.935124365459737, 14.257549835886453, 16.728151043334677, 23.637478519809207, 24.446225289652922, 4.073248242755876, 12.77306382252971, 11.504108962072657, 7.71862066671002, 11.761869142149163, 27.830634876479014, 18.653182877102864, 10.025665220044575, 0.0, 18.495406510683313, 2.3772311719905033, 16.89168919337598, 21.975689700656204, 15.673049519586241, 10.500443008839662, 16.864775319660534, 26.790014067872534, 15.955488027182573, 23.497536192192253, 14.374193599202258, 11.844135722578722, 13.262999273156154, 27.903984871501446, 22.31725989030235, 23.727026260950197, 11.46233969330409, 16.780291057215873, 19.93722744850658, 13.366001871835811, 2.1796416374055645, 10.919777248761003, 19.118409666269127, 14.425797080465198, 17.856300433244527, 19.543478887726458, 27.903984871501446, 19.118409666269127, 22.31725989030235, 10.919777248761003, 14.425797080465198, 23.727026260950197, 3.532210972000791, 3.901037756712573, 6.255703707353581, 11.886855777646055, 13.935124365459737, 14.257549835886453, 16.728151043334677, 23.637478519809207, 24.446225289652922, 4.073248242755876, 12.77306382252971, 11.504108962072657, 7.71862066671002, 11.761869142149163, 27.830634876479014, 18.653182877102864, 10.025665220044575, 0.0, 18.495406510683313, 2.3772311719905033, 16.89168919337598, 21.975689700656204, 15.673049519586241, 10.500443008839662, 16.864775319660534, 26.790014067872534, 15.955488027182573, 23.497536192192253, 14.374193599202258, 11.844135722578722], [21.584412837428516, 19.578118688052168, 13.534764049739405, 10.991346544749002, 9.924377294203865, 11.5277409812862, 16.141093050243683, 10.940081460509033, 16.82383135002636, 14.45913780658305, 24.997591598307867, 7.087066268871769, 21.14603830876603, 6.898023466134571, 13.097614434907568, 3.5157473945857007, 18.375345186854442, 18.495406510683313, 0.0, 19.39335555373588, 18.633828899876278, 9.280699790039222, 12.95338371799109, 15.151619670419317, 17.276578773282107, 11.60368836742659, 10.826036349847714, 13.121160635357004, 22.183458292981758, 7.163778628081676, 17.731523536954796, 13.816538089784867, 8.026582084479642, 6.555895993988635, 7.624792580607093, 7.788895929022246, 17.68813754614197, 25.065186300479976, 17.844119231972332, 20.661256323768143, 13.39100559249692, 12.472005837679092, 24.598237444826182, 23.115085350454486, 13.816538089784867, 13.39100559249692, 8.026582084479642, 20.661256323768143, 12.472005837679092, 6.555895993988635, 21.584412837428516, 19.578118688052168, 13.534764049739405, 10.991346544749002, 9.924377294203865, 11.5277409812862, 16.141093050243683, 10.940081460509033, 16.82383135002636, 14.45913780658305, 24.997591598307867, 7.087066268871769, 21.14603830876603, 6.898023466134571, 13.097614434907568, 3.5157473945857007, 18.375345186854442, 18.495406510683313, 0.0, 19.39335555373588, 18.633828899876278, 9.280699790039222, 12.95338371799109, 15.151619670419317, 17.276578773282107, 11.60368836742659, 10.826036349847714, 13.121160635357004, 22.183458292981758, 7.163778628081676], [2.2783084009906003, 1.5883534951420424, 8.219625094926792, 13.865350419132064, 15.846183509654232, 16.310043121234585, 15.47123958928424, 23.430215345195457, 23.555524334472896, 5.1252093358344775, 10.403500782234781, 12.307260522429477, 5.38980796046161, 12.934786262083472, 27.743855186865044, 19.128304925600553, 8.200198256538176, 2.3772311719905033, 19.39335555373588, 0.0, 15.318431652862243, 21.863006681685658, 14.835120251158418, 9.297212485778681, 15.463430305762827, 26.804984645526478, 15.43494799482406, 22.99695102182077, 12.259523478820157, 12.420374914537502, 11.64883488123754, 27.718541116297782, 22.394590404892625, 24.172775522736167, 12.831191631999717, 18.50343102307086, 18.645638035937765, 11.005999979286585, 1.5495690578865569, 8.795353242819123, 18.326782666308187, 13.653622655556932, 15.708135543868824, 17.62381825270611, 27.718541116297782, 18.326782666308187, 22.394590404892625, 8.795353242819123, 13.653622655556932, 24.172775522736167, 2.2783084009906003, 1.5883534951420424, 8.219625094926792, 13.865350419132064, 15.846183509654232, 16.310043121234585, 15.47123958928424, 23.430215345195457, 23.555524334472896, 5.1252093358344775, 10.403500782234781, 12.307260522429477, 5.38980796046161, 12.934786262083472, 27.743855186865044, 19.128304925600553, 8.200198256538176, 2.3772311719905033, 19.39335555373588, 0.0, 15.318431652862243, 21.863006681685658, 14.835120251158418, 9.297212485778681, 15.463430305762827, 26.804984645526478, 15.43494799482406, 22.99695102182077, 12.259523478820157, 12.420374914537502], [16.95789188101673, 13.975998068357494, 18.468854665504722, 21.93659564032513, 22.855882468301473, 24.24826213316298, 2.669226403214274, 14.2629458383975, 10.319839905086049, 15.034390180788165, 11.151345903564957, 14.707741183693852, 11.55176880853766, 16.805294693559713, 18.427676400631086, 15.802289585483914, 7.245718592541182, 16.89168919337598, 18.633828899876278, 15.318431652862243, 0.0, 13.747735709323678, 5.718003710103365, 6.679220219952001, 1.4962913346412905, 18.28105247974137, 7.910893803972418, 12.114225575943593, 6.098139785606441, 13.603147609227051, 3.6709393487172486, 17.813248531311096, 15.334335620907499, 18.992733878388805, 17.784038134737372, 23.44625663367979, 4.128034977826314, 10.680605971209445, 14.725768940262547, 7.869653155347606, 7.118974124855402, 6.213015960520341, 6.636128738627458, 4.485693712436904, 17.813248531311096, 7.118974124855402, 15.334335620907499, 7.869653155347606, 6.213015960520341, 18.992733878388805, 16.95789188101673, 13.975998068357494, 18.468854665504722, 21.93659564032513, 22.855882468301473, 24.24826213316298, 2.669226403214274, 14.2629458383975, 10.319839905086049, 15.034390180788165, 11.151345903564957, 14.707741183693852, 11.55176880853766, 16.805294693559713, 18.427676400631086, 15.802289585483914, 7.245718592541182, 16.89168919337598, 18.633828899876278, 15.318431652862243, 0.0, 13.747735709323678, 5.718003710103365, 6.679220219952001, 1.4962913346412905, 18.28105247974137, 7.910893803972418, 12.114225575943593, 6.098139785606441, 13.603147609227051], [24.11976088203683, 21.352301036051813, 19.1705687219243, 18.865134635908444, 18.415870325632117, 20.088774925218978, 11.120193427064386, 1.8530990083269343, 7.961915732151825, 18.14058818913305, 23.428059731983133, 11.848315814417331, 21.26065099673117, 13.253967851803328, 5.880864826079753, 5.888063033770251, 17.143747733730848, 21.975689700656204, 9.280699790039222, 21.863006681685658, 13.747735709323678, 0.0, 8.77758537230659, 13.963674147169586, 12.25692445044648, 5.0545145415121056, 7.014679901223621, 3.945392696132691, 19.145036870937638, 10.90115122186636, 14.759881077205872, 5.947125409785611, 1.8226516483940984, 5.7660463741464385, 14.42345743630829, 16.910907005909813, 11.02816722180256, 23.209009123296276, 20.484476463618087, 19.12113088326316, 6.708771016163796, 9.322411958947235, 20.38205699011919, 17.731874976594362, 5.947125409785611, 6.708771016163796, 1.8226516483940984, 19.12113088326316, 9.322411958947235, 5.7660463741464385, 24.11976088203683, 21.352301036051813, 19.1705687219243, 18.865134635908444, 18.415870325632117, 20.088774925218978, 11.120193427064386, 1.8530990083269343, 7.961915732151825, 18.14058818913305, 23.428059731983133, 11.848315814417331, 21.26065099673117, 13.253967851803328, 5.880864826079753, 5.888063033770251, 17.143747733730848, 21.975689700656204, 9.280699790039222, 21.863006681685658, 13.747735709323678, 0.0, 8.77758537230659, 13.963674147169586, 12.25692445044648, 5.0545145415121056, 7.014679901223621, 3.945392696132691, 19.145036870937638, 10.90115122186636], [16.926230819967692, 13.924649053131153, 15.270270283457192, 17.599449275947144, 18.169479864158614, 19.691887366950404, 3.1931835970628097, 9.766077742677687, 8.773330820796536, 12.64698855447208, 14.669147362351765, 9.891539653864854, 12.979449950078388, 12.003543185465249, 14.198428586555961, 10.087311362598884, 8.598202918892312, 15.673049519586241, 12.95338371799109, 14.835120251158418, 5.718003710103365, 8.77758537230659, 0.0, 5.767872507489167, 4.324466686748282, 13.710502952513957, 2.2005712437158165, 8.478288337853089, 10.422975712740667, 8.690369625433927, 5.983321302927257, 13.846103931330747, 10.12713027235812, 13.535106016500759, 13.113071535754578, 18.28615431984418, 5.458411046001207, 14.43431810693168, 13.742975177419659, 10.421778501464939, 3.4937155318339155, 1.2916343333153495, 12.069968061672856, 10.177256066480075, 13.846103931330747, 3.4937155318339155, 10.12713027235812, 10.421778501464939, 1.2916343333153495, 13.535106016500759, 16.926230819967692, 13.924649053131153, 15.270270283457192, 17.599449275947144, 18.169479864158614, 19.691887366950404, 3.1931835970628097, 9.766077742677687, 8.773330820796536, 12.64698855447208, 14.669147362351765, 9.891539653864854, 12.979449950078388, 12.003543185465249, 14.198428586555961, 10.087311362598884, 8.598202918892312, 15.673049519586241, 12.95338371799109, 14.835120251158418, 5.718003710103365, 8.77758537230659, 0.0, 5.767872507489167, 4.324466686748282, 13.710502952513957, 2.2005712437158165, 8.478288337853089, 10.422975712740667, 8.690369625433927], [11.277329207128714, 8.242034138102753, 11.857350210858312, 15.786011411138187, 16.984548787510946, 18.2232816455314, 6.230038256201941, 15.22898692636865, 14.31486506847957, 8.355206472029357, 9.989358785903738, 9.420173454767186, 7.318385156253301, 11.32174005065245, 19.677854825206015, 13.309420550245, 3.342826935171582, 10.500443008839662, 15.151619670419317, 9.297212485778681, 6.679220219952001, 13.963674147169586, 5.767872507489167, 0.0, 6.409577114030336, 19.014072424518837, 6.974713230899163, 14.22128614692802, 7.250194661639942, 8.58529679618974, 3.503992480744958, 19.434478006954244, 14.979413474518697, 17.77331733276713, 12.086862937188632, 18.16852003352249, 9.437209753804256, 9.97410810373019, 8.406276173679847, 5.57781979932347, 9.224582024724725, 4.776533661518174, 10.238456059350423, 10.295468056059393, 19.434478006954244, 9.224582024724725, 14.979413474518697, 5.57781979932347, 4.776533661518174, 17.77331733276713, 11.277329207128714, 8.242034138102753, 11.857350210858312, 15.786011411138187, 16.984548787510946, 18.2232816455314, 6.230038256201941, 15.22898692636865, 14.31486506847957, 8.355206472029357, 9.989358785903738, 9.420173454767186, 7.318385156253301, 11.32174005065245, 19.677854825206015, 13.309420550245, 3.342826935171582, 10.500443008839662, 15.151619670419317, 9.297212485778681, 6.679220219952001, 13.963674147169586, 5.767872507489167, 0.0, 6.409577114030336, 19.0140