M = 99999999.0;
numWorkers = 30;
numRoles = 3;
numNodes = 80;
wStart = [90, 0, 30, 60, 90, 30, 180, 90, 390, 180, 0, 60, 60, 0, 90, 60, 90, 180, 240, 0, 30, 180, 30, 90, 60, 120, 180, 30, 120, 150, 30, 360, 90, 180, 270, 120, 90, 240, 60, 90, 90, 90, 30, 90, 90, 90, 120, 60, 30, 90, 300, 60, 330, 240, 150, 420, 420, 390, 420, 450, 450, 420, 330, 330, 180, 450, 480, 360, 300, 360, 420, 360, 210, 450, 330, 330, 300, 360, 300, 390];
wEnd = [90, 0, 30, 60, 90, 30, 180, 90, 390, 180, 0, 60, 60, 0, 90, 60, 90, 180, 240, 0, 30, 180, 30, 90, 60, 120, 180, 30, 120, 150, 270, 450, 360, 360, 390, 240, 420, 450, 390, 300, 360, 150, 120, 210, 210, 360, 240, 390, 120, 150, 300, 60, 330, 240, 150, 420, 420, 390, 420, 450, 450, 420, 330, 330, 180, 450, 480, 360, 300, 360, 420, 360, 210, 450, 330, 330, 300, 360, 300, 390];
p = [0, 0, 0, 0, 0, 0, 0, 0, 0, 0, 0, 0, 0, 0, 0, 0, 0, 0, 0, 0, 0, 0, 0, 0, 0, 0, 0, 0, 0, 0, 43.40776947217775, 74.87040539074582, 37.675186067206525, 38.90808123359549, 65.70022080398337, 64.39258050406642, 51.13763243279579, 53.36794371095734, 23.348002121473098, 73.92687834851786, 51.17650642482639, 29.135218105352248, 25.68299580618747, 57.83110964439544, 28.91555482219772, 18.837593033603262, 32.19629025203321, 11.674001060736549, 12.841497903093735, 14.567609052676124, 0, 0, 0, 0, 0, 0, 0, 0, 0, 0, 0, 0, 0, 0, 0, 0, 0, 0, 0, 0, 0, 0, 0, 0, 0, 0, 0, 0, 0, 0];
e = [[0, 1, 1], [0, 1, 1], [1, 1, 0], [1, 1, 0], [0, 1, 1], [1, 1, 0], [0, 1, 1], [1, 1, 0], [1, 0, 1], [0, 1, 1], [1, 0, 1], [0, 1, 1], [1, 0, 1], [1, 1, 0], [1, 1, 0], [0, 1, 0], [0, 1, 1], [0, 1, 1], [0, 1, 0], [0, 1, 0], [0, 1, 0], [0, 1, 0], [1, 1, 0], [0, 1, 0], [0, 1, 0], [0, 0, 1], [0, 1, 0], [1, 0, 0], [0, 1, 0], [1, 0, 0]];
d = [[1, 1, 2, 2, 2, 2, 0, 2, 0, 2, 1, 2, 2, 2, 4, 4, 4, 0, 4, 4], [0, 0, 1, 1, 1, 1, 0, 1, 0, 1, 0, 1, 1, 1, 2, 2, 2, 0, 2, 2], [0, 0, 0, 0, 0, 0, 3, 0, 3, 0, 0, 0, 0, 0, 0, 0, 0, 6, 0, 0]];
r = [4502, 3254, 3730, 4723, 4491, 467, 4360, 3405, 3499, 3085, 1849, 4034, 4219, 3887, 3887, 3730, 467, 3499, 4219, 4034];
g = [[0, 0, 0, 0, 0, 0, 0, 0, 0, 0, 0, 0, 0, 0, 0, 0, 0, 0, 0, 0], [0, 0, 0, 0, 0, 0, 0, 0, 0, 0, 0, 0, 0, 0, 0, 0, 0, 0, 0, 0], [0, 0, 0, 0, 0, 0, 0, 0, 0, 0, 0, 0, 0, 0, 0, 1, 0, 0, 0, 0], [0, 0, 0, 0, 0, 0, 0, 0, 0, 0, 0, 0, 0, 0, 0, 0, 0, 0, 0, 0], [0, 0, 0, 0, 0, 0, 0, 0, 0, 0, 0, 0, 0, 0, 0, 0, 0, 0, 0, 0], [0, 0, 0, 0, 0, 0, 0, 0, 0, 0, 0, 0, 0, 0, 0, 0, 1, 0, 0, 0], [0, 0, 0, 0, 0, 0, 0, 0, 0, 0, 0, 0, 0, 0, 0, 0, 0, 0, 0, 0], [0, 0, 0, 0, 0, 0, 0, 0, 0, 0, 0, 0, 0, 0, 0, 0, 0, 0, 0, 0], [0, 0, 0, 0, 0, 0, 0, 0, 0, 0, 0, 0, 0, 0, 0, 0, 0, 1, 0, 0], [0, 0, 0, 0, 0, 0, 0, 0, 0, 0, 0, 0, 0, 0, 0, 0, 0, 0, 0, 0], [0, 0, 0, 0, 0, 0, 0, 0, 0, 0, 0, 0, 0, 0, 0, 0, 0, 0, 0, 0], [0, 0, 0, 0, 0, 0, 0, 0, 0, 0, 0, 0, 0, 0, 0, 0, 0, 0, 0, 1], [0, 0, 0, 0, 0, 0, 0, 0, 0, 0, 0, 0, 0, 0, 0, 0, 0, 0, 1, 0], [0, 0, 0, 0, 0, 0, 0, 0, 0, 0, 0, 0, 0, 0, 1, 0, 0, 0, 0, 0], [0, 0, 0, 0, 0, 0, 0, 0, 0, 0, 0, 0, 0, 1, 0, 0, 0, 0, 0, 0], [0, 0, 1, 0, 0, 0, 0, 0, 0, 0, 0, 0, 0, 0, 0, 0, 0, 0, 0, 0], [0, 0, 0, 0, 0, 1, 0, 0, 0, 0, 0, 0, 0, 0, 0, 0, 0, 0, 0, 0], [0, 0, 0, 0, 0, 0, 0, 0, 1, 0, 0, 0, 0, 0, 0, 0, 0, 0, 0, 0], [0, 0, 0, 0, 0, 0, 0, 0, 0, 0, 0, 0, 1, 0, 0, 0, 0, 0, 0, 0], [0, 0, 0, 0, 0, 0, 0, 0, 0, 0, 0, 1, 0, 0, 0, 0, 0, 0, 0, 0]];
t = [[0.0, 16.520949675339327, 3.155525817504873, 22.794042718947853, 16.68020476808413, 11.389338331404002, 24.913963394963712, 22.29911003637856, 4.0656905837134145, 24.114831101454367, 15.397315404332145, 8.171589581522674, 20.746171633288053, 17.5340706338911, 8.491046222050045, 27.30959581926094, 6.446651544575398, 8.71639872375821, 11.284050092194427, 7.279622433594348, 1.220877368113162, 10.609343863071912, 4.041185067618786, 17.093183433661906, 14.161559948754363, 22.666511991912646, 9.302578416673986, 14.83645080739659, 22.865261431151986, 16.645125259320423, 7.86929252986159, 11.044626048074141, 17.44256397970266, 23.38265099119332, 13.630519097684147, 21.12019008770207, 9.495940332233229, 5.943744142792654, 20.50231267721766, 5.506050182973323, 15.545409830672316, 17.76207192876579, 10.821424447741633, 4.614073954082423, 4.614073954082423, 17.44256397970266, 21.12019008770207, 20.50231267721766, 10.821424447741633, 17.76207192876579, 0.0, 16.520949675339327, 3.155525817504873, 22.794042718947853, 16.68020476808413, 11.389338331404002, 24.913963394963712, 22.29911003637856, 4.0656905837134145, 24.114831101454367, 15.397315404332145, 8.171589581522674, 20.746171633288053, 17.5340706338911, 8.491046222050045, 27.30959581926094, 6.446651544575398, 8.71639872375821, 11.284050092194427, 7.279622433594348, 1.220877368113162, 10.609343863071912, 4.041185067618786, 17.093183433661906, 14.161559948754363, 22.666511991912646, 9.302578416673986, 14.83645080739659, 22.865261431151986, 16.645125259320423], [16.520949675339327, 0.0, 15.54927192690682, 6.275577138649909, 8.465756417669322, 6.504555844485672, 19.853706385212654, 21.003158094773912, 17.768266080190187, 20.080879401210787, 4.339724732245434, 9.725314131550318, 4.370252041808736, 3.6594015898000465, 8.044356703057442, 22.37126304979889, 10.828050039382141, 18.762713601789955, 22.935752555703296, 9.337310638685448, 17.74139559957942, 5.958466695388365, 15.057223065116744, 9.249136729069912, 3.996677279324827, 6.2431395553712425, 8.267290123408541, 13.752738851020252, 7.111445359700525, 22.079175295785983, 8.669370969575576, 14.795802569266888, 3.2813701864441893, 6.952659052698557, 2.924632344696093, 4.931083736819342, 10.888617451843055, 11.746461093109136, 21.20883398400283, 18.410083616287963, 18.41680670216958, 8.689363150340954, 23.20764674372725, 12.75797660002938, 12.75797660002938, 3.2813701864441893, 4.931083736819342, 21.20883398400283, 23.20764674372725, 8.689363150340954, 16.520949675339327, 0.0, 15.54927192690682, 6.275577138649909, 8.465756417669322, 6.504555844485672, 19.853706385212654, 21.003158094773912, 17.768266080190187, 20.080879401210787, 4.339724732245434, 9.725314131550318, 4.370252041808736, 3.6594015898000465, 8.044356703057442, 22.37126304979889, 10.828050039382141, 18.762713601789955, 22.935752555703296, 9.337310638685448, 17.74139559957942, 5.958466695388365, 15.057223065116744, 9.249136729069912, 3.996677279324827, 6.2431395553712425, 8.267290123408541, 13.752738851020252, 7.111445359700525, 22.079175295785983], [3.155525817504873, 15.54927192690682, 0.0, 21.716189451799245, 17.313651952386323, 9.668986166255264, 26.606261200027618, 24.456732423470832, 7.182526013103769, 25.93765684493746, 15.274191849267465, 6.19680170612671, 19.53372717557025, 17.19268479940211, 7.933651285768518, 29.092675235119003, 7.125287450354333, 11.692572684933795, 14.434944450335108, 7.07795999780893, 3.83150658871528, 9.627400238194518, 6.50252794704863, 17.843003365054564, 13.902126269145562, 21.791511634662132, 9.584966842670678, 16.573986209038054, 22.326912082277936, 19.44780836235686, 7.384894181018713, 13.220980534644978, 17.03585679467512, 22.155630624114284, 12.813554024084278, 20.379883342175745, 10.78016952043206, 3.9097943456015356, 22.867477324858168, 8.618219635708037, 17.976058402818715, 18.354098504151754, 13.97630098804716, 5.907186487275035, 5.907186487275035, 17.03585679467512, 20.379883342175745, 22.867477324858168, 13.97630098804716, 18.354098504151754, 3.155525817504873, 15.54927192690682, 0.0, 21.716189451799245, 17.313651952386323, 9.668986166255264, 26.606261200027618, 24.456732423470832, 7.182526013103769, 25.93765684493746, 15.274191849267465, 6.19680170612671, 19.53372717557025, 17.19268479940211, 7.933651285768518, 29.092675235119003, 7.125287450354333, 11.692572684933795, 14.434944450335108, 7.07795999780893, 3.83150658871528, 9.627400238194518, 6.50252794704863, 17.843003365054564, 13.902126269145562, 21.791511634662132, 9.584966842670678, 16.573986209038054, 22.326912082277936, 19.44780836235686], [22.794042718947853, 6.275577138649909, 21.716189451799245, 0.0, 11.817975373021438, 12.278761965084263, 21.43325487539438, 23.897859454520034, 23.957327686325574, 22.063660894949845, 8.980301664493686, 15.707402263395652, 2.3311132713925087, 6.801025714569984, 14.319760802406199, 23.65602140910742, 17.029244895822327, 24.56555197049269, 28.719894056736354, 15.605710259260965, 24.01472280612967, 12.206823099142955, 21.2386271148624, 12.403597083224543, 9.493995832297358, 1.5035829879546359, 14.341713385478368, 18.03353631210602, 3.98142905125741, 26.78139442607232, 14.944726019913862, 20.068220692659533, 6.60991500846964, 1.2534940100220495, 9.189029844570062, 2.835119629030865, 16.577459013325075, 17.852937964452046, 24.73748130549226, 24.522240674086646, 22.918691811693975, 11.444634540654972, 29.080935831800794, 18.985547801620754, 18.985547801620754, 6.60991500846964, 2.835119629030865, 24.73748130549226, 29.080935831800794, 11.444634540654972, 22.794042718947853, 6.275577138649909, 21.716189451799245, 0.0, 11.817975373021438, 12.278761965084263, 21.43325487539438, 23.897859454520034, 23.957327686325574, 22.063660894949845, 8.980301664493686, 15.707402263395652, 2.3311132713925087, 6.801025714569984, 14.319760802406199, 23.65602140910742, 17.029244895822327, 24.56555197049269, 28.719894056736354, 15.605710259260965, 24.01472280612967, 12.206823099142955, 21.2386271148624, 12.403597083224543, 9.493995832297358, 1.5035829879546359, 14.341713385478368, 18.03353631210602, 3.98142905125741, 26.78139442607232], [16.68020476808413, 8.465756417669322, 17.313651952386323, 11.817975373021438, 0.0, 12.058982607233022, 11.595816100213916, 12.580621998576648, 15.88156452688216, 11.682941668511361, 4.227148949888577, 13.63898983938123, 11.320920383900583, 5.325653052961754, 9.91996596940264, 14.180393821639134, 10.31988729235812, 14.614707344328913, 18.474911050180204, 10.341805628484758, 17.73662159449166, 9.652883498155362, 13.449536075206069, 0.8048637570378745, 5.295813831095914, 10.67793016823289, 7.743202871116484, 6.317692147535736, 9.193608300437882, 15.11214340253068, 10.283051458178651, 9.299008565968276, 5.651433613759687, 13.013514329692665, 7.869088408944944, 9.002519799589775, 7.465612041949018, 14.583366214189889, 13.039265656323282, 15.845378500005491, 11.201938103237577, 1.0908043415749322, 19.07659935364284, 12.066888371261674, 12.066888371261674, 5.651433613759687, 9.002519799589775, 13.039265656323282, 19.07659935364284, 1.0908043415749322, 16.68020476808413, 8.465756417669322, 17.313651952386323, 11.817975373021438, 0.0, 12.058982607233022, 11.595816100213916, 12.580621998576648, 15.88156452688216, 11.682941668511361, 4.227148949888577, 13.63898983938123, 11.320920383900583, 5.325653052961754, 9.91996596940264, 14.180393821639134, 10.31988729235812, 14.614707344328913, 18.474911050180204, 10.341805628484758, 17.73662159449166, 9.652883498155362, 13.449536075206069, 0.8048637570378745, 5.295813831095914, 10.67793016823289, 7.743202871116484, 6.317692147535736, 9.193608300437882, 15.11214340253068], [11.389338331404002, 6.504555844485672, 9.668986166255264, 12.278761965084263, 12.058982607233022, 0.0, 23.468051704913105, 23.25427379022579, 13.775027740540564, 23.321472604595485, 8.300243106631008, 3.489829120787745, 10.011133299100685, 9.302468741178068, 4.362673295905674, 26.080648517996682, 7.552620295040113, 16.278405564454726, 20.244219537055752, 5.560238802646999, 12.57170178236473, 2.7040389624984065, 11.322550926069974, 12.829869102362592, 6.910293755793572, 12.583498191422478, 6.6081334314286435, 15.02169980831212, 13.614561126867272, 21.773922993929716, 4.765759640450653, 14.10832310657307, 9.011816959828147, 12.59074243679397, 4.58198635337715, 11.418795768855732, 9.87528766491304, 5.761089121973357, 22.69303388153605, 14.799853977728803, 18.748808792121757, 12.778694007062834, 20.236538162377503, 8.919983947390522, 8.919983947390522, 9.011816959828147, 11.418795768855732, 22.69303388153605, 20.236538162377503, 12.778694007062834, 11.389338331404002, 6.504555844485672, 9.668986166255264, 12.278761965084263, 12.058982607233022, 0.0, 23.468051704913105, 23.25427379022579, 13.775027740540564, 23.321472604595485, 8.300243106631008, 3.489829120787745, 10.011133299100685, 9.302468741178068, 4.362673295905674, 26.080648517996682, 7.552620295040113, 16.278405564454726, 20.244219537055752, 5.560238802646999, 12.57170178236473, 2.7040389624984065, 11.322550926069974, 12.829869102362592, 6.910293755793572, 12.583498191422478, 6.6081334314286435, 15.02169980831212, 13.614561126867272, 21.773922993929716], [24.913963394963712, 19.853706385212654, 26.606261200027618, 21.43325487539438, 11.595816100213916, 23.468051704913105, 0.0, 5.159757239806453, 22.434628651522168, 1.4620942185432844, 15.794372516028549, 24.471717015634038, 21.784505534564474, 16.32912583018016, 20.55778688035146, 2.6143897778382605, 19.631734268576878, 18.823377093656063, 21.032853421912314, 20.49880604858084, 25.646847552374464, 20.896972465917617, 20.937726114115442, 10.792012542457009, 16.8817293964382, 19.982940381911074, 17.96299823597473, 10.082650941117562, 17.677401987578293, 13.622087960107203, 20.733127476083258, 14.086520743904558, 16.705281896377688, 22.6820311246824, 19.456224605812157, 18.750600556634804, 15.858029540771142, 24.8494106140727, 7.776962228362427, 21.67515978815045, 11.09751205068519, 11.179450001439122, 21.996742641919322, 20.71622269538071, 20.71622269538071, 16.705281896377688, 18.750600556634804, 7.776962228362427, 21.996742641919322, 11.179450001439122, 24.913963394963712, 19.853706385212654, 26.606261200027618, 21.43325487539438, 11.595816100213916, 23.468051704913105, 0.0, 5.159757239806453, 22.434628651522168, 1.4620942185432844, 15.794372516028549, 24.471717015634038, 21.784505534564474, 16.32912583018016, 20.55778688035146, 2.6143897778382605, 19.631734268576878, 18.823377093656063, 21.032853421912314, 20.49880604858084, 25.646847552374464, 20.896972465917617, 20.937726114115442, 10.792012542457009, 16.8817293964382, 19.982940381911074, 17.96299823597473, 10.082650941117562, 17.677401987578293, 13.622087960107203], [22.29911003637856, 21.003158094773912, 24.456732423470832, 23.897859454520034, 12.580621998576648, 23.25427379022579, 5.159757239806453, 0.0, 19.248044768180502, 3.698082843978352, 16.6782410212249, 23.514892624512562, 23.771673020083927, 17.864181975428068, 19.66164409218724, 6.210848727421133, 17.966944855460625, 15.07693091618933, 16.6288998212266, 19.26185257593574, 22.840899096953237, 20.558926818624723, 18.259416298671233, 11.834723925847022, 17.42100553568589, 22.559172941984166, 17.006468599222774, 8.345408719187597, 20.507588949987017, 8.759814461734177, 19.68178231214005, 11.272253248393719, 18.2068033491143, 25.143977064356726, 19.887440125862444, 21.08102502327849, 14.234116672537919, 23.411014405095287, 2.716763184110346, 18.265406748590905, 7.081423871725419, 12.613635806951272, 17.638509344342314, 18.602636023106783, 18.602636023106783, 18.2068033491143, 21.08102502327849, 2.716763184110346, 17.638509344342314, 12.613635806951272, 22.29911003637856, 21.003158094773912, 24.456732423470832, 23.897859454520034, 12.580621998576648, 23.25427379022579, 5.159757239806453, 0.0, 19.248044768180502, 3.698082843978352, 16.6782410212249, 23.514892624512562, 23.771673020083927, 17.864181975428068, 19.66164409218724, 6.210848727421133, 17.966944855460625, 15.07693091618933, 16.6288998212266, 19.26185257593574, 22.840899096953237, 20.558926818624723, 18.259416298671233, 11.834723925847022, 17.42100553568589, 22.559172941984166, 17.006468599222774, 8.345408719187597, 20.507588949987017, 8.759814461734177], [4.0656905837134145, 17.768266080190187, 7.182526013103769, 23.957327686325574, 15.88156452688216, 13.775027740540564, 22.434628651522168, 19.248044768180502, 0.0, 21.476554176490122, 15.65969811150784, 11.063730471683913, 22.1313626734128, 17.958097589573672, 9.967319985342977, 24.677434705945245, 6.940217379749417, 4.779988114202042, 7.287048695252708, 8.599016915955628, 3.9766610875851836, 12.27501898724054, 2.7194450064308144, 16.11696568556755, 14.676039259999369, 23.57916191980274, 9.657378478703329, 12.586681067079791, 23.348034203057633, 12.834104504298274, 9.375052637126167, 8.355669303887424, 17.952855210843317, 24.71813544083698, 14.856990473219525, 21.9081695371552, 8.426978234312465, 9.146346090600009, 17.204698449521377, 1.4403641932657243, 12.251730013844899, 16.96581890957175, 6.92780077182402, 5.050329952542018, 5.050329952542018, 17.952855210843317, 21.9081695371552, 17.204698449521377, 6.92780077182402, 16.96581890957175, 4.0656905837134145, 17.768266080190187, 7.182526013103769, 23.957327686325574, 15.88156452688216, 13.775027740540564, 22.434628651522168, 19.248044768180502, 0.0, 21.476554176490122, 15.65969811150784, 11.063730471683913, 22.1313626734128, 17.958097589573672, 9.967319985342977, 24.677434705945245, 6.940217379749417, 4.779988114202042, 7.287048695252708, 8.599016915955628, 3.9766610875851836, 12.27501898724054, 2.7194450064308144, 16.11696568556755, 14.676039259999369, 23.57916191980274, 9.657378478703329, 12.586681067079791, 23.348034203057633, 12.834104504298274], [24.114831101454367, 20.080879401210787, 25.93765684493746, 22.063660894949845, 11.682941668511361, 23.321472604595485, 1.4620942185432844, 3.698082843978352, 21.476554176490122, 0.0, 15.909921683328745, 24.12141578240008, 22.272089471265446, 16.645213250006247, 20.203263743665083, 3.2046876651917287, 19.06075832420228, 17.70922126913187, 19.762674448328806, 20.049885291187326, 24.799416054958208, 20.700865527438943, 20.105385631225083, 10.880569967958758, 16.906482179518278, 20.640936855484064, 17.57259736188575, 9.36372653905878, 18.402206533914114, 12.228707253204053, 20.336766131845383, 13.169052857295386, 17.01448663440543, 23.316669388286137, 19.470469424929725, 19.32674916438705, 15.266388165949763, 24.36778100765073, 6.331324373482479, 20.656878403277307, 9.86868208240612, 11.397568241039894, 20.739757968076752, 20.031672856450527, 20.031672856450527, 17.01448663440543, 19.32674916438705, 6.331324373482479, 20.739757968076752, 11.397568241039894, 24.114831101454367, 20.080879401210787, 25.93765684493746, 22.063660894949845, 11.682941668511361, 23.321472604595485, 1.4620942185432844, 3.698082843978352, 21.476554176490122, 0.0, 15.909921683328745, 24.12141578240008, 22.272089471265446, 16.645213250006247, 20.203263743665083, 3.2046876651917287, 19.06075832420228, 17.70922126913187, 19.762674448328806, 20.049885291187326, 24.799416054958208, 20.700865527438943, 20.105385631225083, 10.880569967958758, 16.906482179518278, 20.640936855484064, 17.57259736188575, 9.36372653905878, 18.402206533914114, 12.228707253204053], [15.397315404332145, 4.339724732245434, 15.274191849267465, 8.980301664493686, 4.227148949888577, 8.300243106631008, 15.794372516028549, 16.6782410212249, 15.65969811150784, 15.909921683328745, 0.0, 10.524444839857594, 7.863210026998603, 2.3303724471623513, 7.359640727334796, 18.362393561052475, 9.034662367567936, 15.682251654830395, 19.807937037971577, 8.254992543366802, 16.570524194114, 6.285053532447776, 12.979907919354474, 5.029490652798198, 1.4570541217219053, 8.228440869172669, 6.141137645194246, 9.504120581080215, 7.691209474553507, 18.03352039223256, 7.889880771182795, 11.093339774482953, 2.4098822818949244, 10.022955123861582, 3.8141099282280715, 6.476497192857894, 7.711661726499992, 11.955482351003575, 16.877305558771976, 16.00543081592644, 14.271204340869978, 4.6669633089788665, 20.220557450859012, 11.014910332239335, 11.014910332239335, 2.4098822818949244, 6.476497192857894, 16.877305558771976, 20.220557450859012, 4.6669633089788665, 15.397315404332145, 4.339724732245434, 15.274191849267465, 8.980301664493686, 4.227148949888577, 8.300243106631008, 15.794372516028549, 16.6782410212249, 15.65969811150784, 15.909921683328745, 0.0, 10.524444839857594, 7.863210026998603, 2.3303724471623513, 7.359640727334796, 18.362393561052475, 9.034662367567936, 15.682251654830395, 19.807937037971577, 8.254992543366802, 16.570524194114, 6.285053532447776, 12.979907919354474, 5.029490652798198, 1.4570541217219053, 8.228440869172669, 6.141137645194246, 9.504120581080215, 7.691209474553507, 18.03352039223256], [8.171589581522674, 9.725314131550318, 6.19680170612671, 15.707402263395652, 13.63898983938123, 3.489829120787745, 24.471717015634038, 23.514892624512562, 11.063730471683913, 24.12141578240008, 10.524444839857594, 0.0, 13.46633722067672, 12.012066320596315, 3.9185925293727983, 27.074176217413992, 6.035333372598203, 14.27818217348111, 17.982310648020444, 4.314695520291896, 9.30613359715148, 4.250904691136865, 8.914977962686775, 14.333612662852513, 9.067504371747804, 15.924398278821881, 6.559055852852661, 15.171341196184603, 16.756093409738938, 20.71383470273299, 3.833225801526401, 13.266708363019957, 11.778642051258803, 16.062599413644985, 7.292665955524862, 14.650598452956288, 9.374869712899706, 2.312316977520345, 22.558043280462524, 12.25158501392699, 18.159286550598516, 14.52821601841151, 17.83323571037905, 6.7109084662608005, 6.7109084662608005, 11.778642051258803, 14.650598452956288, 22.558043280462524, 17.83323571037905, 14.52821601841151, 8.171589581522674, 9.725314131550318, 6.19680170612671, 15.707402263395652, 13.63898983938123, 3.489829120787745, 24.471717015634038, 23.514892624512562, 11.063730471683913, 24.12141578240008, 10.524444839857594, 0.0, 13.46633722067672, 12.012066320596315, 3.9185925293727983, 27.074176217413992, 6.035333372598203, 14.27818217348111, 17.982310648020444, 4.314695520291896, 9.30613359715148, 4.250904691136865, 8.914977962686775, 14.333612662852513, 9.067504371747804, 15.924398278821881, 6.559055852852661, 15.171341196184603, 16.756093409738938, 20.71383470273299], [20.746171633288053, 4.370252041808736, 19.53372717557025, 2.3311132713925087, 11.320920383900583, 10.011133299100685, 21.784505534564474, 23.771673020083927, 22.1313626734128, 22.272089471265446, 7.863210026998603, 13.46633722067672, 0.0, 6.012637015239457, 12.328183983851051, 24.134713109990276, 15.192011650649015, 23.06713592471933, 27.2389430469594, 13.650841683172455, 21.966430071532, 10.136999404992487, 19.423101327503016, 12.001502482636502, 8.055983154666684, 3.183257600437178, 12.628607973634352, 17.282416346782814, 5.34565964259955, 25.893438094305377, 12.951767886599605, 18.867024574860853, 5.7201994958136275, 2.6374673955744568, 7.274845775216767, 3.2743271363450175, 15.130050496369389, 15.648409042192359, 24.36018502606213, 22.780238190187845, 22.107041140814154, 11.16008127725699, 27.537776023430716, 17.10993494765349, 17.10993494765349, 5.7201994958136275, 3.2743271363450175, 24.36018502606213, 27.537776023430716, 11.16008127725699, 20.746171633288053, 4.370252041808736, 19.53372717557025, 2.3311132713925087, 11.320920383900583, 10.011133299100685, 21.784505534564474, 23.771673020083927, 22.1313626734128, 22.272089471265446, 7.863210026998603, 13.46633722067672, 0.0, 6.012637015239457, 12.328183983851051, 24.134713109990276, 15.192011650649015, 23.06713592471933, 27.2389430469594, 13.650841683172455, 21.966430071532, 10.136999404992487, 19.423101327503016, 12.001502482636502, 8.055983154666684, 3.183257600437178, 12.628607973634352, 17.282416346782814, 5.34565964259955, 25.893438094305377], [17.5340706338911, 3.6594015898000465, 17.19268479940211, 6.801025714569984, 5.325653052961754, 9.302468741178068, 16.32912583018016, 17.864181975428068, 17.958097589573672, 16.645213250006247, 2.3303724471623513, 12.012066320596315, 6.012637015239457, 0.0, 9.26730352644132, 18.810326343938183, 11.251026552660399, 17.99588620688112, 22.110271323961058, 10.299424186518632, 18.72367660226319, 7.795849751409347, 15.266748647499806, 6.036325141428059, 3.3731992209579653, 5.940114810103943, 8.37179698600503, 11.313537392382788, 5.395485276934682, 20.010007168769135, 9.841856096322205, 13.299927945315087, 0.38160974056837416, 7.91312974750623, 4.76728100566946, 4.180734339557251, 10.036615226744233, 13.68330288070151, 18.35824774176121, 18.327686071767154, 16.17423912881769, 5.288255150020487, 22.53678484277048, 13.241828426080367, 13.241828426080367, 0.38160974056837416, 4.180734339557251, 18.35824774176121, 22.53678484277048, 5.288255150020487, 17.5340706338911, 3.6594015898000465, 17.19268479940211, 6.801025714569984, 5.325653052961754, 9.302468741178068, 16.32912583018016, 17.864181975428068, 17.958097589573672, 16.645213250006247, 2.3303724471623513, 12.012066320596315, 6.012637015239457, 0.0, 9.26730352644132, 18.810326343938183, 11.251026552660399, 17.99588620688112, 22.110271323961058, 10.299424186518632, 18.72367660226319, 7.795849751409347, 15.266748647499806, 6.036325141428059, 3.3731992209579653, 5.940114810103943, 8.37179698600503, 11.313537392382788, 5.395485276934682, 20.010007168769135], [8.491046222050045, 8.044356703057442, 7.933651285768518, 14.319760802406199, 9.91996596940264, 4.362673295905674, 20.55778688035146, 19.66164409218724, 9.967319985342977, 20.203263743665083, 7.359640727334796, 3.9185925293727983, 12.328183983851051, 9.26730352644132, 0.0, 23.15839266603381, 3.267986529478401, 11.985592437456617, 16.021183827982046, 1.369058135137848, 9.709438265269318, 2.3097237891164566, 7.337521491470353, 10.571719062734958, 5.9704141717345, 14.177230944302078, 2.6587472103649095, 11.318137384578444, 14.478872943219473, 17.4822678426688, 0.6250865136464332, 9.849370528272383, 9.123700269655977, 14.95510068492265, 5.140829905340437, 12.65024141487544, 5.70742937642939, 4.692800432907632, 18.820007476072, 10.816789887944617, 14.614282743197847, 10.872925769848147, 16.083677769530734, 4.925602277792729, 4.925602277792729, 9.123700269655977, 12.65024141487544, 18.820007476072, 16.083677769530734, 10.872925769848147, 8.491046222050045, 8.044356703057442, 7.933651285768518, 14.319760802406199, 9.91996596940264, 4.362673295905674, 20.55778688035146, 19.66164409218724, 9.967319985342977, 20.203263743665083, 7.359640727334796, 3.9185925293727983, 12.328183983851051, 9.26730352644132, 0.0, 23.15839266603381, 3.267986529478401, 11.985592437456617, 16.021183827982046, 1.369058135137848, 9.709438265269318, 2.3097237891164566, 7.337521491470353, 10.571719062734958, 5.9704141717345, 14.177230944302078, 2.6587472103649095, 11.318137384578444, 14.478872943219473, 17.4822678426688], [27.30959581926094, 22.37126304979889, 29.092675235119003, 23.65602140910742, 14.180393821639134, 26.080648517996682, 2.6143897778382605, 6.210848727421133, 24.677434705945245, 3.2046876651917287, 18.362393561052475, 27.074176217413992, 24.134713109990276, 18.810326343938183, 23.15839266603381, 0.0, 22.1653063216712, 20.857971669183392, 22.751064497733335, 23.07747047595999, 28.00154854402119, 23.511360498809868, 23.30496211528507, 13.378274091573115, 19.47262584867482, 22.183293770321953, 20.555292908234733, 12.525566095292838, 19.81679021450265, 14.970647187126227, 23.325396109315808, 16.37373918182857, 19.189054231582606, 24.89606982389869, 22.047181599358822, 21.035989526832374, 18.37932908559049, 27.419808114964233, 8.919774122611198, 23.84524751806019, 12.948206648306968, 13.72468675589705, 23.74548652071914, 23.190893412192523, 23.190893412192523, 19.189054231582606, 21.035989526832374, 8.919774122611198, 23.74548652071914, 13.72468675589705, 27.30959581926094, 22.37126304979889, 29.092675235119003, 23.65602140910742, 14.180393821639134, 26.080648517996682, 2.6143897778382605, 6.210848727421133, 24.677434705945245, 3.2046876651917287, 18.362393561052475, 27.074176217413992, 24.134713109990276, 18.810326343938183, 23.15839266603381, 0.0, 22.1653063216712, 20.857971669183392, 22.751064497733335, 23.07747047595999, 28.00154854402119, 23.511360498809868, 23.30496211528507, 13.378274091573115, 19.47262584867482, 22.183293770321953, 20.555292908234733, 12.525566095292838, 19.81679021450265, 14.970647187126227], [6.446651544575398, 10.828050039382141, 7.125287450354333, 17.029244895822327, 10.31988729235812, 7.552620295040113, 19.631734268576878, 17.966944855460625, 6.940217379749417, 19.06075832420228, 9.034662367567936, 6.035333372598203, 15.192011650649015, 11.251026552660399, 3.267986529478401, 22.1653063216712, 0.0, 8.73201076945346, 12.753221343727324, 1.993668575190489, 7.580073419543156, 5.5275606401029584, 4.232304569739169, 10.793776818043225, 7.895052523007771, 16.699459832046756, 2.8940628281270464, 9.757394137710694, 16.636568478391776, 14.6817517722156, 2.7891732057206364, 7.2704186479783965, 11.200381323645164, 17.778301277576436, 7.918805794287944, 15.06063998470674, 3.7962870157992223, 5.455443983853399, 16.757677290810246, 7.647986079652967, 12.195430507348672, 11.38850583109149, 12.823387186185812, 1.9934232608879292, 1.9934232608879292, 11.200381323645164, 15.06063998470674, 16.757677290810246, 12.823387186185812, 11.38850583109149, 6.446651544575398, 10.828050039382141, 7.125287450354333, 17.029244895822327, 10.31988729235812, 7.552620295040113, 19.631734268576878, 17.966944855460625, 6.940217379749417, 19.06075832420228, 9.034662367567936, 6.035333372598203, 15.192011650649015, 11.251026552660399, 3.267986529478401, 22.1653063216712, 0.0, 8.73201076945346, 12.753221343727324, 1.993668575190489, 7.580073419543156, 5.5275606401029584, 4.232304569739169, 10.793776818043225, 7.895052523007771, 16.699459832046756, 2.8940628281270464, 9.757394137710694, 16.636568478391776, 14.6817517722156], [8.71639872375821, 18.762713601789955, 11.692572684933795, 24.56555197049269, 14.614707344328913, 16.278405564454726, 18.823377093656063, 15.07693091618933, 4.779988114202042, 17.70922126913187, 15.682251654830395, 14.27818217348111, 23.06713592471933, 17.99588620688112, 11.985592437456617, 20.857971669183392, 8.73201076945346, 0.0, 4.173165233226407, 10.719640018976024, 8.754956203896752, 14.175674401668642, 5.516113883816534, 14.611899514294274, 15.078742382924283, 23.907793093133648, 10.590629787577488, 9.74216106617296, 23.18179964947299, 8.069670987643594, 11.520619744163469, 5.505563581925939, 18.09124646021391, 25.502401468450838, 16.039977138555763, 22.158529453972076, 7.990046878101621, 12.801979566554122, 12.814101975801144, 3.4599312081939697, 7.996740312130713, 15.618274015435613, 4.543422585252814, 7.568875653060439, 7.568875653060439, 18.09124646021391, 22.158529453972076, 12.814101975801144, 4.543422585252814, 15.618274015435613, 8.71639872375821, 18.762713601789955, 11.692572684933795, 24.56555197049269, 14.614707344328913, 16.278405564454726, 18.823377093656063, 15.07693091618933, 4.779988114202042, 17.70922126913187, 15.682251654830395, 14.27818217348111, 23.06713592471933, 17.99588620688112, 11.985592437456617, 20.857971669183392, 8.73201076945346, 0.0, 4.173165233226407, 10.719640018976024, 8.754956203896752, 14.175674401668642, 5.516113883816534, 14.611899514294274, 15.078742382924283, 23.907793093133648, 10.590629787577488, 9.74216106617296, 23.18179964947299, 8.069670987643594], [11.284050092194427, 22.935752555703296, 14.434944450335108, 28.719894056736354, 18.474911050180204, 20.244219537055752, 21.032853421912314, 16.6288998212266, 7.287048695252708, 19.762674448328806, 19.807937037971577, 17.982310648020444, 27.2389430469594, 22.110271323961058, 16.021183827982046, 22.751064497733335, 12.753221343727324, 4.173165233226407, 0.0, 14.715150334139476, 10.900209378467844, 18.254404452694665, 9.06761475839942, 18.38985506675273, 19.240497419092808, 28.036354507014956, 14.749605599749675, 13.044562430405078, 27.236427733823575, 8.213164048495088, 15.52339726043828, 9.18247369888672, 22.21777439376598, 29.66691140842822, 20.204993053333865, 26.282805694408573, 12.143176506636106, 16.2726345220782, 14.046400993532657, 5.8924210763673335, 9.949928111034268, 19.43238928256647, 1.0403259307186796, 11.36974580811411, 11.36974580811411, 22.21777439376598, 26.282805694408573, 14.046400993532657, 1.0403259307186796, 19.43238928256647, 11.284050092194427, 22.935752555703296, 14.434944450335108, 28.719894056736354, 18.474911050180204, 20.244219537055752, 21.032853421912314, 16.6288998212266, 7.287048695252708, 19.762674448328806, 19.807937037971577, 17.982310648020444, 27.2389430469594, 22.110271323961058, 16.021183827982046, 22.751064497733335, 12.753221343727324, 4.173165233226407, 0.0, 14.715150334139476, 10.900209378467844, 18.254404452694665, 9.06761475839942, 18.38985506675273, 19.240497419092808, 28.036354507014956, 14.749605599749675, 13.044562430405078, 27.236427733823575, 8.213164048495088], [7.279622433594348, 9.337310638685448, 7.07795999780893, 15.605710259260965, 10.341805628484758, 5.560238802646999, 20.49880604858084, 19.26185257593574, 8.599016915955628, 20.049885291187326, 8.254992543366802, 4.314695520291896, 13.650841683172455, 10.299424186518632, 1.369058135137848, 23.07747047595999, 1.993668575190489, 10.719640018976024, 14.715150334139476, 0.0, 8.488846116996799, 3.678677005393254, 5.970578871927748, 10.929120890623262, 6.941572545191759, 15.409531741640484, 2.6306241173697367, 10.935646805940134, 15.595808094267845, 16.536292741748397, 0.8093292016155466, 8.993094666778473, 10.188443175079602, 16.27082764918492, 6.416805522708947, 13.84449787017251, 5.067532494808402, 4.368252772568134, 18.24818161752733, 9.452899473495114, 13.859100377989332, 11.352252212424409, 14.752897960458917, 3.5566636920409582, 3.5566636920409582, 10.188443175079602, 13.84449787017251, 18.24818161752733, 14.752897960458917, 11.352252212424409, 7.279622433594348, 9.337310638685448, 7.07795999780893, 15.605710259260965, 10.341805628484758, 5.560238802646999, 20.49880604858084, 19.26185257593574, 8.599016915955628, 20.049885291187326, 8.254992543366802, 4.314695520291896, 13.650841683172455, 10.299424186518632, 1.369058135137848, 23.07747047595999, 1.993668575190489, 10.719640018976024, 14.715150334139476, 0.0, 8.488846116996799, 3.678677005393254, 5.970578871927748, 10.929120890623262, 6.941572545191759, 15.409531741640484, 2.6306241173697367, 10.935646805940134, 15.595808094267845, 16.536292741748397], [1.220877368113162, 17.74139559957942, 3.83150658871528, 24.01472280612967, 17.73662159449166, 12.57170178236473, 25.646847552374464, 22.840899096953237, 3.9766610875851836, 24.799416054958208, 16.570524194114, 9.30613359715148, 21.966430071532, 18.72367660226319, 9.709438265269318, 28.00154854402119, 7.580073419543156, 8.754956203896752, 10.900209378467844, 8.488846116996799, 0.0, 11.829767479825485, 4.711942056818139, 18.124196021558493, 15.350495962630665, 23.883267735101104, 10.456284562877649, 15.59739999398579, 24.064600675015186, 16.79452836399318, 9.087107621894747, 11.654419091737061, 18.637556338938982, 24.603023885380978, 14.849559266534685, 22.332375765678734, 10.456028417985445, 7.042533211462564, 20.941200853860764, 5.367381726532948, 15.972668501607117, 18.822631828497737, 10.342059193242063, 5.686343786813274, 5.686343786813274, 18.637556338938982, 22.332375765678734, 20.941200853860764, 10.342059193242063, 18.822631828497737, 1.220877368113162, 17.74139559957942, 3.83150658871528, 24.01472280612967, 17.73662159449166, 12.57170178236473, 25.646847552374464, 22.840899096953237, 3.9766610875851836, 24.799416054958208, 16.570524194114, 9.30613359715148, 21.966430071532, 18.72367660226319, 9.709438265269318, 28.00154854402119, 7.580073419543156, 8.754956203896752, 10.900209378467844, 8.488846116996799, 0.0, 11.829767479825485, 4.711942056818139, 18.124196021558493, 15.350495962630665, 23.883267735101104, 10.456284562877649, 15.59739999398579, 24.064600675015186, 16.79452836399318], [10.609343863071912, 5.958466695388365, 9.627400238194518, 12.206823099142955, 9.652883498155362, 2.7040389624984065, 20.896972465917617, 20.558926818624723, 12.27501898724054, 20.700865527438943, 6.285053532447776, 4.250904691136865, 10.136999404992487, 7.795849751409347, 2.3097237891164566, 23.511360498809868, 5.5275606401029584, 14.175674401668642, 18.254404452694665, 3.678677005393254, 11.829767479825485, 0.0, 9.646198428341874, 10.39435136520142, 4.828683095282861, 12.184075264766719, 4.0000978606231685, 12.317668875710128, 12.73170816698137, 19.217130313456636, 2.9027917979069002, 11.543509036046991, 7.582148960181632, 12.773311867746628, 3.193415081946619, 10.752510802803942, 7.283071367899878, 5.930062141225805, 19.99149686379252, 13.122417790001606, 16.099760326528706, 10.464051532118836, 18.34847249737654, 7.23531088258127, 7.23531088258127, 7.582148960181632, 10.752510802803942, 19.99149686379252, 18.34847249737654, 10.464051532118836, 10.609343863071912, 5.958466695388365, 9.627400238194518, 12.206823099142955, 9.652883498155362, 2.7040389624984065, 20.896972465917617, 20.558926818624723, 12.27501898724054, 20.700865527438943, 6.285053532447776, 4.250904691136865, 10.136999404992487, 7.795849751409347, 2.3097237891164566, 23.511360498809868, 5.5275606401029584, 14.175674401668642, 18.254404452694665, 3.678677005393254, 11.829767479825485, 0.0, 9.646198428341874, 10.39435136520142, 4.828683095282861, 12.184075264766719, 4.0000978606231685, 12.317668875710128, 12.73170816698137, 19.217130313456636], [4.041185067618786, 15.057223065116744, 6.50252794704863, 21.2386271148624, 13.449536075206069, 11.322550926069974, 20.937726114115442, 18.259416298671233, 2.7194450064308144, 20.105385631225083, 12.979907919354474, 8.914977962686775, 19.423101327503016, 15.266748647499806, 7.337521491470353, 23.30496211528507, 4.232304569739169, 5.516113883816534, 9.06761475839942, 5.970578871927748, 4.711942056818139, 9.646198428341874, 0.0, 13.750725155984039, 11.968525143960537, 20.862079116481674, 6.94264148828121, 10.885770184463865, 20.66065194686529, 12.966937164703172, 6.765185875771872, 7.004229745703968, 15.253235641042856, 22.004745976259546, 12.150876900464688, 19.19498453136562, 5.999923986602307, 7.299867462674123, 16.49723696833544, 3.490273363813675, 11.556783530450252, 14.539884680667717, 8.953722508378847, 2.4232392721247984, 2.4232392721247984, 15.253235641042856, 19.19498453136562, 16.49723696833544, 8.953722508378847, 14.539884680667717, 4.041185067618786, 15.057223065116744, 6.50252794704863, 21.2386271148624, 13.449536075206069, 11.322550926069974, 20.937726114115442, 18.259416298671233, 2.7194450064308144, 20.105385631225083, 12.979907919354474, 8.914977962686775, 19.423101327503016, 15.266748647499806, 7.337521491470353, 23.30496211528507, 4.232304569739169, 5.516113883816534, 9.06761475839942, 5.970578871927748, 4.711942056818139, 9.646198428341874, 0.0, 13.750725155984039, 11.968525143960537, 20.862079116481674, 6.94264148828121, 10.885770184463865, 20.66065194686529, 12.966937164703172], [17.093183433661906, 9.249136729069912, 17.843003365054564, 12.403597083224543, 0.8048637570378745, 12.829869102362592, 10.792012542457009, 11.834723925847022, 16.11696568556755, 10.880569967958758, 5.029490652798198, 14.333612662852513, 12.001502482636502, 6.036325141428059, 10.571719062734958, 13.378274091573115, 10.793776818043225, 14.611899514294274, 18.38985506675273, 10.929120890623262, 18.124196021558493, 10.39435136520142, 13.750725155984039, 0.0, 6.0953687026758026, 11.215948858217656, 8.310473151850314, 5.923087692760914, 9.607851861090595, 14.686597374354273, 10.910556482903107, 9.209904376695293, 6.373935942956022, 13.61417866349953, 8.669507680700542, 9.574481472320704, 7.750802517136803, 15.21073715343181, 12.375014534483274, 16.0105321098149, 10.765191580159145, 1.0847028283333027, 19.027307260758594, 12.481164573221905, 12.481164573221905, 6.373935942956022, 9.574481472320704, 12.375014534483274, 19.027307260758594, 1.0847028283333027, 17.093183433661906, 9.249136729069912, 17.843003365054564, 12.403597083224543, 0.8048637570378745, 12.829869102362592, 10.792012542457009, 11.834723925847022, 16.11696568556755, 10.880569967958758, 5.029490652798198, 14.333612662852513, 12.001502482636502, 6.036325141428059, 10.571719062734958, 13.378274091573115, 10.793776818043225, 14.611899514294274, 18.38985506675273, 10.929120890623262, 18.124196021558493, 10.39435136520142, 13.750725155984039, 0.0, 6.0953687026758026, 11.215948858217656, 8.310473151850314, 5.923087692760914, 9.607851861090595, 14.686597