M = 99999999.0;
numWorkers = 15;
numRoles = 5;
numNodes = 40;
wStart = [60, 270, 270, 60, 0, 0, 150, 60, 330, 30, 30, 180, 360, 120, 60, 120, 210, 300, 30, 360, 210, 120, 60, 270, 150, 240, 330, 450, 210, 90, 240, 420, 360, 450, 270, 480, 270, 390, 450, 480];
wEnd = [60, 270, 270, 60, 0, 0, 150, 60, 330, 30, 30, 180, 360, 120, 60, 210, 330, 420, 420, 450, 420, 360, 420, 450, 300, 240, 330, 450, 210, 90, 240, 420, 360, 450, 270, 480, 270, 390, 450, 480];
p = [0, 0, 0, 0, 0, 0, 0, 0, 0, 0, 0, 0, 0, 0, 0, 73.31090678937822, 28.813324919971826, 49.860023840703576, 63.85962772002598, 47.507165126454396, 54.87408425509963, 58.245166319420335, 68.38427687422603, 27.582209661600842, 36.45112906613027, 0, 0, 0, 0, 0, 0, 0, 0, 0, 0, 0, 0, 0, 0, 0];
e = [[0, 1, 0, 1, 0], [1, 0, 0, 1, 0], [0, 1, 0, 0, 0], [0, 0, 0, 0, 1], [0, 0, 1, 0, 0], [1, 0, 0, 0, 0], [0, 0, 1, 0, 0], [0, 0, 0, 0, 1], [1, 0, 0, 0, 0], [0, 0, 1, 0, 0], [0, 0, 0, 1, 0], [0, 0, 0, 0, 1], [1, 0, 0, 0, 0], [0, 1, 0, 0, 0], [0, 1, 0, 0, 0]];
d = [[0, 0, 2, 0, 0, 0, 0, 0, 0, 0], [1, 0, 1, 0, 0, 0, 0, 1, 0, 2], [2, 1, 0, 1, 1, 1, 1, 0, 1, 0], [1, 2, 0, 2, 2, 2, 2, 1, 2, 1], [1, 0, 2, 0, 0, 0, 0, 2, 0, 1]];
r = [1104, 1289, 1092, 609, 4166, 3219, 990, 4016, 3864, 3069];
g = [[0, 0, 0, 0, 0, 0, 0, 0, 0, 0], [0, 0, 0, 0, 0, 0, 0, 0, 0, 0], [0, 0, 0, 0, 0, 0, 0, 0, 0, 0], [0, 0, 0, 0, 0, 0, 0, 0, 0, 0], [0, 0, 0, 0, 0, 0, 0, 0, 0, 0], [0, 0, 0, 0, 0, 0, 0, 0, 0, 0], [0, 0, 0, 0, 0, 0, 0, 0, 0, 0], [0, 0, 0, 0, 0, 0, 0, 0, 0, 0], [0, 0, 0, 0, 0, 0, 0, 0, 0, 0], [0, 0, 0, 0, 0, 0, 0, 0, 0, 0]];
t = [[0.0, 19.20239154605188, 31.414506037711007, 35.46699829417521, 35.660072994240686, 39.18366052097453, 11.352761805293927, 22.92482037254238, 18.04166927476531, 34.253163753308115, 10.362463626157833, 47.127752849411934, 18.76158340119203, 16.59115103813663, 37.6125160842438, 11.585647164765858, 37.98738816507514, 25.67151844141864, 39.34316483312641, 34.75773495809955, 34.573394403406354, 20.260710813395715, 10.702436405005919, 27.471738841291053, 17.112514041935658, 0.0, 19.20239154605188, 31.414506037711007, 35.46699829417521, 35.660072994240686, 39.18366052097453, 11.352761805293927, 22.92482037254238, 18.04166927476531, 34.253163753308115, 10.362463626157833, 47.127752849411934, 18.76158340119203, 16.59115103813663, 37.6125160842438], [19.20239154605188, 0.0, 16.934583536413975, 34.82820014113931, 31.8288378058661, 30.997236044429858, 18.481427264928175, 12.57701768517244, 10.130987819986599, 28.441644456686305, 23.61990626729702, 47.698997995813585, 14.540049431572676, 21.857635191507203, 37.427826833135775, 29.687474769809306, 26.766680560547872, 30.235976576600933, 33.060894324486064, 17.28975552120258, 39.11246609509394, 33.11113771795786, 21.031848441803934, 29.790959128873155, 24.039950041226447, 19.20239154605188, 0.0, 16.934583536413975, 34.82820014113931, 31.8288378058661, 30.997236044429858, 18.481427264928175, 12.57701768517244, 10.130987819986599, 28.441644456686305, 23.61990626729702, 47.698997995813585, 14.540049431572676, 21.857635191507203, 37.427826833135775], [31.414506037711007, 16.934583536413975, 0.0, 25.699520897699987, 20.628255440917847, 16.290210140841108, 24.09653816001261, 28.497588581996432, 26.994010294732593, 16.394865488388167, 30.285900041923153, 37.4089088486299, 31.42406930061116, 23.546151276897746, 28.108011454278625, 38.624642951949404, 10.543266895991742, 27.169003401545783, 19.488728552166585, 7.079741137800924, 33.54507587869982, 36.30110211785153, 27.050483470584762, 24.885411660868982, 25.764500040376145, 31.414506037711007, 16.934583536413975, 0.0, 25.699520897699987, 20.628255440917847, 16.290210140841108, 24.09653816001261, 28.497588581996432, 26.994010294732593, 16.394865488388167, 30.285900041923153, 37.4089088486299, 31.42406930061116, 23.546151276897746, 28.108011454278625], [35.46699829417521, 34.82820014113931, 25.699520897699987, 0.0, 5.944008837698634, 14.171072342537151, 24.141810111370514, 47.1231291181398, 43.432066732659926, 9.890270011647813, 26.940171299047663, 12.879436998717063, 47.129092862201, 18.90680810648141, 2.6057185482486713, 34.5314180926826, 19.76724088652147, 11.393177901906249, 10.705133198058139, 32.71581684073195, 9.908141025983886, 24.410032551736233, 25.095229668935445, 8.404535611716634, 18.886465160614286, 35.46699829417521, 34.82820014113931, 25.699520897699987, 0.0, 5.944008837698634, 14.171072342537151, 24.141810111370514, 47.1231291181398, 43.432066732659926, 9.890270011647813, 26.940171299047663, 12.879436998717063, 47.129092862201, 18.90680810648141, 2.6057185482486713], [35.660072994240686, 31.8288378058661, 20.628255440917847, 5.944008837698634, 0.0, 8.309828603216044, 24.407313136660832, 44.366819486108014, 41.101896847650295, 4.2662848647349, 28.383947649297625, 16.81459350093078, 45.075223521344995, 19.750292097662314, 7.8411672812663475, 36.62365766674442, 13.86224923887792, 14.743663083219484, 5.270396822059546, 27.49301536515465, 15.704690405150508, 27.9087794626133, 26.00416225004368, 11.31760505812887, 20.426421544437837, 35.660072994240686, 31.8288378058661, 20.628255440917847, 5.944008837698634, 0.0, 8.309828603216044, 24.407313136660832, 44.366819486108014, 41.101896847650295, 4.2662848647349, 28.383947649297625, 16.81459350093078, 45.075223521344995, 19.750292097662314, 7.8411672812663475], [39.18366052097453, 30.997236044429858, 16.290210140841108, 14.171072342537151, 8.309828603216044, 0.0, 28.589406245861557, 43.44368906566624, 40.95926577698731, 5.857903330660324, 33.58741530035472, 22.807080975329903, 45.23557131261704, 24.89992219569417, 15.686419526142856, 42.20637599978003, 6.726724277030053, 22.18232866388701, 3.966422864247794, 22.261056752159096, 24.009684750209548, 34.95334608516216, 30.778068308728223, 18.79667457093316, 26.168557159525022, 39.18366052097453, 30.997236044429858, 16.290210140841108, 14.171072342537151, 8.309828603216044, 0.0, 28.589406245861557, 43.44368906566624, 40.95926577698731, 5.857903330660324, 33.58741530035472, 22.807080975329903, 45.23557131261704, 24.89992219569417, 15.686419526142856], [11.352761805293927, 18.481427264928175, 24.09653816001261, 24.141810111370514, 24.407313136660832, 28.589406245861557, 0.0, 27.664346129193316, 22.98530425819442, 23.324702484526814, 6.210029241178299, 36.04693470790616, 25.58263800876239, 5.422350429904993, 26.33763196528465, 14.627125364824094, 28.42806422906974, 14.941099448423028, 28.34025376491124, 29.216281634973292, 24.170151373929816, 14.63645902828674, 2.9978989632955164, 16.30856574241101, 6.645683394845795, 11.352761805293927, 18.481427264928175, 24.09653816001261, 24.141810111370514, 24.407313136660832, 28.589406245861557, 0.0, 27.664346129193316, 22.98530425819442, 23.324702484526814, 6.210029241178299, 36.04693470790616, 25.58263800876239, 5.422350429904993, 26.33763196528465], [22.92482037254238, 12.57701768517244, 28.497588581996432, 47.1231291181398, 44.366819486108014, 43.44368906566624, 27.664346129193316, 0.0, 4.929561330043464, 41.01845829659023, 31.13931473898331, 60.0, 5.945704511362939, 32.21425305846121, 49.70594268965937, 34.5077270409276, 38.81330912879273, 41.38457615525385, 45.61863242926533, 26.66091295285928, 50.55720793682095, 41.448362326259414, 29.446560999801875, 41.45210806444156, 34.085710510122844, 22.92482037254238, 12.57701768517244, 28.497588581996432, 47.1231291181398, 44.366819486108014, 43.44368906566624, 27.664346129193316, 0.0, 4.929561330043464, 41.01845829659023, 31.13931473898331, 60.0, 5.945704511362939, 32.21425305846121, 49.70594268965937], [18.04166927476531, 10.130987819986599, 26.994010294732593, 43.432066732659926, 41.101896847650295, 40.95926577698731, 22.98530425819442, 4.929561330043464, 0.0, 38.012437325922946, 26.248578410260972, 56.26691279168382, 4.431370709141799, 27.71758756253048, 45.984494880830916, 29.627167523199414, 36.89463538788844, 37.04661520034983, 42.80520832990479, 26.403894201230973, 46.28766610680474, 36.57774848027286, 24.642281805449148, 37.33499771496097, 29.496853320216598, 18.04166927476531, 10.130987819986599, 26.994010294732593, 43.432066732659926, 41.101896847650295, 40.95926577698731, 22.98530425819442, 4.929561330043464, 0.0, 38.012437325922946, 26.248578410260972, 56.26691279168382, 4.431370709141799, 27.71758756253048, 45.984494880830916], [34.253163753308115, 28.441644456686305, 16.394865488388167, 9.890270011647813, 4.2662848647349, 5.857903330660324, 23.324702484526814, 41.01845829659023, 38.012437325922946, 0.0, 28.019589545000485, 21.015412952207853, 42.11749223419493, 19.29315977264326, 12.02347972051758, 36.563984048799576, 10.008920227679553, 16.397676481497633, 5.118201082380338, 23.230373573189688, 19.197873180459773, 29.096068750708007, 25.32530360727485, 13.051862252147178, 20.432141726915734, 34.253163753308115, 28.441644456686305, 16.394865488388167, 9.890270011647813, 4.2662848647349, 5.857903330660324, 23.324702484526814, 41.01845829659023, 38.012437325922946, 0.0, 28.019589545000485, 21.015412952207853, 42.11749223419493, 19.29315977264326, 12.02347972051758], [10.362463626157833, 23.61990626729702, 30.285900041923153, 26.940171299047663, 28.383947649297625, 33.58741530035472, 6.210029241178299, 31.13931473898331, 26.248578410260972, 28.019589545000485, 0.0, 37.70899548491668, 28.0184655010586, 8.730869877111115, 28.79027871765781, 8.718595596535271, 34.10218018917187, 16.17964501947968, 32.82667358763849, 35.40415198585818, 24.60686364802292, 10.365587974970747, 3.235628784864071, 18.5783609634064, 8.076739585315579, 10.362463626157833, 23.61990626729702, 30.285900041923153, 26.940171299047663, 28.383947649297625, 33.58741530035472, 6.210029241178299, 31.13931473898331, 26.248578410260972, 28.019589545000485, 0.0, 37.70899548491668, 28.0184655010586, 8.730869877111115, 28.79027871765781], [47.127752849411934, 47.698997995813585, 37.4089088486299, 12.879436998717063, 16.81459350093078, 22.807080975329903, 36.04693470790616, 60.0, 56.26691279168382, 21.015412952207853, 37.70899548491668, 0.0, 59.89668708848259, 30.63839592195618, 10.294815713656046, 44.16870053457624, 29.457691301846058, 21.554991581341884, 18.86611171431032, 44.17691597722736, 13.916111766654916, 32.395034049149096, 36.46414586722941, 19.74093387394477, 30.044965694091555, 47.127752849411934, 47.698997995813585, 37.4089088486299, 12.879436998717063, 16.81459350093078, 22.807080975329903, 36.04693470790616, 60.0, 56.26691279168382, 21.015412952207853, 37.70899548491668, 0.0, 59.89668708848259, 30.63839592195618, 10.294815713656046], [18.76158340119203, 14.540049431572676, 31.42406930061116, 47.129092862201, 45.075223521344995, 45.23557131261704, 25.58263800876239, 5.945704511362939, 4.431370709141799, 42.11749223419493, 28.0184655010586, 59.89668708848259, 0.0, 30.619684626885316, 49.65012456105632, 30.155176953997483, 41.28663048993318, 40.11796880745172, 46.97413601866429, 30.727410701252467, 49.406473878228034, 38.37424242438017, 26.849988393877496, 40.67493986869955, 32.21137758533585, 18.76158340119203, 14.540049431572676, 31.42406930061116, 47.129092862201, 45.075223521344995, 45.23557131261704, 25.58263800876239, 5.945704511362939, 4.431370709141799, 42.11749223419493, 28.0184655010586, 59.89668708848259, 0.0, 30.619684626885316, 49.65012456105632], [16.59115103813663, 21.857635191507203, 23.546151276897746, 18.90680810648141, 19.750292097662314, 24.89992219569417, 5.422350429904993, 32.21425305846121, 27.71758756253048, 19.29315977264326, 8.730869877111115, 30.63839592195618, 30.619684626885316, 0.0, 21.02161478365079, 17.307168425057604, 25.838149819187397, 9.58293239470763, 24.101698516525158, 29.555152796436296, 18.861057914939714, 12.82897717151225, 6.2812092964792905, 10.91147731689488, 2.35378866608589, 16.59115103813663, 21.857635191507203, 23.546151276897746, 18.90680810648141, 19.750292097662314, 24.89992219569417, 5.422350429904993, 32.21425305846121, 27.71758756253048, 19.29315977264326, 8.730869877111115, 30.63839592195618, 30.619684626885316, 0.0, 21.02161478365079], [37.6125160842438, 37.427826833135775, 28.108011454278625, 2.6057185482486713, 7.8411672812663475, 15.686419526142856, 26.33763196528465, 49.70594268965937, 45.984494880830916, 12.02347972051758, 28.79027871765781, 10.294815713656046, 49.65012456105632, 21.02161478365079, 0.0, 36.09826578477849, 21.664058456481342, 12.846763851873286, 11.943520155021254, 35.08767766201071, 9.229127356584751, 25.448573002464464, 27.12061233724574, 10.232520663785536, 20.806783795150874, 37.6125160842438, 37.427826833135775, 28.108011454278625, 2.6057185482486713, 7.8411672812663475, 15.686419526142856, 26.33763196528465, 49.70594268965937, 45.984494880830916, 12.02347972051758, 28.79027871765781, 10.294815713656046, 49.65012456105632, 21.02161478365079, 0.0], [11.585647164765858, 29.687474769809306, 38.624642951949404, 34.5314180926826, 36.62365766674442, 42.20637599978003, 14.627125364824094, 34.5077270409276, 29.627167523199414, 36.563984048799576, 8.718595596535271, 44.16870053457624, 30.155176953997483, 17.307168425057604, 36.09826578477849, 0.0, 42.81791131980826, 23.251685670179878, 41.262377768467616, 43.307543207132866, 30.42686983727735, 12.508509176129357, 11.830098165737924, 26.144911958634026, 16.219396423829487, 11.585647164765858, 29.687474769809306, 38.624642951949404, 34.5314180926826, 36.62365766674442, 42.20637599978003, 14.627125364824094, 34.5077270409276, 29.627167523199414, 36.563984048799576, 8.718595596535271, 44.16870053457624, 30.155176953997483, 17.307168425057604, 36.09826578477849], [37.98738816507514, 26.766680560547872, 10.543266895991742, 19.76724088652147, 13.86224923887792, 6.726724277030053, 28.42806422906974, 38.81330912879273, 36.89463538788844, 10.008920227679553, 34.10218018917187, 29.457691301846058, 41.28663048993318, 25.838149819187397, 21.664058456481342, 42.81791131980826, 0.0, 25.56710402777664, 10.599432101936271, 15.77999982213284, 29.205875298674062, 37.36352274306879, 31.021837493788706, 22.44044154921376, 27.565067559512087, 37.98738816507514, 26.766680560547872, 10.543266895991742, 19.76724088652147, 13.86224923887792, 6.726724277030053, 28.42806422906974, 38.81330912879273, 36.89463538788844, 10.008920227679553, 34.10218018917187, 29.457691301846058, 41.28663048993318, 25.838149819187397, 21.664058456481342], [25.67151844141864, 30.235976576600933, 27.169003401545783, 11.393177901906249, 14.743663083219484, 22.18232866388701, 14.941099448423028, 41.38457615525385, 37.04661520034983, 16.397676481497633, 16.17964501947968, 21.554991581341884, 40.11796880745172, 9.58293239470763, 12.846763851873286, 23.251685670179878, 25.56710402777664, 0.0, 19.945872286808946, 34.02990706001066, 9.293338409331772, 13.21874060595995, 14.971333714902775, 3.4323898320008315, 8.562826979164264, 25.67151844141864, 30.235976576600933, 27.169003401545783, 11.393177901906249, 14.743663083219484, 22.18232866388701, 14.941099448423028, 41.38457615525385, 37.04661520034983, 16.397676481497633, 16.17964501947968, 21.554991581341884, 40.11796880745172, 9.58293239470763, 12.846763851873286], [39.34316483312641, 33.060894324486064, 19.488728552166585, 10.705133198058139, 5.270396822059546, 3.966422864247794, 28.34025376491124, 45.61863242926533, 42.80520832990479, 5.118201082380338, 32.82667358763849, 18.86611171431032, 46.97413601866429, 24.101698516525158, 11.943520155021254, 41.262377768467616, 10.599432101936271, 19.945872286808946, 0.0, 25.809631513785956, 20.61326083425534, 33.04524772586097, 30.23551847930903, 16.51351453045599, 25.051558505191597, 39.34316483312641, 33.060894324486064, 19.488728552166585, 10.705133198058139, 5.270396822059546, 3.966422864247794, 28.34025376491124, 45.61863242926533, 42.80520832990479, 5.118201082380338, 32.82667358763849, 18.86611171431032, 46.97413601866429, 24.101698516525158, 11.943520155021254], [34.75773495809955, 17.28975552120258, 7.079741137800924, 32.71581684073195, 27.49301536515465, 22.261056752159096, 29.216281634973292, 26.66091295285928, 26.403894201230973, 23.230373573189688, 35.40415198585818, 44.17691597722736, 30.727410701252467, 29.555152796436296, 35.08767766201071, 43.307543207132866, 15.77999982213284, 34.02990706001066, 25.809631513785956, 0.0, 40.61591300243009, 42.38380862060648, 32.214169948740995, 31.874954428981475, 31.85861763372765, 34.75773495809955, 17.28975552120258, 7.079741137800924, 32.71581684073195, 27.49301536515465, 22.261056752159096, 29.216281634973292, 26.66091295285928, 26.403894201230973, 23.230373573189688, 35.40415198585818, 44.17691597722736, 30.727410701252467, 29.555152796436296, 35.08767766201071], [34.573394403406354, 39.11246609509394, 33.54507587869982, 9.908141025983886, 15.704690405150508, 24.009684750209548, 24.170151373929816, 50.55720793682095, 46.28766610680474, 19.197873180459773, 24.60686364802292, 13.916111766654916, 49.406473878228034, 18.861057914939714, 9.229127356584751, 30.42686983727735, 29.205875298674062, 9.293338409331772, 20.61326083425534, 40.61591300243009, 0.0, 18.483575375096287, 23.913283527090545, 9.39100785562162, 17.635493959152647, 34.573394403406354, 39.11246609509394, 33.54507587869982, 9.908141025983886, 15.704690405150508, 24.009684750209548, 24.170151373929816, 50.55720793682095, 46.28766610680474, 19.197873180459773, 24.60686364802292, 13.916111766654916, 49.406473878228034, 18.861057914939714, 9.229127356584751], [20.260710813395715, 33.11113771795786, 36.30110211785153, 24.410032551736233, 27.9087794626133, 34.95334608516216, 14.63645902828674, 41.448362326259414, 36.57774848027286, 29.096068750708007, 10.365587974970747, 32.395034049149096, 38.37424242438017, 12.82897717151225, 25.448573002464464, 12.508509176129357, 37.36352274306879, 13.21874060595995, 33.04524772586097, 42.38380862060648, 18.483575375096287, 0.0, 12.18947371780818, 16.608367449224318, 10.546750170851102, 20.260710813395715, 33.11113771795786, 36.30110211785153, 24.410032551736233, 27.9087794626133, 34.95334608516216, 14.63645902828674, 41.448362326259414, 36.57774848027286, 29.096068750708007, 10.365587974970747, 32.395034049149096, 38.37424242438017, 12.82897717151225, 25.448573002464464], [10.702436405005919, 21.031848441803934, 27.050483470584762, 25.095229668935445, 26.00416225004368, 30.778068308728223, 2.9978989632955164, 29.446560999801875, 24.642281805449148, 25.32530360727485, 3.235628784864071, 36.46414586722941, 26.849988393877496, 6.2812092964792905, 27.12061233724574, 11.830098165737924, 31.021837493788706, 14.971333714902775, 30.23551847930903, 32.214169948740995, 23.913283527090545, 12.18947371780818, 0.0, 16.907212134656625, 6.421164086223332, 10.702436405005919, 21.031848441803934, 27.050483470584762, 25.095229668935445, 26.00416225004368, 30.778068308728223, 2.9978989632955164, 29.446560999801875, 24.642281805449148, 25.32530360727485, 3.235628784864071, 36.46414586722941, 26.849988393877496, 6.2812092964792905, 27.12061233724574], [27.471738841291053, 29.790959128873155, 24.885411660868982, 8.404535611716634, 11.31760505812887, 18.79667457093316, 16.30856574241101, 41.45210806444156, 37.33499771496097, 13.051862252147178, 18.5783609634064, 19.74093387394477, 40.67493986869955, 10.91147731689488, 10.232520663785536, 26.144911958634026, 22.44044154921376, 3.4323898320008315, 16.51351453045599, 31.874954428981475, 9.39100785562162, 16.608367449224318, 16.907212134656625, 0.0, 10.574272474757397, 27.471738841291053, 29.790959128873155, 24.885411660868982, 8.404535611716634, 11.31760505812887, 18.79667457093316, 16.30856574241101, 41.45210806444156, 37.33499771496097, 13.051862252147178, 18.5783609634064, 19.74093387394477, 40.67493986869955, 10.91147731689488, 10.232520663785536], [17.112514041935658, 24.039950041226447, 25.764500040376145, 18.886465160614286, 20.426421544437837, 26.168557159525022, 6.645683394845795, 34.085710510122844, 29.496853320216598, 20.432141726915734, 8.076739585315579, 30.044965694091555, 32.21137758533585, 2.35378866608589, 20.806783795150874, 16.219396423829487, 27.565067559512087, 8.562826979164264, 25.051558505191597, 31.85861763372765, 17.635493959152647, 10.546750170851102, 6.421164086223332, 10.574272474757397, 0.0, 17.112514041935658, 24.039950041226447, 25.764500040376145, 18.886465160614286, 20.426421544437837, 26.168557159525022, 6.645683394845795, 34.085710510122844, 29.496853320216598, 20.432141726915734, 8.076739585315579, 30.044965694091555, 32.21137758533585, 2.35378866608589, 20.806783795150874], [0.0, 19.20239154605188, 31.414506037711007, 35.46699829417521, 35.660072994240686, 39.18366052097453, 11.352761805293927, 22.92482037254238, 18.04166927476531, 34.253163753308115, 10.362463626157833, 47.127752849411934, 18.76158340119203, 16.59115103813663, 37.6125160842438, 11.585647164765858, 37.98738816507514, 25.67151844141864, 39.34316483312641, 34.75773495809955, 34.573394403406354, 20.260710813395715, 10.702436405005919, 27.471738841291053, 17.112514041935658, 0.0, 19.20239154605188, 31.414506037711007, 35.46699829417521, 35.660072994240686, 39.18366052097453, 11.352761805293927, 22.92482037254238, 18.04166927476531, 34.253163753308115, 10.362463626157833, 47.127752849411934, 18.76158340119203, 16.59115103813663, 37.6125160842438], [19.20239154605188, 0.0, 16.934583536413975, 34.82820014113931, 31.8288378058661, 30.997236044429858, 18.481427264928175, 12.57701768517244, 10.130987819986599, 28.441644456686305, 23.61990626729702, 47.698997995813585, 14.540049431572676, 21.857635191507203, 37.427826833135775, 29.687474769809306, 26.766680560547872, 30.235976576600933, 33.060894324486064, 17.28975552120258, 39.11246609509394, 33.11113771795786, 21.031848441803934, 29.790959128873155, 24.039950041226447, 19.20239154605188, 0.0, 16.934583536413975, 34.82820014113931, 31.8288378058661, 30.997236044429858, 18.481427264928175, 12.57701768517244, 10.130987819986599, 28.441644456686305, 23.61990626729702, 47.698997995813585, 14.540049431572676, 21.857635191507203, 37.427826833135775], [31.414506037711007, 16.934583536413975, 0.0, 25.699520897699987, 20.628255440917847, 16.290210140841108, 24.09653816001261, 28.497588581996432, 26.994010294732593, 16.394865488388167, 30.285900041923153, 37.4089088486299, 31.42406930061116, 23.546151276897746, 28.108011454278625, 38.624642951949404, 10.543266895991742, 27.169003401545783, 19.488728552166585, 7.079741137800924, 33.54507587869982, 36.30110211785153, 27.050483470584762, 24.885411660868982, 25.764500040376145, 31.414506037711007, 16.934583536413975, 0.0, 25.699520897699987, 20.628255440917847, 16.290210140841108, 24.09653816001261, 28.497588581996432, 26.994010294732593, 16.394865488388167, 30.285900041923153, 37.4089088486299, 31.42406930061116, 23.546151276897746, 28.108011454278625], [35.46699829417521, 34.82820014113931, 25.699520897699987, 0.0, 5.944008837698634, 14.171072342537151, 24.141810111370514, 47.1231291181398, 43.432066732659926, 9.890270011647813, 26.940171299047663, 12.879436998717063, 47.129092862201, 18.90680810648141, 2.6057185482486713, 34.5314180926826, 19.76724088652147, 11.393177901906249, 10.705133198058139, 32.71581684073195, 9.908141025983886, 24.410032551736233, 25.095229668935445, 8.404535611716634, 18.886465160614286, 35.46699829417521, 34.82820014113931, 25.699520897699987, 0.0, 5.944008837698634, 14.171072342537151, 24.141810111370514, 47.1231291181398, 43.432066732659926, 9.890270011647813, 26.940171299047663, 12.879436998717063, 47.129092862201, 18.90680810648141, 2.6057185482486713], [35.660072994240686, 31.8288378058661, 20.628255440917847, 5.944008837698634, 0.0, 8.309828603216044, 24.407313136660832, 44.366819486108014, 41.101896847650295, 4.2662848647349, 28.383947649297625, 16.81459350093078, 45.075223521344995, 19.750292097662314, 7.8411672812663475, 36.62365766674442, 13.86224923887792, 14.743663083219484, 5.270396822059546, 27.49301536515465, 15.704690405150508, 27.9087794626133, 26.00416225004368, 11.31760505812887, 20.426421544437837, 35.660072994240686, 31.8288378058661, 20.628255440917847, 5.944008837698634, 0.0, 8.309828603216044, 24.407313136660832, 44.366819486108014, 41.101896847650295, 4.2662848647349, 28.383947649297625, 16.81459350093078, 45.075223521344995, 19.750292097662314, 7.8411672812663475], [39.18366052097453, 30.997236044429858, 16.290210140841108, 14.171072342537151, 8.309828603216044, 0.0, 28.589406245861557, 43.44368906566624, 40.95926577698731, 5.857903330660324, 33.58741530035472, 22.807080975329903, 45.23557131261704, 24.89992219569417, 15.686419526142856, 42.20637599978003, 6.726724277030053, 22.18232866388701, 3.966422864247794, 22.261056752159096, 24.009684750209548, 34.95334608516216, 30.778068308728223, 18.79667457093316, 26.168557159525022, 39.18366052097453, 30.997236044429858, 16.290210140841108, 14.171072342537151, 8.309828603216044, 0.0, 28.589406245861557, 43.44368906566624, 40.95926577698731, 5.857903330660324, 33.58741530035472, 22.807080975329903, 45.23557131261704, 24.89992219569417, 15.686419526142856], [11.352761805293927, 18.481427264928175, 24.09653816001261, 24.141810111370514, 24.407313136660832, 28.589406245861557, 0.0, 27.664346129193316, 22.98530425819442, 23.324702484526814, 6.210029241178299, 36.04693470790616, 25.58263800876239, 5.422350429904993, 26.33763196528465, 14.627125364824094, 28.42806422906974, 14.941099448423028, 28.34025376491124, 29.216281634973292, 24.170151373929816, 14.63645902828674, 2.9978989632955164, 16.30856574241101, 6.645683394845795, 11.352761805293927, 18.481427264928175, 24.09653816001261, 24.141810111370514, 24.407313136660832, 28.589406245861557, 0.0, 27.664346129193316, 22.98530425819442, 23.324702484526814, 6.210029241178299, 36.04693470790616, 25.58263800876239, 5.422350429904993, 26.33763196528465], [22.92482037254238, 12.57701768517244, 28.497588581996432, 47.1231291181398, 44.366819486108014, 43.44368906566624, 27.664346129193316, 0.0, 4.929561330043464, 41.01845829659023, 31.13931473898331, 60.0, 5.945704511362939, 32.21425305846121, 49.70594268965937, 34.5077270409276, 38.81330912879273, 41.38457615525385, 45.61863242926533, 26.66091295285928, 50.55720793682095, 41.448362326259414, 29.446560999801875, 41.45210806444156, 34.085710510122844, 22.92482037254238, 12.57701768517244, 28.497588581996432, 47.1231291181398, 44.366819486108014, 43.44368906566624, 27.664346129193316, 0.0, 4.929561330043464, 41.01845829659023, 31.13931473898331, 60.0, 5.945704511362939, 32.21425305846121, 49.70594268965937], [18.04166927476531, 10.130987819986599, 26.994010294732593, 43.432066732659926, 41.101896847650295, 40.95926577698731, 22.98530425819442, 4.929561330043464, 0.0, 38.012437325922946, 26.248578410260972, 56.26691279168382, 4.431370709141799, 27.71758756253048, 45.984494880830916, 29.627167523199414, 36.89463538788844, 37.04661520034983, 42.80520832990479, 26.403894201230973, 46.28766610680474, 36.57774848027286, 24.642281805449148, 37.33499771496097, 29.496853320216598, 18.04166927476531, 10.130987819986599, 26.994010294732593, 43.432066732659926, 41.101896847650295, 40.95926577698731, 22.98530425819442, 4.929561330043464, 0.0, 38.012437325922946, 26.248578410260972, 56.26691279168382, 4.431370709141799, 27.71758756253048, 45.984494880830916], [34.253163753308115, 28.441644456686305, 16.394865488388167, 9.890270011647813, 4.2662848647349, 5.857903330660324, 23.324702484526814, 41.01845829659023, 38.012437325922946, 0.0, 28.019589545000485, 21.015412952207853, 42.11749223419493, 19.29315977264326, 12.02347972051758, 36.563984048799576, 10.008920227679553, 16.397676481497633, 5.118201082380338, 23.230373573189688, 19.197873180459773, 29.096068750708007, 25.32530360727485, 13.051862252147178, 20.432141726915734, 34.253163753308115, 28.441644456686305, 16.394865488388167, 9.890270011647813, 4.2662848647349, 5.857903330660324, 23.324702484526814, 41.01845829659023, 38.012437325922946, 0.0, 28.019589545000485, 21.015412952207853, 42.11749223419493, 19.29315977264326, 12.02347972051758], [10.362463626157833, 23.61990626729702, 30.285900041923153, 26.940171299047663, 28.383947649297625, 33.58741530035472, 6.210029241178299, 31.13931473898331, 26.248578410260972, 28.019589545000485, 0.0, 37.70899548491668, 28.0184655010586, 8.730869877111115, 28.79027871765781, 8.718595596535271, 34.10218018917187, 16.17964501947968, 32.82667358763849, 35.40415198585818, 24.60686364802292, 10.365587974970747, 3.235628784864071, 18.5783609634064, 8.076739585315579, 10.362463626157833, 23.61990626729702, 30.285900041923153, 26.940171299047663, 28.383947649297625, 33.58741530035472, 6.210029241178299, 31.13931473898331, 26.248578410260972, 28.019589545000485, 0.0, 37.70899548491668, 28.0184655010586, 8.730869877111115, 28.79027871765781], [47.127752849411934, 47.698997995813585, 37.4089088486299, 12.879436998717063, 16.81459350093078, 22.807080975329903, 36.04693470790616, 60.0, 56.26691279168382, 21.015412952207853, 37.70899548491668, 0.0, 59.89668708848259, 30.63839592195618, 10.294815713656046, 44.16870053457624, 29.457691301846058, 21.554991581341884, 18.86611171431032, 44.17691597722736, 13.916111766654916, 32.395034049149096, 36.46414586722941, 19.74093387394477, 30.044965694091555, 47.127752849411934, 47.698997995813585, 37.4089088486299, 12.879436998717063, 16.81459350093078, 22.807080975329903, 36.04693470790616, 60.0, 56.26691279168382, 21.015412952207853, 37.70899548491668, 0.0, 59.89668708848259, 30.63839592195618, 10.294815713656046], [18.76158340119203, 14.540049431572676, 31.42406930061116, 47.129092862201, 45.075223521344995, 45.23557131261704, 25.58263800876239, 5.945704511362939, 4.431370709141799, 42.11749223419493, 28.0184655010586, 59.89668708848259, 0.0, 30.619684626885316, 49.65012456105632, 30.155176953997483, 41.28663048993318, 40.11796880745172, 46.97413601866429, 30.727410701252467, 49.406473878228034, 38.37424242438017, 26.849988393877496, 40.67493986869955, 32.21137758533585, 18.76158340119203, 14.540049431572676, 31.42406930061116, 47.129092862201, 45.075223521344995, 45.23557131261704, 25.58263800876239, 5.945704511362939, 4.431370709141799, 42.11749223419493, 28.0184655010586, 59.89668708848259, 0.0, 30.619684626885316, 49.65012456105632], [16.59115103813663, 21.857635191507203, 23.546151276897746, 18.90680810648141, 19.750292097662314, 24.89992219569417, 5.422350429904993, 32.21425305846121, 27.71758756253048, 19.29315977264326, 8.730869877111115, 30.63839592195618, 30.619684626885316, 0.0, 21.02161478365079, 17.307168425057604, 25.838149819187397, 9.58293239470763, 24.101698516525158, 29.555152796436296, 18.861057914939714, 12.82897717151225, 6.2812092964792905, 10.91147731689488, 2.35378866608589, 16.59115103813663, 21.857635191507203, 23.546151276897746, 18.90680810648141, 19.750292097662314, 24.89992219569417, 5.422350429904993, 32.21425305846121, 27.71758756253048, 19.29315977264326, 8.730869877111115, 30.63839592195618, 30.619684626885316, 0.0, 21.02161478365079], [37.6125160842438, 37.427826833135775, 28.108011454278625, 2.6057185482486713, 7.8411672812663475, 15.686419526142856, 26.33763196528465, 49.70594268965937, 45.984494880830916, 12.02347972051758, 28.79027871765781, 10.294815713656046, 49.65012456105632, 21.02161478365079, 0.0, 36.09826578477849, 21.664058456481342, 12.846763851873286, 11.943520155021254, 35.08767766201071, 9.229127356584751, 25.448573002464464, 27.12061233724574, 10.232520663785536, 20.806783795150874, 37.6125160842438, 37.427826833135775, 28.108011454278625, 2.6057185482486713, 7.8411672812663475, 15.686419526142856, 26.33763196528465, 49.70594268965937, 45.984494880830916, 12.02347972051758, 28.79027871765781, 10.294815713656046, 49.65012456105632, 21.02161478365079, 0.0]];
