M = 99999999.0;
numWorkers = 30;
numRoles = 5;
numNodes = 80;
wStart = [60, 30, 90, 270, 180, 60, 30, 150, 270, 120, 30, 180, 210, 120, 0, 120, 330, 180, 120, 240, 210, 180, 60, 0, 30, 180, 0, 60, 0, 180, 90, 120, 210, 270, 150, 30, 90, 90, 90, 330, 120, 60, 180, 30, 90, 120, 60, 270, 180, 210, 180, 330, 450, 420, 300, 390, 450, 270, 420, 270, 360, 480, 300, 330, 240, 240, 450, 390, 360, 360, 300, 300, 390, 420, 450, 270, 420, 390, 150, 360];
wEnd = [60, 30, 90, 270, 180, 60, 30, 150, 270, 120, 30, 180, 210, 120, 0, 120, 330, 180, 120, 240, 210, 180, 60, 0, 30, 180, 0, 60, 0, 180, 270, 420, 420, 390, 330, 90, 420, 450, 330, 390, 420, 120, 450, 420, 240, 390, 300, 300, 390, 270, 180, 330, 450, 420, 300, 390, 450, 270, 420, 270, 360, 480, 300, 330, 240, 240, 450, 390, 360, 360, 300, 300, 390, 420, 450, 270, 420, 390, 150, 360];
p = [0, 0, 0, 0, 0, 0, 0, 0, 0, 0, 0, 0, 0, 0, 0, 0, 0, 0, 0, 0, 0, 0, 0, 0, 0, 0, 0, 0, 0, 0, 22.257203406496014, 15.962064021426327, 69.78149053241123, 21.629574236698375, 56.02034630296276, 71.79369966907461, 64.8442925348441, 15.916504323011818, 15.996970320055635, 34.99905954926954, 37.511244972650864, 63.093650941912905, 74.0495258758511, 26.215097362283878, 45.786630991593185, 66.82767403565171, 67.97862126197535, 19.255776578577947, 40.567462706593034, 43.28687327578865, 0, 0, 0, 0, 0, 0, 0, 0, 0, 0, 0, 0, 0, 0, 0, 0, 0, 0, 0, 0, 0, 0, 0, 0, 0, 0, 0, 0, 0, 0];
e = [[1, 1, 0, 0, 0], [1, 0, 0, 0, 1], [1, 0, 0, 1, 0], [1, 0, 0, 0, 1], [1, 0, 1, 0, 0], [1, 1, 0, 0, 0], [1, 0, 0, 0, 0], [0, 0, 0, 1, 0], [0, 0, 1, 0, 0], [0, 1, 0, 0, 0], [0, 1, 0, 0, 0], [0, 0, 0, 1, 0], [0, 0, 0, 1, 0], [0, 1, 0, 0, 0], [1, 0, 0, 0, 0], [0, 0, 0, 1, 0], [0, 1, 0, 0, 0], [0, 0, 1, 0, 0], [0, 0, 0, 0, 1], [0, 1, 0, 0, 0], [0, 0, 0, 0, 1], [1, 0, 0, 0, 0], [0, 0, 1, 0, 0], [0, 0, 0, 1, 0], [0, 0, 1, 0, 0], [0, 0, 0, 0, 1], [0, 1, 0, 0, 0], [0, 1, 0, 0, 0], [0, 0, 0, 0, 1], [0, 0, 1, 0, 0]];
d = [[1, 1, 1, 1, 1, 1, 1, 1, 1, 1, 0, 0, 0, 1, 1, 1, 1, 1, 0, 0], [1, 2, 1, 1, 2, 1, 2, 2, 1, 1, 1, 0, 1, 2, 1, 1, 1, 1, 0, 0], [2, 0, 2, 2, 0, 2, 0, 0, 1, 1, 1, 1, 1, 0, 1, 1, 1, 2, 1, 1], [0, 1, 0, 0, 1, 0, 1, 1, 0, 0, 0, 3, 0, 1, 0, 0, 0, 0, 3, 3], [1, 1, 1, 1, 1, 1, 1, 1, 0, 0, 2, 1, 2, 1, 0, 0, 0, 1, 1, 1]];
r = [3387, 2870, 2967, 3578, 3097, 2352, 4304, 745, 4590, 130, 517, 2129, 235, 4920, 2103, 4414, 1198, 4893, 1631, 3116];
g = [[0, 0, 0, 0, 0, 0, 0, 0, 0, 0, 0, 0, 0, 0, 0, 0, 0, 0, 0, 0], [0, 0, 0, 0, 0, 0, 0, 0, 0, 0, 0, 0, 0, 0, 0, 0, 0, 0, 0, 0], [0, 0, 0, 0, 0, 0, 0, 0, 0, 0, 0, 0, 0, 0, 0, 0, 0, 0, 0, 0], [0, 0, 0, 0, 0, 0, 0, 0, 0, 0, 0, 0, 0, 0, 0, 0, 0, 0, 0, 0], [0, 0, 0, 0, 0, 0, 0, 0, 0, 0, 0, 0, 0, 0, 0, 0, 0, 0, 0, 0], [0, 0, 0, 0, 0, 0, 0, 0, 0, 0, 0, 0, 0, 0, 0, 0, 0, 0, 0, 0], [0, 0, 0, 0, 0, 0, 0, 0, 0, 0, 0, 0, 0, 0, 0, 0, 0, 0, 0, 0], [0, 0, 0, 0, 0, 0, 0, 0, 0, 0, 0, 0, 0, 0, 0, 0, 0, 0, 0, 0], [0, 0, 0, 0, 0, 0, 0, 0, 0, 0, 0, 0, 0, 0, 0, 0, 0, 0, 0, 0], [0, 0, 0, 0, 0, 0, 0, 0, 0, 0, 0, 0, 0, 0, 0, 0, 0, 0, 0, 0], [0, 0, 0, 0, 0, 0, 0, 0, 0, 0, 0, 0, 0, 0, 0, 0, 0, 0, 0, 0], [0, 0, 0, 0, 0, 0, 0, 0, 0, 0, 0, 0, 0, 0, 0, 0, 0, 0, 0, 0], [0, 0, 0, 0, 0, 0, 0, 0, 0, 0, 0, 0, 0, 0, 0, 0, 0, 0, 0, 0], [0, 0, 0, 0, 0, 0, 0, 0, 0, 0, 0, 0, 0, 0, 0, 0, 0, 0, 0, 0], [0, 0, 0, 0, 0, 0, 0, 0, 0, 0, 0, 0, 0, 0, 0, 0, 0, 0, 0, 0], [0, 0, 0, 0, 0, 0, 0, 0, 0, 0, 0, 0, 0, 0, 0, 0, 0, 0, 0, 0], [0, 0, 0, 0, 0, 0, 0, 0, 0, 0, 0, 0, 0, 0, 0, 0, 0, 0, 0, 0], [0, 0, 0, 0, 0, 0, 0, 0, 0, 0, 0, 0, 0, 0, 0, 0, 0, 0, 0, 0], [0, 0, 0, 0, 0, 0, 0, 0, 0, 0, 0, 0, 0, 0, 0, 0, 0, 0, 0, 0], [0, 0, 0, 0, 0, 0, 0, 0, 0, 0, 0, 0, 0, 0, 0, 0, 0, 0, 0, 0]];
t = [[0.0, 28.878043280221693, 24.194407054475125, 26.223585339489176, 14.804457984120711, 25.990173501682428, 7.931739612034127, 12.660042828270473, 33.297436606986984, 9.139574076593645, 35.45299686749614, 16.67028174625982, 21.35671443489581, 31.12789104616335, 24.325913866799404, 20.545059750410115, 27.058589280729137, 15.24241671283668, 19.645912858691773, 19.37850670954588, 25.507980073423553, 23.81110113925083, 38.73112475005881, 11.351432663913437, 9.617040172614947, 20.548583665070144, 14.732678854125524, 10.091667857057699, 26.169370689457267, 14.473622063301779, 22.453448535328015, 27.839154106358198, 10.473768746319939, 19.858266079975156, 26.25262261300428, 20.978855488984838, 27.42856257586591, 5.769554618499816, 16.488284567531238, 17.289105710201458, 21.50006854104354, 25.506214563859693, 24.754344378608575, 22.097616985546253, 7.284486725318107, 19.449492430414715, 14.629972718052722, 24.855711260804256, 21.847556577570924, 29.634085893260977, 0.0, 28.878043280221693, 24.194407054475125, 26.223585339489176, 14.804457984120711, 25.990173501682428, 7.931739612034127, 12.660042828270473, 33.297436606986984, 9.139574076593645, 35.45299686749614, 16.67028174625982, 21.35671443489581, 31.12789104616335, 24.325913866799404, 20.545059750410115, 27.058589280729137, 15.24241671283668, 19.645912858691773, 19.37850670954588, 25.507980073423553, 23.81110113925083, 38.73112475005881, 11.351432663913437, 9.617040172614947, 20.548583665070144, 14.732678854125524, 10.091667857057699, 26.169370689457267, 14.473622063301779], [28.878043280221693, 0.0, 18.605425665113476, 11.097226836365282, 14.664918734106088, 47.43840477365616, 27.148802128963975, 16.21819808500619, 22.69248531787874, 33.35561470564239, 27.50217259043693, 18.502919126777936, 44.5002995263137, 19.65049131957078, 43.500757509602316, 9.856725816386167, 12.105786062788738, 27.256674433262663, 42.656271435014304, 38.6666032892099, 6.16632415504472, 21.566921735614912, 29.685836690541795, 21.550784812129137, 38.4293198834296, 8.517545275255658, 32.07341006321657, 36.81204909216172, 50.203913878032026, 42.784011804332984, 29.948117263032128, 20.138841377617116, 21.511761721611983, 40.68517547358716, 7.211907463491187, 44.944504893877436, 18.627000460042375, 33.47093979146346, 32.34264595239898, 45.78748309909393, 13.453890733228036, 37.582886776187394, 19.441310910175094, 11.090517050967625, 21.719040954576876, 38.91898190233289, 14.33337744361898, 8.943701828431141, 36.94200175162274, 3.495740632104163, 28.878043280221693, 0.0, 18.605425665113476, 11.097226836365282, 14.664918734106088, 47.43840477365616, 27.148802128963975, 16.21819808500619, 22.69248531787874, 33.35561470564239, 27.50217259043693, 18.502919126777936, 44.5002995263137, 19.65049131957078, 43.500757509602316, 9.856725816386167, 12.105786062788738, 27.256674433262663, 42.656271435014304, 38.6666032892099, 6.16632415504472, 21.566921735614912, 29.685836690541795, 21.550784812129137, 38.4293198834296, 8.517545275255658, 32.07341006321657, 36.81204909216172, 50.203913878032026, 42.784011804332984], [24.194407054475125, 18.605425665113476, 0.0, 26.178400092328218, 13.202269762230248, 32.20403556949226, 17.750629396492457, 16.638150207763122, 9.170226843970482, 23.048986877291, 12.259152972891016, 7.591608916913716, 45.10147194749936, 6.98864170633355, 27.681044543772828, 19.96584468453424, 7.310385385403175, 13.049057187481027, 43.29035236565575, 23.748463748465873, 21.330779713397384, 33.03043740159995, 15.425868622759056, 12.84455061004702, 32.74323438321082, 17.103910769577965, 35.27773743294753, 27.199326557684223, 36.156941402468206, 38.11059187212162, 12.29953376016236, 3.726872575203781, 24.13681984428572, 26.13899091275048, 22.913312282585018, 31.513335742534135, 32.70789158513105, 25.790811526942214, 36.452459757745345, 36.93048315486048, 6.0828628369309925, 20.0010869360494, 0.9495563885719353, 8.230354589333944, 20.184134980576836, 24.0363227753145, 14.929298326749132, 9.666674453637583, 20.508194882995603, 21.835019478982865, 24.194407054475125, 18.605425665113476, 0.0, 26.178400092328218, 13.202269762230248, 32.20403556949226, 17.750629396492457, 16.638150207763122, 9.170226843970482, 23.048986877291, 12.259152972891016, 7.591608916913716, 45.10147194749936, 6.98864170633355, 27.681044543772828, 19.96584468453424, 7.310385385403175, 13.049057187481027, 43.29035236565575, 23.748463748465873, 21.330779713397384, 33.03043740159995, 15.425868622759056, 12.84455061004702, 32.74323438321082, 17.103910769577965, 35.27773743294753, 27.199326557684223, 36.156941402468206, 38.11059187212162], [26.223585339489176, 11.097226836365282, 26.178400092328218, 0.0, 16.22685441132524, 49.39269287249887, 27.68220568110352, 15.290727664483754, 32.3814056428574, 33.25408564222338, 36.97537292837507, 22.85107390287865, 36.96037010675679, 29.234300815277244, 46.18176097676752, 7.013039976427937, 21.388879599774334, 30.567874547477214, 35.22152284339562, 40.988193808922716, 5.303767259361535, 10.891943961252652, 39.531727116460296, 23.39243693142021, 34.864950195833984, 9.341177134579846, 24.27854358585041, 35.808864635933844, 51.059114648578024, 38.194908724077486, 35.31424859844197, 28.731747586839525, 16.31581285471231, 42.55836070991627, 3.919968927907273, 45.67464925259338, 7.537729702150824, 31.760770703509632, 24.042473364459696, 43.42617987039033, 20.132687944001745, 42.31885262042314, 27.119413681955404, 17.96403185831868, 19.21014533503184, 41.192018747080894, 14.752656066772959, 17.40353471931203, 40.61271849066885, 8.42807648103396, 26.223585339489176, 11.097226836365282, 26.178400092328218, 0.0, 16.22685441132524, 49.39269287249887, 27.68220568110352, 15.290727664483754, 32.3814056428574, 33.25408564222338, 36.97537292837507, 22.85107390287865, 36.96037010675679, 29.234300815277244, 46.18176097676752, 7.013039976427937, 21.388879599774334, 30.567874547477214, 35.22152284339562, 40.988193808922716, 5.303767259361535, 10.891943961252652, 39.531727116460296, 23.39243693142021, 34.864950195833984, 9.341177134579846, 24.27854358585041, 35.808864635933844, 51.059114648578024, 38.194908724077486], [14.804457984120711, 14.664918734106088, 13.202269762230248, 16.22685441132524, 0.0, 33.6779930064052, 12.574928888722962, 3.5161422570807943, 21.897042586417317, 18.731383702099198, 25.44815319210423, 7.181739014570413, 33.55686059919807, 19.070645556832822, 30.17630045752623, 9.214214544488234, 13.099180113953853, 14.3443111908323, 31.692348062147225, 25.063219417812498, 13.090192657943284, 20.455686852614466, 28.57099338153054, 7.368498153410489, 24.409320403192613, 7.449401747890201, 22.61706734409339, 22.14836469940043, 35.94708453248123, 29.202221957788634, 19.432367492961426, 16.765430875461025, 11.160948622807462, 26.829305764097263, 14.370729991205177, 30.61038888023837, 21.193078325809648, 18.909637063510807, 23.614989560553408, 31.235590055046753, 8.09529418018243, 26.151552745631484, 14.08391368075483, 7.777361645997941, 8.39184340317621, 25.286517295167542, 1.827962161269837, 10.230976121448037, 24.395345354906432, 16.23217242499046, 14.804457984120711, 14.664918734106088, 13.202269762230248, 16.22685441132524, 0.0, 33.6779930064052, 12.574928888722962, 3.5161422570807943, 21.897042586417317, 18.731383702099198, 25.44815319210423, 7.181739014570413, 33.55686059919807, 19.070645556832822, 30.17630045752623, 9.214214544488234, 13.099180113953853, 14.3443111908323, 31.692348062147225, 25.063219417812498, 13.090192657943284, 20.455686852614466, 28.57099338153054, 7.368498153410489, 24.409320403192613, 7.449401747890201, 22.61706734409339, 22.14836469940043, 35.94708453248123, 29.202221957788634], [25.990173501682428, 47.43840477365616, 32.20403556949226, 49.39269287249887, 33.6779930064052, 0.0, 21.756633138113745, 34.10277272665781, 37.55016133260438, 16.9833597422007, 36.18964614060168, 29.02203900941031, 40.31261370234025, 37.517138381404656, 4.762399969737184, 42.5675806518742, 39.07341109995543, 20.262816412227178, 39.357451096096526, 8.780720353063716, 46.76753612231388, 49.466870114064854, 38.59568125838296, 26.31197174765743, 24.124793574696522, 41.126750298337065, 39.60077577655886, 16.558570236418724, 5.4226707677158945, 27.49206464375752, 20.52259713262891, 33.91857582345912, 35.861855856806805, 6.852823797580191, 48.01676399676385, 6.071880546198742, 52.447469668553815, 20.656025033370863, 41.446381118498934, 18.478015051424954, 34.722703394748564, 14.36668308281369, 31.933809017080314, 36.8074414556634, 31.077463398804916, 8.522682550620988, 34.83707047775794, 39.64131054742489, 11.929015887750717, 49.647688797327554, 25.990173501682428, 47.43840477365616, 32.20403556949226, 49.39269287249887, 33.6779930064052, 0.0, 21.756633138113745, 34.10277272665781, 37.55016133260438, 16.9833597422007, 36.18964614060168, 29.02203900941031, 40.31261370234025, 37.517138381404656, 4.762399969737184, 42.5675806518742, 39.07341109995543, 20.262816412227178, 39.357451096096526, 8.780720353063716, 46.76753612231388, 49.466870114064854, 38.59568125838296, 26.31197174765743, 24.124793574696522, 41.126750298337065, 39.60077577655886, 16.558570236418724, 5.4226707677158945, 27.49206464375752], [7.931739612034127, 27.148802128963975, 17.750629396492457, 27.68220568110352, 12.574928888722962, 21.756633138113745, 0.0, 12.4065985338066, 26.517677323579647, 6.235687251058318, 28.14611145537317, 10.868414628868694, 29.12556206009141, 24.72284616928189, 18.927293491606576, 20.966954657810543, 22.1546995483216, 7.313914333046124, 27.464222937770884, 13.683702934690343, 25.432322430122287, 28.27785456768629, 31.400128169441853, 5.86224209792804, 15.079257602775089, 19.85104670887287, 22.28869082646988, 10.036330762219219, 23.50228650462349, 20.501629552157265, 14.522223120633914, 21.169352066750307, 14.866317927138779, 14.971976898923653, 26.56447175380899, 18.13046753865933, 30.830332988055478, 8.040225251894634, 23.952044893775597, 19.66664339497056, 16.665100972143115, 18.106030168001226, 18.134010944545235, 17.997686601917344, 9.671597143069128, 13.845404437380536, 13.40581711368381, 20.984400057576558, 14.860400807471997, 28.801761183696417, 7.931739612034127, 27.148802128963975, 17.750629396492457, 27.68220568110352, 12.574928888722962, 21.756633138113745, 0.0, 12.4065985338066, 26.517677323579647, 6.235687251058318, 28.14611145537317, 10.868414628868694, 29.12556206009141, 24.72284616928189, 18.927293491606576, 20.966954657810543, 22.1546995483216, 7.313914333046124, 27.464222937770884, 13.683702934690343, 25.432322430122287, 28.27785456768629, 31.400128169441853, 5.86224209792804, 15.079257602775089, 19.85104670887287, 22.28869082646988, 10.036330762219219, 23.50228650462349, 20.501629552157265], [12.660042828270473, 16.21819808500619, 16.638150207763122, 15.290727664483754, 3.5161422570807943, 34.10277272665781, 12.4065985338066, 0.0, 25.40595115605321, 18.172776583958132, 28.896590385605222, 10.09465011372663, 30.28365151829989, 22.58678638689064, 30.96811907898897, 8.594224105298515, 16.47177089928978, 15.885789083814918, 28.41398374411426, 25.749011695486995, 13.276038839871608, 17.752656015929514, 32.04068074319057, 8.451990551257001, 22.224113866179838, 7.966408694747675, 19.13100684270927, 21.135253909858893, 35.86515401659405, 26.72601923846277, 21.75430312296785, 20.240957105224044, 7.647618091452658, 27.272175750455872, 14.278299928097201, 30.482178070340055, 19.17002468839758, 17.46163093880916, 20.104674327510086, 29.700554532009033, 11.60353647612514, 27.963638692891458, 17.500375257313937, 11.119429185295557, 5.581860655896627, 25.94500100342283, 2.2517793025845276, 13.322573110061189, 25.755402205210288, 17.11331167772636, 12.660042828270473, 16.21819808500619, 16.638150207763122, 15.290727664483754, 3.5161422570807943, 34.10277272665781, 12.4065985338066, 0.0, 25.40595115605321, 18.172776583958132, 28.896590385605222, 10.09465011372663, 30.28365151829989, 22.58678638689064, 30.96811907898897, 8.594224105298515, 16.47177089928978, 15.885789083814918, 28.41398374411426, 25.749011695486995, 13.276038839871608, 17.752656015929514, 32.04068074319057, 8.451990551257001, 22.224113866179838, 7.966408694747675, 19.13100684270927, 21.135253909858893, 35.86515401659405, 26.72601923846277], [33.297436606986984, 22.69248531787874, 9.170226843970482, 32.3814056428574, 21.897042586417317, 37.55016133260438, 26.517677323579647, 25.40595115605321, 0.0, 31.311083812355378, 4.857357213703223, 16.759763608457217, 54.27130644692362, 3.1505858211766253, 32.805083944644004, 27.12511117350231, 10.992591007585531, 20.778267184549563, 52.46057811334704, 29.87948320311924, 27.14145352853622, 40.65903773680766, 7.156276883468797, 21.95223470926315, 41.59465134645143, 24.180930139438072, 44.31461866848495, 35.45145542745358, 42.149792031768015, 47.005653838780475, 17.12219763996745, 5.465251346307519, 33.01938285178627, 32.34592993597377, 28.674697099028304, 38.075999593096384, 39.52817229673657, 34.51344458246688, 45.42717855513791, 45.05909308413206, 13.944088748310994, 23.685201588002712, 8.545956074634194, 15.268987419715529, 29.297905767492715, 30.16938512316188, 23.494573339081427, 15.011353046205588, 25.649692917908677, 26.187276567687622, 33.297436606986984, 22.69248531787874, 9.170226843970482, 32.3814056428574, 21.897042586417317, 37.55016133260438, 26.517677323579647, 25.40595115605321, 0.0, 31.311083812355378, 4.857357213703223, 16.759763608457217, 54.27130644692362, 3.1505858211766253, 32.805083944644004, 27.12511117350231, 10.992591007585531, 20.778267184549563, 52.46057811334704, 29.87948320311924, 27.14145352853622, 40.65903773680766, 7.156276883468797, 21.95223470926315, 41.59465134645143, 24.180930139438072, 44.31461866848495, 35.45145542745358, 42.149792031768015, 47.005653838780475], [9.139574076593645, 33.35561470564239, 23.048986877291, 33.25408564222338, 18.731383702099198, 16.9833597422007, 6.235687251058318, 18.172776583958132, 31.311083812355378, 0.0, 32.24689025103645, 16.771081107748227, 27.559345229767807, 29.878773583121635, 15.198088958304934, 26.76167295458545, 28.099219969286665, 10.625510393870712, 26.126858043116087, 10.363736059310444, 31.39233399170456, 32.501270630262916, 35.403067858799446, 12.058918472541327, 11.559645335659406, 25.879237828278267, 23.523016663400842, 4.155901569733589, 17.84186418534701, 16.845858854945448, 16.753975036095106, 26.18671063984674, 18.905338649779623, 10.718760547988294, 32.44690709783744, 12.473657776381128, 35.65142676546948, 4.843935910086575, 25.335339471381914, 13.883135266414284, 22.707474723595556, 17.60211664079816, 23.28248397560516, 24.160367943359063, 14.317905051970552, 10.406255070465413, 19.423486125325358, 27.154255866175554, 13.559412558207036, 34.91707915892854, 9.139574076593645, 33.35561470564239, 23.048986877291, 33.25408564222338, 18.731383702099198, 16.9833597422007, 6.235687251058318, 18.172776583958132, 31.311083812355378, 0.0, 32.24689025103645, 16.771081107748227, 27.559345229767807, 29.878773583121635, 15.198088958304934, 26.76167295458545, 28.099219969286665, 10.625510393870712, 26.126858043116087, 10.363736059310444, 31.39233399170456, 32.501270630262916, 35.403067858799446, 12.058918472541327, 11.559645335659406, 25.879237828278267, 23.523016663400842, 4.155901569733589, 17.84186418534701, 16.845858854945448], [35.45299686749614, 27.50217259043693, 12.259152972891016, 36.97537292837507, 25.44815319210423, 36.18964614060168, 28.14611145537317, 28.896590385605222, 4.857357213703223, 32.24689025103645, 0.0, 19.500937991110032, 56.72009994907095, 7.856360077717783, 31.433261567083306, 31.451413287450077, 15.642514442748649, 21.635757784876713, 54.95096071868863, 29.211896837586682, 31.780127238317867, 44.872415534083586, 3.2800048948479423, 24.297551577944215, 43.12091302198857, 28.51001027241005, 47.41488265968039, 36.295204842235876, 41.10047504931665, 48.563632121731644, 16.509580258533774, 8.726638020796786, 36.38096880845885, 31.649859274991993, 33.33024162915423, 37.4807686263487, 44.005531509683955, 35.928225649538895, 48.64096095029097, 45.641356834237726, 17.84140688500697, 21.90401279831154, 11.415298110691285, 19.47033724071678, 32.25630126714535, 29.493289896192756, 27.14971862315467, 19.57202687589933, 24.558354404218093, 30.99368647517509, 35.45299686749614, 27.50217259043693, 12.259152972891016, 36.97537292837507, 25.44815319210423, 36.18964614060168, 28.14611145537317, 28.896590385605222, 4.857357213703223, 32.24689025103645, 0.0, 19.500937991110032, 56.72009994907095, 7.856360077717783, 31.433261567083306, 31.451413287450077, 15.642514442748649, 21.635757784876713, 54.95096071868863, 29.211896837586682, 31.780127238317867, 44.872415534083586, 3.2800048948479423, 24.297551577944215, 43.12091302198857, 28.51001027241005, 47.41488265968039, 36.295204842235876, 41.10047504931665, 48.563632121731644], [16.67028174625982, 18.502919126777936, 7.591608916913716, 22.85107390287865, 7.181739014570413, 29.02203900941031, 10.868414628868694, 10.09465011372663, 16.759763608457217, 16.771081107748227, 19.500937991110032, 0.0, 37.51196116575063, 14.463658900629387, 25.002295954954576, 15.931398124413978, 11.330004032351319, 8.772099655041004, 35.703493743591395, 20.241671730631758, 18.920665615280484, 27.619002185556766, 22.74981614586292, 5.387729349761601, 25.50015771590043, 13.569810144665617, 27.924964444130048, 20.80259809909313, 32.12667429008158, 30.79336594172231, 12.465365177114778, 11.301896467035233, 17.11945259172382, 22.35833873876223, 20.390531337399107, 27.034555587484196, 28.299283224495213, 18.781013109719233, 29.188371185734745, 30.505326822319546, 6.012028600855015, 19.61394462661086, 8.252305077301475, 7.8369093301634924, 12.757593729070058, 20.50258376677227, 8.998569581211077, 10.769716383965061, 18.50541263758104, 20.999795714047696, 16.67028174625982, 18.502919126777936, 7.591608916913716, 22.85107390287865, 7.181739014570413, 29.02203900941031, 10.868414628868694, 10.09465011372663, 16.759763608457217, 16.771081107748227, 19.500937991110032, 0.0, 37.51196116575063, 14.463658900629387, 25.002295954954576, 15.931398124413978, 11.330004032351319, 8.772099655041004, 35.703493743591395, 20.241671730631758, 18.920665615280484, 27.619002185556766, 22.74981614586292, 5.387729349761601, 25.50015771590043, 13.569810144665617, 27.924964444130048, 20.80259809909313, 32.12667429008158, 30.79336594172231], [21.35671443489581, 44.5002995263137, 45.10147194749936, 36.96037010675679, 33.55686059919807, 40.31261370234025, 29.12556206009141, 30.28365151829989, 54.27130644692362, 27.559345229767807, 56.72009994907095, 37.51196116575063, 0.0, 51.86265215586791, 40.82903046015355, 34.6629379752767, 46.65129206835712, 36.38844602010441, 1.871653679489209, 37.10406368515326, 39.171175074185406, 28.154065115191134, 60.0, 32.4391914235048, 16.58271135709691, 36.263787048897015, 12.68966102878833, 25.15013709112841, 37.68523667260605, 12.931660940625328, 43.47744951372935, 48.81321790175464, 23.235291963253964, 36.417118284798036, 39.103559268682844, 34.245366346580795, 33.413882589631086, 22.749400465445106, 13.04484191899213, 22.7301126385894, 41.408176325673736, 45.14782841127723, 45.75192484831257, 41.332132894902756, 25.292642292962174, 37.044658761369504, 32.52888970988569, 43.600599333727764, 41.036725263577864, 43.7673502448396, 21.35671443489581, 44.5002995263137, 45.10147194749936, 36.96037010675679, 33.55686059919807, 40.31261370234025, 29.12556206009141, 30.28365151829989, 54.27130644692362, 27.559345229767807, 56.72009994907095, 37.51196116575063, 0.0, 51.86265215586791, 40.82903046015355, 34.6629379752767, 46.65129206835712, 36.38844602010441, 1.871653679489209, 37.10406368515326, 39.171175074185406, 28.154065115191134, 60.0, 32.4391914235048, 16.58271135709691, 36.263787048897015, 12.68966102878833, 25.15013709112841, 37.68523667260605, 12.931660940625328], [31.12789104616335, 19.65049131957078, 6.98864170633355, 29.234300815277244, 19.070645556832822, 37.517138381404656, 24.72284616928189, 22.58678638689064, 3.1505858211766253, 29.878773583121635, 7.856360077717783, 14.463658900629387, 51.86265215586791, 0.0, 32.827575707126044, 23.99690596493858, 7.8469768591802875, 19.576983892347982, 50.03492859169028, 29.47848172991086, 24.00018741423265, 37.54716174410453, 10.306862516605577, 19.793802356701192, 39.73131354046244, 21.054409200309173, 41.61160544733134, 34.034675035635196, 41.87490721280372, 45.098836938763604, 17.002881805101875, 3.7598753169124226, 30.227504983783632, 31.931214283985796, 25.53734843315069, 37.537760691056846, 36.37843898069831, 32.76198650851894, 42.670194725791795, 43.734599170835075, 11.021681665334103, 24.123094942772997, 6.611033264627598, 12.198653127651397, 26.720468154389426, 29.769838610672576, 20.609377753768868, 11.860803718964345, 25.59439781563022, 23.140179270387886, 31.12789104616335, 19.65049131957078, 6.98864170633355, 29.234300815277244, 19.070645556832822, 37.517138381404656, 24.72284616928189, 22.58678638689064, 3.1505858211766253, 29.878773583121635, 7.856360077717783, 14.463658900629387, 51.86265215586791, 0.0, 32.827575707126044, 23.99690596493858, 7.8469768591802875, 19.576983892347982, 50.03492859169028, 29.47848172991086, 24.00018741423265, 37.54716174410453, 10.306862516605577, 19.793802356701192, 39.73131354046244, 21.054409200309173, 41.61160544733134, 34.034675035635196, 41.87490721280372, 45.098836938763604], [24.325913866799404, 43.500757509602316, 27.681044543772828, 46.18176097676752, 30.17630045752623, 4.762399969737184, 18.927293491606576, 30.96811907898897, 32.805083944644004, 15.198088958304934, 31.433261567083306, 25.002295954954576, 40.82903046015355, 32.827575707126044, 0.0, 39.25119694255763, 34.6662718594475, 16.24678735129584, 39.69023735743519, 5.246825383120932, 43.22989150264025, 47.13007011630793, 33.86404830321515, 22.837710425303023, 24.28341438781243, 37.60322458330562, 38.61205188801912, 15.957126189855442, 9.84993647749823, 28.370243272000575, 15.824697954573102, 29.26017214399729, 33.579461352162184, 4.5661343765390745, 44.544754000627265, 8.032491595877522, 49.747707534183, 19.544632638051766, 40.44119968704583, 20.324996638355657, 30.529047838777394, 9.66368599466192, 27.367569438871392, 32.6896740923966, 28.540461726273676, 5.082868014118515, 31.472782804226938, 35.454807403556096, 7.240405784294451, 45.86830259089812, 24.325913866799404, 43.500757509602316, 27.681044543772828, 46.18176097676752, 30.17630045752623, 4.762399969737184, 18.927293491606576, 30.96811907898897, 32.805083944644004, 15.198088958304934, 31.433261567083306, 25.002295954954576, 40.82903046015355, 32.827575707126044, 0.0, 39.25119694255763, 34.6662718594475, 16.24678735129584, 39.69023735743519, 5.246825383120932, 43.22989150264025, 47.13007011630793, 33.86404830321515, 22.837710425303023, 24.28341438781243, 37.60322458330562, 38.61205188801912, 15.957126189855442, 9.84993647749823, 28.370243272000575], [20.545059750410115, 9.856725816386167, 19.96584468453424, 7.013039976427937, 9.214214544488234, 42.5675806518742, 20.966954657810543, 8.594224105298515, 27.12511117350231, 26.76167295458545, 31.451413287450077, 15.931398124413978, 34.6629379752767, 23.99690596493858, 39.25119694255763, 0.0, 16.365749255389968, 23.557005966251143, 32.82470511177363, 34.081137898820515, 4.998503365615753, 13.594493237670086, 34.24606389918276, 16.425662822933432, 29.75858447613473, 2.9453348237159735, 22.217830397032753, 29.61746979203584, 44.45153370216031, 33.695392516321924, 28.392110327402357, 22.890825664730766, 11.898186975903865, 35.71921050514636, 5.744491122761382, 39.07020019137816, 12.746820194548901, 25.775349050059184, 22.52002241819574, 37.823055682433115, 13.892042952301665, 35.32057271178394, 20.91538584897982, 11.995463585312006, 13.278032696855355, 34.29170352354081, 7.7800705373635894, 12.307561848712131, 33.60473466458876, 9.416603838165, 20.545059750410115, 9.856725816386167, 19.96584468453424, 7.013039976427937, 9.214214544488234, 42.5675806518742, 20.966954657810543, 8.594224105298515, 27.12511117350231, 26.76167295458545, 31.451413287450077, 15.931398124413978, 34.6629379752767, 23.99690596493858, 39.25119694255763, 0.0, 16.365749255389968, 23.557005966251143, 32.82470511177363, 34.081137898820515, 4.998503365615753, 13.594493237670086, 34.24606389918276, 16.425662822933432, 29.75858447613473, 2.9453348237159735, 22.217830397032753, 29.61746979203584, 44.45153370216031, 33.695392516321924], [27.058589280729137, 12.105786062788738, 7.310385385403175, 21.388879599774334, 13.099180113953853, 39.07341109995543, 22.1546995483216, 16.47177089928978, 10.992591007585531, 28.099219969286665, 15.642514442748649, 11.330004032351319, 46.65129206835712, 7.8469768591802875, 34.6662718594475, 16.365749255389968, 0.0, 19.194372790442955, 44.78821429496662, 30.442291799771223, 16.154577517991896, 29.959959918536672, 18.14390051810469, 16.429450064175505, 36.3648733183855, 13.452278894145117, 35.54686452998166, 32.12918008759858, 42.73143027455859, 41.495895948340824, 19.568620462878627, 8.067522672992066, 24.008180922237585, 32.75348511249684, 17.69569915783049, 37.855083010361064, 28.572613791574653, 29.93159322493697, 36.40899548544293, 41.817234362831094, 5.588445423243268, 27.29158553857886, 7.9478226506983525, 5.35333680778709, 21.405335717516305, 30.72354080676499, 14.28202764507302, 4.073339866243953, 27.58523451578133, 15.545269685519557, 27.058589280729137, 12.105786062788738, 7.310385385403175, 21.388879599774334, 13.099180113953853, 39.07341109995543, 22.1546995483216, 16.47177089928978, 10.992591007585531, 28.099219969286665, 15.642514442748649, 11.330004032351319, 46.65129206835712, 7.8469768591802875, 34.6662718594475, 16.365749255389968, 0.0, 19.194372790442955, 44.78821429496662, 30.442291799771223, 16.154577517991896, 29.959959918536672, 18.14390051810469, 16.429450064175505, 36.3648733183855, 13.452278894145117, 35.54686452998166, 32.12918008759858, 42.73143027455859, 41.495895948340824], [15.24241671283668, 27.256674433262663, 13.049057187481027, 30.567874547477214, 14.3443111908323, 20.262816412227178, 7.313914333046124, 15.885789083814918, 20.778267184549563, 10.625510393870712, 21.635757784876713, 8.772099655041004, 36.38844602010441, 19.576983892347982, 16.24678735129584, 23.557005966251143, 19.194372790442955, 0.0, 34.74828021101929, 11.487777091258819, 27.194339527845045, 33.35602949359396, 24.813689516986937, 7.445856371854962, 21.638812392181194, 21.62534173149544, 29.37090245647686, 14.722000370107338, 23.572999101399926, 27.068319774065102, 7.230886809490493, 15.828583629552988, 20.711580715716902, 13.67016211437204, 28.575597966130953, 18.663229981540667, 35.05468053129184, 14.43116710218908, 30.970925822736035, 24.281057105003224, 14.499876333808613, 12.107572881226115, 13.103467257419346, 16.54601504989064, 15.426496048633808, 11.753548973514233, 15.859972215778518, 19.401459538887504, 10.054800534597616, 29.64491658143207, 15.24241671283668, 27.256674433262663, 13.049057187481027, 30.567874547477214, 14.3443111908323, 20.262816412227178, 7.313914333046124, 15.885789083814918, 20.778267184549563, 10.625510393870712, 21.635757784876713, 8.772099655041004, 36.38844602010441, 19.576983892347982, 16.24678735129584, 23.557005966251143, 19.194372790442955, 0.0, 34.74828021101929, 11.487777091258819, 27.194339527845045, 33.35602949359396, 24.813689516986937, 7.445856371854962, 21.638812392181194, 21.62534173149544, 29.37090245647686, 14.722000370107338, 23.572999101399926, 27.068319774065102], [19.645912858691773, 42.656271435014304, 43.29035236565575, 35.22152284339562, 31.692348062147225, 39.357451096096526, 27.464222937770884, 28.41398374411426, 52.46057811334704, 26.126858043116087, 54.95096071868863, 35.703493743591395, 1.871653679489209, 50.03492859169028, 39.69023735743519, 32.82470511177363, 44.78821429496662, 34.74828021101929, 0.0, 35.829986175014646, 37.35708698375695, 26.595925709347917, 58.230397099127416, 30.65973585895533, 15.40691249213633, 34.405023145809054, 10.943704662745608, 23.892080582588008, 36.937472850868396, 12.238728813465505, 41.869285106441026, 47.00538557483453, 21.368247091591435, 35.23611974723694, 37.31009074037093, 33.30651712005632, 31.84264579825807, 21.294622333161595, 11.41936055535489, 22.126440739665476, 39.555109707232575, 43.72881624139336, 43.94832171187281, 39.466760270995564, 23.43936227044757, 35.78139464291544, 30.658758496640562, 41.730073939042825, 39.65052638034706, 41.95445208276894, 19.645912858691773, 42.656271435014304, 43.29035236565575, 35.22152284339562, 31.692348062147225, 39.357451096096526, 27.464222937770884, 28.41398374411426, 52.46057811334704, 26.126858043116087, 54.95096071868863, 35.703493743591395, 1.871653679489209, 50.03492859169028, 39.69023735743519, 32.82470511177363, 44.78821429496662, 34.74828021101929, 0.0, 35.829986175014646, 37.35708698375695, 26.595925709347917, 58.230397099127416, 30.65973585895533, 15.40691249213633, 34.405023145809054, 10.943704662745608, 23.892080582588008, 36.937472850868396, 12.238728813465505], [19.37850670954588, 38.6666032892099, 23.748463748465873, 40.988193808922716, 25.063219417812498, 8.780720353063716, 13.683702934690343, 25.749011695486995, 29.87948320311924, 10.363736059310444, 29.211896837586682, 20.241671730631758, 37.10406368515326, 29.47848172991086, 5.246825383120932, 34.081137898820515, 30.442291799771223, 11.487777091258819, 35.829986175014646, 0.0, 38.14401601849155, 41.91203750349766, 31.949683785366354, 17.701322071388265, 20.54956767070051, 32.50707468817004, 33.88646662063573, 11.954142836995754, 12.427102282151242, 25.159492569863442, 12.807324313772002, 25.78272062914909, 28.38476048259801, 2.4664705495718353, 39.431900996231754, 8.269410766083412, 44.500938200240945, 14.994039047269215, 35.69708263771742, 18.427967537267634, 25.968857205146957, 9.152262170298771, 23.562179429399436, 28.033756789519593, 23.31195851576293, 0.29136015760865025, 26.310353363963504, 30.8811388608766, 5.071114723188097, 40.916591365157934, 19.37850670954588, 38.6666032892099, 23.748463748465873, 40.988193808922716, 25.063219417812498, 8.780720353063716, 13.683702934690343, 25.749011695486995, 29.87948320311924, 10.363736059310444, 29.211896837586682, 20.241671730631758, 37.10406368515326, 29.47848172991086, 5.246825383120932, 34.081137898820515, 30.442291799771223, 11.487777091258819, 35.829986175014646, 0.0, 38.14401601849155, 41.91203750349766, 31.949683785366354, 17.701322071388265, 20.54956767070051, 32.50707468817004, 33.88646662063573, 11.954142836995754, 12.427102282151242, 25.159492569863442], [25.507980073423553, 6.16632415504472, 21.330779713397384, 5.303767259361535, 13.090192657943284, 46.76753612231388, 25.432322430122287, 13.276038839871608, 27.14145352853622, 31.39233399170456, 31.780127238317867, 18.920665615280484, 39.171175074185406, 24.00018741423265, 43.22989150264025, 4.998503365615753, 16.154577517991896, 27.194339527845045, 37.35708698375695, 38.14401601849155, 0.0, 15.408307197463362, 34.28274667429191, 20.458396228858547, 34.75609326337912, 5.640858508671663, 26.57199241905299, 34.40821111922902, 48.92445438433581, 38.673344230765565, 31.243606661444442, 23.672042542063778, 16.78934443944464, 39.917798296365305, 1.5834945818286892, 43.560116262895264, 12.76855126312326, 30.654632594788648, 26.677463756656717, 42.768371669028205, 15.39713955812813, 38.53448977643137, 22.256850369021084, 13.110857644934061, 18.22797183205342, 38.37004444182432, 12.02856530141337, 12.228237002134593, 37.218913589406135, 4.598023028857436, 25.507980073423553, 6.16632415504472, 21.330779713397384, 5.303767259361535, 13.090192657943284, 46.76753612231388, 25.432322430122287, 13.276038839871608, 27.14145352853622, 31.39233399170456, 31.780127238317867, 18.920665615280484, 39.171175074185406, 24.00018741423265, 43.22989150264025, 4.998503365615753, 16.154577517991896, 27.194339527845045, 37.35708698375695, 38.14401601849155, 0.0, 15.408307197463362, 34.28274667429191, 20.458396228858547, 34.75609326337912, 5.640858508671663, 26.57199241905299, 34.40821111922902, 48.92445438433581, 38.673344230765565], [23.81110113925083, 21.566921735614912, 33.03043740159995, 10.891943961252652, 20.455686852614466, 49.466870114064854, 28.27785456768629, 17.752656015929514, 40.65903773680766, 32.501270630262916, 44.872415534083586, 27.619002185556766, 28.154065115191134, 37.54716174410453, 47.13007011630793, 13.594493237670086, 29.959959918536672, 33.35602949359396, 26.595925709347917, 41.91203750349766, 15.408307197463362, 0.0, 47.74663508485727, 25.95392596108888, 30.381914247945314, 16.515407989777913, 16.048669284309454, 33.89218332629532, 49.976900598390344, 32.370069909073436, 39.50195167151135, 36.209636906717336, 13.60592767223102, 42.94265372003099, 14.455155175039714, 44.74951595294001, 5.267841685506463, 29.550432585849666, 15.200035293080212, 39.55606687269592, 27.084256316711823, 45.45496624660727, 33.96930994276499, 25.421833071046517, 18.60921262006935, 42.05495407478725, 18.62936098409536, 25.90122727195098, 42.84871503108169, 19.260264422664594, 23.81110113925083, 21.566921735614912, 33.03043740159995, 10.891943961252652, 20.455686852614466, 49.466870114064854, 28.27785456768629, 17.752656015929514, 40.65903773680766, 32.501270630262916, 44.872415534083586, 27.619002185556766, 28.154065115191134, 37.54716174410453, 47.13007011630793, 13.594493237670086, 29.959959918536672, 33.35602949359396, 26.595925709347917, 41.91203750349766, 15.408307197463362, 0.0, 47.74663508485727, 25.95392596108888, 30.381914247945314, 16.515407989777913, 16.048669284309454, 33.89218332629532, 49.976900598390344, 32.370069909073436], [38.73112475005881, 29.685836690541795, 15.425868622759056, 39.531727116460296, 28.57099338153054, 38.59568125838296, 31.400128169441853, 32.04068074319057, 7.156276883468797, 35.403067858799446, 3.2800048948479423, 22.74981614586292, 60.0, 10.306862516605577, 33.86404830321515, 34.24606389918276, 18.14390051810469, 24.813689516986937, 58.230397099127416, 31.949683785366354, 34.28274667429191, 47.74663508485727, 0.0, 27.575661873172194, 46.3494635206764, 31.30074483226983, 50.648123783014064, 39.42538666362568, 43.624247515873414, 51.792156499196295, 19.397875796801564, 11.806096418860998, 39.56267926703981, 34.362118658308574, 35.809338026035995, 40.20203830808018, 46.682995805069346, 39.150261614680545, 51.85750688580553, 48.69756398761637, 20.831378414037353, 24.235013155079443, 14.60965081761154, 22.326620933250883, 35.49896656366742, 32.226132953797396, 30.246320658267823, 22.167593757945127, 27.170818930136917, 33.179825627924664, 38.73112475005881, 29.685836690541795, 15.425868622759056, 39.531727116460296, 28.57099338153054, 38.59568125838296, 31.400128169441853, 32.04068074319057, 7.156276883468797, 35.403067858799446, 3.2800048948479423, 22.74981614586292, 60.0, 10.306862516605577, 33.86404830321515, 34.24606389918276, 18.14390051810469, 24.813689516986937, 58.230397099127416, 31.949683785366354, 34.28274667429191, 47.74663508485727, 0.0, 27.575661873172194, 46.3494635206764, 31.30074483226983, 50.648123783014064, 39.42538666362568, 43.624247515873414, 51.792156499196295], [11.351432663913437, 21.550784812129137, 12.84455061004702, 23.39243693142021, 7.368498153410489, 26.31197174765743, 5.86224209792804, 8.451990551257001, 21.95223470926315, 12.058918472541327, 24.297551577944215, 5.387729349761601, 32.4391914235048, 19.793802356701192, 22.837710425303023, 16.425662822933432, 16.429450064175505, 7.445856371854962, 30.65973585895533, 17.701322071388265, 20.458396228858547, 25.95392596108888, 27.575661873172194, 0.0, 20.122104553903725, 14.817769762745915, 23.590230356507583, 15.893533117681805, 28.70356402598739, 25.40584603455948, 13.773903121773921, 16.490770910239945, 13.733152880100882, 19.465636982794255, 21.731385379293346, 23.409215530556903, 27.62079416262635, 13.50532693143137, 25.01215495309387, 25.47259529602207, 10.880754997051888, 19.54730952762936, 13.406773752895413, 12.13669014674553, 8.663013501953715, 17.92213439912244, 8.646468695748503, 15.122253669295885, 17.324876879633337, 23.452538752591906, 11.351432663913437, 21.550784812129137, 12.84455061004702, 23.39243693142021, 7.368498153410489, 26.31197174765743, 5.86224209792804, 8.451990551257001, 21.95223470926315, 12.058918472541327, 24.297551577944215, 5.387729349761601, 32.4391914235048, 19.793802356701192, 22.83771042530302