M = 99999999.0;
numWorkers = 30;
numRoles = 5;
numNodes = 80;
wStart = [0, 240, 300, 90, 30, 90, 60, 360, 60, 0, 90, 0, 30, 300, 150, 30, 60, 150, 0, 30, 90, 60, 210, 0, 60, 0, 240, 240, 150, 0, 180, 180, 180, 60, 60, 270, 120, 150, 60, 360, 390, 60, 60, 180, 60, 240, 330, 90, 120, 30, 450, 330, 390, 240, 420, 390, 270, 450, 360, 150, 240, 450, 420, 420, 450, 300, 240, 300, 180, 150, 270, 330, 330, 270, 360, 300, 450, 330, 360, 450];
wEnd = [0, 240, 300, 90, 30, 90, 60, 360, 60, 0, 90, 0, 30, 300, 150, 30, 60, 150, 0, 30, 90, 60, 210, 0, 60, 0, 240, 240, 150, 0, 450, 360, 420, 420, 360, 300, 420, 360, 420, 390, 450, 360, 450, 210, 420, 300, 450, 180, 420, 420, 450, 330, 390, 240, 420, 390, 270, 450, 360, 150, 240, 450, 420, 420, 450, 300, 240, 300, 180, 150, 270, 330, 330, 270, 360, 300, 450, 330, 360, 450];
p = [0, 0, 0, 0, 0, 0, 0, 0, 0, 0, 0, 0, 0, 0, 0, 0, 0, 0, 0, 0, 0, 0, 0, 0, 0, 0, 0, 0, 0, 0, 21.366007028876, 59.207902079786955, 70.28032818614113, 40.124744106119834, 71.5774226899419, 43.77038329200215, 59.75459123280053, 67.67165682427726, 41.701943277806215, 21.653592590926337, 16.546768753023308, 47.62040776067056, 71.72129101110863, 39.82960321744788, 45.674921812088826, 25.823985858534876, 32.900242095218566, 74.82534520844749, 16.466198143407638, 47.55017538683973, 0, 0, 0, 0, 0, 0, 0, 0, 0, 0, 0, 0, 0, 0, 0, 0, 0, 0, 0, 0, 0, 0, 0, 0, 0, 0, 0, 0, 0, 0];
e = [[0, 1, 0, 0, 1], [1, 1, 0, 0, 0], [0, 0, 1, 0, 1], [0, 0, 0, 1, 1], [0, 1, 0, 1, 0], [1, 1, 0, 0, 0], [1, 0, 0, 0, 0], [0, 0, 1, 0, 0], [0, 0, 0, 1, 0], [1, 0, 0, 0, 0], [1, 0, 0, 0, 0], [0, 1, 0, 0, 0], [1, 0, 0, 0, 0], [0, 0, 1, 0, 0], [0, 0, 0, 1, 0], [1, 0, 0, 0, 0], [0, 1, 0, 0, 0], [0, 0, 0, 1, 0], [0, 0, 0, 1, 0], [0, 1, 0, 0, 0], [1, 0, 0, 0, 0], [1, 0, 0, 0, 0], [0, 1, 0, 0, 0], [0, 0, 0, 0, 1], [0, 1, 0, 0, 0], [0, 0, 1, 0, 0], [0, 0, 1, 0, 0], [0, 0, 0, 0, 1], [0, 0, 0, 0, 1], [0, 0, 1, 0, 0]];
d = [[2, 2, 2, 0, 2, 1, 1, 2, 2, 0, 1, 2, 0, 1, 2, 2, 0, 0, 2, 2], [1, 0, 0, 2, 1, 1, 1, 1, 1, 2, 1, 1, 2, 1, 1, 0, 2, 2, 1, 1], [1, 1, 1, 0, 1, 1, 1, 1, 1, 0, 1, 1, 0, 1, 1, 1, 0, 0, 1, 1], [0, 0, 0, 1, 0, 2, 2, 0, 0, 0, 2, 0, 0, 2, 0, 0, 0, 1, 0, 0], [1, 0, 0, 0, 1, 0, 0, 1, 1, 1, 0, 1, 1, 0, 1, 0, 1, 0, 1, 1]];
r = [2815, 2453, 1470, 2252, 598, 2136, 4345, 1381, 2958, 1060, 2371, 1210, 3661, 2531, 271, 3419, 1905, 915, 4145, 1413];
g = [[0, 0, 0, 0, 0, 0, 0, 0, 0, 0, 0, 0, 0, 0, 0, 0, 0, 0, 0, 0], [0, 0, 0, 0, 0, 0, 0, 0, 0, 0, 0, 0, 0, 0, 0, 0, 0, 0, 0, 0], [0, 0, 0, 0, 0, 0, 0, 0, 0, 0, 0, 0, 0, 0, 0, 0, 0, 0, 0, 0], [0, 0, 0, 0, 0, 0, 0, 0, 0, 0, 0, 0, 0, 0, 0, 0, 0, 0, 0, 0], [0, 0, 0, 0, 0, 0, 0, 0, 0, 0, 0, 0, 0, 0, 0, 0, 0, 0, 0, 0], [0, 0, 0, 0, 0, 0, 0, 0, 0, 0, 0, 0, 0, 0, 0, 0, 0, 0, 0, 0], [0, 0, 0, 0, 0, 0, 0, 0, 0, 0, 0, 0, 0, 0, 0, 0, 0, 0, 0, 0], [0, 0, 0, 0, 0, 0, 0, 0, 0, 0, 0, 0, 0, 0, 0, 0, 0, 0, 0, 0], [0, 0, 0, 0, 0, 0, 0, 0, 0, 0, 0, 0, 0, 0, 0, 0, 0, 0, 0, 0], [0, 0, 0, 0, 0, 0, 0, 0, 0, 0, 0, 0, 0, 0, 0, 0, 0, 0, 0, 0], [0, 0, 0, 0, 0, 0, 0, 0, 0, 0, 0, 0, 0, 0, 0, 0, 0, 0, 0, 0], [0, 0, 0, 0, 0, 0, 0, 0, 0, 0, 0, 0, 0, 0, 0, 0, 0, 0, 0, 0], [0, 0, 0, 0, 0, 0, 0, 0, 0, 0, 0, 0, 0, 0, 0, 0, 0, 0, 0, 0], [0, 0, 0, 0, 0, 0, 0, 0, 0, 0, 0, 0, 0, 0, 0, 0, 0, 0, 0, 0], [0, 0, 0, 0, 0, 0, 0, 0, 0, 0, 0, 0, 0, 0, 0, 0, 0, 0, 0, 0], [0, 0, 0, 0, 0, 0, 0, 0, 0, 0, 0, 0, 0, 0, 0, 0, 0, 0, 0, 0], [0, 0, 0, 0, 0, 0, 0, 0, 0, 0, 0, 0, 0, 0, 0, 0, 0, 0, 0, 0], [0, 0, 0, 0, 0, 0, 0, 0, 0, 0, 0, 0, 0, 0, 0, 0, 0, 0, 0, 0], [0, 0, 0, 0, 0, 0, 0, 0, 0, 0, 0, 0, 0, 0, 0, 0, 0, 0, 0, 0], [0, 0, 0, 0, 0, 0, 0, 0, 0, 0, 0, 0, 0, 0, 0, 0, 0, 0, 0, 0]];
t = [[0.0, 32.79802307195795, 44.60913502269333, 8.476091911873027, 6.375884038646389, 11.281373983381556, 38.059048039754956, 44.54465591560943, 1.7865559461319438, 30.431041647132776, 7.792213933779621, 49.11016598233718, 37.06887727639827, 47.96764926960877, 50.38632934042411, 41.22967345340858, 38.443752292803744, 50.04290517006082, 16.696943136579602, 23.83671498675074, 6.367099031970792, 23.729013045172547, 31.703874682175503, 20.366150618131975, 7.539367299219702, 36.65189848864997, 24.600278095166214, 7.402056043600873, 19.058752726166624, 28.12928903006136, 16.37823524801702, 11.828171123063335, 14.89327271564376, 50.74762439194643, 10.994888857689624, 37.54728411572812, 39.4932903484863, 22.33175752134512, 32.17235523410046, 30.79999677045643, 29.108978253586606, 22.123389063616376, 5.136587940344704, 38.03088635202815, 40.69227033568244, 15.851317796890104, 42.610530213722775, 39.57789895312989, 15.195177186776073, 46.34706945633657, 0.0, 32.79802307195795, 44.60913502269333, 8.476091911873027, 6.375884038646389, 11.281373983381556, 38.059048039754956, 44.54465591560943, 1.7865559461319438, 30.431041647132776, 7.792213933779621, 49.11016598233718, 37.06887727639827, 47.96764926960877, 50.38632934042411, 41.22967345340858, 38.443752292803744, 50.04290517006082, 16.696943136579602, 23.83671498675074, 6.367099031970792, 23.729013045172547, 31.703874682175503, 20.366150618131975, 7.539367299219702, 36.65189848864997, 24.600278095166214, 7.402056043600873, 19.058752726166624, 28.12928903006136], [32.79802307195795, 0.0, 19.821734720876414, 40.37191810692818, 26.495736208102215, 31.286301662437076, 29.200828648758524, 17.869701222208185, 33.275619991376374, 34.70233806721305, 34.91811815463683, 18.44827468054577, 5.158254445169732, 20.09705578377956, 19.781459613375716, 9.938421682247371, 23.989088411676086, 19.28254611414397, 25.41022343453336, 29.76075234128774, 38.06007638521979, 10.527767389931874, 6.176779196370451, 31.69540740518696, 25.73579011020875, 32.61047121569629, 13.619724868809314, 33.246158966345334, 23.267862074714255, 15.326735990502101, 28.619133862108615, 21.11408196793478, 19.013486540226555, 18.290099769361436, 22.78477532313007, 38.49500695688044, 30.49413702584306, 22.394657083570685, 2.4824646866287834, 10.775852372402174, 21.476174202296757, 11.928019493277109, 30.21276897181566, 11.253532305310292, 22.10956442985261, 23.754767269726155, 11.799809221444619, 11.1040881237494, 24.73125609576264, 13.768106234991151, 32.79802307195795, 0.0, 19.821734720876414, 40.37191810692818, 26.495736208102215, 31.286301662437076, 29.200828648758524, 17.869701222208185, 33.275619991376374, 34.70233806721305, 34.91811815463683, 18.44827468054577, 5.158254445169732, 20.09705578377956, 19.781459613375716, 9.938421682247371, 23.989088411676086, 19.28254611414397, 25.41022343453336, 29.76075234128774, 38.06007638521979, 10.527767389931874, 6.176779196370451, 31.69540740518696, 25.73579011020875, 32.61047121569629, 13.619724868809314, 33.246158966345334, 23.267862074714255, 15.326735990502101], [44.60913502269333, 19.821734720876414, 0.0, 50.07922006887786, 38.52731356862896, 38.056810107772286, 18.30925051217079, 2.9007469846511773, 44.33342181778588, 30.201429333419707, 43.29398316978204, 10.545594369653488, 15.558275852576827, 5.181788229620397, 10.931969651978898, 12.274955035911367, 43.3160151255881, 11.126927796294702, 30.428647871422182, 29.31108335828765, 47.99274103171251, 22.1455197679695, 25.9517983192258, 33.34869446562877, 39.337894391320035, 23.449618406418917, 32.758758276104075, 47.76948700209378, 41.47242936041985, 35.07515227294323, 32.9717568962483, 33.464769605069165, 34.69688484489755, 16.927751038733486, 33.64900196484821, 30.12745170303799, 18.741892083860016, 41.32765001156289, 18.001620764791777, 14.159746963089487, 41.2474590974351, 29.490850648586306, 40.334588682549416, 29.088429593981743, 7.631996304757089, 30.04087103638403, 10.785300813877914, 27.845571947919584, 41.86963058848521, 16.21660717888691, 44.60913502269333, 19.821734720876414, 0.0, 50.07922006887786, 38.52731356862896, 38.056810107772286, 18.30925051217079, 2.9007469846511773, 44.33342181778588, 30.201429333419707, 43.29398316978204, 10.545594369653488, 15.558275852576827, 5.181788229620397, 10.931969651978898, 12.274955035911367, 43.3160151255881, 11.126927796294702, 30.428647871422182, 29.31108335828765, 47.99274103171251, 22.1455197679695, 25.9517983192258, 33.34869446562877, 39.337894391320035, 23.449618406418917, 32.758758276104075, 47.76948700209378, 41.47242936041985, 35.07515227294323], [8.476091911873027, 40.37191810692818, 50.07922006887786, 0.0, 14.07368515654628, 12.5979506578087, 40.70266343944393, 50.40078276372564, 7.352554353599121, 30.68318872994781, 7.010891253650321, 55.68515303842443, 44.30922221248158, 53.91335511303914, 56.91414485149514, 48.18971137368864, 46.84344853377913, 56.621963384907154, 20.05527725993842, 25.1839891614602, 2.3150658072006634, 30.647932088361635, 39.813494823603776, 20.870770370437043, 15.931177621642957, 38.260817362838196, 33.01868168090443, 13.950418541589336, 27.35279976224903, 36.6013365866941, 18.364977940956877, 19.284355190247233, 23.226542261105415, 57.91284888367943, 17.686357064564902, 37.65007674562213, 41.991364403919704, 30.64797811580354, 39.4803472187039, 36.91859375483597, 37.4809127087326, 30.28152004036787, 10.238792906038602, 46.31188436419651, 45.21563430699186, 20.08111469915222, 49.41426658628116, 47.78920791693402, 23.46046099382795, 53.62498211327811, 8.476091911873027, 40.37191810692818, 50.07922006887786, 0.0, 14.07368515654628, 12.5979506578087, 40.70266343944393, 50.40078276372564, 7.352554353599121, 30.68318872994781, 7.010891253650321, 55.68515303842443, 44.30922221248158, 53.91335511303914, 56.91414485149514, 48.18971137368864, 46.84344853377913, 56.621963384907154, 20.05527725993842, 25.1839891614602, 2.3150658072006634, 30.647932088361635, 39.813494823603776, 20.870770370437043, 15.931177621642957, 38.260817362838196, 33.01868168090443, 13.950418541589336, 27.35279976224903, 36.6013365866941], [6.375884038646389, 26.495736208102215, 38.52731356862896, 14.07368515654628, 0.0, 10.299846228554218, 33.438727449567054, 38.34381521566583, 6.804178571533021, 27.65277417133611, 10.19685569498951, 42.75686650596397, 30.704047075234474, 41.734210635234014, 44.0377811081946, 34.85395451031522, 34.33657892808626, 43.68854257783001, 12.681885157874099, 20.654959525236244, 11.768460618668271, 17.366486792411244, 25.743341612224526, 18.13607917246359, 3.3151248325879985, 32.716685076346806, 19.33605753073334, 10.169774761967712, 15.939372253199542, 23.246032773514727, 13.527673149719119, 5.453187392067978, 9.465932435694445, 44.38101607263547, 4.951916199930137, 34.60678688327847, 34.93270991511028, 18.950730806199964, 25.812044191517902, 24.580932497832993, 25.27784658239349, 16.23636099553954, 4.817141881591171, 32.31271091243063, 35.01825037504952, 11.23950636334978, 36.2403343347334, 33.74334970540787, 12.514546414344018, 39.991316372266326, 6.375884038646389, 26.495736208102215, 38.52731356862896, 14.07368515654628, 0.0, 10.299846228554218, 33.438727449567054, 38.34381521566583, 6.804178571533021, 27.65277417133611, 10.19685569498951, 42.75686650596397, 30.704047075234474, 41.734210635234014, 44.0377811081946, 34.85395451031522, 34.33657892808626, 43.68854257783001, 12.681885157874099, 20.654959525236244, 11.768460618668271, 17.366486792411244, 25.743341612224526, 18.13607917246359, 3.3151248325879985, 32.716685076346806, 19.33605753073334, 10.169774761967712, 15.939372253199542, 23.246032773514727], [11.281373983381556, 31.286301662437076, 38.056810107772286, 12.5979506578087, 10.299846228554218, 0.0, 28.17337829876496, 38.64948441336941, 9.80523385830387, 19.24493082035297, 5.59287074143967, 44.56191931224191, 34.39242747594819, 42.195007996592565, 45.721565401018054, 37.706152191783694, 43.7240553858107, 45.49140697150523, 7.648752897649118, 12.96920713226568, 10.931710741315092, 20.82800150566361, 32.36560793573749, 9.137239538317662, 13.614158239017211, 26.04815147695386, 27.846800839226145, 18.395265235589722, 26.12028481835469, 32.10416152470173, 5.791877767532205, 12.45873839553565, 18.528058518538508, 47.57298448993693, 9.821850154371688, 26.366722962085817, 29.49719744627379, 29.002442997457784, 29.865251438320584, 25.68137293402233, 34.999828925276425, 23.706725107844793, 6.523644921290197, 39.40091054799234, 32.78710590951998, 8.209955210521212, 38.680582794671544, 40.465103183977135, 22.802991710797684, 43.551141805536986, 11.281373983381556, 31.286301662437076, 38.056810107772286, 12.5979506578087, 10.299846228554218, 0.0, 28.17337829876496, 38.64948441336941, 9.80523385830387, 19.24493082035297, 5.59287074143967, 44.56191931224191, 34.39242747594819, 42.195007996592565, 45.721565401018054, 37.706152191783694, 43.7240553858107, 45.49140697150523, 7.648752897649118, 12.96920713226568, 10.931710741315092, 20.82800150566361, 32.36560793573749, 9.137239538317662, 13.614158239017211, 26.04815147695386, 27.846800839226145, 18.395265235589722, 26.12028481835469, 32.10416152470173], [38.059048039754956, 29.200828648758524, 18.30925051217079, 40.70266343944393, 33.438727449567054, 28.17337829876496, 0.0, 20.736807246770358, 37.09061735500331, 13.329285045885607, 33.746667583383505, 28.677997985599234, 27.680346572784153, 23.472753717601215, 29.199254742082093, 27.12941452573471, 52.32194763020533, 29.345164791976252, 21.375232117895134, 15.778331956522631, 39.10457427728987, 23.843285223656885, 34.684395012029924, 20.32599476704381, 35.66594795932932, 5.214548722684414, 37.61068297970439, 43.60789393135325, 43.179667981941016, 41.39712898954143, 22.3821835938785, 30.11339988454428, 34.413261336591624, 34.645156548152634, 28.805921533539575, 11.827599429103298, 1.546967561981805, 44.42171273883264, 26.720358520623357, 18.506703686992953, 47.1051976123218, 32.83900555930258, 32.97809825652231, 40.42596354006782, 10.692056805051223, 22.317111225835372, 26.555692843149707, 40.000503739497226, 41.89617055719009, 32.78468393308964, 38.059048039754956, 29.200828648758524, 18.30925051217079, 40.70266343944393, 33.438727449567054, 28.17337829876496, 0.0, 20.736807246770358, 37.09061735500331, 13.329285045885607, 33.746667583383505, 28.677997985599234, 27.680346572784153, 23.472753717601215, 29.199254742082093, 27.12941452573471, 52.32194763020533, 29.345164791976252, 21.375232117895134, 15.778331956522631, 39.10457427728987, 23.843285223656885, 34.684395012029924, 20.32599476704381, 35.66594795932932, 5.214548722684414, 37.61068297970439, 43.60789393135325, 43.179667981941016, 41.39712898954143], [44.54465591560943, 17.869701222208185, 2.9007469846511773, 50.40078276372564, 38.34381521566583, 38.64948441336941, 20.736807246770358, 0.0, 44.38461307997715, 32.131719719350215, 43.73683414371792, 7.941413761825109, 13.288010230248423, 3.548824961047417, 8.519836569251533, 9.613906700395392, 40.97468579955639, 8.622811842329906, 31.093451516782842, 30.699930104400053, 48.25905371946347, 21.471898521194525, 23.897616412168013, 34.5528674457797, 38.9131932073562, 25.79675773800289, 31.1469213867855, 47.279097237965395, 40.17468651982571, 33.195353896516366, 33.797918575596356, 33.134224107141904, 33.84514209976949, 14.13879747817166, 33.54988294152575, 32.4981625670149, 21.28079236909236, 39.82443707835581, 16.274125804379587, 13.763503891709691, 39.344760203429686, 28.205046401025214, 40.474644197240444, 26.595100468303873, 10.06967325014228, 30.513268123231633, 8.008979009188439, 25.263556011797156, 40.821146397521105, 13.316420857406289, 44.54465591560943, 17.869701222208185, 2.9007469846511773, 50.40078276372564, 38.34381521566583, 38.64948441336941, 20.736807246770358, 0.0, 44.38461307997715, 32.131719719350215, 43.73683414371792, 7.941413761825109, 13.288010230248423, 3.548824961047417, 8.519836569251533, 9.613906700395392, 40.97468579955639, 8.622811842329906, 31.093451516782842, 30.699930104400053, 48.25905371946347, 21.471898521194525, 23.897616412168013, 34.5528674457797, 38.9131932073562, 25.79675773800289, 31.1469213867855, 47.279097237965395, 40.17468651982571, 33.195353896516366], [1.7865559461319438, 33.275619991376374, 44.33342181778588, 7.352554353599121, 6.804178571533021, 9.80523385830387, 37.09061735500331, 44.38461307997715, 0.0, 29.035146542242934, 6.0133787558422185, 49.195007395073105, 37.39771752396559, 47.84119168825514, 50.45601730152716, 41.448422750855805, 39.87299447833965, 50.130291468895976, 15.722462116342852, 22.56333071771934, 5.097027967128238, 23.889506849823277, 32.494421440162014, 18.936916354722044, 8.621537535958542, 35.48921855904941, 25.69305448731458, 9.161974628893667, 20.597475428756155, 29.350687095445206, 15.126665526167919, 12.170764463554407, 15.878637198080156, 51.059809369575014, 10.951446738867348, 36.15728089033517, 38.501151470133706, 23.848635293957994, 32.52317223757521, 30.690588770953354, 30.573220841746075, 22.945079971534092, 4.164078383316487, 38.96079407879279, 40.15124499027523, 15.071819169118966, 42.77073899994363, 40.4481270898812, 16.763372494375595, 46.70299410672013, 1.7865559461319438, 33.275619991376374, 44.33342181778588, 7.352554353599121, 6.804178571533021, 9.80523385830387, 37.09061735500331, 44.38461307997715, 0.0, 29.035146542242934, 6.0133787558422185, 49.195007395073105, 37.39771752396559, 47.84119168825514, 50.45601730152716, 41.448422750855805, 39.87299447833965, 50.130291468895976, 15.722462116342852, 22.56333071771934, 5.097027967128238, 23.889506849823277, 32.494421440162014, 18.936916354722044, 8.621537535958542, 35.48921855904941, 25.69305448731458, 9.161974628893667, 20.597475428756155, 29.350687095445206], [30.431041647132776, 34.70233806721305, 30.201429333419707, 30.68318872994781, 27.65277417133611, 19.24493082035297, 13.329285045885607, 32.131719719350215, 29.035146542242934, 0.0, 24.258377256542982, 39.82872424409158, 35.07800332816323, 35.32557721670409, 40.59397903666075, 36.13027477824652, 54.78132710229184, 40.61903465531681, 15.228208434573322, 7.0755088389182434, 29.57356084200959, 25.88733037104835, 38.80678968868832, 10.11100785630731, 30.641510507261934, 8.833198235835512, 38.635818843442486, 37.2012333103671, 41.19201218646359, 42.94784711576679, 14.22702105908386, 26.423616126822314, 32.2319753277795, 45.037925581403215, 24.194245296369314, 7.122338558831385, 13.963219340708225, 43.30560567174138, 32.3773977932929, 24.552131191949243, 47.71120319446912, 33.62669030139686, 25.400286567482866, 45.574444702982234, 22.790896846097517, 17.131189260981643, 36.14347463553819, 45.75711507576525, 38.82083933078419, 42.27518623594544, 30.431041647132776, 34.70233806721305, 30.201429333419707, 30.68318872994781, 27.65277417133611, 19.24493082035297, 13.329285045885607, 32.131719719350215, 29.035146542242934, 0.0, 24.258377256542982, 39.82872424409158, 35.07800332816323, 35.32557721670409, 40.59397903666075, 36.13027477824652, 54.78132710229184, 40.61903465531681, 15.228208434573322, 7.0755088389182434, 29.57356084200959, 25.88733037104835, 38.80678968868832, 10.11100785630731, 30.641510507261934, 8.833198235835512, 38.635818843442486, 37.2012333103671, 41.19201218646359, 42.94784711576679], [7.792213933779621, 34.91811815463683, 43.29398316978204, 7.010891253650321, 10.19685569498951, 5.59287074143967, 33.746667583383505, 43.73683414371792, 6.0133787558422185, 24.258377256542982, 0.0, 49.32038309335536, 38.48221595901865, 47.268730030193616, 50.51863207388593, 42.109404025671715, 44.51386841596717, 50.25534174912317, 13.078738292450803, 18.371570463740625, 5.39926370165092, 24.75896711929616, 35.15705112026407, 14.228885136273602, 13.099121703956008, 31.476680091122688, 29.42197867971295, 15.170937071781726, 25.739860878662927, 33.41611619702837, 11.376107518984444, 14.406934852821268, 19.600351385327944, 51.92895944356473, 12.234659595013918, 31.33472458570267, 35.056582714234786, 28.888837263056317, 33.7677023482318, 30.45063634334674, 35.388342716311385, 25.92009155542756, 5.3890897169472884, 41.983836303301096, 38.257126770465526, 13.253946151855128, 43.219446931256364, 43.26165273182412, 22.0427358853091, 47.75889238703521, 7.792213933779621, 34.91811815463683, 43.29398316978204, 7.010891253650321, 10.19685569498951, 5.59287074143967, 33.746667583383505, 43.73683414371792, 6.0133787558422185, 24.258377256542982, 0.0, 49.32038309335536, 38.48221595901865, 47.268730030193616, 50.51863207388593, 42.109404025671715, 44.51386841596717, 50.25534174912317, 13.078738292450803, 18.371570463740625, 5.39926370165092, 24.75896711929616, 35.15705112026407, 14.228885136273602, 13.099121703956008, 31.476680091122688, 29.42197867971295, 15.170937071781726, 25.739860878662927, 33.41611619702837], [49.11016598233718, 18.44827468054577, 10.545594369653488, 55.68515303842443, 42.75686650596397, 44.56191931224191, 28.677997985599234, 7.941413761825109, 49.195007395073105, 39.82872424409158, 49.32038309335536, 0.0, 13.294085500503304, 5.8736609950523295, 1.3373341083926336, 8.519009233743825, 38.67717372716764, 0.9368388108698589, 37.2401354244147, 37.865402614307996, 53.45666465334822, 25.39347622042755, 23.528100460816024, 41.44925189579352, 42.77574830362497, 33.72600366590581, 31.989308910064857, 50.84026589801218, 41.716108600353515, 33.02697468347451, 40.15701774507339, 37.344939509346766, 36.794465024485454, 6.640179669439745, 38.2440598967639, 40.42922073783269, 29.211749800411692, 40.74108055694713, 17.841411085313055, 18.89108577857889, 38.90227306245885, 30.18311744157529, 45.521473718924774, 24.015380137215647, 18.007230109919593, 36.35234972319095, 6.747192360177693, 22.240128193964118, 43.063387437224506, 7.770157823103526, 49.11016598233718, 18.44827468054577, 10.545594369653488, 55.68515303842443, 42.75686650596397, 44.56191931224191, 28.677997985599234, 7.941413761825109, 49.195007395073105, 39.82872424409158, 49.32038309335536, 0.0, 13.294085500503304, 5.8736609950523295, 1.3373341083926336, 8.519009233743825, 38.67717372716764, 0.9368388108698589, 37.2401354244147, 37.865402614307996, 53.45666465334822, 25.39347622042755, 23.528100460816024, 41.44925189579352, 42.77574830362497, 33.72600366590581, 31.989308910064857, 50.84026589801218, 41.716108600353515, 33.02697468347451], [37.06887727639827, 5.158254445169732, 15.558275852576827, 44.30922221248158, 30.704047075234474, 34.39242747594819, 27.680346572784153, 13.288010230248423, 37.39771752396559, 35.07800332816323, 38.48221595901865, 13.294085500503304, 0.0, 15.170478489657985, 14.628567846206193, 4.780277684692335, 27.757739357825834, 14.135444772270374, 27.862289216858684, 30.98719223141486, 42.014781604204856, 13.725370055262033, 10.726622966400448, 33.54142387855489, 30.260097567656537, 31.694923397879812, 18.756145711524898, 38.0255335279623, 28.42404017545271, 20.193332768662117, 31.03740221887152, 25.256154012525805, 23.830126347577714, 13.679427749562901, 26.62287227320684, 37.983702625551956, 28.812346135214476, 27.528366020105, 4.9064017482323266, 10.548527935452766, 26.26843167096286, 16.96030839985955, 34.07605473317995, 13.700139690208411, 19.191342559076077, 26.459873393594453, 6.650524737633557, 12.744236425861446, 29.818929641144017, 9.316005277141876, 37.06887727639827, 5.158254445169732, 15.558275852576827, 44.30922221248158, 30.704047075234474, 34.39242747594819, 27.680346572784153, 13.288010230248423, 37.39771752396559, 35.07800332816323, 38.48221595901865, 13.294085500503304, 0.0, 15.170478489657985, 14.628567846206193, 4.780277684692335, 27.757739357825834, 14.135444772270374, 27.862289216858684, 30.98719223141486, 42.014781604204856, 13.725370055262033, 10.726622966400448, 33.54142387855489, 30.260097567656537, 31.694923397879812, 18.756145711524898, 38.0255335279623, 28.42404017545271, 20.193332768662117], [47.96764926960877, 20.09705578377956, 5.181788229620397, 53.91335511303914, 41.734210635234014, 42.195007996592565, 23.472753717601215, 3.548824961047417, 47.84119168825514, 35.32557721670409, 47.268730030193616, 5.8736609950523295, 15.170478489657985, 0.0, 5.954678252758912, 10.821649674077005, 42.369312531062384, 6.256498753984787, 34.64208997869583, 34.14692270319793, 51.76251796989403, 24.706426238935464, 25.896517706147495, 38.050299275941796, 42.20719638294845, 28.625475231476067, 33.62295340926139, 50.53005985029164, 42.90761037551499, 35.350667202067875, 37.343845452960444, 36.47865086850806, 36.925656854268844, 12.506061266279131, 36.9746502833935, 35.296774751236576, 23.861333469147105, 42.36957867297623, 18.792789675611612, 17.167681758470387, 41.43868147476441, 31.000895863525972, 43.956029989171334, 27.772679047780382, 12.810289603184515, 34.05266103417787, 8.93602133104206, 26.23726806001948, 43.74913672332755, 12.848074699021813, 47.96764926960877, 20.09705578377956, 5.181788229620397, 53.91335511303914, 41.734210635234014, 42.195007996592565, 23.472753717601215, 3.548824961047417, 47.84119168825514, 35.32557721670409, 47.268730030193616, 5.8736609950523295, 15.170478489657985, 0.0, 5.954678252758912, 10.821649674077005, 42.369312531062384, 6.256498753984787, 34.64208997869583, 34.14692270319793, 51.76251796989403, 24.706426238935464, 25.896517706147495, 38.050299275941796, 42.20719638294845, 28.625475231476067, 33.62295340926139, 50.53005985029164, 42.90761037551499, 35.350667202067875], [50.38632934042411, 19.781459613375716, 10.931969651978898, 56.91414485149514, 44.0377811081946, 45.721565401018054, 29.199254742082093, 8.519836569251533, 50.45601730152716, 40.59397903666075, 50.51863207388593, 1.3373341083926336, 14.628567846206193, 5.954678252758912, 0.0, 9.855035530436417, 39.81022460254635, 0.6002437044893618, 38.36353909195654, 38.80897372188109, 54.691668855074745, 26.679150035946694, 24.825919773809183, 42.456011802761154, 44.08225766420044, 34.29432152089173, 33.313759263644826, 52.1602167830848, 43.04899229838562, 34.316502030809566, 41.25447407884385, 38.632240722617624, 38.123950749365534, 6.933160751858199, 39.50457245071381, 40.990822465909616, 29.67063980945636, 42.061989451418974, 19.17711594964189, 20.072860167735776, 40.17121106308095, 31.52039922998499, 46.763407263195006, 25.16485133609165, 18.50766384394378, 37.51179048860339, 8.082836289768423, 23.354130349342885, 44.40071420029297, 8.733488785402473, 50.38632934042411, 19.781459613375716, 10.931969651978898, 56.91414485149514, 44.0377811081946, 45.721565401018054, 29.199254742082093, 8.519836569251533, 50.45601730152716, 40.59397903666075, 50.51863207388593, 1.3373341083926336, 14.628567846206193, 5.954678252758912, 0.0, 9.855035530436417, 39.81022460254635, 0.6002437044893618, 38.36353909195654, 38.80897372188109, 54.691668855074745, 26.679150035946694, 24.825919773809183, 42.456011802761154, 44.08225766420044, 34.29432152089173, 33.313759263644826, 52.1602167830848, 43.04899229838562, 34.316502030809566], [41.22967345340858, 9.938421682247371, 12.274955035911367, 48.18971137368864, 34.85395451031522, 37.706152191783694, 27.12941452573471, 9.613906700395392, 41.448422750855805, 36.13027477824652, 42.109404025671715, 8.519009233743825, 4.780277684692335, 10.821649674077005, 9.855035530436417, 0.0, 31.57739531304823, 9.37155204432836, 30.772869504268368, 32.854330877436205, 45.918609040816264, 17.566968329652035, 15.280554978400351, 35.87300875077208, 34.628853576318406, 31.628517525196823, 23.5217357104235, 42.54779530627123, 33.203778533886954, 24.798006981641755, 33.865681780108126, 29.40419715248382, 28.41305356793226, 9.869273121654171, 30.553133964674974, 38.176659972271054, 28.066885143430156, 32.289321629854435, 9.401504107315198, 12.458712088574163, 30.80219794356631, 21.68311441853626, 37.95730689014391, 17.05309009833814, 17.48287512758807, 29.58762973214136, 1.9349410319692193, 15.658055283886656, 34.55815014345492, 6.208501520374853, 41.22967345340858, 9.938421682247371, 12.274955035911367, 48.18971137368864, 34.85395451031522, 37.706152191783694, 27.12941452573471, 9.613906700395392, 41.448422750855805, 36.13027477824652, 42.109404025671715, 8.519009233743825, 4.780277684692335, 10.821649674077005, 9.855035530436417, 0.0, 31.57739531304823, 9.37155204432836, 30.772869504268368, 32.854330877436205, 45.918609040816264, 17.566968329652035, 15.280554978400351, 35.87300875077208, 34.628853576318406, 31.628517525196823, 23.5217357104235, 42.54779530627123, 33.203778533886954, 24.798006981641755], [38.443752292803744, 23.989088411676086, 43.3160151255881, 46.84344853377913, 34.33657892808626, 43.7240553858107, 52.32194763020533, 40.97468579955639, 39.87299447833965, 54.78132710229184, 44.51386841596717, 38.67717372716764, 27.757739357825834, 42.369312531062384, 39.81022460254635, 31.57739531304823, 0.0, 39.2134095259602, 41.37592384157049, 48.40541869249661, 44.809932962407586, 29.18849302061625, 17.920027686252205, 48.48316768565431, 31.480640401723694, 54.93898995223552, 16.348287970014944, 34.01537178572322, 19.576470833143656, 11.948026139980298, 44.10210244769445, 31.311785841271153, 25.212718667504483, 34.81390324398129, 33.99686771174988, 60.0, 53.73108323561126, 16.281194218945547, 26.291668293594586, 33.9779717369658, 9.38802203307113, 21.251879789664578, 39.15237785623516, 14.67276183611901, 46.085769146667076, 39.26439684393192, 33.43552165848296, 16.466524550192496, 23.46043391514687, 31.22071670502929, 38.443752292803744, 23.989088411676086, 43.3160151255881, 46.84344853377913, 34.33657892808626, 43.7240553858107, 52.32194763020533, 40.97468579955639, 39.87299447833965, 54.78132710229184, 44.51386841596717, 38.67717372716764, 27.757739357825834, 42.369312531062384, 39.81022460254635, 31.57739531304823, 0.0, 39.2134095259602, 41.37592384157049, 48.40541869249661, 44.809932962407586, 29.18849302061625, 17.920027686252205, 48.48316768565431, 31.480640401723694, 54.93898995223552, 16.348287970014944, 34.01537178572322, 19.576470833143656, 11.948026139980298], [50.04290517006082, 19.28254611414397, 11.126927796294702, 56.621963384907154, 43.68854257783001, 45.49140697150523, 29.345164791976252, 8.622811842329906, 50.130291468895976, 40.61903465531681, 50.25534174912317, 0.9368388108698589, 14.135444772270374, 6.256498753984787, 0.6002437044893618, 9.37155204432836, 39.2134095259602, 0.0, 38.16204602409258, 38.73076213465669, 54.393497381572224, 26.324229079414394, 24.279089315460787, 42.337550575403256, 43.697157822787545, 34.418899284989934, 32.7945293624443, 51.751030606275684, 42.547129557758055, 33.76307706758778, 41.072657439751715, 38.27488090949309, 37.69266443217442, 6.445765745881234, 39.179477745336634, 41.11950836968664, 29.845334293564655, 41.53703244866737, 18.723913519857085, 19.82334769478116, 39.60608900812918, 31.050572562740737, 46.45818410040059, 24.57015555058987, 18.659385379814314, 37.28164136880133, 7.634813747707774, 22.75621169662263, 43.92822480501431, 8.134207815158103, 50.04290517006082, 19.28254611414397, 11.126927796294702, 56.621963384907154, 43.68854257783001, 45.49140697150523, 29.345164791976252, 8.622811842329906, 50.130291468895976, 40.61903465531681, 50.25534174912317, 0.9368388108698589, 14.135444772270374, 6.256498753984787, 0.6002437044893618, 9.37155204432836, 39.2134095259602, 0.0, 38.16204602409258, 38.73076213465669, 54.393497381572224, 26.324229079414394, 24.279089315460787, 42.337550575403256, 43.697157822787545, 34.418899284989934, 32.7945293624443, 51.751030606275684, 42.547129557758055, 33.76307706758778], [16.696943136579602, 25.41022343453336, 30.428647871422182, 20.05527725993842, 12.681885157874099, 7.648752897649118, 21.375232117895134, 31.093451516782842, 15.722462116342852, 15.228208434573322, 13.078738292450803, 37.2401354244147, 27.862289216858684, 34.64208997869583, 38.36353909195654, 30.772869504268368, 41.37592384157049, 38.16204602409258, 0.0, 8.152810898458648, 18.1833249276578, 14.940109340011524, 27.611684896066684, 7.107671288666866, 15.49740364764073, 20.12259186197933, 25.03287808617214, 22.65971304344546, 26.154437446986456, 29.435102929888757, 3.2092990510002037, 11.290525155097994, 17.344002359863648, 40.62390240382792, 8.969606636876964, 22.023155684949508, 22.79949832956364, 28.479629387486895, 23.6626880863557, 18.470274814718344, 33.48507048567522, 20.253029406371468, 11.60297888038956, 34.73204181313587, 25.179446442904215, 2.120367647800215, 31.595536870018506, 35.48833797485504, 23.62222845510007, 36.785617619341956, 16.696943136579602, 25.41022343453336, 30.428647871422182, 20.05527725993842, 12.681885157874099, 7.648752897649118, 21.375232117895134, 31.093451516782842, 15.722462116342852, 15.228208434573322, 13.078738292450803, 37.2401354244147, 27.862289216858684, 34.64208997869583, 38.36353909195654, 30.772869504268368, 41.37592384157049, 38.16204602409258, 0.0, 8.152810898458648, 18.1833249276578, 14.940109340011524, 27.611684896066684, 7.107671288666866, 15.49740364764073, 20.12259186197933, 25.03287808617214, 22.65971304344546, 26.154437446986456, 29.435102929888757], [23.83671498675074, 29.76075234128774, 29.31108335828765, 25.1839891614602, 20.654959525236244, 12.96920713226568, 15.778331956522631, 30.699930104400053, 22.56333071771934, 7.0755088389182434, 18.371570463740625, 37.865402614307996, 30.98719223141486, 34.14692270319793, 38.80897372188109, 32.854330877436205, 48.40541869249661, 38.73076213465669, 8.152810898458648, 0.0, 23.770661536610767, 20.100786384481395, 33.189323877326224, 4.555232879600441, 23.594505438209843, 13.105173306207012, 32.122116726185844, 30.369443589489073, 34.179767901407516, 36.488869695484475, 7.4589419607021314, 19.370966550314503, 25.25853240160756, 42.340363908191996, 17.119148545624384, 13.952751737445512, 16.953727745149653, 36.36935268442665, 27.61188678078362, 20.55431001411056, 41.001869643436784, 27.157991207509806, 18.726766878379905, 40.1644134614572, 22.664369588201694, 10.073109777263891, 33.22196197353696, 40.57935072618825, 31.753902772682043, 39.06089415006292, 23.83671498675074, 29.76075234128774, 29.31108335828765, 25.1839891614602, 20.654959525236244, 12.96920713226568, 15.778331956522631, 30.699930104400053, 22.56333071771934, 7.0755088389182434, 18.371570463740625, 37.865402614307996, 30.98719223141486, 34.14692270319793, 38.80897372188109, 32.854330877436205, 48.40541869249661, 38.73076213465669, 8.152810898458648, 0.0, 23.770661536610767, 20.100786384481395, 33.189323877326224, 4.555232879600441, 23.594505438209843, 13.105173306207012, 32.122116726185844, 30.369443589489073, 34.179767901407516, 36.488869695484475], [6.367099031970792, 38.06007638521979, 47.99274103171251, 2.3150658072006634, 11.768460618668271, 10.931710741315092, 39.10457427728987, 48.25905371946347, 5.097027967128238, 29.57356084200959, 5.39926370165092, 53.45666465334822, 42.014781604204856, 51.76251796989403, 54.691668855074745, 45.918609040816264, 44.809932962407586, 54.393497381572224, 18.1833249276578, 23.770661536610767, 0.0, 28.367273325813517, 37.511287181870784, 19.596935330962115, 13.712437174166025, 36.875675264224085, 30.78978440820624, 12.499599719461333, 25.391914858218897, 34.425540219426765, 16.722393817422876, 16.9695231457676, 20.972225866081526, 55.62798264254475, 15.394012627828925, 36.618109274764755, 40.4278444923597, 28.674948172952384, 37.1799502640926, 34.725932016383126, 35.47001274028691, 27.9879010547369, 7.961432190218033, 44.03203776985791, 43.2738251610936, 18.06956202908926, 47.158333609379184, 45.49698591767959, 21.51278105601741, 51.330784201636526, 6.367099031970792, 38.06007638521979, 47.99274103171251, 2.3150658072006634, 11.768460618668271, 10.931710741315092, 39.10457427728987, 48.25905371946347, 5.097027967128238, 29.57356084200959, 5.39926370165092, 53.45666465334822, 42.014781604204856, 51.76251796989403, 54.691668855074745, 45.918609040816264, 44.809932962407586, 54.393497381572224, 18.1833249276578, 23.770661536610767, 0.0, 28.367273325813517, 37.511287181870784, 19.596935330962115, 13.712437174166025, 36.875675264224085, 30.78978440820624, 12.499599719461333, 25.391914858218897, 34.425540219426765], [23.729013045172547, 10.527767389931874, 22.1455197679695, 30.647932088361635, 17.366486792411244, 20.82800150566361, 23.843285223656885, 21.471898521194525, 23.889506849823277, 25.88733037104835, 24.75896711929616, 25.39347622042755, 13.725370055262033, 24.706426238935464, 26.679150035946694, 17.566968329652035, 29.18849302061625, 26.324229079414394, 14.940109340011524, 20.100786384481395, 28.367273325813517, 0.0, 13.090039923968627, 21.471008074444605, 17.52434849292725, 25.876689676231795, 13.78104354272351, 25.82420781989075, 20.223085355383805, 17.72136707390219, 18.14237228068853, 11.953299620771249, 12.599356304967541, 27.266777372140883, 12.98753529336237, 30.81619411773447, 25.34505054594454, 20.915536329990047, 9.050058091605147, 8.054274685988803, 23.27582224291289, 9.02024820022367, 20.409503146266427, 20.108334830049323, 20.648342401459118, 13.233515657597628, 18.888731862507285, 20.67398209193662, 19.975209300063856, 23.01973086900135, 23.729013045172547, 10.527767389931874, 22.1455197679695, 30.647932088361635, 17.366486792411244, 20.82800150566361, 23.843285223656885, 21.471898521194525, 23.889506849823277, 25.88733037104835, 24.75896711929616, 25.39347622042755, 13.725370055262033, 24.706426238935464, 26.679150035946694, 17.566968329652035, 29.18849302061625, 26.324229079414394, 14.940109340011524, 20.100786384481395, 28.367273325813517, 0.0, 13.090039923968627, 21.471008074444605, 17.52434849292725, 25.876689676231795, 13.78104354272351, 25.82420781989075, 20.223085355383805, 17.72136707390219], [31.703874682175503, 6.176779196370451, 25.9517983192258, 39.813494823603776, 25.743341612224526, 32.36560793573749, 34.684395012029924, 23.897616412168013, 32.494421440162014, 38.80678968868832, 35.15705112026407, 23.528100460816024, 10.726622966400448, 25.896517706147495, 24.825919773809183, 15.280554978400351, 17.920027686252205, 24.279089315460787, 27.611684896066684, 33.189323877326224, 37.511287181870784, 13.090039923968627, 0.0, 34.41434900152805, 24.24302253761937, 37.704155359723536, 8.970652355395975, 30.79020119764595, 18.928725194558, 9.520562899126926, 30.74197417745865, 20.77755021918794, 16.955103375241443, 21.988900348821172, 22.971631929702234, 43.24419649714548, 36.04545291360647, 17.442017053927763, 8.381220575504726, 16.19847084705873, 15.545627791779449, 9.583526544369592, 30.039526278651316, 7.122540990622467, 28.181415567347024, 25.699666094957124, 17.213368461331047, 8.119042354468668, 21.13188930028054, 17.519007252238456, 31.703874682175503, 6.176779196370451, 25.9517983192258, 39.813494823603776, 25.743341612224526, 32.36560793573749, 34.684395012029924, 23.897616412168013, 32.494421440162014, 38.80678968868832, 35.15705112026407, 23.528100460816024, 10.726622966400448, 25.896517706147495, 24.825919773809183, 15.280554978400351, 17.920027686252205, 24.279089315460787, 27.611684896066684, 33.189323877326224, 37.511287181870784, 13.090039923968627, 0.0, 34.41434900152805, 24.24302253761937, 37.704155359723536, 8.970652355395975, 30.79020119764595, 18.928725194558, 9.520562899126926], [20.366150618131975, 31.69540740518696, 33.34869446562877, 20.870770370437043, 18.13607917246359, 9.137239538317662, 20.32599476704381, 34.5528674457797, 18.936916354722044, 10.11100785630731, 14.228885136273602, 41.44925189579352, 33.54142387855489, 38.050299275941796, 42.456011802761154, 35.87300875077208, 48.48316768565431, 42.337550575403256, 7.107671288666866, 4.555232879600441, 19.596935330962115, 21.471008074444605, 34.41434900152805, 0.0, 21.30837355964123, 17.420037259702713, 32.14054665453968, 27.282889513063484, 32.843389453991236, 36.542774217781904, 4.718616622186582, 18.02218553383434, 24.229200903471018, 45.557018337176515, 15.477390678639184, 17.231187316302005, 21.480044643176754, 35.32826238959991, 29.737284749496958, 23.42108521421123, 40.528054246927056, 27.348210347890788, 15.400642103641163, 41.51049105175904, 26.960976391293904, 9.21973660804149, 36.421674837681586, 42.14401740815282, 30.03343309630671, 42.0390937855368, 20.366150618131975, 31.69540740518696, 33.34869446562877, 20.870770370437043, 18.13607917246359, 9.137239538317662, 20.32599476704381, 34.5528674457797, 18.936916354722044, 10.11100785630731, 14.228885136273602, 41.44925189579352, 33.54142387855489, 38.050299275941796, 42.456011802761154, 35.87300875077208, 48.48316768565431, 42.337550575403256, 7.107671288666866,