M = 99999999.0;
numWorkers = 15;
numRoles = 3;
numNodes = 40;
wStart = [180, 0, 90, 0, 30, 90, 0, 210, 120, 150, 270, 120, 0, 270, 60, 300, 30, 210, 240, 60, 150, 180, 300, 180, 30, 420, 330, 420, 150, 480, 480, 360, 270, 360, 450, 390, 390, 450, 390, 420];
wEnd = [180, 0, 90, 0, 30, 90, 0, 210, 120, 150, 270, 120, 0, 270, 60, 390, 60, 420, 420, 420, 450, 420, 390, 420, 60, 420, 330, 420, 150, 480, 480, 360, 270, 360, 450, 390, 390, 450, 390, 420];
p = [0, 0, 0, 0, 0, 0, 0, 0, 0, 0, 0, 0, 0, 0, 0, 48.26657069900205, 38.01753107791026, 25.352941251327344, 67.46104288633262, 45.76575812349636, 46.135809838378535, 74.7154643538866, 24.133285349501026, 37.3577321769433, 19.00876553895513, 0, 0, 0, 0, 0, 0, 0, 0, 0, 0, 0, 0, 0, 0, 0];
e = [[1, 0, 1], [0, 1, 1], [0, 1, 1], [1, 1, 0], [0, 1, 0], [0, 1, 0], [1, 1, 0], [0, 1, 1], [1, 1, 0], [1, 1, 0], [0, 1, 1], [0, 1, 0], [0, 1, 0], [1, 0, 0], [0, 0, 1]];
d = [[1, 0, 1, 1, 1, 1, 1, 2, 2, 0], [0, 1, 0, 0, 1, 1, 0, 0, 0, 2], [1, 0, 1, 0, 0, 0, 1, 2, 2, 0]];
r = [3488, 496, 3844, 1919, 2423, 4222, 543, 3488, 543, 496];
g = [[0, 0, 0, 0, 0, 0, 0, 1, 0, 0], [0, 0, 0, 0, 0, 0, 0, 0, 0, 1], [0, 0, 0, 0, 0, 0, 0, 0, 0, 0], [0, 0, 0, 0, 0, 0, 0, 0, 0, 0], [0, 0, 0, 0, 0, 0, 0, 0, 0, 0], [0, 0, 0, 0, 0, 0, 0, 0, 0, 0], [0, 0, 0, 0, 0, 0, 0, 0, 1, 0], [1, 0, 0, 0, 0, 0, 0, 0, 0, 0], [0, 0, 0, 0, 0, 0, 1, 0, 0, 0], [0, 1, 0, 0, 0, 0, 0, 0, 0, 0]];
t = [[0.0, 10.994536187175076, 15.725170474281505, 7.844055360014926, 6.492238413924901, 9.636527401571255, 5.4860142992890175, 14.362837917636837, 8.118125094107533, 13.421772230295067, 13.131297395103754, 15.32424462330953, 6.350367912033513, 11.101753168692667, 8.60004233791811, 12.234305479838987, 6.200525656816083, 6.104090222178384, 13.061409459925326, 5.77146600951574, 13.253878302418912, 15.283331800480356, 12.234305479838987, 15.283331800480356, 6.200525656816083, 0.0, 10.994536187175076, 15.725170474281505, 7.844055360014926, 6.492238413924901, 9.636527401571255, 5.4860142992890175, 14.362837917636837, 8.118125094107533, 13.421772230295067, 13.131297395103754, 15.32424462330953, 6.350367912033513, 11.101753168692667, 8.60004233791811], [10.994536187175076, 0.0, 4.93880601707272, 18.61811471928973, 11.018289744526973, 19.96727554348608, 5.863228080436656, 25.145385890383167, 3.483743153411114, 6.557979257448198, 5.276234034632597, 18.19389878970042, 7.961794919295532, 10.875035868262117, 10.436074783460061, 23.228189607978788, 7.0651678481655775, 15.331012342202873, 24.017626605276487, 10.353591222140889, 16.673548310245565, 16.105139431252603, 23.228189607978788, 16.105139431252603, 7.0651678481655775, 10.994536187175076, 0.0, 4.93880601707272, 18.61811471928973, 11.018289744526973, 19.96727554348608, 5.863228080436656, 25.145385890383167, 3.483743153411114, 6.557979257448198, 5.276234034632597, 18.19389878970042, 7.961794919295532, 10.875035868262117, 10.436074783460061], [15.725170474281505, 4.93880601707272, 0.0, 23.11283749782186, 14.463622560029146, 24.232115425278906, 10.786440927507238, 30.0, 8.398672972909685, 6.201510955657775, 7.728299041693687, 22.333545553256656, 11.539544180269631, 14.959751970244225, 13.156589513412527, 27.92975939343172, 10.84505893805863, 20.269229781362803, 28.786477159688467, 15.22946263642982, 18.75541274046908, 19.882879007529866, 27.92975939343172, 19.882879007529866, 10.84505893805863, 15.725170474281505, 4.93880601707272, 0.0, 23.11283749782186, 14.463622560029146, 24.232115425278906, 10.786440927507238, 30.0, 8.398672972909685, 6.201510955657775, 7.728299041693687, 22.333545553256656, 11.539544180269631, 14.959751970244225, 13.156589513412527], [7.844055360014926, 18.61811471928973, 23.11283749782186, 0.0, 10.10790851517338, 2.4901442220266237, 13.325810718490008, 8.850953911391052, 15.941315426877278, 19.638961363947697, 20.95387011903787, 19.657993424147794, 12.10645789086913, 17.773540312584466, 12.53464730199669, 5.418947295900463, 12.51204202147503, 8.399203058415075, 6.735484627387092, 12.348045394976683, 13.650923649758738, 20.736589453227364, 5.418947295900463, 20.736589453227364, 12.51204202147503, 7.844055360014926, 18.61811471928973, 23.11283749782186, 0.0, 10.10790851517338, 2.4901442220266237, 13.325810718490008, 8.850953911391052, 15.941315426877278, 19.638961363947697, 20.95387011903787, 19.657993424147794, 12.10645789086913, 17.773540312584466, 12.53464730199669], [6.492238413924901, 11.018289744526973, 14.463622560029146, 10.10790851517338, 0.0, 10.413659257837942, 8.345181806112242, 18.628724843403518, 9.942040476159129, 9.845574639623468, 15.26498457257638, 21.506944237911238, 3.057156048715308, 16.182511317398408, 2.482760350476073, 15.505566893572645, 3.9753526839559035, 12.44136583798991, 16.740019712273575, 11.573905428072996, 7.095046615297921, 21.010092145157508, 15.505566893572645, 21.010092145157508, 3.9753526839559035, 6.492238413924901, 11.018289744526973, 14.463622560029146, 10.10790851517338, 0.0, 10.413659257837942, 8.345181806112242, 18.628724843403518, 9.942040476159129, 9.845574639623468, 15.26498457257638, 21.506944237911238, 3.057156048715308, 16.182511317398408, 2.482760350476073], [9.636527401571255, 19.96727554348608, 24.232115425278906, 2.4901442220266237, 10.413659257837942, 0.0, 15.013023877000279, 10.030444265516271, 17.5548644576858, 20.226273640745166, 22.736846222077403, 22.143590464815436, 12.860544085698134, 20.04674079167301, 12.668926542896235, 6.203708099888147, 13.424146659187198, 10.878899779058017, 7.684149847727035, 14.579098818582164, 12.581592517610268, 23.174656839378013, 6.203708099888147, 23.174656839378013, 13.424146659187198, 9.636527401571255, 19.96727554348608, 24.232115425278906, 2.4901442220266237, 10.413659257837942, 0.0, 15.013023877000279, 10.030444265516271, 17.5548644576858, 20.226273640745166, 22.736846222077403, 22.143590464815436, 12.860544085698134, 20.04674079167301, 12.668926542896235], [5.4860142992890175, 5.863228080436656, 10.786440927507238, 13.325810718490008, 8.345181806112242, 15.013023877000279, 0.0, 19.316097021000207, 2.6539499783847487, 10.20463686257815, 7.743421735508935, 14.49203642680488, 5.9998517864686995, 8.11659012182499, 9.174354742323596, 17.578114185043194, 5.117170390901416, 9.50623440932175, 18.28034559517967, 5.065352677987838, 15.298238248591865, 13.288132318857091, 17.578114185043194, 13.288132318857091, 5.117170390901416, 5.4860142992890175, 5.863228080436656, 10.786440927507238, 13.325810718490008, 8.345181806112242, 15.013023877000279, 0.0, 19.316097021000207, 2.6539499783847487, 10.20463686257815, 7.743421735508935, 14.49203642680488, 5.9998517864686995, 8.11659012182499, 9.174354742323596], [14.362837917636837, 25.145385890383167, 30.0, 8.850953911391052, 18.628724843403518, 10.030444265516271, 19.316097021000207, 0.0, 21.912492372286927, 27.57526839436077, 25.989740346540213, 18.946041634074767, 20.091769924048624, 20.441257152773407, 21.107187667757607, 3.888520665394914, 20.254864393968777, 10.459239616785796, 2.4050492416551235, 16.09817786939637, 22.43753315866656, 21.240694412378435, 3.888520665394914, 21.240694412378435, 20.254864393968777, 14.362837917636837, 25.145385890383167, 30.0, 8.850953911391052, 18.628724843403518, 10.030444265516271, 19.316097021000207, 0.0, 21.912492372286927, 27.57526839436077, 25.989740346540213, 18.946041634074767, 20.091769924048624, 20.441257152773407, 21.107187667757607], [8.118125094107533, 3.483743153411114, 8.398672972909685, 15.941315426877278, 9.942040476159129, 17.5548644576858, 2.6539499783847487, 21.912492372286927, 0.0, 9.030312910064337, 5.404365770744937, 15.2169731716765, 7.126892566363086, 8.140905354948572, 10.174736951674912, 20.23078092594291, 6.143463751789658, 11.912598507846413, 20.92107598129959, 6.874299865511143, 16.51095370792719, 13.474085861340116, 20.23078092594291, 13.474085861340116, 6.143463751789658, 8.118125094107533, 3.483743153411114, 8.398672972909685, 15.941315426877278, 9.942040476159129, 17.5548644576858, 2.6539499783847487, 21.912492372286927, 0.0, 9.030312910064337, 5.404365770744937, 15.2169731716765, 7.126892566363086, 8.140905354948572, 10.174736951674912], [13.421772230295067, 6.557979257448198, 6.201510955657775, 19.638961363947697, 9.845574639623468, 20.226273640745166, 10.20463686257815, 27.57526839436077, 9.030312910064337, 0.0, 11.685948346956986, 24.244490953185657, 7.550802112399035, 17.118301730335894, 7.909341861378837, 24.88561415979135, 7.321524088825678, 19.096475327687614, 25.972065290107132, 15.269910987562437, 12.79239905247373, 22.434010775934585, 24.88561415979135, 22.434010775934585, 7.321524088825678, 13.421772230295067, 6.557979257448198, 6.201510955657775, 19.638961363947697, 9.845574639623468, 20.226273640745166, 10.20463686257815, 27.57526839436077, 9.030312910064337, 0.0, 11.685948346956986, 24.244490953185657, 7.550802112399035, 17.118301730335894, 7.909341861378837], [13.131297395103754, 5.276234034632597, 7.728299041693687, 20.95387011903787, 15.26498457257638, 22.736846222077403, 7.743421735508935, 25.989740346540213, 5.404365770744937, 11.685948346956986, 0.0, 14.90897638651873, 12.335355939957592, 7.694926519259137, 15.204270675243972, 24.811023162094852, 11.355869244965422, 15.5709550584907, 25.320554526418498, 9.93775518174284, 21.54928395401629, 12.254745945733214, 24.811023162094852, 12.254745945733214, 11.355869244965422, 13.131297395103754, 5.276234034632597, 7.728299041693687, 20.95387011903787, 15.26498457257638, 22.736846222077403, 7.743421735508935, 25.989740346540213, 5.404365770744937, 11.685948346956986, 0.0, 14.90897638651873, 12.335355939957592, 7.694926519259137, 15.204270675243972], [15.32424462330953, 18.19389878970042, 22.333545553256656, 19.657993424147794, 21.506944237911238, 22.143590464815436, 14.49203642680488, 18.946041634074767, 15.2169731716765, 24.244490953185657, 14.90897638651873, 0.0, 20.092099090032022, 7.380213188799224, 23.112347452962545, 20.158740109888488, 19.36997349601092, 11.270614390362498, 19.73414361077679, 9.973510669719182, 28.511452506576525, 3.261432528331375, 20.158740109888488, 3.261432528331375, 19.36997349601092, 15.32424462330953, 18.19389878970042, 22.333545553256656, 19.657993424147794, 21.506944237911238, 22.143590464815436, 14.49203642680488, 18.946041634074767, 15.2169731716765, 24.244490953185657, 14.90897638651873, 0.0, 20.092099090032022, 7.380213188799224, 23.112347452962545], [6.350367912033513, 7.961794919295532, 11.539544180269631, 12.10645789086913, 3.057156048715308, 12.860544085698134, 5.9998517864686995, 20.091769924048624, 7.126892566363086, 7.550802112399035, 12.335355939957592, 20.092099090032022, 0.0, 14.10218603487137, 3.1753312425176747, 17.335054003188812, 0.9849978408309331, 12.41158785873179, 18.43298196770146, 10.159584730932815, 9.412925075096435, 19.191207453956356, 17.335054003188812, 19.191207453956356, 0.9849978408309331, 6.350367912033513, 7.961794919295532, 11.539544180269631, 12.10645789086913, 3.057156048715308, 12.860544085698134, 5.9998517864686995, 20.091769924048624, 7.126892566363086, 7.550802112399035, 12.335355939957592, 20.092099090032022, 0.0, 14.10218603487137, 3.1753312425176747], [11.101753168692667, 10.875035868262117, 14.959751970244225, 17.773540312584466, 16.182511317398408, 20.04674079167301, 8.11659012182499, 20.441257152773407, 8.140905354948572, 17.118301730335894, 7.694926519259137, 7.380213188799224, 14.10218603487137, 0.0, 17.269116585784417, 20.235449287159792, 13.233534314088194, 10.264665901021283, 20.354719746624845, 5.486114563253768, 23.257382146972727, 5.333357003239843, 20.235449287159792, 5.333357003239843, 13.233534314088194, 11.101753168692667, 10.875035868262117, 14.959751970244225, 17.773540312584466, 16.182511317398408, 20.04674079167301, 8.11659012182499, 20.441257152773407, 8.140905354948572, 17.118301730335894, 7.694926519259137, 7.380213188799224, 14.10218603487137, 0.0, 17.269116585784417], [8.60004233791811, 10.436074783460061, 13.156589513412527, 12.53464730199669, 2.482760350476073, 12.668926542896235, 9.174354742323596, 21.107187667757607, 10.174736951674912, 7.909341861378837, 15.204270675243972, 23.112347452962545, 3.1753312425176747, 17.269116585784417, 0.0, 17.946019865201947, 4.10241017877598, 14.669964127139252, 19.199452085673432, 13.141979645732045, 6.354075149746234, 22.323657882260704, 17.946019865201947, 22.323657882260704, 4.10241017877598, 8.60004233791811, 10.436074783460061, 13.156589513412527, 12.53464730199669, 2.482760350476073, 12.668926542896235, 9.174354742323596, 21.107187667757607, 10.174736951674912, 7.909341861378837, 15.204270675243972, 23.112347452962545, 3.1753312425176747, 17.269116585784417, 0.0], [12.234305479838987, 23.228189607978788, 27.92975939343172, 5.418947295900463, 15.505566893572645, 6.203708099888147, 17.578114185043194, 3.888520665394914, 20.23078092594291, 24.88561415979135, 24.811023162094852, 20.158740109888488, 17.335054003188812, 20.235449287159792, 17.946019865201947, 0.0, 17.641333665066554, 9.97692949839866, 1.4924447846029865, 15.274337967789608, 18.73035727499325, 21.992509911081523, 0.0, 21.992509911081523, 17.641333665066554, 12.234305479838987, 23.228189607978788, 27.92975939343172, 5.418947295900463, 15.505566893572645, 6.203708099888147, 17.578114185043194, 3.888520665394914, 20.23078092594291, 24.88561415979135, 24.811023162094852, 20.158740109888488, 17.335054003188812, 20.235449287159792, 17.946019865201947], [6.200525656816083, 7.0651678481655775, 10.84505893805863, 12.51204202147503, 3.9753526839559035, 13.424146659187198, 5.117170390901416, 20.254864393968777, 6.143463751789658, 7.321524088825678, 11.355869244965422, 19.36997349601092, 0.9849978408309331, 13.233534314088194, 4.10241017877598, 17.641333665066554, 0.0, 12.146161190980006, 18.684763462589945, 9.495354413423119, 10.384798835375795, 18.370334508587543, 17.641333665066554, 18.370334508587543, 0.0, 6.200525656816083, 7.0651678481655775, 10.84505893805863, 12.51204202147503, 3.9753526839559035, 13.424146659187198, 5.117170390901416, 20.254864393968777, 6.143463751789658, 7.321524088825678, 11.355869244965422, 19.36997349601092, 0.9849978408309331, 13.233534314088194, 4.10241017877598], [6.104090222178384, 15.331012342202873, 20.269229781362803, 8.399203058415075, 12.44136583798991, 10.878899779058017, 9.50623440932175, 10.459239616785796, 11.912598507846413, 19.096475327687614, 15.5709550584907, 11.270614390362498, 12.41158785873179, 10.264665901021283, 14.669964127139252, 9.97692949839866, 12.146161190980006, 0.0, 10.11490045938735, 5.6456771617442785, 18.73953740058536, 12.426190372136816, 9.97692949839866, 12.426190372136816, 12.146161190980006, 6.104090222178384, 15.331012342202873, 20.269229781362803, 8.399203058415075, 12.44136583798991, 10.878899779058017, 9.50623440932175, 10.459239616785796, 11.912598507846413, 19.096475327687614, 15.5709550584907, 11.270614390362498, 12.41158785873179, 10.264665901021283, 14.669964127139252], [13.061409459925326, 24.017626605276487, 28.786477159688467, 6.735484627387092, 16.740019712273575, 7.684149847727035, 18.28034559517967, 2.4050492416551235, 20.92107598129959, 25.972065290107132, 25.320554526418498, 19.73414361077679, 18.43298196770146, 20.354719746624845, 19.199452085673432, 1.4924447846029865, 18.684763462589945, 10.11490045938735, 0.0, 15.605849802491672, 20.17966812120101, 21.751196851864265, 1.4924447846029865, 21.751196851864265, 18.684763462589945, 13.061409459925326, 24.017626605276487, 28.786477159688467, 6.735484627387092, 16.740019712273575, 7.684149847727035, 18.28034559517967, 2.4050492416551235, 20.92107598129959, 25.972065290107132, 25.320554526418498, 19.73414361077679, 18.43298196770146, 20.354719746624845, 19.199452085673432], [5.77146600951574, 10.353591222140889, 15.22946263642982, 12.348045394976683, 11.573905428072996, 14.579098818582164, 5.065352677987838, 16.09817786939637, 6.874299865511143, 15.269910987562437, 9.93775518174284, 9.973510669719182, 10.159584730932815, 5.486114563253768, 13.141979645732045, 15.274337967789608, 9.495354413423119, 5.6456771617442785, 15.605849802491672, 0.0, 18.633243474110298, 9.551399070083836, 15.274337967789608, 9.551399070083836, 9.495354413423119, 5.77146600951574, 10.353591222140889, 15.22946263642982, 12.348045394976683, 11.573905428072996, 14.579098818582164, 5.065352677987838, 16.09817786939637, 6.874299865511143, 15.269910987562437, 9.93775518174284, 9.973510669719182, 10.159584730932815, 5.486114563253768, 13.141979645732045], [13.253878302418912, 16.673548310245565, 18.75541274046908, 13.650923649758738, 7.095046615297921, 12.581592517610268, 15.298238248591865, 22.43753315866656, 16.51095370792719, 12.79239905247373, 21.54928395401629, 28.511452506576525, 9.412925075096435, 23.257382146972727, 6.354075149746234, 18.73035727499325, 10.384798835375795, 18.73953740058536, 20.17966812120101, 18.633243474110298, 0.0, 28.102326867941624, 18.73035727499325, 28.102326867941624, 10.384798835375795, 13.253878302418912, 16.673548310245565, 18.75541274046908, 13.650923649758738, 7.095046615297921, 12.581592517610268, 15.298238248591865, 22.43753315866656, 16.51095370792719, 12.79239905247373, 21.54928395401629, 28.511452506576525, 9.412925075096435, 23.257382146972727, 6.354075149746234], [15.283331800480356, 16.105139431252603, 19.882879007529866, 20.736589453227364, 21.010092145157508, 23.174656839378013, 13.288132318857091, 21.240694412378435, 13.474085861340116, 22.434010775934585, 12.254745945733214, 3.261432528331375, 19.191207453956356, 5.333357003239843, 22.323657882260704, 21.992509911081523, 18.370334508587543, 12.426190372136816, 21.751196851864265, 9.551399070083836, 28.102326867941624, 0.0, 21.992509911081523, 0.0, 18.370334508587543, 15.283331800480356, 16.105139431252603, 19.882879007529866, 20.736589453227364, 21.010092145157508, 23.174656839378013, 13.288132318857091, 21.240694412378435, 13.474085861340116, 22.434010775934585, 12.254745945733214, 3.261432528331375, 19.191207453956356, 5.333357003239843, 22.323657882260704], [12.234305479838987, 23.228189607978788, 27.92975939343172, 5.418947295900463, 15.505566893572645, 6.203708099888147, 17.578114185043194, 3.888520665394914, 20.23078092594291, 24.88561415979135, 24.811023162094852, 20.158740109888488, 17.335054003188812, 20.235449287159792, 17.946019865201947, 0.0, 17.641333665066554, 9.97692949839866, 1.4924447846029865, 15.274337967789608, 18.73035727499325, 21.992509911081523, 0.0, 21.992509911081523, 17.641333665066554, 12.234305479838987, 23.228189607978788, 27.92975939343172, 5.418947295900463, 15.505566893572645, 6.203708099888147, 17.578114185043194, 3.888520665394914, 20.23078092594291, 24.88561415979135, 24.811023162094852, 20.158740109888488, 17.335054003188812, 20.235449287159792, 17.946019865201947], [15.283331800480356, 16.105139431252603, 19.882879007529866, 20.736589453227364, 21.010092145157508, 23.174656839378013, 13.288132318857091, 21.240694412378435, 13.474085861340116, 22.434010775934585, 12.254745945733214, 3.261432528331375, 19.191207453956356, 5.333357003239843, 22.323657882260704, 21.992509911081523, 18.370334508587543, 12.426190372136816, 21.751196851864265, 9.551399070083836, 28.102326867941624, 0.0, 21.992509911081523, 0.0, 18.370334508587543, 15.283331800480356, 16.105139431252603, 19.882879007529866, 20.736589453227364, 21.010092145157508, 23.174656839378013, 13.288132318857091, 21.240694412378435, 13.474085861340116, 22.434010775934585, 12.254745945733214, 3.261432528331375, 19.191207453956356, 5.333357003239843, 22.323657882260704], [6.200525656816083, 7.0651678481655775, 10.84505893805863, 12.51204202147503, 3.9753526839559035, 13.424146659187198, 5.117170390901416, 20.254864393968777, 6.143463751789658, 7.321524088825678, 11.355869244965422, 19.36997349601092, 0.9849978408309331, 13.233534314088194, 4.10241017877598, 17.641333665066554, 0.0, 12.146161190980006, 18.684763462589945, 9.495354413423119, 10.384798835375795, 18.370334508587543, 17.641333665066554, 18.370334508587543, 0.0, 6.200525656816083, 7.0651678481655775, 10.84505893805863, 12.51204202147503, 3.9753526839559035, 13.424146659187198, 5.117170390901416, 20.254864393968777, 6.143463751789658, 7.321524088825678, 11.355869244965422, 19.36997349601092, 0.9849978408309331, 13.233534314088194, 4.10241017877598], [0.0, 10.994536187175076, 15.725170474281505, 7.844055360014926, 6.492238413924901, 9.636527401571255, 5.4860142992890175, 14.362837917636837, 8.118125094107533, 13.421772230295067, 13.131297395103754, 15.32424462330953, 6.350367912033513, 11.101753168692667, 8.60004233791811, 12.234305479838987, 6.200525656816083, 6.104090222178384, 13.061409459925326, 5.77146600951574, 13.253878302418912, 15.283331800480356, 12.234305479838987, 15.283331800480356, 6.200525656816083, 0.0, 10.994536187175076, 15.725170474281505, 7.844055360014926, 6.492238413924901, 9.636527401571255, 5.4860142992890175, 14.362837917636837, 8.118125094107533, 13.421772230295067, 13.131297395103754, 15.32424462330953, 6.350367912033513, 11.101753168692667, 8.60004233791811], [10.994536187175076, 0.0, 4.93880601707272, 18.61811471928973, 11.018289744526973, 19.96727554348608, 5.863228080436656, 25.145385890383167, 3.483743153411114, 6.557979257448198, 5.276234034632597, 18.19389878970042, 7.961794919295532, 10.875035868262117, 10.436074783460061, 23.228189607978788, 7.0651678481655775, 15.331012342202873, 24.017626605276487, 10.353591222140889, 16.673548310245565, 16.105139431252603, 23.228189607978788, 16.105139431252603, 7.0651678481655775, 10.994536187175076, 0.0, 4.93880601707272, 18.61811471928973, 11.018289744526973, 19.96727554348608, 5.863228080436656, 25.145385890383167, 3.483743153411114, 6.557979257448198, 5.276234034632597, 18.19389878970042, 7.961794919295532, 10.875035868262117, 10.436074783460061], [15.725170474281505, 4.93880601707272, 0.0, 23.11283749782186, 14.463622560029146, 24.232115425278906, 10.786440927507238, 30.0, 8.398672972909685, 6.201510955657775, 7.728299041693687, 22.333545553256656, 11.539544180269631, 14.959751970244225, 13.156589513412527, 27.92975939343172, 10.84505893805863, 20.269229781362803, 28.786477159688467, 15.22946263642982, 18.75541274046908, 19.882879007529866, 27.92975939343172, 19.882879007529866, 10.84505893805863, 15.725170474281505, 4.93880601707272, 0.0, 23.11283749782186, 14.463622560029146, 24.232115425278906, 10.786440927507238, 30.0, 8.398672972909685, 6.201510955657775, 7.728299041693687, 22.333545553256656, 11.539544180269631, 14.959751970244225, 13.156589513412527], [7.844055360014926, 18.61811471928973, 23.11283749782186, 0.0, 10.10790851517338, 2.4901442220266237, 13.325810718490008, 8.850953911391052, 15.941315426877278, 19.638961363947697, 20.95387011903787, 19.657993424147794, 12.10645789086913, 17.773540312584466, 12.53464730199669, 5.418947295900463, 12.51204202147503, 8.399203058415075, 6.735484627387092, 12.348045394976683, 13.650923649758738, 20.736589453227364, 5.418947295900463, 20.736589453227364, 12.51204202147503, 7.844055360014926, 18.61811471928973, 23.11283749782186, 0.0, 10.10790851517338, 2.4901442220266237, 13.325810718490008, 8.850953911391052, 15.941315426877278, 19.638961363947697, 20.95387011903787, 19.657993424147794, 12.10645789086913, 17.773540312584466, 12.53464730199669], [6.492238413924901, 11.018289744526973, 14.463622560029146, 10.10790851517338, 0.0, 10.413659257837942, 8.345181806112242, 18.628724843403518, 9.942040476159129, 9.845574639623468, 15.26498457257638, 21.506944237911238, 3.057156048715308, 16.182511317398408, 2.482760350476073, 15.505566893572645, 3.9753526839559035, 12.44136583798991, 16.740019712273575, 11.573905428072996, 7.095046615297921, 21.010092145157508, 15.505566893572645, 21.010092145157508, 3.9753526839559035, 6.492238413924901, 11.018289744526973, 14.463622560029146, 10.10790851517338, 0.0, 10.413659257837942, 8.345181806112242, 18.628724843403518, 9.942040476159129, 9.845574639623468, 15.26498457257638, 21.506944237911238, 3.057156048715308, 16.182511317398408, 2.482760350476073], [9.636527401571255, 19.96727554348608, 24.232115425278906, 2.4901442220266237, 10.413659257837942, 0.0, 15.013023877000279, 10.030444265516271, 17.5548644576858, 20.226273640745166, 22.736846222077403, 22.143590464815436, 12.860544085698134, 20.04674079167301, 12.668926542896235, 6.203708099888147, 13.424146659187198, 10.878899779058017, 7.684149847727035, 14.579098818582164, 12.581592517610268, 23.174656839378013, 6.203708099888147, 23.174656839378013, 13.424146659187198, 9.636527401571255, 19.96727554348608, 24.232115425278906, 2.4901442220266237, 10.413659257837942, 0.0, 15.013023877000279, 10.030444265516271, 17.5548644576858, 20.226273640745166, 22.736846222077403, 22.143590464815436, 12.860544085698134, 20.04674079167301, 12.668926542896235], [5.4860142992890175, 5.863228080436656, 10.786440927507238, 13.325810718490008, 8.345181806112242, 15.013023877000279, 0.0, 19.316097021000207, 2.6539499783847487, 10.20463686257815, 7.743421735508935, 14.49203642680488, 5.9998517864686995, 8.11659012182499, 9.174354742323596, 17.578114185043194, 5.117170390901416, 9.50623440932175, 18.28034559517967, 5.065352677987838, 15.298238248591865, 13.288132318857091, 17.578114185043194, 13.288132318857091, 5.117170390901416, 5.4860142992890175, 5.863228080436656, 10.786440927507238, 13.325810718490008, 8.345181806112242, 15.013023877000279, 0.0, 19.316097021000207, 2.6539499783847487, 10.20463686257815, 7.743421735508935, 14.49203642680488, 5.9998517864686995, 8.11659012182499, 9.174354742323596], [14.362837917636837, 25.145385890383167, 30.0, 8.850953911391052, 18.628724843403518, 10.030444265516271, 19.316097021000207, 0.0, 21.912492372286927, 27.57526839436077, 25.989740346540213, 18.946041634074767, 20.091769924048624, 20.441257152773407, 21.107187667757607, 3.888520665394914, 20.254864393968777, 10.459239616785796, 2.4050492416551235, 16.09817786939637, 22.43753315866656, 21.240694412378435, 3.888520665394914, 21.240694412378435, 20.254864393968777, 14.362837917636837, 25.145385890383167, 30.0, 8.850953911391052, 18.628724843403518, 10.030444265516271, 19.316097021000207, 0.0, 21.912492372286927, 27.57526839436077, 25.989740346540213, 18.946041634074767, 20.091769924048624, 20.441257152773407, 21.107187667757607], [8.118125094107533, 3.483743153411114, 8.398672972909685, 15.941315426877278, 9.942040476159129, 17.5548644576858, 2.6539499783847487, 21.912492372286927, 0.0, 9.030312910064337, 5.404365770744937, 15.2169731716765, 7.126892566363086, 8.140905354948572, 10.174736951674912, 20.23078092594291, 6.143463751789658, 11.912598507846413, 20.92107598129959, 6.874299865511143, 16.51095370792719, 13.474085861340116, 20.23078092594291, 13.474085861340116, 6.143463751789658, 8.118125094107533, 3.483743153411114, 8.398672972909685, 15.941315426877278, 9.942040476159129, 17.5548644576858, 2.6539499783847487, 21.912492372286927, 0.0, 9.030312910064337, 5.404365770744937, 15.2169731716765, 7.126892566363086, 8.140905354948572, 10.174736951674912], [13.421772230295067, 6.557979257448198, 6.201510955657775, 19.638961363947697, 9.845574639623468, 20.226273640745166, 10.20463686257815, 27.57526839436077, 9.030312910064337, 0.0, 11.685948346956986, 24.244490953185657, 7.550802112399035, 17.118301730335894, 7.909341861378837, 24.88561415979135, 7.321524088825678, 19.096475327687614, 25.972065290107132, 15.269910987562437, 12.79239905247373, 22.434010775934585, 24.88561415979135, 22.434010775934585, 7.321524088825678, 13.421772230295067, 6.557979257448198, 6.201510955657775, 19.638961363947697, 9.845574639623468, 20.226273640745166, 10.20463686257815, 27.57526839436077, 9.030312910064337, 0.0, 11.685948346956986, 24.244490953185657, 7.550802112399035, 17.118301730335894, 7.909341861378837], [13.131297395103754, 5.276234034632597, 7.728299041693687, 20.95387011903787, 15.26498457257638, 22.736846222077403, 7.743421735508935, 25.989740346540213, 5.404365770744937, 11.685948346956986, 0.0, 14.90897638651873, 12.335355939957592, 7.694926519259137, 15.204270675243972, 24.811023162094852, 11.355869244965422, 15.5709550584907, 25.320554526418498, 9.93775518174284, 21.54928395401629, 12.254745945733214, 24.811023162094852, 12.254745945733214, 11.355869244965422, 13.131297395103754, 5.276234034632597, 7.728299041693687, 20.95387011903787, 15.26498457257638, 22.736846222077403, 7.743421735508935, 25.989740346540213, 5.404365770744937, 11.685948346956986, 0.0, 14.90897638651873, 12.335355939957592, 7.694926519259137, 15.204270675243972], [15.32424462330953, 18.19389878970042, 22.333545553256656, 19.657993424147794, 21.506944237911238, 22.143590464815436, 14.49203642680488, 18.946041634074767, 15.2169731716765, 24.244490953185657, 14.90897638651873, 0.0, 20.092099090032022, 7.380213188799224, 23.112347452962545, 20.158740109888488, 19.36997349601092, 11.270614390362498, 19.73414361077679, 9.973510669719182, 28.511452506576525, 3.261432528331375, 20.158740109888488, 3.261432528331375, 19.36997349601092, 15.32424462330953, 18.19389878970042, 22.333545553256656, 19.657993424147794, 21.506944237911238, 22.143590464815436, 14.49203642680488, 18.946041634074767, 15.2169731716765, 24.244490953185657, 14.90897638651873, 0.0, 20.092099090032022, 7.380213188799224, 23.112347452962545], [6.350367912033513, 7.961794919295532, 11.539544180269631, 12.10645789086913, 3.057156048715308, 12.860544085698134, 5.9998517864686995, 20.091769924048624, 7.126892566363086, 7.550802112399035, 12.335355939957592, 20.092099090032022, 0.0, 14.10218603487137, 3.1753312425176747, 17.335054003188812, 0.9849978408309331, 12.41158785873179, 18.43298196770146, 10.159584730932815, 9.412925075096435, 19.191207453956356, 17.335054003188812, 19.191207453956356, 0.9849978408309331, 6.350367912033513, 7.961794919295532, 11.539544180269631, 12.10645789086913, 3.057156048715308, 12.860544085698134, 5.9998517864686995, 20.091769924048624, 7.126892566363086, 7.550802112399035, 12.335355939957592, 20.092099090032022, 0.0, 14.10218603487137, 3.1753312425176747], [11.101753168692667, 10.875035868262117, 14.959751970244225, 17.773540312584466, 16.182511317398408, 20.04674079167301, 8.11659012182499, 20.441257152773407, 8.140905354948572, 17.118301730335894, 7.694926519259137, 7.380213188799224, 14.10218603487137, 0.0, 17.269116585784417, 20.235449287159792, 13.233534314088194, 10.264665901021283, 20.354719746624845, 5.486114563253768, 23.257382146972727, 5.333357003239843, 20.235449287159792, 5.333357003239843, 13.233534314088194, 11.101753168692667, 10.875035868262117, 14.959751970244225, 17.773540312584466, 16.182511317398408, 20.04674079167301, 8.11659012182499, 20.441257152773407, 8.140905354948572, 17.118301730335894, 7.694926519259137, 7.380213188799224, 14.10218603487137, 0.0, 17.269116585784417], [8.60004233791811, 10.436074783460061, 13.156589513412527, 12.53464730199669, 2.482760350476073, 12.668926542896235, 9.174354742323596, 21.107187667757607, 10.174736951674912, 7.909341861378837, 15.204270675243972, 23.112347452962545, 3.1753312425176747, 17.269116585784417, 0.0, 17.946019865201947, 4.10241017877598, 14.669964127139252, 19.199452085673432, 13.141979645732045, 6.354075149746234, 22.323657882260704, 17.946019865201947, 22.323657882260704, 4.10241017877598, 8.60004233791811, 10.436074783460061, 13.156589513412527, 12.53464730199669, 2.482760350476073, 12.668926542896235, 9.174354742323596, 21.107187667757607, 10.174736951674912, 7.909341861378837, 15.204270675243972, 23.112347452962545, 3.1753312425176747, 17.269116585784417, 0.0]];
