M = 99999999.0;
numWorkers = 15;
numRoles = 3;
numNodes = 40;
wStart = [90, 90, 210, 0, 30, 180, 30, 90, 0, 210, 150, 240, 210, 60, 30, 210, 150, 60, 300, 30, 30, 210, 30, 210, 60, 480, 390, 480, 450, 450, 390, 300, 210, 390, 300, 360, 330, 300, 450, 360];
wEnd = [90, 90, 210, 0, 30, 180, 30, 90, 0, 210, 150, 240, 210, 60, 30, 420, 450, 150, 330, 240, 240, 360, 240, 360, 150, 480, 390, 480, 450, 450, 390, 300, 210, 390, 300, 360, 330, 300, 450, 360];
p = [0, 0, 0, 0, 0, 0, 0, 0, 0, 0, 0, 0, 0, 0, 0, 38.8091372796448, 46.61874979615064, 64.97478013209656, 26.98918247405704, 19.64374586382545, 35.574987605285926, 54.79612516658363, 9.821872931912726, 27.398062583291814, 32.48739006604828, 0, 0, 0, 0, 0, 0, 0, 0, 0, 0, 0, 0, 0, 0, 0];
e = [[0, 1, 1], [1, 0, 1], [1, 1, 0], [1, 1, 0], [1, 1, 0], [0, 1, 1], [0, 1, 0], [0, 1, 1], [0, 1, 0], [0, 1, 0], [1, 1, 0], [1, 1, 0], [0, 0, 1], [0, 0, 1], [0, 1, 0]];
d = [[0, 0, 0, 1, 0, 2, 2, 0, 4, 0], [1, 0, 1, 0, 0, 1, 1, 0, 2, 2], [0, 1, 0, 0, 1, 0, 0, 2, 0, 0]];
r = [3739, 4041, 3995, 3676, 1591, 3002, 2311, 1591, 2311, 3995];
g = [[0, 0, 0, 0, 0, 0, 0, 0, 0, 0], [0, 0, 0, 0, 0, 0, 0, 0, 0, 0], [0, 0, 0, 0, 0, 0, 0, 0, 0, 1], [0, 0, 0, 0, 0, 0, 0, 0, 0, 0], [0, 0, 0, 0, 0, 0, 0, 1, 0, 0], [0, 0, 0, 0, 0, 0, 0, 0, 0, 0], [0, 0, 0, 0, 0, 0, 0, 0, 1, 0], [0, 0, 0, 0, 1, 0, 0, 0, 0, 0], [0, 0, 0, 0, 0, 0, 1, 0, 0, 0], [0, 0, 1, 0, 0, 0, 0, 0, 0, 0]];
t = [[0.0, 11.745230598154453, 12.024919220933231, 15.932679961867326, 14.200788367882977, 11.241035512672232, 4.40602450628004, 12.456226113786757, 15.80629769570807, 9.781515978139018, 5.157779372784974, 12.087544611246457, 20.071758875661693, 12.656690138052346, 10.720101070495716, 7.626835358231524, 10.386824787094998, 9.461834709773274, 13.470630809035695, 7.548190541449563, 5.015643585464728, 14.273804606412337, 7.548190541449563, 14.273804606412337, 9.461834709773274, 0.0, 11.745230598154453, 12.024919220933231, 15.932679961867326, 14.200788367882977, 11.241035512672232, 4.40602450628004, 12.456226113786757, 15.80629769570807, 9.781515978139018, 5.157779372784974, 12.087544611246457, 20.071758875661693, 12.656690138052346, 10.720101070495716], [11.745230598154453, 0.0, 22.73961250778205, 13.893251755147757, 18.924593696317686, 20.7980038564711, 7.686658475908031, 23.200535581697267, 20.828005630620126, 20.003501028790282, 8.248330954348857, 16.126137875371768, 22.386176344391295, 19.368725304082634, 20.022482637904957, 10.431678123931858, 21.43662955672818, 9.770230271204058, 25.02645062334223, 19.172813607448987, 13.003120765489339, 22.493860221271287, 19.172813607448987, 22.493860221271287, 9.770230271204058, 11.745230598154453, 0.0, 22.73961250778205, 13.893251755147757, 18.924593696317686, 20.7980038564711, 7.686658475908031, 23.200535581697267, 20.828005630620126, 20.003501028790282, 8.248330954348857, 16.126137875371768, 22.386176344391295, 19.368725304082634, 20.022482637904957], [12.024919220933231, 22.73961250778205, 0.0, 19.659483987251374, 11.85225045743647, 15.622246596700295, 15.134039129394386, 13.50878677874955, 12.045982744060183, 2.8963009711946546, 17.176630970990484, 12.234772990771807, 17.696009469104084, 8.688134242573968, 4.177114178499707, 19.137481875192886, 1.907353707087681, 21.174821857056457, 10.444870709792568, 5.638886900777102, 15.225427284454987, 6.474097083407322, 5.638886900777102, 6.474097083407322, 21.174821857056457, 12.024919220933231, 22.73961250778205, 0.0, 19.659483987251374, 11.85225045743647, 15.622246596700295, 15.134039129394386, 13.50878677874955, 12.045982744060183, 2.8963009711946546, 17.176630970990484, 12.234772990771807, 17.696009469104084, 8.688134242573968, 4.177114178499707], [15.932679961867326, 13.893251755147757, 19.659483987251374, 0.0, 9.275699892606136, 27.11728154078117, 12.851119542745067, 27.73498113261968, 10.64756046022719, 16.956127348460306, 17.17823600757995, 7.581133118763112, 9.387717612587341, 11.809262345318457, 15.532928716403452, 20.710928707415846, 19.50243520023325, 21.302048694405343, 27.293885510961662, 19.720944737512266, 20.45866102560143, 15.491714774656119, 19.720944737512266, 15.491714774656119, 21.302048694405343, 15.932679961867326, 13.893251755147757, 19.659483987251374, 0.0, 9.275699892606136, 27.11728154078117, 12.851119542745067, 27.73498113261968, 10.64756046022719, 16.956127348460306, 17.17823600757995, 7.581133118763112, 9.387717612587341, 11.809262345318457, 15.532928716403452], [14.200788367882977, 18.924593696317686, 11.85225045743647, 9.275699892606136, 0.0, 23.71523769381224, 13.729285327298909, 23.090821324586773, 1.9068684106958271, 9.747783826583746, 17.976605376822622, 2.79914026300425, 6.327158846551808, 3.1647554947065175, 7.7919297504981575, 21.32039821136891, 12.370901131059055, 22.71363921137808, 21.342177894673068, 14.085390836765468, 19.195500664798004, 6.443035979252676, 14.085390836765468, 6.443035979252676, 22.71363921137808, 14.200788367882977, 18.924593696317686, 11.85225045743647, 9.275699892606136, 0.0, 23.71523769381224, 13.729285327298909, 23.090821324586773, 1.9068684106958271, 9.747783826583746, 17.976605376822622, 2.79914026300425, 6.327158846551808, 3.1647554947065175, 7.7919297504981575], [11.241035512672232, 20.7980038564711, 15.622246596700295, 27.11728154078117, 23.71523769381224, 0.0, 15.154090125204299, 3.7675549163148734, 24.898079666455118, 15.404326911434712, 12.56175266443439, 22.266760487282788, 30.0, 21.246697805629427, 17.357557810004085, 11.061656103251588, 13.81308675087487, 12.82563876550856, 7.990441250694841, 10.38093642150456, 7.815161004727421, 21.10766865930096, 10.38093642150456, 21.10766865930096, 12.82563876550856, 11.241035512672232, 20.7980038564711, 15.622246596700295, 27.11728154078117, 23.71523769381224, 0.0, 15.154090125204299, 3.7675549163148734, 24.898079666455118, 15.404326911434712, 12.56175266443439, 22.266760487282788, 30.0, 21.246697805629427, 17.357557810004085], [4.40602450628004, 7.686658475908031, 15.134039129394386, 12.851119542745067, 13.729285327298909, 15.154090125204299, 0.0, 16.75376916829295, 15.566029829543526, 12.481112136490506, 4.5000544279805395, 11.12147596452981, 18.785178520091588, 13.162560599014343, 12.770978077419626, 8.055393035011116, 13.768281902560066, 9.107540352726927, 17.867785572343713, 11.539291672562179, 7.780753376298738, 15.725397549335549, 11.539291672562179, 15.725397549335549, 9.107540352726927, 4.40602450628004, 7.686658475908031, 15.134039129394386, 12.851119542745067, 13.729285327298909, 15.154090125204299, 0.0, 16.75376916829295, 15.566029829543526, 12.481112136490506, 4.5000544279805395, 11.12147596452981, 18.785178520091588, 13.162560599014343, 12.770978077419626], [12.456226113786757, 23.200535581697267, 13.50878677874955, 27.73498113261968, 23.090821324586773, 3.7675549163148734, 16.75376916829295, 0.0, 24.02940419772433, 13.947937512254011, 15.004096345650913, 22.05440798230525, 29.415949252004314, 20.326803045964258, 16.01518521494942, 14.153498111092212, 11.888638609452416, 16.07708700919443, 4.394336457525507, 9.057107651971146, 10.338384856916296, 19.548577836360977, 9.057107651971146, 19.548577836360977, 16.07708700919443, 12.456226113786757, 23.200535581697267, 13.50878677874955, 27.73498113261968, 23.090821324586773, 3.7675549163148734, 16.75376916829295, 0.0, 24.02940419772433, 13.947937512254011, 15.004096345650913, 22.05440798230525, 29.415949252004314, 20.326803045964258, 16.01518521494942], [15.80629769570807, 20.828005630620126, 12.045982744060183, 10.64756046022719, 1.9068684106958271, 24.898079666455118, 15.566029829543526, 24.02940419772433, 0.0, 10.310668149343218, 19.757007625081584, 4.704971570531219, 5.6514716979413295, 3.7026317061061125, 8.24794261134508, 23.054034448111764, 12.838609750500552, 24.49816282982269, 21.976330253708255, 14.97350562182649, 20.763720038032616, 5.987770394425817, 14.97350562182649, 5.987770394425817, 24.49816282982269, 15.80629769570807, 20.828005630620126, 12.045982744060183, 10.64756046022719, 1.9068684106958271, 24.898079666455118, 15.566029829543526, 24.02940419772433, 0.0, 10.310668149343218, 19.757007625081584, 4.704971570531219, 5.6514716979413295, 3.7026317061061125, 8.24794261134508], [9.781515978139018, 20.003501028790282, 2.8963009711946546, 16.956127348460306, 9.747783826583746, 15.404326911434712, 12.481112136490506, 13.947937512254011, 10.310668149343218, 0.0, 14.91845182547596, 9.690801007327117, 15.902366794484053, 6.678194601469569, 2.086128810560218, 17.213825702799973, 2.6490443252201192, 19.17010841716605, 11.666469726042562, 5.031760313299359, 13.592503503161705, 5.703634036633055, 5.031760313299359, 5.703634036633055, 19.17010841716605, 9.781515978139018, 20.003501028790282, 2.8963009711946546, 16.956127348460306, 9.747783826583746, 15.404326911434712, 12.481112136490506, 13.947937512254011, 10.310668149343218, 0.0, 14.91845182547596, 9.690801007327117, 15.902366794484053, 6.678194601469569, 2.086128810560218], [5.157779372784974, 8.248330954348857, 17.176630970990484, 17.17823600757995, 17.976605376822622, 12.56175266443439, 4.5000544279805395, 15.004096345650913, 19.757007625081584, 14.91845182547596, 0.0, 15.473031576193348, 23.244522636449695, 17.028224747052363, 15.728451636398958, 3.5640645881705417, 15.508175667123622, 4.741441572054711, 17.175090402696384, 12.437017619762107, 4.75548297494964, 19.11553033504235, 12.437017619762107, 19.11553033504235, 4.741441572054711, 5.157779372784974, 8.248330954348857, 17.176630970990484, 17.17823600757995, 17.976605376822622, 12.56175266443439, 4.5000544279805395, 15.004096345650913, 19.757007625081584, 14.91845182547596, 0.0, 15.473031576193348, 23.244522636449695, 17.028224747052363, 15.728451636398958], [12.087544611246457, 16.126137875371768, 12.234772990771807, 7.581133118763112, 2.79914026300425, 22.266760487282788, 11.12147596452981, 22.05440798230525, 4.704971570531219, 9.690801007327117, 15.473031576193348, 0.0, 7.984216472481728, 4.30392161538612, 8.062597004063829, 18.897454471018847, 12.32198460211684, 20.186786080975317, 20.81472341779505, 13.296154100576903, 17.101148670183367, 8.02545545802031, 13.296154100576903, 8.02545545802031, 20.186786080975317, 12.087544611246457, 16.126137875371768, 12.234772990771807, 7.581133118763112, 2.79914026300425, 22.266760487282788, 11.12147596452981, 22.05440798230525, 4.704971570531219, 9.690801007327117, 15.473031576193348, 0.0, 7.984216472481728, 4.30392161538612, 8.062597004063829], [20.071758875661693, 22.386176344391295, 17.696009469104084, 9.387717612587341, 6.327158846551808, 30.0, 18.785178520091588, 29.415949252004314, 5.6514716979413295, 15.902366794484053, 23.244522636449695, 7.984216472481728, 0.0, 9.227071856450664, 13.863075719758319, 26.73759960207687, 18.465387802953543, 27.89077215523912, 27.561450509372033, 20.39781083681313, 25.08514522833016, 11.511217348847103, 20.39781083681313, 11.511217348847103, 27.89077215523912, 20.071758875661693, 22.386176344391295, 17.696009469104084, 9.387717612587341, 6.327158846551808, 30.0, 18.785178520091588, 29.415949252004314, 5.6514716979413295, 15.902366794484053, 23.244522636449695, 7.984216472481728, 0.0, 9.227071856450664, 13.863075719758319], [12.656690138052346, 19.368725304082634, 8.688134242573968, 11.809262345318457, 3.1647554947065175, 21.246697805629427, 13.162560599014343, 20.326803045964258, 3.7026317061061125, 6.678194601469569, 17.028224747052363, 4.30392161538612, 9.227071856450664, 0.0, 4.6649122784044375, 20.138601677566548, 9.266488883205813, 21.74102814850289, 18.334467626094295, 11.270914562098874, 17.49725009932293, 3.7218135974383366, 11.270914562098874, 3.7218135974383366, 21.74102814850289, 12.656690138052346, 19.368725304082634, 8.688134242573968, 11.809262345318457, 3.1647554947065175, 21.246697805629427, 13.162560599014343, 20.326803045964258, 3.7026317061061125, 6.678194601469569, 17.028224747052363, 4.30392161538612, 9.227071856450664, 0.0, 4.6649122784044375], [10.720101070495716, 20.022482637904957, 4.177114178499707, 15.532928716403452, 7.7919297504981575, 17.357557810004085, 12.770978077419626, 16.01518521494942, 8.24794261134508, 2.086128810560218, 15.728451636398958, 8.062597004063829, 13.863075719758319, 4.6649122784044375, 0.0, 18.31517344037865, 4.604806178623455, 20.181790073218437, 13.7324053613132, 7.035628446232257, 14.95844130406382, 3.833738448948403, 7.035628446232257, 3.833738448948403, 20.181790073218437, 10.720101070495716, 20.022482637904957, 4.177114178499707, 15.532928716403452, 7.7919297504981575, 17.357557810004085, 12.770978077419626, 16.01518521494942, 8.24794261134508, 2.086128810560218, 15.728451636398958, 8.062597004063829, 13.863075719758319, 4.6649122784044375, 0.0], [7.626835358231524, 10.431678123931858, 19.137481875192886, 20.710928707415846, 21.32039821136891, 11.061656103251588, 8.055393035011116, 14.153498111092212, 23.054034448111764, 17.213825702799973, 3.5640645881705417, 18.897454471018847, 26.73759960207687, 20.138601677566548, 18.31517344037865, 0.0, 17.33336628111727, 2.1284070693787616, 17.119141364214467, 13.87907397503593, 4.3002207948806825, 21.9006164751467, 13.87907397503593, 21.9006164751467, 2.1284070693787616, 7.626835358231524, 10.431678123931858, 19.137481875192886, 20.710928707415846, 21.32039821136891, 11.061656103251588, 8.055393035011116, 14.153498111092212, 23.054034448111764, 17.213825702799973, 3.5640645881705417, 18.897454471018847, 26.73759960207687, 20.138601677566548, 18.31517344037865], [10.386824787094998, 21.43662955672818, 1.907353707087681, 19.50243520023325, 12.370901131059055, 13.81308675087487, 13.768281902560066, 11.888638609452416, 12.838609750500552, 2.6490443252201192, 15.508175667123622, 12.32198460211684, 18.465387802953543, 9.266488883205813, 4.604806178623455, 17.33336628111727, 0.0, 19.390269973447314, 9.192589500194323, 3.731538931180571, 13.36557663754889, 7.722069107075552, 3.731538931180571, 7.722069107075552, 19.390269973447314, 10.386824787094998, 21.43662955672818, 1.907353707087681, 19.50243520023325, 12.370901131059055, 13.81308675087487, 13.768281902560066, 11.888638609452416, 12.838609750500552, 2.6490443252201192, 15.508175667123622, 12.32198460211684, 18.465387802953543, 9.266488883205813, 4.604806178623455], [9.461834709773274, 9.770230271204058, 21.174821857056457, 21.302048694405343, 22.71363921137808, 12.82563876550856, 9.107540352726927, 16.07708700919443, 24.49816282982269, 19.17010841716605, 4.741441572054711, 20.186786080975317, 27.89077215523912, 21.74102814850289, 20.181790073218437, 2.1284070693787616, 19.390269973447314, 0.0, 19.181470898265232, 15.976216360398, 6.42518448861188, 23.691942170001965, 15.976216360398, 23.691942170001965, 0.0, 9.461834709773274, 9.770230271204058, 21.174821857056457, 21.302048694405343, 22.71363921137808, 12.82563876550856, 9.107540352726927, 16.07708700919443, 24.49816282982269, 19.17010841716605, 4.741441572054711, 20.186786080975317, 27.89077215523912, 21.74102814850289, 20.181790073218437], [13.470630809035695, 25.02645062334223, 10.444870709792568, 27.293885510961662, 21.342177894673068, 7.990441250694841, 17.867785572343713, 4.394336457525507, 21.976330253708255, 11.666469726042562, 17.175090402696384, 20.81472341779505, 27.561450509372033, 18.334467626094295, 13.7324053613132, 17.119141364214467, 9.192589500194323, 19.181470898265232, 0.0, 7.589502854523959, 12.927531938204075, 16.85369172005376, 7.589502854523959, 16.85369172005376, 19.181470898265232, 13.470630809035695, 25.02645062334223, 10.444870709792568, 27.293885510961662, 21.342177894673068, 7.990441250694841, 17.867785572343713, 4.394336457525507, 21.976330253708255, 11.666469726042562, 17.175090402696384, 20.81472341779505, 27.561450509372033, 18.334467626094295, 13.7324053613132], [7.548190541449563, 19.172813607448987, 5.638886900777102, 19.720944737512266, 14.085390836765468, 10.38093642150456, 11.539291672562179, 9.057107651971146, 14.97350562182649, 5.031760313299359, 12.437017619762107, 13.296154100576903, 20.39781083681313, 11.270914562098874, 7.035628446232257, 13.87907397503593, 3.731538931180571, 15.976216360398, 7.589502854523959, 0.0, 9.776415220482187, 10.733710524222436, 0.0, 10.733710524222436, 15.976216360398, 7.548190541449563, 19.172813607448987, 5.638886900777102, 19.720944737512266, 14.085390836765468, 10.38093642150456, 11.539291672562179, 9.057107651971146, 14.97350562182649, 5.031760313299359, 12.437017619762107, 13.296154100576903, 20.39781083681313, 11.270914562098874, 7.035628446232257], [5.015643585464728, 13.003120765489339, 15.225427284454987, 20.45866102560143, 19.195500664798004, 7.815161004727421, 7.780753376298738, 10.338384856916296, 20.763720038032616, 13.592503503161705, 4.75548297494964, 17.101148670183367, 25.08514522833016, 17.49725009932293, 14.95844130406382, 4.3002207948806825, 13.36557663754889, 6.42518448861188, 12.927531938204075, 9.776415220482187, 0.0, 18.70831782863022, 9.776415220482187, 18.70831782863022, 6.42518448861188, 5.015643585464728, 13.003120765489339, 15.225427284454987, 20.45866102560143, 19.195500664798004, 7.815161004727421, 7.780753376298738, 10.338384856916296, 20.763720038032616, 13.592503503161705, 4.75548297494964, 17.101148670183367, 25.08514522833016, 17.49725009932293, 14.95844130406382], [14.273804606412337, 22.493860221271287, 6.474097083407322, 15.491714774656119, 6.443035979252676, 21.10766865930096, 15.725397549335549, 19.548577836360977, 5.987770394425817, 5.703634036633055, 19.11553033504235, 8.02545545802031, 11.511217348847103, 3.7218135974383366, 3.833738448948403, 21.9006164751467, 7.722069107075552, 23.691942170001965, 16.85369172005376, 10.733710524222436, 18.70831782863022, 0.0, 10.733710524222436, 0.0, 23.691942170001965, 14.273804606412337, 22.493860221271287, 6.474097083407322, 15.491714774656119, 6.443035979252676, 21.10766865930096, 15.725397549335549, 19.548577836360977, 5.987770394425817, 5.703634036633055, 19.11553033504235, 8.02545545802031, 11.511217348847103, 3.7218135974383366, 3.833738448948403], [7.548190541449563, 19.172813607448987, 5.638886900777102, 19.720944737512266, 14.085390836765468, 10.38093642150456, 11.539291672562179, 9.057107651971146, 14.97350562182649, 5.031760313299359, 12.437017619762107, 13.296154100576903, 20.39781083681313, 11.270914562098874, 7.035628446232257, 13.87907397503593, 3.731538931180571, 15.976216360398, 7.589502854523959, 0.0, 9.776415220482187, 10.733710524222436, 0.0, 10.733710524222436, 15.976216360398, 7.548190541449563, 19.172813607448987, 5.638886900777102, 19.720944737512266, 14.085390836765468, 10.38093642150456, 11.539291672562179, 9.057107651971146, 14.97350562182649, 5.031760313299359, 12.437017619762107, 13.296154100576903, 20.39781083681313, 11.270914562098874, 7.035628446232257], [14.273804606412337, 22.493860221271287, 6.474097083407322, 15.491714774656119, 6.443035979252676, 21.10766865930096, 15.725397549335549, 19.548577836360977, 5.987770394425817, 5.703634036633055, 19.11553033504235, 8.02545545802031, 11.511217348847103, 3.7218135974383366, 3.833738448948403, 21.9006164751467, 7.722069107075552, 23.691942170001965, 16.85369172005376, 10.733710524222436, 18.70831782863022, 0.0, 10.733710524222436, 0.0, 23.691942170001965, 14.273804606412337, 22.493860221271287, 6.474097083407322, 15.491714774656119, 6.443035979252676, 21.10766865930096, 15.725397549335549, 19.548577836360977, 5.987770394425817, 5.703634036633055, 19.11553033504235, 8.02545545802031, 11.511217348847103, 3.7218135974383366, 3.833738448948403], [9.461834709773274, 9.770230271204058, 21.174821857056457, 21.302048694405343, 22.71363921137808, 12.82563876550856, 9.107540352726927, 16.07708700919443, 24.49816282982269, 19.17010841716605, 4.741441572054711, 20.186786080975317, 27.89077215523912, 21.74102814850289, 20.181790073218437, 2.1284070693787616, 19.390269973447314, 0.0, 19.181470898265232, 15.976216360398, 6.42518448861188, 23.691942170001965, 15.976216360398, 23.691942170001965, 0.0, 9.461834709773274, 9.770230271204058, 21.174821857056457, 21.302048694405343, 22.71363921137808, 12.82563876550856, 9.107540352726927, 16.07708700919443, 24.49816282982269, 19.17010841716605, 4.741441572054711, 20.186786080975317, 27.89077215523912, 21.74102814850289, 20.181790073218437], [0.0, 11.745230598154453, 12.024919220933231, 15.932679961867326, 14.200788367882977, 11.241035512672232, 4.40602450628004, 12.456226113786757, 15.80629769570807, 9.781515978139018, 5.157779372784974, 12.087544611246457, 20.071758875661693, 12.656690138052346, 10.720101070495716, 7.626835358231524, 10.386824787094998, 9.461834709773274, 13.470630809035695, 7.548190541449563, 5.015643585464728, 14.273804606412337, 7.548190541449563, 14.273804606412337, 9.461834709773274, 0.0, 11.745230598154453, 12.024919220933231, 15.932679961867326, 14.200788367882977, 11.241035512672232, 4.40602450628004, 12.456226113786757, 15.80629769570807, 9.781515978139018, 5.157779372784974, 12.087544611246457, 20.071758875661693, 12.656690138052346, 10.720101070495716], [11.745230598154453, 0.0, 22.73961250778205, 13.893251755147757, 18.924593696317686, 20.7980038564711, 7.686658475908031, 23.200535581697267, 20.828005630620126, 20.003501028790282, 8.248330954348857, 16.126137875371768, 22.386176344391295, 19.368725304082634, 20.022482637904957, 10.431678123931858, 21.43662955672818, 9.770230271204058, 25.02645062334223, 19.172813607448987, 13.003120765489339, 22.493860221271287, 19.172813607448987, 22.493860221271287, 9.770230271204058, 11.745230598154453, 0.0, 22.73961250778205, 13.893251755147757, 18.924593696317686, 20.7980038564711, 7.686658475908031, 23.200535581697267, 20.828005630620126, 20.003501028790282, 8.248330954348857, 16.126137875371768, 22.386176344391295, 19.368725304082634, 20.022482637904957], [12.024919220933231, 22.73961250778205, 0.0, 19.659483987251374, 11.85225045743647, 15.622246596700295, 15.134039129394386, 13.50878677874955, 12.045982744060183, 2.8963009711946546, 17.176630970990484, 12.234772990771807, 17.696009469104084, 8.688134242573968, 4.177114178499707, 19.137481875192886, 1.907353707087681, 21.174821857056457, 10.444870709792568, 5.638886900777102, 15.225427284454987, 6.474097083407322, 5.638886900777102, 6.474097083407322, 21.174821857056457, 12.024919220933231, 22.73961250778205, 0.0, 19.659483987251374, 11.85225045743647, 15.622246596700295, 15.134039129394386, 13.50878677874955, 12.045982744060183, 2.8963009711946546, 17.176630970990484, 12.234772990771807, 17.696009469104084, 8.688134242573968, 4.177114178499707], [15.932679961867326, 13.893251755147757, 19.659483987251374, 0.0, 9.275699892606136, 27.11728154078117, 12.851119542745067, 27.73498113261968, 10.64756046022719, 16.956127348460306, 17.17823600757995, 7.581133118763112, 9.387717612587341, 11.809262345318457, 15.532928716403452, 20.710928707415846, 19.50243520023325, 21.302048694405343, 27.293885510961662, 19.720944737512266, 20.45866102560143, 15.491714774656119, 19.720944737512266, 15.491714774656119, 21.302048694405343, 15.932679961867326, 13.893251755147757, 19.659483987251374, 0.0, 9.275699892606136, 27.11728154078117, 12.851119542745067, 27.73498113261968, 10.64756046022719, 16.956127348460306, 17.17823600757995, 7.581133118763112, 9.387717612587341, 11.809262345318457, 15.532928716403452], [14.200788367882977, 18.924593696317686, 11.85225045743647, 9.275699892606136, 0.0, 23.71523769381224, 13.729285327298909, 23.090821324586773, 1.9068684106958271, 9.747783826583746, 17.976605376822622, 2.79914026300425, 6.327158846551808, 3.1647554947065175, 7.7919297504981575, 21.32039821136891, 12.370901131059055, 22.71363921137808, 21.342177894673068, 14.085390836765468, 19.195500664798004, 6.443035979252676, 14.085390836765468, 6.443035979252676, 22.71363921137808, 14.200788367882977, 18.924593696317686, 11.85225045743647, 9.275699892606136, 0.0, 23.71523769381224, 13.729285327298909, 23.090821324586773, 1.9068684106958271, 9.747783826583746, 17.976605376822622, 2.79914026300425, 6.327158846551808, 3.1647554947065175, 7.7919297504981575], [11.241035512672232, 20.7980038564711, 15.622246596700295, 27.11728154078117, 23.71523769381224, 0.0, 15.154090125204299, 3.7675549163148734, 24.898079666455118, 15.404326911434712, 12.56175266443439, 22.266760487282788, 30.0, 21.246697805629427, 17.357557810004085, 11.061656103251588, 13.81308675087487, 12.82563876550856, 7.990441250694841, 10.38093642150456, 7.815161004727421, 21.10766865930096, 10.38093642150456, 21.10766865930096, 12.82563876550856, 11.241035512672232, 20.7980038564711, 15.622246596700295, 27.11728154078117, 23.71523769381224, 0.0, 15.154090125204299, 3.7675549163148734, 24.898079666455118, 15.404326911434712, 12.56175266443439, 22.266760487282788, 30.0, 21.246697805629427, 17.357557810004085], [4.40602450628004, 7.686658475908031, 15.134039129394386, 12.851119542745067, 13.729285327298909, 15.154090125204299, 0.0, 16.75376916829295, 15.566029829543526, 12.481112136490506, 4.5000544279805395, 11.12147596452981, 18.785178520091588, 13.162560599014343, 12.770978077419626, 8.055393035011116, 13.768281902560066, 9.107540352726927, 17.867785572343713, 11.539291672562179, 7.780753376298738, 15.725397549335549, 11.539291672562179, 15.725397549335549, 9.107540352726927, 4.40602450628004, 7.686658475908031, 15.134039129394386, 12.851119542745067, 13.729285327298909, 15.154090125204299, 0.0, 16.75376916829295, 15.566029829543526, 12.481112136490506, 4.5000544279805395, 11.12147596452981, 18.785178520091588, 13.162560599014343, 12.770978077419626], [12.456226113786757, 23.200535581697267, 13.50878677874955, 27.73498113261968, 23.090821324586773, 3.7675549163148734, 16.75376916829295, 0.0, 24.02940419772433, 13.947937512254011, 15.004096345650913, 22.05440798230525, 29.415949252004314, 20.326803045964258, 16.01518521494942, 14.153498111092212, 11.888638609452416, 16.07708700919443, 4.394336457525507, 9.057107651971146, 10.338384856916296, 19.548577836360977, 9.057107651971146, 19.548577836360977, 16.07708700919443, 12.456226113786757, 23.200535581697267, 13.50878677874955, 27.73498113261968, 23.090821324586773, 3.7675549163148734, 16.75376916829295, 0.0, 24.02940419772433, 13.947937512254011, 15.004096345650913, 22.05440798230525, 29.415949252004314, 20.326803045964258, 16.01518521494942], [15.80629769570807, 20.828005630620126, 12.045982744060183, 10.64756046022719, 1.9068684106958271, 24.898079666455118, 15.566029829543526, 24.02940419772433, 0.0, 10.310668149343218, 19.757007625081584, 4.704971570531219, 5.6514716979413295, 3.7026317061061125, 8.24794261134508, 23.054034448111764, 12.838609750500552, 24.49816282982269, 21.976330253708255, 14.97350562182649, 20.763720038032616, 5.987770394425817, 14.97350562182649, 5.987770394425817, 24.49816282982269, 15.80629769570807, 20.828005630620126, 12.045982744060183, 10.64756046022719, 1.9068684106958271, 24.898079666455118, 15.566029829543526, 24.02940419772433, 0.0, 10.310668149343218, 19.757007625081584, 4.704971570531219, 5.6514716979413295, 3.7026317061061125, 8.24794261134508], [9.781515978139018, 20.003501028790282, 2.8963009711946546, 16.956127348460306, 9.747783826583746, 15.404326911434712, 12.481112136490506, 13.947937512254011, 10.310668149343218, 0.0, 14.91845182547596, 9.690801007327117, 15.902366794484053, 6.678194601469569, 2.086128810560218, 17.213825702799973, 2.6490443252201192, 19.17010841716605, 11.666469726042562, 5.031760313299359, 13.592503503161705, 5.703634036633055, 5.031760313299359, 5.703634036633055, 19.17010841716605, 9.781515978139018, 20.003501028790282, 2.8963009711946546, 16.956127348460306, 9.747783826583746, 15.404326911434712, 12.481112136490506, 13.947937512254011, 10.310668149343218, 0.0, 14.91845182547596, 9.690801007327117, 15.902366794484053, 6.678194601469569, 2.086128810560218], [5.157779372784974, 8.248330954348857, 17.176630970990484, 17.17823600757995, 17.976605376822622, 12.56175266443439, 4.5000544279805395, 15.004096345650913, 19.757007625081584, 14.91845182547596, 0.0, 15.473031576193348, 23.244522636449695, 17.028224747052363, 15.728451636398958, 3.5640645881705417, 15.508175667123622, 4.741441572054711, 17.175090402696384, 12.437017619762107, 4.75548297494964, 19.11553033504235, 12.437017619762107, 19.11553033504235, 4.741441572054711, 5.157779372784974, 8.248330954348857, 17.176630970990484, 17.17823600757995, 17.976605376822622, 12.56175266443439, 4.5000544279805395, 15.004096345650913, 19.757007625081584, 14.91845182547596, 0.0, 15.473031576193348, 23.244522636449695, 17.028224747052363, 15.728451636398958], [12.087544611246457, 16.126137875371768, 12.234772990771807, 7.581133118763112, 2.79914026300425, 22.266760487282788, 11.12147596452981, 22.05440798230525, 4.704971570531219, 9.690801007327117, 15.473031576193348, 0.0, 7.984216472481728, 4.30392161538612, 8.062597004063829, 18.897454471018847, 12.32198460211684, 20.186786080975317, 20.81472341779505, 13.296154100576903, 17.101148670183367, 8.02545545802031, 13.296154100576903, 8.02545545802031, 20.186786080975317, 12.087544611246457, 16.126137875371768, 12.234772990771807, 7.581133118763112, 2.79914026300425, 22.266760487282788, 11.12147596452981, 22.05440798230525, 4.704971570531219, 9.690801007327117, 15.473031576193348, 0.0, 7.984216472481728, 4.30392161538612, 8.062597004063829], [20.071758875661693, 22.386176344391295, 17.696009469104084, 9.387717612587341, 6.327158846551808, 30.0, 18.785178520091588, 29.415949252004314, 5.6514716979413295, 15.902366794484053, 23.244522636449695, 7.984216472481728, 0.0, 9.227071856450664, 13.863075719758319, 26.73759960207687, 18.465387802953543, 27.89077215523912, 27.561450509372033, 20.39781083681313, 25.08514522833016, 11.511217348847103, 20.39781083681313, 11.511217348847103, 27.89077215523912, 20.071758875661693, 22.386176344391295, 17.696009469104084, 9.387717612587341, 6.327158846551808, 30.0, 18.785178520091588, 29.415949252004314, 5.6514716979413295, 15.902366794484053, 23.244522636449695, 7.984216472481728, 0.0, 9.227071856450664, 13.863075719758319], [12.656690138052346, 19.368725304082634, 8.688134242573968, 11.809262345318457, 3.1647554947065175, 21.246697805629427, 13.162560599014343, 20.326803045964258, 3.7026317061061125, 6.678194601469569, 17.028224747052363, 4.30392161538612, 9.227071856450664, 0.0, 4.6649122784044375, 20.138601677566548, 9.266488883205813, 21.74102814850289, 18.334467626094295, 11.270914562098874, 17.49725009932293, 3.7218135974383366, 11.270914562098874, 3.7218135974383366, 21.74102814850289, 12.656690138052346, 19.368725304082634, 8.688134242573968, 11.809262345318457, 3.1647554947065175, 21.246697805629427, 13.162560599014343, 20.326803045964258, 3.7026317061061125, 6.678194601469569, 17.028224747052363, 4.30392161538612, 9.227071856450664, 0.0, 4.6649122784044375], [10.720101070495716, 20.022482637904957, 4.177114178499707, 15.532928716403452, 7.7919297504981575, 17.357557810004085, 12.770978077419626, 16.01518521494942, 8.24794261134508, 2.086128810560218, 15.728451636398958, 8.062597004063829, 13.863075719758319, 4.6649122784044375, 0.0, 18.31517344037865, 4.604806178623455, 20.181790073218437, 13.7324053613132, 7.035628446232257, 14.95844130406382, 3.833738448948403, 7.035628446232257, 3.833738448948403, 20.181790073218437, 10.720101070495716, 20.022482637904957, 4.177114178499707, 15.532928716403452, 7.7919297504981575, 17.357557810004085, 12.770978077419626, 16.01518521494942, 8.24794261134508, 2.086128810560218, 15.728451636398958, 8.062597004063829, 13.863075719758319, 4.6649122784044375, 0.0]];
