{"num_workers": 15, "num_roles": 5, "num_nodes": 40, "w": [[30, 30], [240, 240], [180, 180], [120, 120], [90, 90], [150, 150], [30, 30], [300, 300], [0, 0], [0, 0], [0, 0], [0, 0], [0, 0], [0, 0], [0, 0], [150, 390], [60, 120], [270, 450], [60, 240], [60, 330], [120, 420], [360, 420], [60, 420], [330, 450], [270, 420], [420, 420], [390, 390], [450, 450], [270, 270], [270, 270], [360, 360], [420, 420], [420, 420], [480, 480], [480, 480], [480, 480], [480, 480], [480, 480], [480, 480], [480, 480]], "p": [0, 0, 0, 0, 0, 0, 0, 0, 0, 0, 0, 0, 0, 0, 0, 63.97524874421013, 22.911609402489205, 19.971959011956447, 41.918139381370956, 68.07617701897286, 37.89031438211242, 45.696231262658685, 70.1247765971395, 63.6727116880334, 61.74928480835336, 0, 0, 0, 0, 0, 0, 0, 0, 0, 0, 0, 0, 0, 0, 0], "e": [[0, 0, 0, 1, 1], [0, 1, 0, 0, 0], [1, 1, 0, 0, 0], [1, 0, 0, 0, 0], [0, 0, 0, 1, 0], [0, 0, 1, 0, 0], [0, 1, 0, 0, 0], [0, 0, 0, 1, 0], [0, 1, 0, 0, 0], [0, 0, 0, 0, 1], [0, 0, 1, 0, 0], [0, 0, 1, 0, 0], [0, 0, 0, 0, 1], [1, 0, 0, 0, 0], [1, 0, 0, 0, 0]], "d": [[1, 0, 1, 1, 0, 0, 1, 0, 2, 1], [3, 2, 3, 3, 2, 2, 3, 2, 1, 1], [0, 1, 0, 0, 1, 1, 0, 1, 0, 0], [1, 1, 1, 1, 1, 0, 1, 1, 0, 0], [0, 0, 0, 0, 0, 1, 0, 0, 2, 3]], "r": [919, 171, 1344, 2800, 609, 238, 2666, 4833, 4188, 259], "g": [[0, 0, 0, 0, 0, 0, 0, 0, 0, 0], [0, 0, 0, 0, 0, 0, 0, 0, 0, 0], [0, 0, 0, 0, 0, 0, 0, 0, 0, 0], [0, 0, 0, 0, 0, 0, 0, 0, 0, 0], [0, 0, 0, 0, 0, 0, 0, 0, 0, 0], [0, 0, 0, 0, 0, 0, 0, 0, 0, 0], [0, 0, 0, 0, 0, 0, 0, 0, 0, 0], [0, 0, 0, 0, 0, 0, 0, 0, 0, 0], [0, 0, 0, 0, 0, 0, 0, 0, 0, 0], [0, 0, 0, 0, 0, 0, 0, 0, 0, 0]], "t": [[0.0, 19.59278794281878, 21.406461796158023, 38.953359930558904, 34.24841741270055, 12.659097516034771, 25.074881011739926, 15.528899583947299, 40.11373959399335, 40.11373959399335, 40.11373959399335, 40.11373959399335, 40.11373959399335, 40.11373959399335, 40.11373959399335, 47.84454835816477, 13.038461721105646, 49.33188906072689, 22.277583670149642, 21.70787590640493, 37.385346465828, 49.86748577892722, 41.795598251230054, 38.30742087825197, 48.566081827034644, 0.0, 19.59278794281878, 21.406461796158023, 38.953359930558904, 34.24841741270055, 12.659097516034771, 25.074881011739926, 15.528899583947299, 40.11373959399335, 40.11373959399335, 40.11373959399335, 40.11373959399335, 40.11373959399335, 40.11373959399335, 40.11373959399335], [19.59278794281878, 0.0, 1.8755919097685196, 26.7079251283202, 18.069793524128418, 16.300271772622068, 25.476261191488355, 6.836601854306067, 32.02131270646517, 32.02131270646517, 32.02131270646517, 32.02131270646517, 32.02131270646517, 32.02131270646517, 32.02131270646517, 40.307033644671556, 29.508649036914864, 30.974004737520982, 5.5530429278686615, 3.1717541136146425, 23.174808443051983, 30.60013329807878, 27.77699657325657, 32.37910744208183, 34.976693348936514, 19.59278794281878, 0.0, 1.8755919097685196, 26.7079251283202, 18.069793524128418, 16.300271772622068, 25.476261191488355, 6.836601854306067, 32.02131270646517, 32.02131270646517, 32.02131270646517, 32.02131270646517, 32.02131270646517, 32.02131270646517, 32.02131270646517], [21.406461796158023, 1.8755919097685196, 0.0, 26.504715073397204, 16.543451864406613, 17.43271907594457, 26.704388778093758, 7.931626774902439, 32.28039205882345, 32.28039205882345, 32.28039205882345, 32.28039205882345, 32.28039205882345, 32.28039205882345, 32.28039205882345, 40.52056859066454, 31.377970000202723, 29.595451785138742, 4.6565646522923005, 1.9910599974635803, 22.722445433052116, 28.725836669356106, 27.272782400203113, 32.87880734814928, 34.44964129808786, 21.406461796158023, 1.8755919097685196, 0.0, 26.504715073397204, 16.543451864406613, 17.43271907594457, 26.704388778093758, 7.931626774902439, 32.28039205882345, 32.28039205882345, 32.28039205882345, 32.28039205882345, 32.28039205882345, 32.28039205882345, 32.28039205882345], [38.953359930558904, 26.7079251283202, 26.504715073397204, 0.0, 38.15748202545646, 41.94468374407239, 21.06913878027512, 33.16918841404328, 9.096800854625846, 9.096800854625846, 9.096800854625846, 9.096800854625846, 9.096800854625846, 9.096800854625846, 9.096800854625846, 15.616878843135341, 40.954949225351314, 20.25716246785723, 30.84406405095767, 28.32989849961841, 4.950998914133571, 36.84805907591583, 4.517289240492386, 12.610765490827095, 9.716329498036677, 38.953359930558904, 26.7079251283202, 26.504715073397204, 0.0, 38.15748202545646, 41.94468374407239, 21.06913878027512, 33.16918841404328, 9.096800854625846, 9.096800854625846, 9.096800854625846, 9.096800854625846, 9.096800854625846, 9.096800854625846, 9.096800854625846], [34.24841741270055, 18.069793524128418, 16.543451864406613, 38.15748202545646, 0.0, 24.502090636527043, 43.086760560628775, 18.845696260995638, 45.787079578283965, 45.787079578283965, 45.787079578283965, 45.787079578283965, 45.787079578283965, 45.787079578283965, 45.787079578283965, 53.54899823850016, 46.158519310647385, 31.642728968797144, 12.936076470688338, 14.90122726226798, 33.408027594261064, 19.138246845076846, 37.145719112962794, 47.321894851406256, 43.561030322152156, 34.24841741270055, 18.069793524128418, 16.543451864406613, 38.15748202545646, 0.0, 24.502090636527043, 43.086760560628775, 18.845696260995638, 45.787079578283965, 45.787079578283965, 45.787079578283965, 45.787079578283965, 45.787079578283965, 45.787079578283965, 45.787079578283965], [12.659097516034771, 16.300271772622068, 17.43271907594457, 41.94468374407239, 24.502090636527043, 0.0, 33.84174620168281, 9.50822439967239, 45.6163384661131, 45.6163384661131, 45.6163384661131, 45.6163384661131, 45.6163384661131, 45.6163384661131, 45.6163384661131, 53.85467623070931, 25.680412232771364, 46.95868935199622, 15.513117493853656, 16.522027970207564, 38.986056415911236, 42.39255480053628, 43.62132777835907, 44.88572041690596, 50.80266282342354, 12.659097516034771, 16.300271772622068, 17.43271907594457, 41.94468374407239, 24.502090636527043, 0.0, 33.84174620168281, 9.50822439967239, 45.6163384661131, 45.6163384661131, 45.6163384661131, 45.6163384661131, 45.6163384661131, 45.6163384661131, 45.6163384661131], [25.074881011739926, 25.476261191488355, 26.704388778093758, 21.06913878027512, 43.086760560628775, 33.84174620168281, 0.0, 28.656880392193987, 17.51560154710418, 17.51560154710418, 17.51560154710418, 17.51560154710418, 17.51560154710418, 17.51560154710418, 17.51560154710418, 23.944834671437814, 21.732606222239177, 39.35148688671988, 31.02689112015025, 28.557123788796336, 22.761497837199222, 50.29401081351958, 25.407337501359372, 14.422209888206693, 30.085628968678392, 25.074881011739926, 25.476261191488355, 26.704388778093758, 21.06913878027512, 43.086760560628775, 33.84174620168281, 0.0, 28.656880392193987, 17.51560154710418, 17.51560154710418, 17.51560154710418, 17.51560154710418, 17.51560154710418, 17.51560154710418, 17.51560154710418], [15.528899583947299, 6.836601854306067, 7.931626774902439, 33.16918841404328, 18.845696260995638, 9.50822439967239, 28.656880392193987, 0.0, 37.77576894868638, 37.77576894868638, 37.77576894868638, 37.77576894868638, 37.77576894868638, 37.77576894868638, 37.77576894868638, 46.08757823778998, 27.362281270010914, 37.506437016962124, 6.924166219431244, 7.201726916266343, 29.868479390385495, 34.67737181920989, 34.49152685297861, 37.639034302507135, 41.69298643994087, 15.528899583947299, 6.836601854306067, 7.931626774902439, 33.16918841404328, 18.845696260995638, 9.50822439967239, 28.656880392193987, 0.0, 37.77576894868638, 37.77576894868638, 37.77576894868638, 37.77576894868638, 37.77576894868638, 37.77576894868638, 37.77576894868638], [40.11373959399335, 32.02131270646517, 32.28039205882345, 9.096800854625846, 45.787079578283965, 45.6163384661131, 17.51560154710418, 37.77576894868638, 0.0, 0.0, 0.0, 0.0, 0.0, 0.0, 0.0, 8.312660820336356, 39.1387284633392, 28.994423637044175, 36.884255907232976, 34.23944038621579, 13.828548167950444, 45.88969760697583, 12.986078079118016, 4.270099601933735, 14.271897738815001, 40.11373959399335, 32.02131270646517, 32.28039205882345, 9.096800854625846, 45.787079578283965, 45.6163384661131, 17.51560154710418, 37.77576894868638, 0.0, 0.0, 0.0, 0.0, 0.0, 0.0, 0.0], [40.11373959399335, 32.02131270646517, 32.28039205882345, 9.096800854625846, 45.787079578283965, 45.6163384661131, 17.51560154710418, 37.77576894868638, 0.0, 0.0, 0.0, 0.0, 0.0, 0.0, 0.0, 8.312660820336356, 39.1387284633392, 28.994423637044175, 36.884255907232976, 34.23944038621579, 13.828548167950444, 45.88969760697583, 12.986078079118016, 4.270099601933735, 14.271897738815001, 40.11373959399335, 32.02131270646517, 32.28039205882345, 9.096800854625846, 45.787079578283965, 45.6163384661131, 17.51560154710418, 37.77576894868638, 0.0, 0.0, 0.0, 0.0, 0.0, 0.0, 0.0], [40.11373959399335, 32.02131270646517, 32.28039205882345, 9.096800854625846, 45.787079578283965, 45.6163384661131, 17.51560154710418, 37.77576894868638, 0.0, 0.0, 0.0, 0.0, 0.0, 0.0, 0.0, 8.312660820336356, 39.1387284633392, 28.994423637044175, 36.884255907232976, 34.23944038621579, 13.828548167950444, 45.88969760697583, 12.986078079118016, 4.270099601933735, 14.271897738815001, 40.11373959399335, 32.02131270646517, 32.28039205882345, 9.096800854625846, 45.787079578283965, 45.6163384661131, 17.51560154710418, 37.77576894868638, 0.0, 0.0, 0.0, 0.0, 0.0, 0.0, 0.0], [40.11373959399335, 32.02131270646517, 32.28039205882345, 9.096800854625846, 45.787079578283965, 45.6163384661131, 17.51560154710418, 37.77576894868638, 0.0, 0.0, 0.0, 0.0, 0.0, 0.0, 0.0, 8.312660820336356, 39.1387284633392, 28.994423637044175, 36.884255907232976, 34.23944038621579, 13.828548167950444, 45.88969760697583, 12.986078079118016, 4.270099601933735, 14.271897738815001, 40.11373959399335, 32.02131270646517, 32.28039205882345, 9.096800854625846, 45.787079578283965, 45.6163384661131, 17.51560154710418, 37.77576894868638, 0.0, 0.0, 0.0, 0.0, 0.0, 0.0, 0.0], [40.11373959399335, 32.02131270646517, 32.28039205882345, 9.096800854625846, 45.787079578283965, 45.6163384661131, 17.51560154710418, 37.77576894868638, 0.0, 0.0, 0.0, 0.0, 0.0, 0.0, 0.0, 8.312660820336356, 39.1387284633392, 28.994423637044175, 36.884255907232976, 34.23944038621579, 13.828548167950444, 45.88969760697583, 12.986078079118016, 4.270099601933735, 14.271897738815001, 40.11373959399335, 32.02131270646517, 32.28039205882345, 9.096800854625846, 45.787079578283965, 45.6163384661131, 17.51560154710418, 37.77576894868638, 0.0, 0.0, 0.0, 0.0, 0.0, 0.0, 0.0], [40.11373959399335, 32.02131270646517, 32.28039205882345, 9.096800854625846, 45.787079578283965, 45.6163384661131, 17.51560154710418, 37.77576894868638, 0.0, 0.0, 0.0, 0.0, 0.0, 0.0, 0.0, 8.312660820336356, 39.1387284633392, 28.994423637044175, 36.884255907232976, 34.23944038621579, 13.828548167950444, 45.88969760697583, 12.986078079118016, 4.270099601933735, 14.271897738815001, 40.11373959399335, 32.02131270646517, 32.28039205882345, 9.096800854625846, 45.787079578283965, 45.6163384661131, 17.51560154710418, 37.77576894868638, 0.0, 0.0, 0.0, 0.0, 0.0, 0.0, 0.0], [40.11373959399335, 32.02131270646517, 32.28039205882345, 9.096800854625846, 45.787079578283965, 45.6163384661131, 17.51560154710418, 37.77576894868638, 0.0, 0.0, 0.0, 0.0, 0.0, 0.0, 0.0, 8.312660820336356, 39.1387284633392, 28.994423637044175, 36.884255907232976, 34.23944038621579, 13.828548167950444, 45.88969760697583, 12.986078079118016, 4.270099601933735, 14.271897738815001, 40.11373959399335, 32.02131270646517, 32.28039205882345, 9.096800854625846, 45.787079578283965, 45.6163384661131, 17.51560154710418, 37.77576894868638, 0.0, 0.0, 0.0, 0.0, 0.0, 0.0, 0.0], [47.84454835816477, 40.307033644671556, 40.52056859066454, 15.616878843135341, 53.54899823850016, 53.85467623070931, 23.944834671437814, 46.08757823778998, 8.312660820336356, 8.312660820336356, 8.312660820336356, 8.312660820336356, 8.312660820336356, 8.312660820336356, 8.312660820336356, 0.0, 45.61135773331105, 33.259822285232424, 45.10084720239359, 42.46780018993792, 20.559797456293534, 51.929102879725654, 18.170636777083438, 9.617529862066188, 15.901041001399216, 47.84454835816477, 40.307033644671556, 40.52056859066454, 15.616878843135341, 53.54899823850016, 53.85467623070931, 23.944834671437814, 46.08757823778998, 8.312660820336356, 8.312660820336356, 8.312660820336356, 8.312660820336356, 8.312660820336356, 8.312660820336356, 8.312660820336356], [13.038461721105646, 29.508649036914864, 31.377970000202723, 40.954949225351314, 46.158519310647385, 25.680412232771364, 21.732606222239177, 27.362281270010914, 39.1387284633392, 39.1387284633392, 39.1387284633392, 39.1387284633392, 39.1387284633392, 39.1387284633392, 39.1387284633392, 45.61135773331105, 0.0, 55.60794338897706, 33.498500651531636, 32.26180873641907, 40.96124166100694, 60.0, 44.731056739750755, 36.149451868947395, 50.57005243679093, 13.038461721105646, 29.508649036914864, 31.377970000202723, 40.954949225351314, 46.158519310647385, 25.680412232771364, 21.732606222239177, 27.362281270010914, 39.1387284633392, 39.1387284633392, 39.1387284633392, 39.1387284633392, 39.1387284633392, 39.1387284633392, 39.1387284633392], [49.33188906072689, 30.974004737520982, 29.595451785138742, 20.25716246785723, 31.642728968797144, 46.95868935199622, 39.35148688671988, 37.506437016962124, 28.994423637044175, 28.994423637044175, 28.994423637044175, 28.994423637044175, 28.994423637044175, 28.994423637044175, 28.994423637044175, 33.259822285232424, 55.60794338897706, 0.0, 31.850503063161483, 30.45097959816421, 16.813268574630555, 20.779636963232072, 16.014403138805843, 32.81916799924587, 17.877747933144935, 49.33188906072689, 30.974004737520982, 29.595451785138742, 20.25716246785723, 31.642728968797144, 46.95868935199622, 39.35148688671988, 37.506437016962124, 28.994423637044175, 28.994423637044175, 28.994423637044175, 28.994423637044175, 28.994423637044175, 28.994423637044175, 28.994423637044175], [22.277583670149642, 5.5530429278686615, 4.6565646522923005, 30.84406405095767, 12.936076470688338, 15.513117493853656, 31.02689112015025, 6.924166219431244, 36.884255907232976, 36.884255907232976, 36.884255907232976, 36.884255907232976, 36.884255907232976, 36.884255907232976, 36.884255907232976, 45.10084720239359, 33.498500651531636, 31.850503063161483, 0.0, 2.6665007722470127, 26.839225128627646, 27.754839719426656, 31.299300927069513, 37.533389106757184, 38.41276837910839, 22.277583670149642, 5.5530429278686615, 4.6565646522923005, 30.84406405095767, 12.936076470688338, 15.513117493853656, 31.02689112015025, 6.924166219431244, 36.884255907232976, 36.884255907232976, 36.884255907232976, 36.884255907232976, 36.884255907232976, 36.884255907232976, 36.884255907232976], [21.70787590640493, 3.1717541136146425, 1.9910599974635803, 28.32989849961841, 14.90122726226798, 16.522027970207564, 28.557123788796336, 7.201726916266343, 34.23944038621579, 34.23944038621579, 34.23944038621579, 34.23944038621579, 34.23944038621579, 34.23944038621579, 34.23944038621579, 42.46780018993792, 32.26180873641907, 30.45097959816421, 2.6665007722470127, 0.0, 24.436090572490713, 28.174508894549387, 28.946765056466973, 34.867016303503235, 36.098315254083786, 21.70787590640493, 3.1717541136146425, 1.9910599974635803, 28.32989849961841, 14.90122726226798, 16.522027970207564, 28.557123788796336, 7.201726916266343, 34.23944038621579, 34.23944038621579, 34.23944038621579, 34.23944038621579, 34.23944038621579, 34.23944038621579, 34.23944038621579], [37.385346465828, 23.174808443051983, 22.722445433052116, 4.950998914133571, 33.408027594261064, 38.986056415911236, 22.761497837199222, 29.868479390385495, 13.828548167950444, 13.828548167950444, 13.828548167950444, 13.828548167950444, 13.828548167950444, 13.828548167950444, 13.828548167950444, 20.559797456293534, 40.96124166100694, 16.813268574630555, 26.839225128627646, 24.436090572490713, 0.0, 32.070851514227016, 4.6352734021218955, 16.934616255883594, 11.828038249883559, 37.385346465828, 23.174808443051983, 22.722445433052116, 4.950998914133571, 33.408027594261064, 38.986056415911236, 22.761497837199222, 29.868479390385495, 13.828548167950444, 13.828548167950444, 13.828548167950444, 13.828548167950444, 13.828548167950444, 13.828548167950444, 13.828548167950444], [49.86748577892722, 30.60013329807878, 28.725836669356106, 36.84805907591583, 19.138246845076846, 42.39255480053628, 50.29401081351958, 34.67737181920989, 45.88969760697583, 45.88969760697583, 45.88969760697583, 45.88969760697583, 45.88969760697583, 45.88969760697583, 45.88969760697583, 51.929102879725654, 60.0, 20.779636963232072, 27.754839719426656, 28.174508894549387, 32.070851514227016, 0.0, 33.75849129403537, 48.885863118811486, 37.84716621077638, 49.86748577892722, 30.60013329807878, 28.725836669356106, 36.84805907591583, 19.138246845076846, 42.39255480053628, 50.29401081351958, 34.67737181920989, 45.88969760697583, 45.88969760697583, 45.88969760697583, 45.88969760697583, 45.88969760697583, 45.88969760697583, 45.88969760697583], [41.795598251230054, 27.77699657325657, 27.272782400203113, 4.517289240492386, 37.145719112962794, 43.62132777835907, 25.407337501359372, 34.49152685297861, 12.986078079118016, 12.986078079118016, 12.986078079118016, 12.986078079118016, 12.986078079118016, 12.986078079118016, 12.986078079118016, 18.170636777083438, 44.731056739750755, 16.014403138805843, 31.299300927069513, 28.946765056466973, 4.6352734021218955, 33.75849129403537, 0.0, 16.83385891936906, 7.201984281529537, 41.795598251230054, 27.77699657325657, 27.272782400203113, 4.517289240492386, 37.145719112962794, 43.62132777835907, 25.407337501359372, 34.49152685297861, 12.986078079118016, 12.986078079118016, 12.986078079118016, 12.986078079118016, 12.986078079118016, 12.986078079118016, 12.986078079118016], [38.30742087825197, 32.37910744208183, 32.87880734814928, 12.610765490827095, 47.321894851406256, 44.88572041690596, 14.422209888206693, 37.639034302507135, 4.270099601933735, 4.270099601933735, 4.270099601933735, 4.270099601933735, 4.270099601933735, 4.270099601933735, 4.270099601933735, 9.617529862066188, 36.149451868947395, 32.81916799924587, 37.533389106757184, 34.867016303503235, 16.934616255883594, 48.885863118811486, 16.83385891936906, 0.0, 18.54178501438268, 38.30742087825197, 32.37910744208183, 32.87880734814928, 12.610765490827095, 47.321894851406256, 44.88572041690596, 14.422209888206693, 37.639034302507135, 4.270099601933735, 4.270099601933735, 4.270099601933735, 4.270099601933735, 4.270099601933735, 4.270099601933735, 4.270099601933735], [48.566081827034644, 34.976693348936514, 34.44964129808786, 9.716329498036677, 43.561030322152156, 50.80266282342354, 30.085628968678392, 41.69298643994087, 14.271897738815001, 14.271897738815001, 14.271897738815001, 14.271897738815001, 14.271897738815001, 14.271897738815001, 14.271897738815001, 15.901041001399216, 50.57005243679093, 17.877747933144935, 38.41276837910839, 36.098315254083786, 11.828038249883559, 37.84716621077638, 7.201984281529537, 18.54178501438268, 0.0, 48.566081827034644, 34.976693348936514, 34.44964129808786, 9.716329498036677, 43.561030322152156, 50.80266282342354, 30.085628968678392, 41.69298643994087, 14.271897738815001, 14.271897738815001, 14.271897738815001, 14.271897738815001, 14.271897738815001, 14.271897738815001, 14.271897738815001], [0.0, 19.59278794281878, 21.406461796158023, 38.953359930558904, 34.24841741270055, 12.659097516034771, 25.074881011739926, 15.528899583947299, 40.11373959399335, 40.11373959399335, 40.11373959399335, 40.11373959399335, 40.11373959399335, 40.11373959399335, 40.11373959399335, 47.84454835816477, 13.038461721105646, 49.33188906072689, 22.277583670149642, 21.70787590640493, 37.385346465828, 49.86748577892722, 41.795598251230054, 38.30742087825197, 48.566081827034644, 0.0, 19.59278794281878, 21.406461796158023, 38.953359930558904, 34.24841741270055, 12.659097516034771, 25.074881011739926, 15.528899583947299, 40.11373959399335, 40.11373959399335, 40.11373959399335, 40.11373959399335, 40.11373959399335, 40.11373959399335, 40.11373959399335], [19.59278794281878, 0.0, 1.8755919097685196, 26.7079251283202, 18.069793524128418, 16.300271772622068, 25.476261191488355, 6.836601854306067, 32.02131270646517, 32.02131270646517, 32.02131270646517, 32.02131270646517, 32.02131270646517, 32.02131270646517, 32.02131270646517, 40.307033644671556, 29.508649036914864, 30.974004737520982, 5.5530429278686615, 3.1717541136146425, 23.174808443051983, 30.60013329807878, 27.77699657325657, 32.37910744208183, 34.976693348936514, 19.59278794281878, 0.0, 1.8755919097685196, 26.7079251283202, 18.069793524128418, 16.300271772622068, 25.476261191488355, 6.836601854306067, 32.02131270646517, 32.02131270646517, 32.02131270646517, 32.02131270646517, 32.02131270646517, 32.02131270646517, 32.02131270646517], [21.406461796158023, 1.8755919097685196, 0.0, 26.504715073397204, 16.543451864406613, 17.43271907594457, 26.704388778093758, 7.931626774902439, 32.28039205882345, 32.28039205882345, 32.28039205882345, 32.28039205882345, 32.28039205882345, 32.28039205882345, 32.28039205882345, 40.52056859066454, 31.377970000202723, 29.595451785138742, 4.6565646522923005, 1.9910599974635803, 22.722445433052116, 28.725836669356106, 27.272782400203113, 32.87880734814928, 34.44964129808786, 21.406461796158023, 1.8755919097685196, 0.0, 26.504715073397204, 16.543451864406613, 17.43271907594457, 26.704388778093758, 7.931626774902439, 32.28039205882345, 32.28039205882345, 32.28039205882345, 32.28039205882345, 32.28039205882345, 32.28039205882345, 32.28039205882345], [38.953359930558904, 26.7079251283202, 26.504715073397204, 0.0, 38.15748202545646, 41.94468374407239, 21.06913878027512, 33.16918841404328, 9.096800854625846, 9.096800854625846, 9.096800854625846, 9.096800854625846, 9.096800854625846, 9.096800854625846, 9.096800854625846, 15.616878843135341, 40.954949225351314, 20.25716246785723, 30.84406405095767, 28.32989849961841, 4.950998914133571, 36.84805907591583, 4.517289240492386, 12.610765490827095, 9.716329498036677, 38.953359930558904, 26.7079251283202, 26.504715073397204, 0.0, 38.15748202545646, 41.94468374407239, 21.06913878027512, 33.16918841404328, 9.096800854625846, 9.096800854625846, 9.096800854625846, 9.096800854625846, 9.096800854625846, 9.096800854625846, 9.096800854625846], [34.24841741270055, 18.069793524128418, 16.543451864406613, 38.15748202545646, 0.0, 24.502090636527043, 43.086760560628775, 18.845696260995638, 45.787079578283965, 45.787079578283965, 45.787079578283965, 45.787079578283965, 45.787079578283965, 45.787079578283965, 45.787079578283965, 53.54899823850016, 46.158519310647385, 31.642728968797144, 12.936076470688338, 14.90122726226798, 33.408027594261064, 19.138246845076846, 37.145719112962794, 47.321894851406256, 43.561030322152156, 34.24841741270055, 18.069793524128418, 16.543451864406613, 38.15748202545646, 0.0, 24.502090636527043, 43.086760560628775, 18.845696260995638, 45.787079578283965, 45.787079578283965, 45.787079578283965, 45.787079578283965, 45.787079578283965, 45.787079578283965, 45.787079578283965], [12.659097516034771, 16.300271772622068, 17.43271907594457, 41.94468374407239, 24.502090636527043, 0.0, 33.84174620168281, 9.50822439967239, 45.6163384661131, 45.6163384661131, 45.6163384661131, 45.6163384661131, 45.6163384661131, 45.6163384661131, 45.6163384661131, 53.85467623070931, 25.680412232771364, 46.95868935199622, 15.513117493853656, 16.522027970207564, 38.986056415911236, 42.39255480053628, 43.62132777835907, 44.88572041690596, 50.80266282342354, 12.659097516034771, 16.300271772622068, 17.43271907594457, 41.94468374407239, 24.502090636527043, 0.0, 33.84174620168281, 9.50822439967239, 45.6163384661131, 45.6163384661131, 45.6163384661131, 45.6163384661131, 45.6163384661131, 45.6163384661131, 45.6163384661131], [25.074881011739926, 25.476261191488355, 26.704388778093758, 21.06913878027512, 43.086760560628775, 33.84174620168281, 0.0, 28.656880392193987, 17.51560154710418, 17.51560154710418, 17.51560154710418, 17.51560154710418, 17.51560154710418, 17.51560154710418, 17.51560154710418, 23.944834671437814, 21.732606222239177, 39.35148688671988, 31.02689112015025, 28.557123788796336, 22.761497837199222, 50.29401081351958, 25.407337501359372, 14.422209888206693, 30.085628968678392, 25.074881011739926, 25.476261191488355, 26.704388778093758, 21.06913878027512, 43.086760560628775, 33.84174620168281, 0.0, 28.656880392193987, 17.51560154710418, 17.51560154710418, 17.51560154710418, 17.51560154710418, 17.51560154710418, 17.51560154710418, 17.51560154710418], [15.528899583947299, 6.836601854306067, 7.931626774902439, 33.16918841404328, 18.845696260995638, 9.50822439967239, 28.656880392193987, 0.0, 37.77576894868638, 37.77576894868638, 37.77576894868638, 37.77576894868638, 37.77576894868638, 37.77576894868638, 37.77576894868638, 46.08757823778998, 27.362281270010914, 37.506437016962124, 6.924166219431244, 7.201726916266343, 29.868479390385495, 34.67737181920989, 34.49152685297861, 37.639034302507135, 41.69298643994087, 15.528899583947299, 6.836601854306067, 7.931626774902439, 33.16918841404328, 18.845696260995638, 9.50822439967239, 28.656880392193987, 0.0, 37.77576894868638, 37.77576894868638, 37.77576894868638, 37.77576894868638, 37.77576894868638, 37.77576894868638, 37.77576894868638], [40.11373959399335, 32.02131270646517, 32.28039205882345, 9.096800854625846, 45.787079578283965, 45.6163384661131, 17.51560154710418, 37.77576894868638, 0.0, 0.0, 0.0, 0.0, 0.0, 0.0, 0.0, 8.312660820336356, 39.1387284633392, 28.994423637044175, 36.884255907232976, 34.23944038621579, 13.828548167950444, 45.88969760697583, 12.986078079118016, 4.270099601933735, 14.271897738815001, 40.11373959399335, 32.02131270646517, 32.28039205882345, 9.096800854625846, 45.787079578283965, 45.6163384661131, 17.51560154710418, 37.77576894868638, 0.0, 0.0, 0.0, 0.0, 0.0, 0.0, 0.0], [40.11373959399335, 32.02131270646517, 32.28039205882345, 9.096800854625846, 45.787079578283965, 45.6163384661131, 17.51560154710418, 37.77576894868638, 0.0, 0.0, 0.0, 0.0, 0.0, 0.0, 0.0, 8.312660820336356, 39.1387284633392, 28.994423637044175, 36.884255907232976, 34.23944038621579, 13.828548167950444, 45.88969760697583, 12.986078079118016, 4.270099601933735, 14.271897738815001, 40.11373959399335, 32.02131270646517, 32.28039205882345, 9.096800854625846, 45.787079578283965, 45.6163384661131, 17.51560154710418, 37.77576894868638, 0.0, 0.0, 0.0, 0.0, 0.0, 0.0, 0.0], [40.11373959399335, 32.02131270646517, 32.28039205882345, 9.096800854625846, 45.787079578283965, 45.6163384661131, 17.51560154710418, 37.77576894868638, 0.0, 0.0, 0.0, 0.0, 0.0, 0.0, 0.0, 8.312660820336356, 39.1387284633392, 28.994423637044175, 36.884255907232976, 34.23944038621579, 13.828548167950444, 45.88969760697583, 12.986078079118016, 4.270099601933735, 14.271897738815001, 40.11373959399335, 32.02131270646517, 32.28039205882345, 9.096800854625846, 45.787079578283965, 45.6163384661131, 17.51560154710418, 37.77576894868638, 0.0, 0.0, 0.0, 0.0, 0.0, 0.0, 0.0], [40.11373959399335, 32.02131270646517, 32.28039205882345, 9.096800854625846, 45.787079578283965, 45.6163384661131, 17.51560154710418, 37.77576894868638, 0.0, 0.0, 0.0, 0.0, 0.0, 0.0, 0.0, 8.312660820336356, 39.1387284633392, 28.994423637044175, 36.884255907232976, 34.23944038621579, 13.828548167950444, 45.88969760697583, 12.986078079118016, 4.270099601933735, 14.271897738815001, 40.11373959399335, 32.02131270646517, 32.28039205882345, 9.096800854625846, 45.787079578283965, 45.6163384661131, 17.51560154710418, 37.77576894868638, 0.0, 0.0, 0.0, 0.0, 0.0, 0.0, 0.0], [40.11373959399335, 32.02131270646517, 32.28039205882345, 9.096800854625846, 45.787079578283965, 45.6163384661131, 17.51560154710418, 37.77576894868638, 0.0, 0.0, 0.0, 0.0, 0.0, 0.0, 0.0, 8.312660820336356, 39.1387284633392, 28.994423637044175, 36.884255907232976, 34.23944038621579, 13.828548167950444, 45.88969760697583, 12.986078079118016, 4.270099601933735, 14.271897738815001, 40.11373959399335, 32.02131270646517, 32.28039205882345, 9.096800854625846, 45.787079578283965, 45.6163384661131, 17.51560154710418, 37.77576894868638, 0.0, 0.0, 0.0, 0.0, 0.0, 0.0, 0.0], [40.11373959399335, 32.02131270646517, 32.28039205882345, 9.096800854625846, 45.787079578283965, 45.6163384661131, 17.51560154710418, 37.77576894868638, 0.0, 0.0, 0.0, 0.0, 0.0, 0.0, 0.0, 8.312660820336356, 39.1387284633392, 28.994423637044175, 36.884255907232976, 34.23944038621579, 13.828548167950444, 45.88969760697583, 12.986078079118016, 4.270099601933735, 14.271897738815001, 40.11373959399335, 32.02131270646517, 32.28039205882345, 9.096800854625846, 45.787079578283965, 45.6163384661131, 17.51560154710418, 37.77576894868638, 0.0, 0.0, 0.0, 0.0, 0.0, 0.0, 0.0], [40.11373959399335, 32.02131270646517, 32.28039205882345, 9.096800854625846, 45.787079578283965, 45.6163384661131, 17.51560154710418, 37.77576894868638, 0.0, 0.0, 0.0, 0.0, 0.0, 0.0, 0.0, 8.312660820336356, 39.1387284633392, 28.994423637044175, 36.884255907232976, 34.23944038621579, 13.828548167950444, 45.88969760697583, 12.986078079118016, 4.270099601933735, 14.271897738815001, 40.11373959399335, 32.02131270646517, 32.28039205882345, 9.096800854625846, 45.787079578283965, 45.6163384661131, 17.51560154710418, 37.77576894868638, 0.0, 0.0, 0.0, 0.0, 0.0, 0.0, 0.0]], "M": 99999999.0}