{"num_workers": 30, "num_roles": 3, "num_nodes": 80, "w": [[150, 150], [180, 180], [30, 30], [0, 0], [300, 300], [210, 210], [60, 60], [150, 150], [120, 120], [60, 60], [90, 90], [90, 90], [90, 90], [150, 150], [0, 0], [0, 0], [0, 0], [0, 0], [0, 0], [0, 0], [0, 0], [0, 0], [0, 0], [0, 0], [0, 0], [0, 0], [0, 0], [0, 0], [0, 0], [0, 0], [90, 390], [30, 330], [90, 390], [180, 450], [120, 450], [150, 390], [30, 240], [240, 390], [60, 270], [150, 420], [330, 420], [240, 360], [90, 150], [330, 450], [90, 150], [90, 390], [90, 390], [240, 360], [120, 450], [240, 390], [330, 330], [450, 450], [450, 450], [420, 420], [450, 450], [390, 390], [480, 480], [330, 330], [240, 240], [150, 150], [150, 150], [300, 300], [150, 150], [300, 300], [180, 180], [480, 480], [480, 480], [480, 480], [480, 480], [480, 480], [480, 480], [480, 480], [480, 480], [480, 480], [480, 480], [480, 480], [480, 480], [480, 480], [480, 480], [480, 480]], "p": [0, 0, 0, 0, 0, 0, 0, 0, 0, 0, 0, 0, 0, 0, 0, 0, 0, 0, 0, 0, 0, 0, 0, 0, 0, 0, 0, 0, 0, 0, 33.38816378576651, 53.62069839962015, 37.22635971441281, 37.16493283683586, 68.58939428590982, 68.1330808812248, 47.29581759051567, 64.6946508399987, 18.41835472039891, 49.21453770785644, 70.86098796643162, 22.013912157867637, 64.11473849254081, 37.37094932057716, 32.057369246270405, 18.613179857206404, 16.694081892883254, 11.006956078933818, 34.29469714295491, 32.34732541999935, 0, 0, 0, 0, 0, 0, 0, 0, 0, 0, 0, 0, 0, 0, 0, 0, 0, 0, 0, 0, 0, 0, 0, 0, 0, 0, 0, 0, 0, 0], "e": [[1, 0, 1], [0, 1, 1], [0, 1, 1], [1, 1, 0], [1, 1, 0], [0, 1, 1], [1, 1, 0], [1, 0, 1], [0, 1, 1], [1, 0, 1], [0, 1, 1], [0, 1, 1], [0, 1, 1], [0, 1, 1], [0, 1, 1], [1, 1, 0], [0, 1, 0], [0, 1, 0], [0, 1, 0], [0, 1, 0], [1, 1, 0], [1, 1, 0], [0, 1, 0], [1, 0, 0], [0, 1, 0], [0, 1, 0], [0, 1, 0], [0, 1, 0], [1, 0, 0], [1, 0, 0]], "d": [[2, 1, 2, 2, 1, 1, 1, 0, 2, 2, 2, 0, 1, 1, 2, 4, 4, 0, 2, 0], [1, 1, 0, 1, 1, 1, 1, 1, 1, 1, 1, 0, 1, 1, 2, 0, 2, 0, 2, 2], [0, 1, 0, 0, 1, 1, 1, 2, 0, 0, 0, 1, 1, 1, 2, 0, 0, 2, 2, 4]], "r": [191, 4131, 1681, 4564, 1581, 2842, 2042, 3383, 3644, 2551, 4247, 1692, 4146, 2188, 4146, 1681, 191, 1692, 1581, 3383], "g": [[0, 0, 0, 0, 0, 0, 0, 0, 0, 0, 0, 0, 0, 0, 0, 0, 1, 0, 0, 0], [0, 0, 0, 0, 0, 0, 0, 0, 0, 0, 0, 0, 0, 0, 0, 0, 0, 0, 0, 0], [0, 0, 0, 0, 0, 0, 0, 0, 0, 0, 0, 0, 0, 0, 0, 1, 0, 0, 0, 0], [0, 0, 0, 0, 0, 0, 0, 0, 0, 0, 0, 0, 0, 0, 0, 0, 0, 0, 0, 0], [0, 0, 0, 0, 0, 0, 0, 0, 0, 0, 0, 0, 0, 0, 0, 0, 0, 0, 1, 0], [0, 0, 0, 0, 0, 0, 0, 0, 0, 0, 0, 0, 0, 0, 0, 0, 0, 0, 0, 0], [0, 0, 0, 0, 0, 0, 0, 0, 0, 0, 0, 0, 0, 0, 0, 0, 0, 0, 0, 0], [0, 0, 0, 0, 0, 0, 0, 0, 0, 0, 0, 0, 0, 0, 0, 0, 0, 0, 0, 1], [0, 0, 0, 0, 0, 0, 0, 0, 0, 0, 0, 0, 0, 0, 0, 0, 0, 0, 0, 0], [0, 0, 0, 0, 0, 0, 0, 0, 0, 0, 0, 0, 0, 0, 0, 0, 0, 0, 0, 0], [0, 0, 0, 0, 0, 0, 0, 0, 0, 0, 0, 0, 0, 0, 0, 0, 0, 0, 0, 0], [0, 0, 0, 0, 0, 0, 0, 0, 0, 0, 0, 0, 0, 0, 0, 0, 0, 1, 0, 0], [0, 0, 0, 0, 0, 0, 0, 0, 0, 0, 0, 0, 0, 0, 1, 0, 0, 0, 0, 0], [0, 0, 0, 0, 0, 0, 0, 0, 0, 0, 0, 0, 0, 0, 0, 0, 0, 0, 0, 0], [0, 0, 0, 0, 0, 0, 0, 0, 0, 0, 0, 0, 1, 0, 0, 0, 0, 0, 0, 0], [0, 0, 1, 0, 0, 0, 0, 0, 0, 0, 0, 0, 0, 0, 0, 0, 0, 0, 0, 0], [1, 0, 0, 0, 0, 0, 0, 0, 0, 0, 0, 0, 0, 0, 0, 0, 0, 0, 0, 0], [0, 0, 0, 0, 0, 0, 0, 0, 0, 0, 0, 1, 0, 0, 0, 0, 0, 0, 0, 0], [0, 0, 0, 0, 1, 0, 0, 0, 0, 0, 0, 0, 0, 0, 0, 0, 0, 0, 0, 0], [0, 0, 0, 0, 0, 0, 0, 1, 0, 0, 0, 0, 0, 0, 0, 0, 0, 0, 0, 0]], "t": [[0.0, 15.708117590430405, 22.53352476468622, 16.59954074771204, 11.194417958586747, 18.816173183880238, 21.255401415834655, 2.3351073817327905, 18.5579724762962, 11.435725605886677, 20.47604240429791, 9.754987998471025, 21.77982227834334, 13.23437577699447, 22.904704215277228, 10.939825096913225, 10.939825096913225, 10.939825096913225, 10.939825096913225, 10.939825096913225, 10.939825096913225, 10.939825096913225, 10.939825096913225, 10.939825096913225, 10.939825096913225, 10.939825096913225, 10.939825096913225, 10.939825096913225, 10.939825096913225, 10.939825096913225, 16.51723675319797, 16.849801621087735, 21.154640217523024, 20.196440434709288, 14.45409239306346, 23.073603923828777, 28.11437543897277, 19.503701537894237, 21.896267513529025, 9.172922516264055, 15.878025125752005, 15.168432359758157, 23.72575184069997, 15.857930714633454, 23.72575184069997, 21.154640217523024, 16.51723675319797, 15.168432359758157, 14.45409239306346, 19.503701537894237, 0.0, 15.708117590430405, 22.53352476468622, 16.59954074771204, 11.194417958586747, 18.816173183880238, 21.255401415834655, 2.3351073817327905, 18.5579724762962, 11.435725605886677, 20.47604240429791, 9.754987998471025, 21.77982227834334, 13.23437577699447, 22.904704215277228, 10.939825096913225, 10.939825096913225, 10.939825096913225, 10.939825096913225, 10.939825096913225, 10.939825096913225, 10.939825096913225, 10.939825096913225, 10.939825096913225, 10.939825096913225, 10.939825096913225, 10.939825096913225, 10.939825096913225, 10.939825096913225, 10.939825096913225], [15.708117590430405, 0.0, 17.604505194248308, 8.418012532991824, 18.655787376237853, 20.107142088625636, 8.280963598521302, 16.55506736259118, 3.019511040957018, 6.950282830764472, 16.95604021204611, 12.985611515228815, 8.880198710235755, 9.669697034670426, 7.9718475964861275, 13.762593853271149, 13.762593853271149, 13.762593853271149, 13.762593853271149, 13.762593853271149, 13.762593853271149, 13.762593853271149, 13.762593853271149, 13.762593853271149, 13.762593853271149, 13.762593853271149, 13.762593853271149, 13.762593853271149, 13.762593853271149, 13.762593853271149, 15.89203625715003, 9.014272241736917, 19.481578976484506, 22.74104166870479, 19.512251605817774, 11.552879736581893, 17.7415811559035, 18.353333260876568, 8.836520400188842, 13.46195393560402, 1.0580018812169931, 0.7606146612495048, 17.393647107833438, 5.108906569081575, 17.393647107833438, 19.481578976484506, 15.89203625715003, 0.7606146612495048, 19.512251605817774, 18.353333260876568, 15.708117590430405, 0.0, 17.604505194248308, 8.418012532991824, 18.655787376237853, 20.107142088625636, 8.280963598521302, 16.55506736259118, 3.019511040957018, 6.950282830764472, 16.95604021204611, 12.985611515228815, 8.880198710235755, 9.669697034670426, 7.9718475964861275, 13.762593853271149, 13.762593853271149, 13.762593853271149, 13.762593853271149, 13.762593853271149, 13.762593853271149, 13.762593853271149, 13.762593853271149, 13.762593853271149, 13.762593853271149, 13.762593853271149, 13.762593853271149, 13.762593853271149, 13.762593853271149, 13.762593853271149], [22.53352476468622, 17.604505194248308, 0.0, 9.227264691503393, 14.82396837853688, 7.899679583171443, 12.031731003950268, 24.72018534087453, 19.126757940769686, 13.467281005946843, 2.3201474679009597, 12.830829538499605, 11.834175980498099, 10.118723631061982, 15.813832895154693, 11.79394107619701, 11.79394107619701, 11.79394107619701, 11.79394107619701, 11.79394107619701, 11.79394107619701, 11.79394107619701, 11.79394107619701, 11.79394107619701, 11.79394107619701, 11.79394107619701, 11.79394107619701, 11.79394107619701, 11.79394107619701, 11.79394107619701, 6.582209033684976, 8.632537380391422, 4.276335019270829, 10.015561913562882, 12.214681032491844, 9.519973316227912, 8.946837753550847, 4.924356466839443, 12.080365714411222, 13.496385661787171, 18.661724779895827, 18.090256031128476, 1.99585437728036, 22.615946490062257, 1.99585437728036, 4.276335019270829, 6.582209033684976, 18.090256031128476, 12.214681032491844, 4.924356466839443, 22.53352476468622, 17.604505194248308, 0.0, 9.227264691503393, 14.82396837853688, 7.899679583171443, 12.031731003950268, 24.72018534087453, 19.126757940769686, 13.467281005946843, 2.3201474679009597, 12.830829538499605, 11.834175980498099, 10.118723631061982, 15.813832895154693, 11.79394107619701, 11.79394107619701, 11.79394107619701, 11.79394107619701, 11.79394107619701, 11.79394107619701, 11.79394107619701, 11.79394107619701, 11.79394107619701, 11.79394107619701, 11.79394107619701, 11.79394107619701, 11.79394107619701, 11.79394107619701, 11.79394107619701], [16.59954074771204, 8.418012532991824, 9.227264691503393, 0.0, 13.901435860446062, 12.444800884461205, 5.821089024911219, 18.38624163349745, 10.273637231999718, 5.390947206149461, 8.565934348456885, 8.85760353355746, 6.126205754520652, 3.92111887878773, 9.172509127299305, 8.799538429321057, 8.799538429321057, 8.799538429321057, 8.799538429321057, 8.799538429321057, 8.799538429321057, 8.799538429321057, 8.799538429321057, 8.799538429321057, 8.799538429321057, 8.799538429321057, 8.799538429321057, 8.799538429321057, 8.799538429321057, 8.799538429321057, 8.288838975969648, 0.5970032384888362, 11.200917946032739, 15.164101351539143, 13.377502071926724, 6.555040547584733, 11.673051745299352, 10.241840632119526, 6.335448625552133, 9.616925566543586, 9.475545325469717, 8.872712052014013, 9.24885118165006, 13.390472568267032, 9.24885118165006, 11.200917946032739, 8.288838975969648, 8.872712052014013, 13.377502071926724, 10.241840632119526, 16.59954074771204, 8.418012532991824, 9.227264691503393, 0.0, 13.901435860446062, 12.444800884461205, 5.821089024911219, 18.38624163349745, 10.273637231999718, 5.390947206149461, 8.565934348456885, 8.85760353355746, 6.126205754520652, 3.92111887878773, 9.172509127299305, 8.799538429321057, 8.799538429321057, 8.799538429321057, 8.799538429321057, 8.799538429321057, 8.799538429321057, 8.799538429321057, 8.799538429321057, 8.799538429321057, 8.799538429321057, 8.799538429321057, 8.799538429321057, 8.799538429321057, 8.799538429321057, 8.799538429321057], [11.194417958586747, 18.655787376237853, 14.82396837853688, 13.901435860446062, 0.0, 8.567921369164173, 19.722263373518295, 13.47658690940005, 21.577738243353693, 11.738595418256232, 12.503914627862972, 5.685079165551157, 20.015256670549082, 10.15740691914947, 22.877309130303253, 5.188830703947904, 5.188830703947904, 5.188830703947904, 5.188830703947904, 5.188830703947904, 5.188830703947904, 5.188830703947904, 5.188830703947904, 5.188830703947904, 5.188830703947904, 5.188830703947904, 5.188830703947904, 5.188830703947904, 5.188830703947904, 5.188830703947904, 8.293870862280492, 13.728156198559518, 11.888497201210816, 9.279976836184787, 3.487143781466841, 19.799076799856753, 22.786971858202804, 10.388852623407697, 20.2307655681261, 5.203748463848956, 19.4071314557712, 18.54661127477157, 16.587591766820683, 21.60802807472687, 16.587591766820683, 11.888497201210816, 8.293870862280492, 18.54661127477157, 3.487143781466841, 10.388852623407697, 11.194417958586747, 18.655787376237853, 14.82396837853688, 13.901435860446062, 0.0, 8.567921369164173, 19.722263373518295, 13.47658690940005, 21.577738243353693, 11.738595418256232, 12.503914627862972, 5.685079165551157, 20.015256670549082, 10.15740691914947, 22.877309130303253, 5.188830703947904, 5.188830703947904, 5.188830703947904, 5.188830703947904, 5.188830703947904, 5.188830703947904, 5.188830703947904, 5.188830703947904, 5.188830703947904, 5.188830703947904, 5.188830703947904, 5.188830703947904, 5.188830703947904, 5.188830703947904, 5.188830703947904], [18.816173183880238, 20.107142088625636, 7.899679583171443, 12.444800884461205, 8.567921369164173, 0.0, 17.45791957477021, 21.149927344205583, 22.476154034136464, 13.828649540054258, 5.914427681160547, 9.728324421231507, 17.49415022189023, 10.50464175673897, 21.224219849109303, 8.391960789029584, 8.391960789029584, 8.391960789029584, 8.391960789029584, 8.391960789029584, 8.391960789029584, 8.391960789029584, 8.391960789029584, 8.391960789029584, 8.391960789029584, 8.391960789029584, 8.391960789029584, 8.391960789029584, 8.391960789029584, 8.391960789029584, 4.228247515546369, 11.957600754668022, 3.8663827932840418, 2.722227889614774, 5.210912610285641, 16.03410862269503, 16.81330836404209, 3.039645477618889, 17.74687813799012, 10.018870022832559, 21.100140028480656, 20.32706908766705, 9.89375898140015, 24.438674409441038, 9.89375898140015, 3.8663827932840418, 4.228247515546369, 20.32706908766705, 5.210912610285641, 3.039645477618889, 18.816173183880238, 20.107142088625636, 7.899679583171443, 12.444800884461205, 8.567921369164173, 0.0, 17.45791957477021, 21.149927344205583, 22.476154034136464, 13.828649540054258, 5.914427681160547, 9.728324421231507, 17.49415022189023, 10.50464175673897, 21.224219849109303, 8.391960789029584, 8.391960789029584, 8.391960789029584, 8.391960789029584, 8.391960789029584, 8.391960789029584, 8.391960789029584, 8.391960789029584, 8.391960789029584, 8.391960789029584, 8.391960789029584, 8.391960789029584, 8.391960789029584, 8.391960789029584, 8.391960789029584], [21.255401415834655, 8.280963598521302, 12.031731003950268, 5.821089024911219, 19.722263373518295, 17.45791957477021, 0.0, 22.728706783656214, 8.276143653329337, 9.886902925771835, 12.427100763233966, 14.570637223227276, 0.6055559518049101, 9.65835116215943, 3.8345909711346957, 14.6042052699004, 14.6042052699004, 14.6042052699004, 14.6042052699004, 14.6042052699004, 14.6042052699004, 14.6042052699004, 14.6042052699004, 14.6042052699004, 14.6042052699004, 14.6042052699004, 14.6042052699004, 14.6042052699004, 14.6042052699004, 14.6042052699004, 13.56707420169731, 6.039038424116596, 15.323990795171316, 20.15373356648696, 19.079838952460804, 3.4744101281615567, 9.58879570146526, 14.813121363693849, 0.6458235609538492, 15.308589866079243, 9.127697707652638, 9.019228626223235, 11.0529296981884, 13.114140561664478, 11.0529296981884, 15.323990795171316, 13.56707420169731, 9.019228626223235, 19.079838952460804, 14.813121363693849, 21.255401415834655, 8.280963598521302, 12.031731003950268, 5.821089024911219, 19.722263373518295, 17.45791957477021, 0.0, 22.728706783656214, 8.276143653329337, 9.886902925771835, 12.427100763233966, 14.570637223227276, 0.6055559518049101, 9.65835116215943, 3.8345909711346957, 14.6042052699004, 14.6042052699004, 14.6042052699004, 14.6042052699004, 14.6042052699004, 14.6042052699004, 14.6042052699004, 14.6042052699004, 14.6042052699004, 14.6042052699004, 14.6042052699004, 14.6042052699004, 14.6042052699004, 14.6042052699004, 14.6042052699004], [2.3351073817327905, 16.55506736259118, 24.72018534087453, 18.38624163349745, 13.47658690940005, 21.149927344205583, 22.728706783656214, 0.0, 19.256550139250457, 13.085516895502376, 22.70026625622681, 12.006670462481253, 23.275917473642618, 15.209879381904319, 24.07974479034456, 13.220436767747431, 13.220436767747431, 13.220436767747431, 13.220436767747431, 13.220436767747431, 13.220436767747431, 13.220436767747431, 13.220436767747431, 13.220436767747431, 13.220436767747431, 13.220436767747431, 13.220436767747431, 13.220436767747431, 13.220436767747431, 13.220436767747431, 18.79471528796433, 18.681035047426057, 23.45164180038592, 22.52410686726633, 16.770360675758177, 24.763206083611998, 30.0, 21.80092749636149, 23.373938969200267, 11.453069812869613, 16.581541856308153, 15.946626289094581, 25.852542676547763, 15.97749385453837, 25.852542676547763, 23.45164180038592, 18.79471528796433, 15.946626289094581, 16.770360675758177, 21.80092749636149, 2.3351073817327905, 16.55506736259118, 24.72018534087453, 18.38624163349745, 13.47658690940005, 21.149927344205583, 22.728706783656214, 0.0, 19.256550139250457, 13.085516895502376, 22.70026625622681, 12.006670462481253, 23.275917473642618, 15.209879381904319, 24.07974479034456, 13.220436767747431, 13.220436767747431, 13.220436767747431, 13.220436767747431, 13.220436767747431, 13.220436767747431, 13.220436767747431, 13.220436767747431, 13.220436767747431, 13.220436767747431, 13.220436767747431, 13.220436767747431, 13.220436767747431, 13.220436767747431, 13.220436767747431], [18.5579724762962, 3.019511040957018, 19.126757940769686, 10.273637231999718, 21.577738243353693, 22.476154034136464, 8.276143653329337, 19.256550139250457, 0.0, 9.839932159608171, 18.792379851733518, 15.89460460326842, 8.807762317298067, 12.240957107734655, 6.56943156273429, 16.60232981411446, 16.60232981411446, 16.60232981411446, 16.60232981411446, 16.60232981411446, 16.60232981411446, 16.60232981411446, 16.60232981411446, 16.60232981411446, 16.60232981411446, 16.60232981411446, 16.60232981411446, 16.60232981411446, 16.60232981411446, 16.60232981411446, 18.24875057992992, 10.843971012050703, 21.473723373876688, 25.15739715142681, 22.267659029446328, 11.74849179990295, 17.82943633325634, 20.485614408930257, 8.681913005284919, 16.401957230552572, 2.683188766938235, 3.412840585774563, 18.625660228976624, 5.298438024358296, 18.625660228976624, 21.473723373876688, 18.24875057992992, 3.412840585774563, 22.267659029446328, 20.485614408930257, 18.5579724762962, 3.019511040957018, 19.126757940769686, 10.273637231999718, 21.577738243353693, 22.476154034136464, 8.276143653329337, 19.256550139250457, 0.0, 9.839932159608171, 18.792379851733518, 15.89460460326842, 8.807762317298067, 12.240957107734655, 6.56943156273429, 16.60232981411446, 16.60232981411446, 16.60232981411446, 16.60232981411446, 16.60232981411446, 16.60232981411446, 16.60232981411446, 16.60232981411446, 16.60232981411446, 16.60232981411446, 16.60232981411446, 16.60232981411446, 16.60232981411446, 16.60232981411446, 16.60232981411446], [11.435725605886677, 6.950282830764472, 13.467281005946843, 5.390947206149461, 11.738595418256232, 13.828649540054258, 9.886902925771835, 13.085516895502376, 9.839932159608171, 0.0, 12.079998665383112, 6.054694668708126, 10.387004577933716, 3.538454320864221, 12.059851178935194, 6.818807287672005, 6.818807287672005, 6.818807287672005, 6.818807287672005, 6.818807287672005, 6.818807287672005, 6.818807287672005, 6.818807287672005, 6.818807287672005, 6.818807287672005, 6.818807287672005, 6.818807287672005, 6.818807287672005, 6.818807287672005, 6.818807287672005, 9.786593963436168, 5.774771602865417, 14.06103733688169, 16.321839425538084, 12.61582617442886, 11.678534095054253, 17.062815953450073, 12.658033824913877, 10.519236631007177, 6.579740491136334, 7.774874929928892, 6.925868077503028, 14.005452793328281, 10.661147427234182, 14.005452793328281, 14.06103733688169, 9.786593963436168, 6.925868077503028, 12.61582617442886, 12.658033824913877, 11.435725605886677, 6.950282830764472, 13.467281005946843, 5.390947206149461, 11.738595418256232, 13.828649540054258, 9.886902925771835, 13.085516895502376, 9.839932159608171, 0.0, 12.079998665383112, 6.054694668708126, 10.387004577933716, 3.538454320864221, 12.059851178935194, 6.818807287672005, 6.818807287672005, 6.818807287672005, 6.818807287672005, 6.818807287672005, 6.818807287672005, 6.818807287672005, 6.818807287672005, 6.818807287672005, 6.818807287672005, 6.818807287672005, 6.818807287672005, 6.818807287672005, 6.818807287672005, 6.818807287672005], [20.47604240429791, 16.95604021204611, 2.3201474679009597, 8.565934348456885, 12.503914627862972, 5.914427681160547, 12.427100763233966, 22.70026625622681, 18.792379851733518, 12.079998665383112, 0.0, 10.728431680202272, 12.339714186948601, 8.588756194242597, 16.261679479387073, 9.626713478693866, 9.626713478693866, 9.626713478693866, 9.626713478693866, 9.626713478693866, 9.626713478693866, 9.626713478693866, 9.626713478693866, 9.626713478693866, 9.626713478693866, 9.626713478693866, 9.626713478693866, 9.626713478693866, 9.626713478693866, 9.626713478693866, 4.280740490904565, 7.977782068589979, 2.903405201755053, 8.297244946448718, 9.932833623501029, 10.446854918225931, 10.9529531845717, 2.875379855599916, 12.593694309864054, 11.3601776423496, 18.010061914895516, 17.363925774748292, 4.177460257059945, 21.824102018328222, 4.177460257059945, 2.903405201755053, 4.280740490904565, 17.363925774748292, 9.932833623501029, 2.875379855599916, 20.47604240429791, 16.95604021204611, 2.3201474679009597, 8.565934348456885, 12.503914627862972, 5.914427681160547, 12.427100763233966, 22.70026625622681, 18.792379851733518, 12.079998665383112, 0.0, 10.728431680202272, 12.339714186948601, 8.588756194242597, 16.261679479387073, 9.626713478693866, 9.626713478693866, 9.626713478693866, 9.626713478693866, 9.626713478693866, 9.626713478693866, 9.626713478693866, 9.626713478693866, 9.626713478693866, 9.626713478693866, 9.626713478693866, 9.626713478693866, 9.626713478693866, 9.626713478693866, 9.626713478693866], [9.754987998471025, 12.985611515228815, 12.830829538499605, 8.85760353355746, 5.685079165551157, 9.728324421231507, 14.570637223227276, 12.006670462481253, 15.89460460326842, 6.054694668708126, 10.728431680202272, 0.0, 14.937133506737277, 4.937829451862212, 17.460999065349462, 1.3364962172227721, 1.3364962172227721, 1.3364962172227721, 1.3364962172227721, 1.3364962172227721, 1.3364962172227721, 1.3364962172227721, 1.3364962172227721, 1.3364962172227721, 1.3364962172227721, 1.3364962172227721, 1.3364962172227721, 1.3364962172227721, 1.3364962172227721, 1.3364962172227721, 6.805621192525067, 8.831061328175215, 11.503860158300055, 11.726074214314526, 6.954239104453674, 15.233507426324802, 19.27727098426653, 9.86044834018928, 15.130643307417852, 0.7797096811625699, 13.76180452952359, 12.903137888702567, 14.14905509327509, 16.196910245528745, 14.14905509327509, 11.503860158300055, 6.805621192525067, 12.903137888702567, 6.954239104453674, 9.86044834018928, 9.754987998471025, 12.985611515228815, 12.830829538499605, 8.85760353355746, 5.685079165551157, 9.728324421231507, 14.570637223227276, 12.006670462481253, 15.89460460326842, 6.054694668708126, 10.728431680202272, 0.0, 14.937133506737277, 4.937829451862212, 17.460999065349462, 1.3364962172227721, 1.3364962172227721, 1.3364962172227721, 1.3364962172227721, 1.3364962172227721, 1.3364962172227721, 1.3364962172227721, 1.3364962172227721, 1.3364962172227721, 1.3364962172227721, 1.3364962172227721, 1.3364962172227721, 1.3364962172227721, 1.3364962172227721, 1.3364962172227721], [21.77982227834334, 8.880198710235755, 11.834175980498099, 6.126205754520652, 20.015256670549082, 17.49415022189023, 0.6055559518049101, 23.275917473642618, 8.807762317298067, 10.387004577933716, 12.339714186948601, 14.937133506737277, 0.0, 10.008556755448836, 3.979763919337256, 14.925590842440249, 14.925590842440249, 14.925590842440249, 14.925590842440249, 14.925590842440249, 14.925590842440249, 14.925590842440249, 14.925590842440249, 14.925590842440249, 14.925590842440249, 14.925590842440249, 14.925590842440249, 14.925590842440249, 14.925590842440249, 14.925590842440249, 13.670780121341762, 6.294189115489231, 15.242323569759446, 20.176377839381168, 19.275899586960406, 2.9778815437755246, 9.031677607841047, 14.794839084690148, 0.2546569469972292, 15.6826923757182, 9.719210763720172, 9.62009688100569, 10.771814618683127, 13.692283488289503, 10.771814618683127, 15.242323569759446, 13.670780121341762, 9.62009688100569, 19.275899586960406, 14.794839084690148, 21.77982227834334, 8.880198710235755, 11.834175980498099, 6.126205754520652, 20.015256670549082, 17.49415022189023, 0.6055559518049101, 23.275917473642618, 8.807762317298067, 10.387004577933716, 12.339714186948601, 14.937133506737277, 0.0, 10.008556755448836, 3.979763919337256, 14.925590842440249, 14.925590842440249, 14.925590842440249, 14.925590842440249, 14.925590842440249, 14.925590842440249, 14.925590842440249, 14.925590842440249, 14.925590842440249, 14.925590842440249, 14.925590842440249, 14.925590842440249, 14.925590842440249, 14.925590842440249, 14.925590842440249], [13.23437577699447, 9.669697034670426, 10.118723631061982, 3.92111887878773, 10.15740691914947, 10.50464175673897, 9.65835116215943, 15.209879381904319, 12.240957107734655, 3.538454320864221, 8.588756194242597, 4.937829451862212, 10.008556755448836, 0.0, 12.720471208135042, 4.9804355007289045, 4.9804355007289045, 4.9804355007289045, 4.9804355007289045, 4.9804355007289045, 4.9804355007289045, 4.9804355007289045, 4.9804355007289045, 4.9804355007289045, 4.9804355007289045, 4.9804355007289045, 4.9804355007289045, 4.9804355007289045, 4.9804355007289045, 4.9804355007289045, 6.353714504241935, 3.931577365937674, 10.524105765622606, 13.094886566908324, 10.137653501866104, 10.373797505912371, 14.907826288990776, 9.139708396287045, 10.206489754898781, 5.695807118616951, 10.63382226932543, 9.841857828732975, 10.877521494056772, 13.951821422115417, 10.877521494056772, 10.524105765622606, 6.353714504241935, 9.841857828732975, 10.137653501866104, 9.139708396287045, 13.23437577699447, 9.669697034670426, 10.118723631061982, 3.92111887878773, 10.15740691914947, 10.50464175673897, 9.65835116215943, 15.209879381904319, 12.240957107734655, 3.538454320864221, 8.588756194242597, 4.937829451862212, 10.008556755448836, 0.0, 12.720471208135042, 4.9804355007289045, 4.9804355007289045, 4.9804355007289045, 4.9804355007289045, 4.9804355007289045, 4.9804355007289045, 4.9804355007289045, 4.9804355007289045, 4.9804355007289045, 4.9804355007289045, 4.9804355007289045, 4.9804355007289045, 4.9804355007289045, 4.9804355007289045, 4.9804355007289045], [22.904704215277228, 7.9718475964861275, 15.813832895154693, 9.172509127299305, 22.877309130303253, 21.224219849109303, 3.8345909711346957, 24.07974479034456, 6.56943156273429, 12.059851178935194, 16.261679479387073, 17.460999065349462, 3.979763919337256, 12.720471208135042, 0.0, 17.693692794002462, 17.693692794002462, 17.693692794002462, 17.693692794002462, 17.693692794002462, 17.693692794002462, 17.693692794002462, 17.693692794002462, 17.693692794002462, 17.693692794002462, 17.693692794002462, 17.693692794002462, 17.693692794002462, 17.693692794002462, 17.693692794002462, 17.252783375498357, 9.513804205555298, 19.158389570967508, 23.931208545128573, 22.54951513325302, 6.664808546839387, 12.061292076270991, 18.627426558943437, 3.7349367819378188, 18.150744163012636, 8.454571442689787, 8.715552918826905, 14.722582060953284, 11.861530547836407, 14.722582060953284, 19.158389570967508, 17.252783375498357, 8.715552918826905, 22.54951513325302, 18.627426558943437, 22.904704215277228, 7.9718475964861275, 15.813832895154693, 9.172509127299305, 22.877309130303253, 21.224219849109303, 3.8345909711346957, 24.07974479034456, 6.56943156273429, 12.059851178935194, 16.261679479387073, 17.460999065349462, 3.979763919337256, 12.720471208135042, 0.0, 17.693692794002462, 17.693692794002462, 17.693692794002462, 17.693692794002462, 17.693692794002462, 17.693692794002462, 17.693692794002462, 17.693692794002462, 17.693692794002462, 17.693692794002462, 17.693692794002462, 17.693692794002462, 17.693692794002462, 17.693692794002462, 17.693692794002462], [10.939825096913225, 13.762593853271149, 11.79394107619701, 8.799538429321057, 5.188830703947904, 8.391960789029584, 14.6042052699004, 13.220436767747431, 16.60232981411446, 6.818807287672005, 9.626713478693866, 1.3364962172227721, 14.925590842440249, 4.9804355007289045, 17.693692794002462, 0.0, 0.0, 0.0, 0.0, 0.0, 0.0, 0.0, 0.0, 0.0, 0.0, 0.0, 0.0, 0.0, 0.0, 0.0, 5.5774170116454105, 8.683174711663176, 10.240582107130543, 10.415684338763258, 5.861674171713297, 14.958816535941567, 18.64390074760226, 8.591927833968207, 15.133040150555809, 1.7676173309473089, 14.592179328628164, 13.740686559814982, 13.212921037449371, 17.226879479421353, 13.212921037449371, 10.240582107130543, 5.5774170116454105, 13.740686559814982, 5.861674171713297, 8.591927833968207, 10.939825096913225, 13.762593853271149, 11.79394107619701, 8.799538429321057, 5.188830703947904, 8.391960789029584, 14.6042052699004, 13.220436767747431, 16.60232981411446, 6.818807287672005, 9.626713478693866, 1.3364962172227721, 14.925590842440249, 4.9804355007289045, 17.693692794002462, 0.0, 0.0, 0.0, 0.0, 0.0, 0.0, 0.0, 0.0, 0.0, 0.0, 0.0, 0.0, 0.0, 0.0, 0.0], [10.939825096913225, 13.762593853271149, 11.79394107619701, 8.799538429321057, 5.188830703947904, 8.391960789029584, 14.6042052699004, 13.220436767747431, 16.60232981411446, 6.818807287672005, 9.626713478693866, 1.3364962172227721, 14.925590842440249, 4.9804355007289045, 17.693692794002462, 0.0, 0.0, 0.0, 0.0, 0.0, 0.0, 0.0, 0.0, 0.0, 0.0, 0.0, 0.0, 0.0, 0.0, 0.0, 5.5774170116454105, 8.683174711663176, 10.240582107130543, 10.415684338763258, 5.861674171713297, 14.958816535941567, 18.64390074760226, 8.591927833968207, 15.133040150555809, 1.7676173309473089, 14.592179328628164, 13.740686559814982, 13.212921037449371, 17.226879479421353, 13.212921037449371, 10.240582107130543, 5.5774170116454105, 13.740686559814982, 5.861674171713297, 8.591927833968207, 10.939825096913225, 13.762593853271149, 11.79394107619701, 8.799538429321057, 5.188830703947904, 8.391960789029584, 14.6042052699004, 13.220436767747431, 16.60232981411446, 6.818807287672005, 9.626713478693866, 1.3364962172227721, 14.925590842440249, 4.9804355007289045, 17.693692794002462, 0.0, 0.0, 0.0, 0.0, 0.0, 0.0, 0.0, 0.0, 0.0, 0.0, 0.0, 0.0, 0.0, 0.0, 0.0], [10.939825096913225, 13.762593853271149, 11.79394107619701, 8.799538429321057, 5.188830703947904, 8.391960789029584, 14.6042052699004, 13.220436767747431, 16.60232981411446, 6.818807287672005, 9.626713478693866, 1.3364962172227721, 14.925590842440249, 4.9804355007289045, 17.693692794002462, 0.0, 0.0, 0.0, 0.0, 0.0, 0.0, 0.0, 0.0, 0.0, 0.0, 0.0, 0.0, 0.0, 0.0, 0.0, 5.5774170116454105, 8.683174711663176, 10.240582107130543, 10.415684338763258, 5.861674171713297, 14.958816535941567, 18.64390074760226, 8.591927833968207, 15.133040150555809, 1.7676173309473089, 14.592179328628164, 13.740686559814982, 13.212921037449371, 17.226879479421353, 13.212921037449371, 10.240582107130543, 5.5774170116454105, 13.740686559814982, 5.861674171713297, 8.591927833968207, 10.939825096913225, 13.762593853271149, 11.79394107619701, 8.799538429321057, 5.188830703947904, 8.391960789029584, 14.6042052699004, 13.220436767747431, 16.60232981411446, 6.818807287672005, 9.626713478693866, 1.3364962172227721, 14.925590842440249, 4.9804355007289045, 17.693692794002462, 0.0, 0.0, 0.0, 0.0, 0.0, 0.0, 0.0, 0.0, 0.0, 0.0, 0.0, 0.0, 0.0, 0.0, 0.0], [10.939825096913225, 13.762593853271149, 11.79394107619701, 8.799538429321057, 5.188830703947904, 8.391960789029584, 14.6042052699004, 13.220436767747431, 16.60232981411446, 6.818807287672005, 9.626713478693866, 1.3364962172227721, 14.925590842440249, 4.9804355007289045, 17.693692794002462, 0.0, 0.0, 0.0, 0.0, 0.0, 0.0, 0.0, 0.0, 0.0, 0.0, 0.0, 0.0, 0.0, 0.0, 0.0, 5.5774170116454105, 8.683174711663176, 10.240582107130543, 10.415684338763258, 5.861674171713297, 14.958816535941567, 18.64390074760226, 8.591927833968207, 15.133040150555809, 1.7676173309473089, 14.592179328628164, 13.740686559814982, 13.212921037449371, 17.226879479421353, 13.212921037449371, 10.240582107130543, 5.5774170116454105, 13.740686559814982, 5.861674171713297, 8.591927833968207, 10.939825096913225, 13.762593853271149, 11.79394107619701, 8.799538429321057, 5.188830703947904, 8.391960789029584, 14.6042052699004, 13.220436767747431, 16.60232981411446, 6.818807287672005, 9.626713478693866, 1.3364962172227721, 14.925590842440249, 4.9804355007289045, 17.693692794002462, 0.0, 0.0, 0.0, 0.0, 0.0, 0.0, 0.0, 0.0, 0.0, 0.0, 0.0, 0.0, 0.0, 0.0, 0.0], [10.939825096913225, 13.762593853271149, 11.79394107619701, 8.799538429321057, 5.188830703947904, 8.391960789029584, 14.6042052699004, 13.220436767747431, 16.60232981411446, 6.818807287672005, 9.626713478693866, 1.3364962172227721, 14.925590842440249, 4.9804355007289045, 17.693692794002462, 0.0, 0.0, 0.0, 0.0, 0.0, 0.0, 0.0, 0.0, 0.0, 0.0, 0.0, 0.0, 0.0, 0.0, 0.0, 5.5774170116454105, 8.683174711663176, 10.240582107130543, 10.415684338763258, 5.861674171713297, 14.958816535941567, 18.64390074760226, 8.591927833968207, 15.133040150555809, 1.7676173309473089, 14.592179328628164, 13.740686559814982, 13.212921037449371, 17.226879479421353, 13.212921037449371, 10.240582107130543, 5.5774170116454105, 13.740686559814982, 5.861674171713297, 8.591927833968207, 10.939825096913225, 13.762593853271149, 11.79394107619701, 8.799538429321057, 5.188830703947904, 8.391960789029584, 14.6042052699004, 13.220436767747431, 16.60232981411446, 6.818807287672005, 9.626713478693866, 1.3364962172227721, 14.925590842440249, 4.9804355007289045, 17.693692794002462, 0.0, 0.0, 0.0, 0.0, 0.0, 0.0, 0.0, 0.0, 0.0, 0.0, 0.0, 0.0, 0.0, 0.0, 0.0], [10.939825096913225, 13.762593853271149, 11.79394107619701, 8.799538429321057, 5.188830703947904, 8.391960789029584, 14.6042052699004, 13.220436767747431, 16.60232981411446, 6.818807287672005, 9.626713478693866, 1.3364962172227721, 14.925590842440249, 4.9804355007289045, 17.693692794002462, 0.0, 0.0, 0.0, 0.0, 0.0, 0.0, 0.0, 0.0, 0.0, 0.0, 0.0, 0.0, 0.0, 0.0, 0.0, 5.5774170116454105, 8.683174711663176, 10.240582107130543, 10.415684338763258, 5.861674171713297, 14.958816535941567, 18.64390074760226, 8.591927833968207, 15.133040150555809, 1.7676173309473089, 14.592179328628164, 13.740686559814982, 13.212921037449371, 17.226879479421353, 13.212921037449371, 10.240582107130543, 5.5774170116454105, 13.740686559814982, 5.861674171713297, 8.591927833968207, 10.939825096913225, 13.762593853271149, 11.79394107619701, 8.799538429321057, 5.188830703947904, 8.391960789029584, 14.6042052699004, 13.220436767747431, 16.60232981411446, 6.818807287672005, 9.626713478693866, 1.3364962172227721, 14.925590842440249, 4.9804355007289045, 17.693692794002462, 0.0, 0.0, 0.0, 0.0, 0.0, 0.0, 0.0, 0.0, 0.0, 0.0, 0.0, 0.0, 0.0, 0.0, 0.0], [10.939825096913225, 13.762593853271149, 11.79394107619701, 8.799538429321057, 5.188830703947904, 8.391960789029584, 14.6042052699004, 13.220436767747431, 16.60232981411446, 6.818807287672005, 9.626713478693866, 1.3364962172227721, 14.925590842440249, 4.9804355007289045, 17.693692794002462, 0.0, 0.0, 0.0, 0.0, 0.0, 0.0, 0.0, 0.0, 0.0, 0.0, 0.0, 0.0, 0.0, 0.0, 0.0, 5.5774170116454105, 8.683174711663176, 10.240582107130543, 10.415684338763258, 5.861674171713297, 14.958816535941567, 18.64390074760226, 8.591927833968207, 15.133040150555809, 1.7676173309473089, 14.592179328628164, 13.740686559814982, 13.212921037449371, 17.226879479421353, 13.212921037449371, 10.240582107130543, 5.5774170116454105, 13.740686559814982, 5.861674171713297, 8.591927833968207, 10.939825096913225, 13.762593853271149, 11.79394107619701, 8.799538429321057, 5.188830703947904, 8.391960789029584, 14.6042052699004, 13.220436767747431, 16.60232981411446, 6.818807287672005, 9.626713478693866, 1.3364962172227721, 14.925590842440249, 4.9804355007289045, 17.693692794002462, 0.0, 0.0, 0.0, 0.0, 0.0, 0.0, 0.0, 0.0, 0.0, 0.0, 0.0, 0.0, 0.0, 0.0, 0.0], [10.939825096913225, 13.762593853271149, 11.79394107619701, 8.799538429321057, 5.188830703947904, 8.391960789029584, 14.6042052699004, 13.220436767747431, 16.60232981411446, 6.818807287672005, 9.626713478693866, 1.3364962172227721, 14.925590842440249, 4.9804355007289045, 17.693692794002462, 0.0, 0.0, 0.0, 0.0, 0.0, 0.0, 0.0, 0.0, 0.0, 0.0, 0.0, 0.0, 0.0, 0.0, 0.0, 5.5774170116454105, 8.683174711663176, 10.240582107130543, 10.415684338763258, 5.861674171713297, 14.958816535941567, 18.64390074760226, 8.591927833968207, 15.133040150555809, 1.7676173309473089, 14.592179328628164, 13.740686559814982, 13.212921037449371, 17.226879479421353, 13.212921037449371, 10.240582107130543, 5.5774170116454105, 13.740686559814982, 5.861674171713297, 8.591927833968207, 10.939825096913225, 13.762593853271149, 11.79394107619701, 8.799538429321057, 5.188830703947904, 8.391960789029584, 14.6042052699004, 13.220436767747431, 16.60232981411446, 6.818807287672005, 9.626713478693866, 1.3364962172227721, 14.925590842440249, 4.9804355007289045, 17.693692794002462, 0.0, 0.0, 0.0, 0.0, 0.0, 0.0, 0.0, 0.0, 0.0, 0.0, 0.0, 0.0, 0.0, 0.0, 0.0], [10.939825096913225, 13.762593853271149, 11.79394107619701, 8.799538429321057, 5.188830703947904, 8.391960789029584, 14.6042052699004, 13.220436767747431, 16.60232981411446, 6.818807287672005, 9.626713478693866, 1.3364962172227721, 14.925590842440249, 4.9804355007289045, 17.693692794002462, 0.0, 0.0, 0.0, 0.0, 0.0, 0.0, 0.0, 0.0, 0.0, 0.0, 0.0, 0.0, 0.0, 0.0, 0.0, 5.5774170116454105, 8.683174711663176, 10.240582107130543, 10.415684338763258, 5.861674171713297, 14.958816535941567, 18.64390074760226, 8.591927833968207, 15.133040150555809, 1.7676173309473089, 14.592179328628164, 13.740686559814982, 13.212921037449371, 17.226879479421353, 13.212921037449371, 10.240582107130543, 5.5774170116454105, 13.740686559814982, 5.861674171713297, 8.591927833968207, 10.939825096913225, 13.762593853271149, 11.79394107619701, 8.799538429321057, 5.188830703947904, 8.391960789029584, 14.6042052699004, 13.220436767747431, 16.60232981411446, 6.818807287672005, 9.626713478693866, 1.3364962172227721, 14.925590842440249, 4.9804355007289045, 17.693692794002462, 0.0, 0.0, 0.0, 0.0, 0.0, 0.0, 0.0, 0.0, 0.0, 0.0, 0.0, 0.0, 0.0, 0.0, 0.0], [10.939825096913225, 13.762593853271149, 11.79394107619701, 8.799538429321057, 5.188830703947904, 8.391960789029584, 14.6042052699004, 13.220436767747431, 16.60232981411446, 6.818807287672005, 9.626713478693866, 1.3364962172227721, 14.925590842440249, 4.9804355007289045, 17.693692794002462, 0.0, 0.0, 0.0, 0.0, 0.0, 0.0, 0.0, 0.0, 0.0, 0.0, 0.0, 0.0, 0.0, 0.0, 0.0, 5.5774170116454105, 8.683174711663176, 10.240582107130543, 10.415684338763258, 5.861674171713297, 14.958816535941567, 18.64390074760226, 8.591927833968207, 15.133040150555809, 1.7676173309473089, 14.592179328628164, 13.740686559814982, 13.212921037449371, 17.226879479421353, 13.212921037449371, 10.240582107130543, 5.5774170116454105, 13.740686559814982, 5.861674171713297, 8.591927833968207, 10.939825096913225, 13.762593853271149, 11.79394107619701, 8.799538429321057, 5.188830703947904, 8.391960789029584, 14.6042052699004, 13.220436767747431, 16.60232981411446, 6.818807287672005, 9.626713478693866, 1.3364962172227721, 14.925590842440249, 4.9804355007289045, 17.693692794002462, 0.0, 0.0, 0.0, 0.0, 0.0, 0.0, 0.0, 0.0, 0.0, 0.0, 0.0, 0.0, 0.0, 0.0, 0.0], [10.939825096913225, 13.762593853271149, 11.79394107619701, 8.799538429321057, 5.188830703947904, 8.391960789029584, 14.6042052699004, 13.220436767747431, 16.60232981411446, 6.818807287672005, 9.626713478693866, 1.3364962172227721, 14.925590842440249, 4.9804355007289045, 17.693692794002462, 0.0, 0.0, 0.0, 0.0, 0.0, 0.0, 0.0, 0.0, 0.0, 0.0, 0.0, 0.0, 0.0, 0.0, 0.0, 5.5774170116454105, 8.683174711663176, 10.240582107130543, 10.415684338763258, 5.861674171713297, 14.958816535941567, 18.64390074760226, 8.591927833968207, 15.133040150555809, 1.7676173309473089, 14.592179328628164, 13.740686559814982, 13.212921037449371, 17.226879479421353, 13.212921037449371, 10.240582107130543, 5.5774170116454105, 13.740686559814982, 5.861674171713297, 8.591927833968207, 10.939825096913225, 13.762593853271149, 11.79394107619701, 8.799538429321057, 5.188830703947904, 8.391960789029584, 14.6042052699004, 13.220436767747431, 16.60232981411446, 6.818807287672005, 9.626713478693866, 1.3364962172227721, 14.925590842440249, 4.9804355007289045, 17.693692794002462, 0.0, 0.0, 0.0, 0.0, 0.0, 0.0, 0.0, 0.0, 0.0, 0.0, 0.0, 0.0, 0.0, 0.0, 0.0], [10.939825096913225, 13.762593853271149, 11.79394107619701, 8.799538429321057, 5.188830703947904, 8.391960789029584, 14.6042052699004, 13.220436767747431, 16.60232981411446, 6.818807287672005, 9.626713478693866, 1.3364962172227721, 14.925590842440249, 4.9804355007289045, 17.693692794002462, 0.0, 0.0, 0.0, 0.0, 0.0, 0.0, 0.0, 0.0, 0.0, 0.0, 0.0, 0.0, 0.0, 0.0, 0.0, 5.5774170116454105, 8.683174711663176, 10.240582107130543, 10.415684338763258, 5.861674171713297, 14.958816535941567, 18.64390074760226, 8.591927833968207, 15.133040150555809, 1.7676173309473089, 14.592179328628164, 13.740686559814982, 13.212921037449371, 17.226879479421353, 13.212921037449371, 10.240582107130543, 5.5774170116454105, 13.740686559814982, 5.861674171713297, 8.591927833968207, 10.939825096913225, 13.762593853271149, 11.79394107619701, 8.799538429321057, 5.188830703947904, 8.391960789029584, 14.6042052699004, 13.220436767747431, 16.60232981411446, 6.818807287672005, 9.626713478693866, 1.3364962172227721, 14.925590842440249, 4.9804355007289045, 17.693692794002462, 0.0, 0.0, 0.0, 0.0, 0.0, 0.0, 0.0, 0.0, 0.0, 0.0, 0.0, 0.0, 0.0, 0.0, 0.0], [10.939825096913225, 13.762593853271149, 11.79394107619701, 8.799538429321057, 5.188830703947904, 8.391960789029584, 14.6042052699004, 13.22043676