{"num_workers": 30, "num_roles": 3, "num_nodes": 80, "w": [[30, 30], [30, 30], [60, 60], [90, 90], [30, 30], [60, 60], [30, 30], [0, 0], [90, 90], [120, 120], [270, 270], [210, 210], [180, 180], [60, 60], [240, 240], [0, 0], [0, 0], [0, 0], [0, 0], [0, 0], [0, 0], [0, 0], [0, 0], [0, 0], [0, 0], [0, 0], [0, 0], [0, 0], [0, 0], [0, 0], [270, 450], [120, 390], [180, 420], [60, 420], [60, 390], [180, 390], [150, 330], [120, 300], [90, 270], [210, 270], [120, 270], [240, 390], [30, 420], [120, 300], [120, 300], [60, 390], [180, 390], [180, 420], [240, 390], [60, 420], [240, 240], [240, 240], [480, 480], [420, 420], [270, 270], [480, 480], [420, 420], [300, 300], [300, 300], [330, 330], [300, 300], [240, 240], [390, 390], [450, 450], [480, 480], [480, 480], [480, 480], [480, 480], [480, 480], [480, 480], [480, 480], [480, 480], [480, 480], [480, 480], [480, 480], [480, 480], [480, 480], [480, 480], [480, 480], [480, 480]], "p": [0, 0, 0, 0, 0, 0, 0, 0, 0, 0, 0, 0, 0, 0, 0, 0, 0, 0, 0, 0, 0, 0, 0, 0, 0, 0, 0, 0, 0, 0, 49.068868177315274, 48.96229565905669, 51.012912413905966, 66.03496301128041, 40.59803081563464, 31.753856956699554, 60.41153648108989, 73.74330868237332, 60.86186474298942, 59.4569563542236, 15.210269159776438, 28.843011227224444, 65.63824269707798, 72.62608012314305, 36.31304006157153, 20.29901540781732, 15.876928478349777, 25.506456206952983, 14.421505613612222, 33.017481505640205, 0, 0, 0, 0, 0, 0, 0, 0, 0, 0, 0, 0, 0, 0, 0, 0, 0, 0, 0, 0, 0, 0, 0, 0, 0, 0, 0, 0, 0, 0], "e": [[1, 0, 1], [1, 1, 0], [1, 1, 0], [1, 1, 0], [1, 1, 0], [1, 1, 0], [1, 1, 0], [0, 1, 1], [1, 1, 0], [1, 1, 0], [1, 1, 0], [0, 1, 1], [0, 1, 1], [0, 1, 1], [0, 1, 1], [0, 1, 0], [0, 1, 1], [0, 1, 0], [0, 1, 0], [1, 1, 0], [1, 1, 0], [0, 0, 1], [0, 0, 1], [0, 1, 0], [0, 1, 0], [0, 0, 1], [0, 0, 1], [0, 1, 0], [0, 1, 0], [0, 0, 1]], "d": [[1, 1, 1, 1, 1, 0, 0, 0, 0, 1, 1, 0, 1, 1, 2, 2, 0, 2, 0, 2], [0, 0, 2, 0, 2, 0, 0, 0, 0, 2, 0, 0, 0, 2, 4, 4, 0, 4, 0, 0], [0, 0, 0, 0, 0, 1, 1, 1, 1, 0, 0, 1, 0, 0, 0, 0, 2, 0, 2, 0]], "r": [1706, 2330, 1471, 3489, 639, 704, 305, 2476, 4194, 3354, 4728, 4990, 4686, 2104, 2104, 639, 704, 1471, 4990, 3489], "g": [[0, 0, 0, 0, 0, 0, 0, 0, 0, 0, 0, 0, 0, 0, 0, 0, 0, 0, 0, 0], [0, 0, 0, 0, 0, 0, 0, 0, 0, 0, 0, 0, 0, 0, 0, 0, 0, 0, 0, 0], [0, 0, 0, 0, 0, 0, 0, 0, 0, 0, 0, 0, 0, 0, 0, 0, 0, 1, 0, 0], [0, 0, 0, 0, 0, 0, 0, 0, 0, 0, 0, 0, 0, 0, 0, 0, 0, 0, 0, 1], [0, 0, 0, 0, 0, 0, 0, 0, 0, 0, 0, 0, 0, 0, 0, 1, 0, 0, 0, 0], [0, 0, 0, 0, 0, 0, 0, 0, 0, 0, 0, 0, 0, 0, 0, 0, 1, 0, 0, 0], [0, 0, 0, 0, 0, 0, 0, 0, 0, 0, 0, 0, 0, 0, 0, 0, 0, 0, 0, 0], [0, 0, 0, 0, 0, 0, 0, 0, 0, 0, 0, 0, 0, 0, 0, 0, 0, 0, 0, 0], [0, 0, 0, 0, 0, 0, 0, 0, 0, 0, 0, 0, 0, 0, 0, 0, 0, 0, 0, 0], [0, 0, 0, 0, 0, 0, 0, 0, 0, 0, 0, 0, 0, 0, 0, 0, 0, 0, 0, 0], [0, 0, 0, 0, 0, 0, 0, 0, 0, 0, 0, 0, 0, 0, 0, 0, 0, 0, 0, 0], [0, 0, 0, 0, 0, 0, 0, 0, 0, 0, 0, 0, 0, 0, 0, 0, 0, 0, 1, 0], [0, 0, 0, 0, 0, 0, 0, 0, 0, 0, 0, 0, 0, 0, 0, 0, 0, 0, 0, 0], [0, 0, 0, 0, 0, 0, 0, 0, 0, 0, 0, 0, 0, 0, 1, 0, 0, 0, 0, 0], [0, 0, 0, 0, 0, 0, 0, 0, 0, 0, 0, 0, 0, 1, 0, 0, 0, 0, 0, 0], [0, 0, 0, 0, 1, 0, 0, 0, 0, 0, 0, 0, 0, 0, 0, 0, 0, 0, 0, 0], [0, 0, 0, 0, 0, 1, 0, 0, 0, 0, 0, 0, 0, 0, 0, 0, 0, 0, 0, 0], [0, 0, 1, 0, 0, 0, 0, 0, 0, 0, 0, 0, 0, 0, 0, 0, 0, 0, 0, 0], [0, 0, 0, 0, 0, 0, 0, 0, 0, 0, 0, 1, 0, 0, 0, 0, 0, 0, 0, 0], [0, 0, 0, 1, 0, 0, 0, 0, 0, 0, 0, 0, 0, 0, 0, 0, 0, 0, 0, 0]], "t": [[0.0, 21.771122133265635, 14.571502747011802, 21.129020224452564, 11.343988226673982, 21.81841669047362, 23.571322717157898, 28.214193294745904, 19.617278678737595, 14.650107320007931, 23.04398639866168, 27.003896721884416, 26.087833240878638, 5.9242440993965255, 23.318527909474874, 10.444508496566028, 10.444508496566028, 10.444508496566028, 10.444508496566028, 10.444508496566028, 10.444508496566028, 10.444508496566028, 10.444508496566028, 10.444508496566028, 10.444508496566028, 10.444508496566028, 10.444508496566028, 10.444508496566028, 10.444508496566028, 10.444508496566028, 26.783383900892254, 21.5139688206524, 13.86844957105775, 21.618816178032233, 9.819542921728292, 17.656495363203764, 18.785063171616873, 1.6783205121583056, 2.816131962383546, 20.328661284099898, 24.707814070604957, 15.403910480205514, 8.453316657682052, 1.433424448212651, 1.433424448212651, 9.819542921728292, 17.656495363203764, 13.86844957105775, 15.403910480205514, 21.618816178032233, 0.0, 21.771122133265635, 14.571502747011802, 21.129020224452564, 11.343988226673982, 21.81841669047362, 23.571322717157898, 28.214193294745904, 19.617278678737595, 14.650107320007931, 23.04398639866168, 27.003896721884416, 26.087833240878638, 5.9242440993965255, 23.318527909474874, 10.444508496566028, 10.444508496566028, 10.444508496566028, 10.444508496566028, 10.444508496566028, 10.444508496566028, 10.444508496566028, 10.444508496566028, 10.444508496566028, 10.444508496566028, 10.444508496566028, 10.444508496566028, 10.444508496566028, 10.444508496566028, 10.444508496566028], [21.771122133265635, 0.0, 7.200077186300143, 15.221517017250434, 16.538948242717385, 18.1376064945931, 2.458390414168707, 15.244863114808009, 9.925471311958988, 16.705966553351793, 22.584990416025654, 9.845519474108158, 8.37296428289028, 16.03323048741771, 15.204939130744432, 11.963356557563301, 11.963356557563301, 11.963356557563301, 11.963356557563301, 11.963356557563301, 11.963356557563301, 11.963356557563301, 11.963356557563301, 11.963356557563301, 11.963356557563301, 11.963356557563301, 11.963356557563301, 11.963356557563301, 11.963356557563301, 11.963356557563301, 15.182354888109685, 9.04802998462495, 18.36349252001015, 4.716839519923108, 12.485649667083576, 5.65732542640135, 4.4828031564166, 23.44350130651743, 20.01471797377243, 20.80061796816163, 9.202135551028771, 10.945384241579076, 20.13204647539796, 21.46098719624275, 21.46098719624275, 12.485649667083576, 5.65732542640135, 18.36349252001015, 10.945384241579076, 4.716839519923108, 21.771122133265635, 0.0, 7.200077186300143, 15.221517017250434, 16.538948242717385, 18.1376064945931, 2.458390414168707, 15.244863114808009, 9.925471311958988, 16.705966553351793, 22.584990416025654, 9.845519474108158, 8.37296428289028, 16.03323048741771, 15.204939130744432, 11.963356557563301, 11.963356557563301, 11.963356557563301, 11.963356557563301, 11.963356557563301, 11.963356557563301, 11.963356557563301, 11.963356557563301, 11.963356557563301, 11.963356557563301, 11.963356557563301, 11.963356557563301, 11.963356557563301, 11.963356557563301, 11.963356557563301], [14.571502747011802, 7.200077186300143, 0.0, 14.130288992496169, 11.0386596551304, 16.580013463474504, 9.091129814548744, 17.77363733940336, 9.459623988792154, 12.424059192912305, 20.365778043551547, 14.22460192151925, 12.965941348884005, 8.864828943433212, 15.218699995539602, 5.22610566682895, 5.22610566682895, 5.22610566682895, 5.22610566682895, 5.22610566682895, 5.22610566682895, 5.22610566682895, 5.22610566682895, 5.22610566682895, 5.22610566682895, 5.22610566682895, 5.22610566682895, 5.22610566682895, 5.22610566682895, 5.22610566682895, 16.988694320228195, 10.088869989625323, 13.636095346159014, 7.995382997725385, 5.624862514827218, 4.376079217191639, 4.98303680827709, 16.244667666728247, 12.86661376391935, 17.990488530545512, 12.444597311683733, 7.396695898696254, 13.82134875547942, 14.277601442850214, 14.277601442850214, 5.624862514827218, 4.376079217191639, 13.636095346159014, 7.396695898696254, 7.995382997725385, 14.571502747011802, 7.200077186300143, 0.0, 14.130288992496169, 11.0386596551304, 16.580013463474504, 9.091129814548744, 17.77363733940336, 9.459623988792154, 12.424059192912305, 20.365778043551547, 14.22460192151925, 12.965941348884005, 8.864828943433212, 15.218699995539602, 5.22610566682895, 5.22610566682895, 5.22610566682895, 5.22610566682895, 5.22610566682895, 5.22610566682895, 5.22610566682895, 5.22610566682895, 5.22610566682895, 5.22610566682895, 5.22610566682895, 5.22610566682895, 5.22610566682895, 5.22610566682895, 5.22610566682895], [21.129020224452564, 15.221517017250434, 14.130288992496169, 0.0, 9.950184204711237, 2.9453089215560158, 17.526621762037596, 8.0874260042517, 5.327852582886648, 6.987480181031684, 7.5001612873172885, 10.750037917386056, 11.027017359723354, 18.271685316702, 2.364495517671651, 12.718854386036462, 12.718854386036462, 12.718854386036462, 12.718854386036462, 12.718854386036462, 12.718854386036462, 12.718854386036462, 12.718854386036462, 12.718854386036462, 12.718854386036462, 12.718854386036462, 12.718854386036462, 12.718854386036462, 12.718854386036462, 12.718854386036462, 6.357918274188094, 23.118602376428214, 8.595542871852162, 19.413792043874455, 13.200247073040739, 17.55182485266628, 17.317458751842697, 22.31682882339771, 21.31512712160527, 6.380714009345206, 8.653698165211111, 7.105060293454293, 14.038300964707387, 21.82121639935669, 21.82121639935669, 13.200247073040739, 17.55182485266628, 8.595542871852162, 7.105060293454293, 19.413792043874455, 21.129020224452564, 15.221517017250434, 14.130288992496169, 0.0, 9.950184204711237, 2.9453089215560158, 17.526621762037596, 8.0874260042517, 5.327852582886648, 6.987480181031684, 7.5001612873172885, 10.750037917386056, 11.027017359723354, 18.271685316702, 2.364495517671651, 12.718854386036462, 12.718854386036462, 12.718854386036462, 12.718854386036462, 12.718854386036462, 12.718854386036462, 12.718854386036462, 12.718854386036462, 12.718854386036462, 12.718854386036462, 12.718854386036462, 12.718854386036462, 12.718854386036462, 12.718854386036462, 12.718854386036462], [11.343988226673982, 16.538948242717385, 11.0386596551304, 9.950184204711237, 0.0, 10.477757470750142, 18.930693992153476, 17.576366614767398, 9.914151752748204, 3.332081291369892, 12.196533539729064, 17.861028710451492, 17.36071592251192, 9.88279225573762, 12.242875447718143, 6.345926214930514, 6.345926214930514, 6.345926214930514, 6.345926214930514, 6.345926214930514, 6.345926214930514, 6.345926214930514, 6.345926214930514, 6.345926214930514, 6.345926214930514, 6.345926214930514, 6.345926214930514, 6.345926214930514, 6.345926214930514, 6.345926214930514, 15.988797333234547, 21.057959251787988, 3.169244703344426, 18.86669770609958, 6.360842981255977, 15.41451008131233, 15.93169347002641, 12.421821945997916, 12.001574447535342, 9.435113632472525, 15.416627212166219, 6.142021887264039, 4.387612271668321, 12.201067295877143, 12.201067295877143, 6.360842981255977, 15.41451008131233, 3.169244703344426, 6.142021887264039, 18.86669770609958, 11.343988226673982, 16.538948242717385, 11.0386596551304, 9.950184204711237, 0.0, 10.477757470750142, 18.930693992153476, 17.576366614767398, 9.914151752748204, 3.332081291369892, 12.196533539729064, 17.861028710451492, 17.36071592251192, 9.88279225573762, 12.242875447718143, 6.345926214930514, 6.345926214930514, 6.345926214930514, 6.345926214930514, 6.345926214930514, 6.345926214930514, 6.345926214930514, 6.345926214930514, 6.345926214930514, 6.345926214930514, 6.345926214930514, 6.345926214930514, 6.345926214930514, 6.345926214930514, 6.345926214930514], [21.81841669047362, 18.1376064945931, 16.580013463474504, 2.9453089215560158, 10.477757470750142, 0.0, 20.458909666786226, 9.669599144484586, 8.217627980951155, 7.173606417390019, 4.570129812139187, 13.355065128230809, 13.775574744692857, 19.692072662757262, 4.190420001240572, 14.47568241944835, 14.47568241944835, 14.47568241944835, 14.47568241944835, 14.47568241944835, 14.47568241944835, 14.47568241944835, 14.47568241944835, 14.47568241944835, 14.47568241944835, 14.47568241944835, 14.47568241944835, 14.47568241944835, 14.47568241944835, 14.47568241944835, 7.916086809198442, 25.867053761436367, 8.294572624666278, 22.259415161665682, 14.879417153812065, 20.22101562245576, 20.064408682104006, 22.84117479089892, 22.367256686667258, 3.935523658171877, 11.410715328646623, 9.271642285008266, 14.056057315898261, 22.667731983131745, 22.667731983131745, 14.879417153812065, 20.22101562245576, 8.294572624666278, 9.271642285008266, 22.259415161665682, 21.81841669047362, 18.1376064945931, 16.580013463474504, 2.9453089215560158, 10.477757470750142, 0.0, 20.458909666786226, 9.669599144484586, 8.217627980951155, 7.173606417390019, 4.570129812139187, 13.355065128230809, 13.775574744692857, 19.692072662757262, 4.190420001240572, 14.47568241944835, 14.47568241944835, 14.47568241944835, 14.47568241944835, 14.47568241944835, 14.47568241944835, 14.47568241944835, 14.47568241944835, 14.47568241944835, 14.47568241944835, 14.47568241944835, 14.47568241944835, 14.47568241944835, 14.47568241944835, 14.47568241944835], [23.571322717157898, 2.458390414168707, 9.091129814548744, 17.526621762037596, 18.930693992153476, 20.458909666786226, 0.0, 16.84913577486023, 12.273984170718121, 19.161737936829148, 24.940723601977957, 11.055037351030014, 9.60730707081204, 17.725558200843743, 17.362187168880812, 14.102509809602077, 14.102509809602077, 14.102509809602077, 14.102509809602077, 14.102509809602077, 14.102509809602077, 14.102509809602077, 14.102509809602077, 14.102509809602077, 14.102509809602077, 14.102509809602077, 14.102509809602077, 14.102509809602077, 14.102509809602077, 14.102509809602077, 16.98153624701962, 8.044431906719645, 20.81079728417484, 3.785930922154544, 14.58938553721416, 6.435935747856851, 5.159528916485394, 25.249502012006097, 21.64236811752947, 23.211641770475843, 10.879427176815435, 13.400022832637664, 22.426915768800267, 23.154512132432185, 23.154512132432185, 14.58938553721416, 6.435935747856851, 20.81079728417484, 13.400022832637664, 3.785930922154544, 23.571322717157898, 2.458390414168707, 9.091129814548744, 17.526621762037596, 18.930693992153476, 20.458909666786226, 0.0, 16.84913577486023, 12.273984170718121, 19.161737936829148, 24.940723601977957, 11.055037351030014, 9.60730707081204, 17.725558200843743, 17.362187168880812, 14.102509809602077, 14.102509809602077, 14.102509809602077, 14.102509809602077, 14.102509809602077, 14.102509809602077, 14.102509809602077, 14.102509809602077, 14.102509809602077, 14.102509809602077, 14.102509809602077, 14.102509809602077, 14.102509809602077, 14.102509809602077, 14.102509809602077], [28.214193294745904, 15.244863114808009, 17.77363733940336, 8.0874260042517, 17.576366614767398, 9.669599144484586, 16.84913577486023, 0.0, 8.863380803720544, 14.935828076246693, 13.407022055373327, 6.160538489852929, 7.419476555319907, 24.361422015147184, 5.777324336110022, 18.537877371254645, 18.537877371254645, 18.537877371254645, 18.537877371254645, 18.537877371254645, 18.537877371254645, 18.537877371254645, 18.537877371254645, 18.537877371254645, 18.537877371254645, 18.537877371254645, 18.537877371254645, 18.537877371254645, 18.537877371254645, 18.537877371254645, 1.7651185404147431, 24.26288373271426, 16.639376344196464, 19.961648231597763, 19.131452266571024, 19.695039803588784, 18.95679124831056, 29.56549448458099, 27.90395410724877, 13.592940579238244, 6.043117361158935, 12.902502111414837, 21.862323132663313, 28.69015325632743, 28.69015325632743, 19.131452266571024, 19.695039803588784, 16.639376344196464, 12.902502111414837, 19.961648231597763, 28.214193294745904, 15.244863114808009, 17.77363733940336, 8.0874260042517, 17.576366614767398, 9.669599144484586, 16.84913577486023, 0.0, 8.863380803720544, 14.935828076246693, 13.407022055373327, 6.160538489852929, 7.419476555319907, 24.361422015147184, 5.777324336110022, 18.537877371254645, 18.537877371254645, 18.537877371254645, 18.537877371254645, 18.537877371254645, 18.537877371254645, 18.537877371254645, 18.537877371254645, 18.537877371254645, 18.537877371254645, 18.537877371254645, 18.537877371254645, 18.537877371254645, 18.537877371254645, 18.537877371254645], [19.617278678737595, 9.925471311958988, 9.459623988792154, 5.327852582886648, 9.914151752748204, 8.217627980951155, 12.273984170718121, 8.863380803720544, 0.0, 8.375816619325121, 12.66727184976003, 7.947982510848945, 7.536849132960781, 15.505287826591722, 5.836343660183344, 9.683190520208402, 9.683190520208402, 9.683190520208402, 9.683190520208402, 9.683190520208402, 9.683190520208402, 9.683190520208402, 9.683190520208402, 9.683190520208402, 9.683190520208402, 9.683190520208402, 9.683190520208402, 9.683190520208402, 9.683190520208402, 9.683190520208402, 7.754206443653098, 17.866043824359362, 10.261228376190223, 14.091141315113903, 10.28355471548653, 12.42125461756412, 12.083269994427782, 21.05763819932197, 19.111069384769486, 11.026822927354983, 5.502886053470816, 4.224758845950787, 14.287104471370437, 19.983095017472657, 19.983095017472657, 10.28355471548653, 12.42125461756412, 10.261228376190223, 4.224758845950787, 14.091141315113903, 19.617278678737595, 9.925471311958988, 9.459623988792154, 5.327852582886648, 9.914151752748204, 8.217627980951155, 12.273984170718121, 8.863380803720544, 0.0, 8.375816619325121, 12.66727184976003, 7.947982510848945, 7.536849132960781, 15.505287826591722, 5.836343660183344, 9.683190520208402, 9.683190520208402, 9.683190520208402, 9.683190520208402, 9.683190520208402, 9.683190520208402, 9.683190520208402, 9.683190520208402, 9.683190520208402, 9.683190520208402, 9.683190520208402, 9.683190520208402, 9.683190520208402, 9.683190520208402, 9.683190520208402], [14.650107320007931, 16.705966553351793, 12.424059192912305, 6.987480181031684, 3.332081291369892, 7.173606417390019, 19.161737936829148, 14.935828076246693, 8.375816619325121, 0.0, 9.028705799663339, 16.136451043074906, 15.883948060337937, 13.009667769948239, 9.34458217857851, 8.615486009232292, 8.615486009232292, 8.615486009232292, 8.615486009232292, 8.615486009232292, 8.615486009232292, 8.615486009232292, 8.615486009232292, 8.615486009232292, 8.615486009232292, 8.615486009232292, 8.615486009232292, 8.615486009232292, 8.615486009232292, 8.615486009232292, 13.262406453848998, 22.4867510046209, 1.888793028551787, 19.744875263627762, 8.82566111343068, 16.701302802779267, 16.985756642509035, 15.671704848398683, 15.322338275613905, 6.296266587624234, 13.718913155392297, 5.762754611367232, 7.066973263386287, 15.530575560241566, 15.530575560241566, 8.82566111343068, 16.701302802779267, 1.888793028551787, 5.762754611367232, 19.744875263627762, 14.650107320007931, 16.705966553351793, 12.424059192912305, 6.987480181031684, 3.332081291369892, 7.173606417390019, 19.161737936829148, 14.935828076246693, 8.375816619325121, 0.0, 9.028705799663339, 16.136451043074906, 15.883948060337937, 13.009667769948239, 9.34458217857851, 8.615486009232292, 8.615486009232292, 8.615486009232292, 8.615486009232292, 8.615486009232292, 8.615486009232292, 8.615486009232292, 8.615486009232292, 8.615486009232292, 8.615486009232292, 8.615486009232292, 8.615486009232292, 8.615486009232292, 8.615486009232292, 8.615486009232292], [23.04398639866168, 22.584990416025654, 20.365778043551547, 7.5001612873172885, 12.196533539729064, 4.570129812139187, 24.940723601977957, 13.407022055373327, 12.66727184976003, 9.028705799663339, 0.0, 17.77192129341551, 18.279627060533738, 22.02787702130213, 8.540505866319851, 17.445911807280915, 17.445911807280915, 17.445911807280915, 17.445911807280915, 17.445911807280915, 17.445911807280915, 17.445911807280915, 17.445911807280915, 17.445911807280915, 17.445911807280915, 17.445911807280915, 17.445911807280915, 17.445911807280915, 17.445911807280915, 17.445911807280915, 11.754547902794565, 30.0, 9.239138182763599, 26.566282333277176, 17.73439756125352, 24.264252565723673, 24.22364154985032, 23.790338119929764, 24.103882756990696, 2.762502787931723, 15.927857159190783, 12.972449119570909, 14.694852179350677, 24.097374508233454, 24.097374508233454, 17.73439756125352, 24.264252565723673, 9.239138182763599, 12.972449119570909, 26.566282333277176, 23.04398639866168, 22.584990416025654, 20.365778043551547, 7.5001612873172885, 12.196533539729064, 4.570129812139187, 24.940723601977957, 13.407022055373327, 12.66727184976003, 9.028705799663339, 0.0, 17.77192129341551, 18.279627060533738, 22.02787702130213, 8.540505866319851, 17.445911807280915, 17.445911807280915, 17.445911807280915, 17.445911807280915, 17.445911807280915, 17.445911807280915, 17.445911807280915, 17.445911807280915, 17.445911807280915, 17.445911807280915, 17.445911807280915, 17.445911807280915, 17.445911807280915, 17.445911807280915, 17.445911807280915], [27.003896721884416, 9.845519474108158, 14.22460192151925, 10.750037917386056, 17.861028710451492, 13.355065128230809, 11.055037351030014, 6.160538489852929, 7.947982510848945, 16.136451043074906, 17.77192129341551, 0.0, 1.4734074745030055, 22.211342218425948, 9.232146467858778, 16.627567024568364, 16.627567024568364, 16.627567024568364, 16.627567024568364, 16.627567024568364, 16.627567024568364, 16.627567024568364, 16.627567024568364, 16.627567024568364, 16.627567024568364, 16.627567024568364, 16.627567024568364, 16.627567024568364, 16.627567024568364, 16.627567024568364, 6.892976077537323, 18.847429659462385, 18.019637579979026, 14.472769863202911, 17.258173811630463, 15.001495955795166, 14.044460563683256, 28.536002469889574, 26.092288254642426, 17.110998434134533, 2.445554230588977, 11.972375784004663, 22.228049364466184, 27.177820415186357, 27.177820415186357, 17.258173811630463, 15.001495955795166, 18.019637579979026, 11.972375784004663, 14.472769863202911, 27.003896721884416, 9.845519474108158, 14.22460192151925, 10.750037917386056, 17.861028710451492, 13.355065128230809, 11.055037351030014, 6.160538489852929, 7.947982510848945, 16.136451043074906, 17.77192129341551, 0.0, 1.4734074745030055, 22.211342218425948, 9.232146467858778, 16.627567024568364, 16.627567024568364, 16.627567024568364, 16.627567024568364, 16.627567024568364, 16.627567024568364, 16.627567024568364, 16.627567024568364, 16.627567024568364, 16.627567024568364, 16.627567024568364, 16.627567024568364, 16.627567024568364, 16.627567024568364, 16.627567024568364], [26.087833240878638, 8.37296428289028, 12.965941348884005, 11.027017359723354, 17.36071592251192, 13.775574744692857, 9.60730707081204, 7.419476555319907, 7.536849132960781, 15.883948060337937, 18.279627060533738, 1.4734074745030055, 0.0, 21.142434421553116, 9.775373628364461, 15.66183104698453, 15.66183104698453, 15.66183104698453, 15.66183104698453, 15.66183104698453, 15.66183104698453, 15.66183104698453, 15.66183104698453, 15.66183104698453, 15.66183104698453, 15.66183104698453, 15.66183104698453, 15.66183104698453, 15.66183104698453, 15.66183104698453, 7.940334932272731, 17.37503627299722, 17.77266884516504, 13.001045114568628, 16.291634299530074, 13.56857469632021, 12.593381237701006, 27.64776796187776, 25.06395450291183, 17.405440298659105, 2.3734298538667176, 11.333133872835159, 21.687261043878486, 26.20125110107349, 26.20125110107349, 16.291634299530074, 13.56857469632021, 17.77266884516504, 11.333133872835159, 13.001045114568628, 26.087833240878638, 8.37296428289028, 12.965941348884005, 11.027017359723354, 17.36071592251192, 13.775574744692857, 9.60730707081204, 7.419476555319907, 7.536849132960781, 15.883948060337937, 18.279627060533738, 1.4734074745030055, 0.0, 21.142434421553116, 9.775373628364461, 15.66183104698453, 15.66183104698453, 15.66183104698453, 15.66183104698453, 15.66183104698453, 15.66183104698453, 15.66183104698453, 15.66183104698453, 15.66183104698453, 15.66183104698453, 15.66183104698453, 15.66183104698453, 15.66183104698453, 15.66183104698453, 15.66183104698453], [5.9242440993965255, 16.03323048741771, 8.864828943433212, 18.271685316702, 9.88279225573762, 19.692072662757262, 17.725558200843743, 24.361422015147184, 15.505287826591722, 13.009667769948239, 22.02787702130213, 22.211342218425948, 21.142434421553116, 0.0, 20.175004018565502, 5.82354711971282, 5.82354711971282, 5.82354711971282, 5.82354711971282, 5.82354711971282, 5.82354711971282, 5.82354711971282, 5.82354711971282, 5.82354711971282, 5.82354711971282, 5.82354711971282, 5.82354711971282, 5.82354711971282, 5.82354711971282, 5.82354711971282, 23.138493753571105, 15.761588468013688, 13.0130263119613, 15.694601820099129, 5.235421668171382, 11.733490814959318, 12.87141995026264, 7.5919105320795115, 4.009848738212001, 19.277065626226673, 20.071217109934715, 11.554385538057701, 9.437234357079962, 5.434117729315022, 5.434117729315022, 5.235421668171382, 11.733490814959318, 13.0130263119613, 11.554385538057701, 15.694601820099129, 5.9242440993965255, 16.03323048741771, 8.864828943433212, 18.271685316702, 9.88279225573762, 19.692072662757262, 17.725558200843743, 24.361422015147184, 15.505287826591722, 13.009667769948239, 22.02787702130213, 22.211342218425948, 21.142434421553116, 0.0, 20.175004018565502, 5.82354711971282, 5.82354711971282, 5.82354711971282, 5.82354711971282, 5.82354711971282, 5.82354711971282, 5.82354711971282, 5.82354711971282, 5.82354711971282, 5.82354711971282, 5.82354711971282, 5.82354711971282, 5.82354711971282, 5.82354711971282, 5.82354711971282], [23.318527909474874, 15.204939130744432, 15.218699995539602, 2.364495517671651, 12.242875447718143, 4.190420001240572, 17.362187168880812, 5.777324336110022, 5.836343660183344, 9.34458217857851, 8.540505866319851, 9.232146467858778, 9.775373628364461, 20.175004018565502, 0.0, 14.484040753677084, 14.484040753677084, 14.484040753677084, 14.484040753677084, 14.484040753677084, 14.484040753677084, 14.484040753677084, 14.484040753677084, 14.484040753677084, 14.484040753677084, 14.484040753677084, 14.484040753677084, 14.484040753677084, 14.484040753677084, 14.484040753677084, 4.025994864426555, 23.590816170998757, 10.958807835948868, 19.653368252598835, 15.007996515497169, 18.241058951255877, 17.847253621073904, 24.549043495098235, 23.374532664493234, 8.087209252455672, 7.455217361251007, 8.720941863546459, 16.383063769032006, 23.956958526768382, 23.956958526768382, 15.007996515497169, 18.241058951255877, 10.958807835948868, 8.720941863546459, 19.653368252598835, 23.318527909474874, 15.204939130744432, 15.218699995539602, 2.364495517671651, 12.242875447718143, 4.190420001240572, 17.362187168880812, 5.777324336110022, 5.836343660183344, 9.34458217857851, 8.540505866319851, 9.232146467858778, 9.775373628364461, 20.175004018565502, 0.0, 14.484040753677084, 14.484040753677084, 14.484040753677084, 14.484040753677084, 14.484040753677084, 14.484040753677084, 14.484040753677084, 14.484040753677084, 14.484040753677084, 14.484040753677084, 14.484040753677084, 14.484040753677084, 14.484040753677084, 14.484040753677084, 14.484040753677084], [10.444508496566028, 11.963356557563301, 5.22610566682895, 12.718854386036462, 6.345926214930514, 14.47568241944835, 14.102509809602077, 18.537877371254645, 9.683190520208402, 8.615486009232292, 17.445911807280915, 16.627567024568364, 15.66183104698453, 5.82354711971282, 14.484040753677084, 0.0, 0.0, 0.0, 0.0, 0.0, 0.0, 0.0, 0.0, 0.0, 0.0, 0.0, 0.0, 0.0, 0.0, 0.0, 17.326464164710345, 14.888603193372694, 9.33626428455907, 13.21418511480761, 0.6306775339717207, 9.457550272209305, 10.19434826864272, 12.038098396275881, 9.509359599548647, 14.80157420631195, 14.397573513207714, 5.782677857753125, 8.611044217642899, 10.550547762352629, 10.550547762352629, 0.6306775339717207, 9.457550272209305, 9.33626428455907, 5.782677857753125, 13.21418511480761, 10.444508496566028, 11.963356557563301, 5.22610566682895, 12.718854386036462, 6.345926214930514, 14.47568241944835, 14.102509809602077, 18.537877371254645, 9.683190520208402, 8.615486009232292, 17.445911807280915, 16.627567024568364, 15.66183104698453, 5.82354711971282, 14.484040753677084, 0.0, 0.0, 0.0, 0.0, 0.0, 0.0, 0.0, 0.0, 0.0, 0.0, 0.0, 0.0, 0.0, 0.0, 0.0], [10.444508496566028, 11.963356557563301, 5.22610566682895, 12.718854386036462, 6.345926214930514, 14.47568241944835, 14.102509809602077, 18.537877371254645, 9.683190520208402, 8.615486009232292, 17.445911807280915, 16.627567024568364, 15.66183104698453, 5.82354711971282, 14.484040753677084, 0.0, 0.0, 0.0, 0.0, 0.0, 0.0, 0.0, 0.0, 0.0, 0.0, 0.0, 0.0, 0.0, 0.0, 0.0, 17.326464164710345, 14.888603193372694, 9.33626428455907, 13.21418511480761, 0.6306775339717207, 9.457550272209305, 10.19434826864272, 12.038098396275881, 9.509359599548647, 14.80157420631195, 14.397573513207714, 5.782677857753125, 8.611044217642899, 10.550547762352629, 10.550547762352629, 0.6306775339717207, 9.457550272209305, 9.33626428455907, 5.782677857753125, 13.21418511480761, 10.444508496566028, 11.963356557563301, 5.22610566682895, 12.718854386036462, 6.345926214930514, 14.47568241944835, 14.102509809602077, 18.537877371254645, 9.683190520208402, 8.615486009232292, 17.445911807280915, 16.627567024568364, 15.66183104698453, 5.82354711971282, 14.484040753677084, 0.0, 0.0, 0.0, 0.0, 0.0, 0.0, 0.0, 0.0, 0.0, 0.0, 0.0, 0.0, 0.0, 0.0, 0.0], [10.444508496566028, 11.963356557563301, 5.22610566682895, 12.718854386036462, 6.345926214930514, 14.47568241944835, 14.102509809602077, 18.537877371254645, 9.683190520208402, 8.615486009232292, 17.445911807280915, 16.627567024568364, 15.66183104698453, 5.82354711971282, 14.484040753677084, 0.0, 0.0, 0.0, 0.0, 0.0, 0.0, 0.0, 0.0, 0.0, 0.0, 0.0, 0.0, 0.0, 0.0, 0.0, 17.326464164710345, 14.888603193372694, 9.33626428455907, 13.21418511480761, 0.6306775339717207, 9.457550272209305, 10.19434826864272, 12.038098396275881, 9.509359599548647, 14.80157420631195, 14.397573513207714, 5.782677857753125, 8.611044217642899, 10.550547762352629, 10.550547762352629, 0.6306775339717207, 9.457550272209305, 9.33626428455907, 5.782677857753125, 13.21418511480761, 10.444508496566028, 11.963356557563301, 5.22610566682895, 12.718854386036462, 6.345926214930514, 14.47568241944835, 14.102509809602077, 18.537877371254645, 9.683190520208402, 8.615486009232292, 17.445911807280915, 16.627567024568364, 15.66183104698453, 5.82354711971282, 14.484040753677084, 0.0, 0.0, 0.0, 0.0, 0.0, 0.0, 0.0, 0.0, 0.0, 0.0, 0.0, 0.0, 0.0, 0.0, 0.0], [10.444508496566028, 11.963356557563301, 5.22610566682895, 12.718854386036462, 6.345926214930514, 14.47568241944835, 14.102509809602077, 18.537877371254645, 9.683190520208402, 8.615486009232292, 17.445911807280915, 16.627567024568364, 15.66183104698453, 5.82354711971282, 14.484040753677084, 0.0, 0.0, 0.0, 0.0, 0.0, 0.0, 0.0, 0.0, 0.0, 0.0, 0.0, 0.0, 0.0, 0.0, 0.0, 17.326464164710345, 14.888603193372694, 9.33626428455907, 13.21418511480761, 0.6306775339717207, 9.457550272209305, 10.19434826864272, 12.038098396275881, 9.509359599548647, 14.80157420631195, 14.397573513207714, 5.782677857753125, 8.611044217642899, 10.550547762352629, 10.550547762352629, 0.6306775339717207, 9.457550272209305, 9.33626428455907, 5.782677857753125, 13.21418511480761, 10.444508496566028, 11.963356557563301, 5.22610566682895, 12.718854386036462, 6.345926214930514, 14.47568241944835, 14.102509809602077, 18.537877371254645, 9.683190520208402, 8.615486009232292, 17.445911807280915, 16.627567024568364, 15.66183104698453, 5.82354711971282, 14.484040753677084, 0.0, 0.0, 0.0, 0.0, 0.0, 0.0, 0.0, 0.0, 0.0, 0.0, 0.0, 0.0, 0.0, 0.0, 0.0], [10.444508496566028, 11.963356557563301, 5.22610566682895, 12.718854386036462, 6.345926214930514, 14.47568241944835, 14.102509809602077, 18.537877371254645, 9.683190520208402, 8.615486009232292, 17.445911807280915, 16.627567024568364, 15.66183104698453, 5.82354711971282, 14.484040753677084, 0.0, 0.0, 0.0, 0.0, 0.0, 0.0, 0.0, 0.0, 0.0, 0.0, 0.0, 0.0, 0.0, 0.0, 0.0, 17.326464164710345, 14.888603193372694, 9.33626428455907, 13.21418511480761, 0.6306775339717207, 9.457550272209305, 10.19434826864272, 12.038098396275881, 9.509359599548647, 14.80157420631195, 14.397573513207714, 5.782677857753125, 8.611044217642899, 10.550547762352629, 10.550547762352629, 0.6306775339717207, 9.457550272209305, 9.33626428455907, 5.782677857753125, 13.21418511480761, 10.444508496566028, 11.963356557563301, 5.22610566682895, 12.718854386036462, 6.345926214930514, 14.47568241944835, 14.102509809602077, 18.537877371254645, 9.683190520208402, 8.615486009232292, 17.445911807280915, 16.627567024568364, 15.66183104698453, 5.82354711971282, 14.484040753677084, 0.0, 0.0, 0.0, 0.0, 0.0, 0.0, 0.0, 0.0, 0.0, 0.0, 0.0, 0.0, 0.0, 0.0, 0.0], [10.444508496566028, 11.963356557563301, 5.22610566682895, 12.718854386036462, 6.345926214930514, 14.47568241944835, 14.102509809602077, 18.537877371254645, 9.683190520208402, 8.615486009232292, 17.445911807280915, 16.627567024568364, 15.66183104698453, 5.82354711971282, 14.484040753677084, 0.0, 0.0, 0.0, 0.0, 0.0, 0.0, 0.0, 0.0, 0.0, 0.0, 0.0, 0.0, 0.0, 0.0, 0.0, 17.326464164710345, 14.888603193372694, 9.33626428455907, 13.21418511480761, 0.6306775339717207, 9.457550272209305, 10.19434826864272, 12.038098396275881, 9.509359599548647, 14.80157420631195, 14.397573513207714, 5.782677857753125, 8.611044217642899, 10.550547762352629, 10.550547762352629, 0.6306775339717207, 9.457550272209305, 9.33626428455907, 5.782677857753125, 13.21418511480761, 10.444508496566028, 11.963356557563301, 5.22610566682895, 12.718854386036462, 6.345926214930514, 14.47568241944835, 14.102509809602077, 18.537877371254645, 9.683190520208402, 8.615486009232292, 17.445911807280915, 16.627567024568364, 15.66183104698453, 5.82354711971282, 14.484040753677084, 0.0, 0.0, 0.0, 0.0, 0.0, 0.0, 0.0, 0.0, 0.0, 0.0, 0.0, 0.0, 0.0, 0.0, 0.0], [10.444508496566028, 11.963356557563301, 5.22610566682895, 12.718854386036462, 6.345926214930514, 14.47568241944835, 14.102509809602077, 18.537877371254645, 9.683190520208402, 8.615486009232292, 17.445911807280915, 16.627567024568364, 15.66183104698453, 5.82354711971282, 14.484040753677084, 0.0, 0.0, 0.0, 0.0, 0.0, 0.0, 0.0, 0.0, 0.0, 0.0, 0.0, 0.0, 0.0, 0.0, 0.0, 17.326464164710345, 14.888603193372694, 9.33626428455907, 13.21418511480761, 0.6306775339717207, 9.457550272209305, 10.19434826864272, 12.038098396275881, 9.509359599548647, 14.80157420631195, 14.397573513207714, 5.782677857753125, 8.611044217642899, 10.550547762352629, 10.550547762352629, 0.6306775339717207, 9.457550272209305, 9.33626428455907, 5.782677857753125, 13.21418511480761, 10.444508496566028, 11.963356557563301, 5.22610566682895, 12.718854386036462, 6.345926214930514, 14.47568241944835, 14.102509809602077, 18.537877371254645, 9.683190520208402, 8.615486009232292, 17.445911807280915, 16.627567024568364, 15.66183104698453, 5.82354711971282, 14.484040753677084, 0.0, 0.0, 0.0, 0.0, 0.0, 0.0, 0.0, 0.0, 0.0, 0.0, 0.0, 0.0, 0.0, 0.0, 0.0], [10.444508496566028, 11.963356557563301, 5.22610566682895, 12.718854386036462, 6.345926214930514, 14.47568241944835, 14.102509809602077, 18.537877371254645, 9.683190520208402, 8.615486009232292, 17.445911807280915, 16.627567024568364, 15.66183104698453, 5.82354711971282, 14.484040753677084, 0.0, 0.0, 0.0, 0.0, 0.0, 0.0, 0.0, 0.0, 0.0, 0.0, 0.0, 0.0, 0.0, 0.0, 0.0, 17.326464164710345, 14.888603193372694, 9.33626428455907, 13.21418511480761, 0.6306775339717207, 9.457550272209305, 10.19434826864272, 12.038098396275881, 9.509359599548647, 14.80157420631195, 14.397573513207714, 5.782677857753125, 8.611044217642899, 10.550547762352629, 10.550547762352629, 0.6306775339717207, 9.457550272209305, 9.33626428455907, 5.782677857753125, 13.21418511480761, 10.444508496566028, 11.963356557563301, 5.22610566682895, 12.718854386036462, 6.345926214930514, 14.47568241944835, 14.102509809602077, 18.537877371254645, 9.683190520208402, 8.615486009232292, 17.445911807280915, 16.627567024568364, 15.66183104698453, 5.82354711971282, 14.484040753677084, 0.0, 0.0, 0.0, 0.0, 0.0, 0.0, 0.0, 0.0, 0.0, 0.0, 0.0, 0.0, 0.0, 0.0, 0.0], [10.444508496566028, 11.963356557563301, 5.22610566682895, 12.718854386036462, 6.345926214930514, 14.47568241944835, 14.102509809602077, 18.537877371254645, 9.683190520208402, 8.615486009232292, 17.445911807280915, 16.627567024568364, 15.66183104698453, 5.82354711971282, 14.484040753677084, 0.0, 0.0, 0.0, 0.0, 0.0, 0.0, 0.0, 0.0, 0.0, 0.0, 0.0, 0.0, 0.0, 0.0, 0.0, 17.326464164710345, 14.888603193372694, 9.33626428455907, 13.21418511480761, 0.6306775339717207, 9.457550272209305, 10.19434826864272, 12.038098396275881, 9.509359599548647, 14.80157420631195, 14.397573513207714, 5.782677857753125, 8.611044217642899, 10.550547762352629, 10.550547762352629, 0.6306775339717207, 9.457550272209305, 9.33626428455907, 5.782677857753125, 13.21418511480761, 10.444508496566028, 11.963356557563301, 5.22610566682895, 12.718854386036462, 6.345926214930514, 14.47568241944835, 14.102509809602077, 18.537877371254645, 9.683190520208402, 8.615486009232292, 17.445911807280915, 16.627567024568364, 15.66183104698453, 5.82354711971282, 14.484040753677084, 0.0, 0.0, 0.0, 0.0, 0.0, 0.0, 0.0, 0.0, 0.0, 0.0, 0.0, 0.0, 0.0, 0.0, 0.0], [10.444508496566028, 11.963356557563301, 5.22610566682895, 12.718854386036462, 6.345926214930514, 14.47568241944835, 14.102509809602077, 18.537877371254645, 9.683190520208402, 8.615486009232292, 17.445911807280915, 16.627567024568364, 15.66183104698453, 5.82354711971282, 14.484040753677084, 0.0, 0.0, 0.0, 0.0, 0.0, 0.0, 0.0, 0.0, 0.0, 0.0, 0.0, 0.0, 0.0, 0.0, 0.0, 17.326464164710345, 14.888603193372694, 9.33626428455907, 13.21418511480761, 0.6306775339717207, 9.457550272209305, 10.19434826864272, 12.038098396275881, 9.509359599548647, 14.80157420631195, 14.397573513207714, 5.782677857753125, 8.611044217642899, 10.550547762352629, 10.550547762352629, 0.6306775339717207, 9.457550272209305, 9.33626428455907, 5.782677857753125, 13.21418511480761, 10.444508496566028, 11.963356557563301, 5.22610566682895, 12.718854386036462, 6.345926214930514, 14.47568241944835, 14.102509809602077, 18.537877371254645, 9.683190520208402, 8.615486009232292, 17.445911807280915, 16.627567024568364, 15.66183104698453, 5.82354711971282, 14.484040753677084, 0.0, 0.0, 0.0, 0.0, 0.0, 0.0, 0.0, 0.0, 0.0, 0.0, 0.0, 0.0, 0.0, 0.0, 0.0], [10.444508496566028, 11.963356557563301, 5.22610566682895, 12.718854386036462, 6.345926214930514, 14.47568241944835, 14.102509809602077, 18.537877371254645, 9.683190520208402, 8.615486009232292, 17.445911807280915, 16.627567024568364, 15.66183104698453, 5.82354711971282, 14.484040753677084, 0.0, 0.0, 0.0, 0.0, 0.0, 0.0, 0.0, 0.0, 0.0, 0.0, 0.0, 0.0, 0.0, 0.0, 0.0, 17.326464164710345, 14.888603193372694, 9.33626428455907, 13.21418511480761, 0.6306775339717207, 9.457550272209305, 10.19434826864272, 12.038098396275881, 9.509359599548647, 14.80157420631195, 14.397573513207714, 5.782677857753125, 8.611044217642899, 10.550547762352629, 10.550547762352629, 0.6306775339717207, 9.457550272209305, 9.33626428455907, 5.782677857753125, 13.21418511480761, 10.444508496566028, 11.963356557563301, 5.22610566682895, 12.718854386036462, 6.345926214930514, 14.47568241944835, 14.102509809602077, 18.537877371254645, 9.683190520208402, 8.615486009232292, 17.445911807280915, 16.627567024568364, 15.66183104698453, 5.82354711971282, 14.484040753677084, 0.0, 0.0, 0.0, 0.0, 0.0, 0.0, 0.0, 0.0, 0.0, 0.0, 0.0, 0.0, 0.0, 0.0, 0.0], [10.444508496566028, 11.963356557563301, 5.22610566682895, 12.718854386036462, 6.345926214930514, 14.47568241944835, 14.102509809602077, 18.537877371254645, 9.683190520208402, 8.615486009232292, 17.445911807280915, 16.627567024568364, 15.66183104698453, 5.82354711971282, 14.484040753677084, 0.0, 0.0, 0.0, 0.0, 0.0, 0.0, 0.0, 0.0, 0.0, 0.0, 0.0, 0.0, 0.0, 0.0, 0.0, 17.326464164710345, 14.888603193372694, 9.33626428455907, 13.21418511480761, 0.6306775339717207, 9.457550272209305, 10.19434826864272, 12.038098396275881, 9.509359599548647, 14.80157420631195, 14.397573513207714, 5.782677857753125, 8.611044217642899, 10.550547762352629, 10.550547762352629, 0.6306775339717207, 9.457550272209305, 9.33626428455907, 5.782677857753125, 13.21418511480761, 10.444508496566028, 11.963356557563301, 5.22610566682895, 12.718854386036462, 6.345926214930514, 14.47568241944835, 14.102509809602077, 18.537877371254645, 9.683190520208402, 8.615486009232292, 17.445911807280915, 16.627567024568364, 15.66183104698453, 5.82354711971282, 14.484040753677084, 0.0, 0.0, 0.0, 0.0, 0.0, 0.0, 0.0, 0.0, 0.0, 0.0, 0.0, 0.0, 0.0, 0.0, 0.0], [10.444508496566028, 11.963356557563301, 5.22610566682895, 12.718854386036462, 6.345926214930514, 14.47568241944835, 14.102509809602077, 18.537877371254645, 9.683190520208402, 8.615486009232292, 17.445911807280915, 16.627567024568364, 