{"num_workers": 15, "num_roles": 5, "num_nodes": 40, "w": [[150, 150], [150, 150], [30, 30], [180, 180], [120, 120], [0, 0], [0, 0], [150, 150], [0, 0], [0, 0], [0, 0], [0, 0], [0, 0], [0, 0], [0, 0], [270, 390], [270, 330], [60, 330], [60, 420], [300, 360], [120, 180], [240, 360], [270, 330], [60, 390], [120, 360], [390, 390], [480, 480], [390, 390], [450, 450], [270, 270], [330, 330], [150, 150], [360, 360], [480, 480], [480, 480], [480, 480], [480, 480], [480, 480], [480, 480], [480, 480]], "p": [0, 0, 0, 0, 0, 0, 0, 0, 0, 0, 0, 0, 0, 0, 0, 54.339038979086666, 19.79093618400661, 51.81246633416888, 43.135541299432234, 26.884169017962915, 29.223886477114373, 62.54858267878555, 15.92863706495087, 38.44178145474004, 68.27403911141042, 0, 0, 0, 0, 0, 0, 0, 0, 0, 0, 0, 0, 0, 0, 0], "e": [[0, 0, 1, 1, 0], [1, 0, 0, 1, 0], [0, 0, 0, 1, 0], [1, 0, 0, 0, 0], [1, 0, 0, 0, 0], [0, 1, 0, 0, 0], [0, 0, 1, 0, 0], [0, 1, 0, 0, 0], [0, 0, 0, 0, 1], [1, 0, 0, 0, 0], [0, 0, 0, 0, 1], [0, 1, 0, 0, 0], [0, 0, 0, 0, 1], [0, 1, 0, 0, 0], [0, 0, 1, 0, 0]], "d": [[1, 4, 4, 4, 4, 4, 1, 0, 1, 4], [0, 0, 0, 0, 0, 0, 0, 2, 0, 0], [0, 0, 0, 0, 0, 0, 0, 0, 0, 0], [2, 1, 0, 1, 1, 0, 2, 0, 2, 0], [2, 0, 0, 0, 0, 0, 2, 1, 2, 0]], "r": [3342, 4193, 3407, 1312, 1253, 1170, 4907, 3654, 2320, 2228], "g": [[0, 0, 0, 0, 0, 0, 0, 0, 0, 0], [0, 0, 0, 0, 0, 0, 0, 0, 0, 0], [0, 0, 0, 0, 0, 0, 0, 0, 0, 0], [0, 0, 0, 0, 0, 0, 0, 0, 0, 0], [0, 0, 0, 0, 0, 0, 0, 0, 0, 0], [0, 0, 0, 0, 0, 0, 0, 0, 0, 0], [0, 0, 0, 0, 0, 0, 0, 0, 0, 0], [0, 0, 0, 0, 0, 0, 0, 0, 0, 0], [0, 0, 0, 0, 0, 0, 0, 0, 0, 0], [0, 0, 0, 0, 0, 0, 0, 0, 0, 0]], "t": [[0.0, 36.92865304343617, 19.966040214021863, 33.24811437457126, 10.166215726674192, 27.71393603860446, 55.46530923441418, 14.384394675184536, 41.40088735671967, 41.40088735671967, 41.40088735671967, 41.40088735671967, 41.40088735671967, 41.40088735671967, 41.40088735671967, 20.458538474736766, 24.592680175248738, 58.586875396955854, 36.09142174041908, 33.608861509117915, 21.91378261291095, 44.93706312288996, 58.61001424497116, 44.06984344540633, 23.56333819079172, 0.0, 36.92865304343617, 19.966040214021863, 33.24811437457126, 10.166215726674192, 27.71393603860446, 55.46530923441418, 14.384394675184536, 41.40088735671967, 41.40088735671967, 41.40088735671967, 41.40088735671967, 41.40088735671967, 41.40088735671967, 41.40088735671967], [36.92865304343617, 0.0, 48.83004889451378, 5.286773051425608, 39.87725536778087, 22.50933125926969, 46.90858061995988, 22.8457349958857, 34.221007009412915, 34.221007009412915, 34.221007009412915, 34.221007009412915, 34.221007009412915, 34.221007009412915, 34.221007009412915, 38.03920134133929, 12.63644327334361, 43.2468492457752, 46.108493440645226, 52.9956879482217, 43.7867797514224, 34.137990038346395, 48.255395368506655, 7.442290505877372, 41.40926695048848, 36.92865304343617, 0.0, 48.83004889451378, 5.286773051425608, 39.87725536778087, 22.50933125926969, 46.90858061995988, 22.8457349958857, 34.221007009412915, 34.221007009412915, 34.221007009412915, 34.221007009412915, 34.221007009412915, 34.221007009412915, 34.221007009412915], [19.966040214021863, 48.83004889451378, 0.0, 43.938788479531546, 10.527190214955471, 30.451003231345176, 48.003783768665045, 27.59340220551628, 37.08973243943737, 37.08973243943737, 37.08973243943737, 37.08973243943737, 37.08973243943737, 37.08973243943737, 37.08973243943737, 13.092233091698711, 38.68859460639378, 54.18070468259013, 23.34222089169336, 15.789727055208845, 8.338861946004556, 41.391529736514805, 51.52237564207342, 56.2577387527706, 12.377839797016353, 19.966040214021863, 48.83004889451378, 0.0, 43.938788479531546, 10.527190214955471, 30.451003231345176, 48.003783768665045, 27.59340220551628, 37.08973243943737, 37.08973243943737, 37.08973243943737, 37.08973243943737, 37.08973243943737, 37.08973243943737, 37.08973243943737], [33.24811437457126, 5.286773051425608, 43.938788479531546, 0.0, 35.31095889093045, 17.255621064619035, 42.93235165235498, 18.898368499574048, 29.666847620889936, 29.666847620889936, 29.666847620889936, 29.666847620889936, 29.666847620889936, 29.666847620889936, 29.666847620889936, 32.86971343257475, 10.357807476671649, 40.10792701750197, 40.868581817216594, 47.72234659632871, 38.65050993736902, 29.99021635544664, 44.535506105798945, 12.437294853936452, 36.18816837320368, 33.24811437457126, 5.286773051425608, 43.938788479531546, 0.0, 35.31095889093045, 17.255621064619035, 42.93235165235498, 18.898368499574048, 29.666847620889936, 29.666847620889936, 29.666847620889936, 29.666847620889936, 29.666847620889936, 29.666847620889936, 29.666847620889936], [10.166215726674192, 39.87725536778087, 10.527190214955471, 35.31095889093045, 0.0, 24.633639050156106, 48.47027637730456, 17.647795878286413, 35.41573533627583, 35.41573533627583, 35.41573533627583, 35.41573533627583, 35.41573533627583, 35.41573533627583, 35.41573533627583, 11.701610923756874, 28.889325502063848, 52.93497097516212, 26.86012966194555, 23.452817108786192, 11.881783380517486, 39.398297765061244, 51.813591709358185, 47.30887783526313, 14.087299456194387, 10.166215726674192, 39.87725536778087, 10.527190214955471, 35.31095889093045, 0.0, 24.633639050156106, 48.47027637730456, 17.647795878286413, 35.41573533627583, 35.41573533627583, 35.41573533627583, 35.41573533627583, 35.41573533627583, 35.41573533627583, 35.41573533627583], [27.71393603860446, 22.50933125926969, 30.451003231345176, 17.255621064619035, 24.633639050156106, 0.0, 30.73955158723743, 16.509452491937658, 15.978197807240592, 15.978197807240592, 15.978197807240592, 15.978197807240592, 15.978197807240592, 15.978197807240592, 15.978197807240592, 17.736505791077548, 19.244138051127827, 31.663515414781685, 23.615767503045547, 31.016809744413703, 23.542684529867834, 18.42205794451802, 33.307405939326685, 29.16447595560634, 20.323056713420048, 27.71393603860446, 22.50933125926969, 30.451003231345176, 17.255621064619035, 24.633639050156106, 0.0, 30.73955158723743, 16.509452491937658, 15.978197807240592, 15.978197807240592, 15.978197807240592, 15.978197807240592, 15.978197807240592, 15.978197807240592, 15.978197807240592], [55.46530923441418, 46.90858061995988, 48.003783768665045, 42.93235165235498, 48.47027637730456, 30.73955158723743, 0.0, 46.993517879705514, 14.779689527964022, 14.779689527964022, 14.779689527964022, 14.779689527964022, 14.779689527964022, 14.779689527964022, 14.779689527964022, 36.96950088421795, 49.022833713473446, 9.851543257103783, 25.546234714043674, 36.992359515854815, 39.79344876530929, 13.011916048378236, 3.548998696883705, 50.615086072375256, 35.92237504848686, 55.46530923441418, 46.90858061995988, 48.003783768665045, 42.93235165235498, 48.47027637730456, 30.73955158723743, 0.0, 46.993517879705514, 14.779689527964022, 14.779689527964022, 14.779689527964022, 14.779689527964022, 14.779689527964022, 14.779689527964022, 14.779689527964022], [14.384394675184536, 22.8457349958857, 27.59340220551628, 18.898368499574048, 17.647795878286413, 16.509452491937658, 46.993517879705514, 0.0, 32.23127409836988, 32.23127409836988, 32.23127409836988, 32.23127409836988, 32.23127409836988, 32.23127409836988, 32.23127409836988, 20.1178253667408, 11.246550832165813, 48.12146512801659, 33.7502981926179, 36.11442140211935, 24.790513242693947, 34.92391153022953, 49.70615084397673, 30.162507171208873, 23.998196882921416, 14.384394675184536, 22.8457349958857, 27.59340220551628, 18.898368499574048, 17.647795878286413, 16.509452491937658, 46.993517879705514, 0.0, 32.23127409836988, 32.23127409836988, 32.23127409836988, 32.23127409836988, 32.23127409836988, 32.23127409836988, 32.23127409836988], [41.40088735671967, 34.221007009412915, 37.08973243943737, 29.666847620889936, 35.41573533627583, 15.978197807240592, 14.779689527964022, 32.23127409836988, 0.0, 0.0, 0.0, 0.0, 0.0, 0.0, 0.0, 24.63472890846884, 34.624774257772515, 17.52125362099333, 18.737791327233047, 30.099919987173113, 28.78259968007263, 4.343551744419739, 17.51313864014107, 39.140714194312054, 24.732863511751415, 41.40088735671967, 34.221007009412915, 37.08973243943737, 29.666847620889936, 35.41573533627583, 15.978197807240592, 14.779689527964022, 32.23127409836988, 0.0, 0.0, 0.0, 0.0, 0.0, 0.0, 0.0], [41.40088735671967, 34.221007009412915, 37.08973243943737, 29.666847620889936, 35.41573533627583, 15.978197807240592, 14.779689527964022, 32.23127409836988, 0.0, 0.0, 0.0, 0.0, 0.0, 0.0, 0.0, 24.63472890846884, 34.624774257772515, 17.52125362099333, 18.737791327233047, 30.099919987173113, 28.78259968007263, 4.343551744419739, 17.51313864014107, 39.140714194312054, 24.732863511751415, 41.40088735671967, 34.221007009412915, 37.08973243943737, 29.666847620889936, 35.41573533627583, 15.978197807240592, 14.779689527964022, 32.23127409836988, 0.0, 0.0, 0.0, 0.0, 0.0, 0.0, 0.0], [41.40088735671967, 34.221007009412915, 37.08973243943737, 29.666847620889936, 35.41573533627583, 15.978197807240592, 14.779689527964022, 32.23127409836988, 0.0, 0.0, 0.0, 0.0, 0.0, 0.0, 0.0, 24.63472890846884, 34.624774257772515, 17.52125362099333, 18.737791327233047, 30.099919987173113, 28.78259968007263, 4.343551744419739, 17.51313864014107, 39.140714194312054, 24.732863511751415, 41.40088735671967, 34.221007009412915, 37.08973243943737, 29.666847620889936, 35.41573533627583, 15.978197807240592, 14.779689527964022, 32.23127409836988, 0.0, 0.0, 0.0, 0.0, 0.0, 0.0, 0.0], [41.40088735671967, 34.221007009412915, 37.08973243943737, 29.666847620889936, 35.41573533627583, 15.978197807240592, 14.779689527964022, 32.23127409836988, 0.0, 0.0, 0.0, 0.0, 0.0, 0.0, 0.0, 24.63472890846884, 34.624774257772515, 17.52125362099333, 18.737791327233047, 30.099919987173113, 28.78259968007263, 4.343551744419739, 17.51313864014107, 39.140714194312054, 24.732863511751415, 41.40088735671967, 34.221007009412915, 37.08973243943737, 29.666847620889936, 35.41573533627583, 15.978197807240592, 14.779689527964022, 32.23127409836988, 0.0, 0.0, 0.0, 0.0, 0.0, 0.0, 0.0], [41.40088735671967, 34.221007009412915, 37.08973243943737, 29.666847620889936, 35.41573533627583, 15.978197807240592, 14.779689527964022, 32.23127409836988, 0.0, 0.0, 0.0, 0.0, 0.0, 0.0, 0.0, 24.63472890846884, 34.624774257772515, 17.52125362099333, 18.737791327233047, 30.099919987173113, 28.78259968007263, 4.343551744419739, 17.51313864014107, 39.140714194312054, 24.732863511751415, 41.40088735671967, 34.221007009412915, 37.08973243943737, 29.666847620889936, 35.41573533627583, 15.978197807240592, 14.779689527964022, 32.23127409836988, 0.0, 0.0, 0.0, 0.0, 0.0, 0.0, 0.0], [41.40088735671967, 34.221007009412915, 37.08973243943737, 29.666847620889936, 35.41573533627583, 15.978197807240592, 14.779689527964022, 32.23127409836988, 0.0, 0.0, 0.0, 0.0, 0.0, 0.0, 0.0, 24.63472890846884, 34.624774257772515, 17.52125362099333, 18.737791327233047, 30.099919987173113, 28.78259968007263, 4.343551744419739, 17.51313864014107, 39.140714194312054, 24.732863511751415, 41.40088735671967, 34.221007009412915, 37.08973243943737, 29.666847620889936, 35.41573533627583, 15.978197807240592, 14.779689527964022, 32.23127409836988, 0.0, 0.0, 0.0, 0.0, 0.0, 0.0, 0.0], [41.40088735671967, 34.221007009412915, 37.08973243943737, 29.666847620889936, 35.41573533627583, 15.978197807240592, 14.779689527964022, 32.23127409836988, 0.0, 0.0, 0.0, 0.0, 0.0, 0.0, 0.0, 24.63472890846884, 34.624774257772515, 17.52125362099333, 18.737791327233047, 30.099919987173113, 28.78259968007263, 4.343551744419739, 17.51313864014107, 39.140714194312054, 24.732863511751415, 41.40088735671967, 34.221007009412915, 37.08973243943737, 29.666847620889936, 35.41573533627583, 15.978197807240592, 14.779689527964022, 32.23127409836988, 0.0, 0.0, 0.0, 0.0, 0.0, 0.0, 0.0], [20.458538474736766, 38.03920134133929, 13.092233091698711, 32.86971343257475, 11.701610923756874, 17.736505791077548, 36.96950088421795, 20.1178253667408, 24.63472890846884, 24.63472890846884, 24.63472890846884, 24.63472890846884, 24.63472890846884, 24.63472890846884, 24.63472890846884, 0.0, 29.834142723666076, 42.06185938597636, 15.641998129345815, 16.025932293844125, 5.86400080519942, 28.833886868134158, 40.3705246179895, 45.30349773447201, 3.881468594959186, 20.458538474736766, 38.03920134133929, 13.092233091698711, 32.86971343257475, 11.701610923756874, 17.736505791077548, 36.96950088421795, 20.1178253667408, 24.63472890846884, 24.63472890846884, 24.63472890846884, 24.63472890846884, 24.63472890846884, 24.63472890846884, 24.63472890846884], [24.592680175248738, 12.63644327334361, 38.68859460639378, 10.357807476671649, 28.889325502063848, 19.244138051127827, 49.022833713473446, 11.246550832165813, 34.624774257772515, 34.624774257772515, 34.624774257772515, 34.624774257772515, 34.624774257772515, 34.624774257772515, 34.624774257772515, 29.834142723666076, 0.0, 47.84941933398292, 41.31454855912281, 45.74192756901404, 35.09165775241933, 36.09296200343161, 51.1527169909271, 19.519382132509588, 33.602030449260546, 24.592680175248738, 12.63644327334361, 38.68859460639378, 10.357807476671649, 28.889325502063848, 19.244138051127827, 49.022833713473446, 11.246550832165813, 34.624774257772515, 34.624774257772515, 34.624774257772515, 34.624774257772515, 34.624774257772515, 34.624774257772515, 34.624774257772515], [58.586875396955854, 43.2468492457752, 54.18070468259013, 40.10792701750197, 52.93497097516212, 31.663515414781685, 9.851543257103783, 48.12146512801659, 17.52125362099333, 17.52125362099333, 17.52125362099333, 17.52125362099333, 17.52125362099333, 17.52125362099333, 17.52125362099333, 42.06185938597636, 47.84941933398292, 0.0, 33.23267798316468, 44.97029163031417, 45.842266135937905, 13.661037482188082, 7.91915138541661, 45.663749498019214, 41.814804264812, 58.586875396955854, 43.2468492457752, 54.18070468259013, 40.10792701750197, 52.93497097516212, 31.663515414781685, 9.851543257103783, 48.12146512801659, 17.52125362099333, 17.52125362099333, 17.52125362099333, 17.52125362099333, 17.52125362099333, 17.52125362099333, 17.52125362099333], [36.09142174041908, 46.108493440645226, 23.34222089169336, 40.868581817216594, 26.86012966194555, 23.615767503045547, 25.546234714043674, 33.7502981926179, 18.737791327233047, 18.737791327233047, 18.737791327233047, 18.737791327233047, 18.737791327233047, 18.737791327233047, 18.737791327233047, 15.641998129345815, 41.31454855912281, 33.23267798316468, 0.0, 11.756611950804338, 15.810229673154353, 22.7906601833168, 29.09189648448962, 52.560013502598366, 12.779323043252667, 36.09142174041908, 46.108493440645226, 23.34222089169336, 40.868581817216594, 26.86012966194555, 23.615767503045547, 25.546234714043674, 33.7502981926179, 18.737791327233047, 18.737791327233047, 18.737791327233047, 18.737791327233047, 18.737791327233047, 18.737791327233047, 18.737791327233047], [33.608861509117915, 52.9956879482217, 15.789727055208845, 47.72234659632871, 23.452817108786192, 31.016809744413703, 36.992359515854815, 36.11442140211935, 30.099919987173113, 30.099919987173113, 30.099919987173113, 30.099919987173113, 30.099919987173113, 30.099919987173113, 30.099919987173113, 16.025932293844125, 45.74192756901404, 44.97029163031417, 11.756611950804338, 0.0, 11.904897774936085, 34.29497705442455, 40.512481501070205, 60.0, 12.17376330572669, 33.608861509117915, 52.9956879482217, 15.789727055208845, 47.72234659632871, 23.452817108786192, 31.016809744413703, 36.992359515854815, 36.11442140211935, 30.099919987173113, 30.099919987173113, 30.099919987173113, 30.099919987173113, 30.099919987173113, 30.099919987173113, 30.099919987173113], [21.91378261291095, 43.7867797514224, 8.338861946004556, 38.65050993736902, 11.881783380517486, 23.542684529867834, 39.79344876530929, 24.790513242693947, 28.78259968007263, 28.78259968007263, 28.78259968007263, 28.78259968007263, 28.78259968007263, 28.78259968007263, 28.78259968007263, 5.86400080519942, 35.09165775241933, 45.842266135937905, 15.810229673154353, 11.904897774936085, 0.0, 33.096972656528706, 43.29594149066604, 51.08780442716785, 4.049943623835797, 21.91378261291095, 43.7867797514224, 8.338861946004556, 38.65050993736902, 11.881783380517486, 23.542684529867834, 39.79344876530929, 24.790513242693947, 28.78259968007263, 28.78259968007263, 28.78259968007263, 28.78259968007263, 28.78259968007263, 28.78259968007263, 28.78259968007263], [44.93706312288996, 34.137990038346395, 41.391529736514805, 29.99021635544664, 39.398297765061244, 18.42205794451802, 13.011916048378236, 34.92391153022953, 4.343551744419739, 4.343551744419739, 4.343551744419739, 4.343551744419739, 4.343551744419739, 4.343551744419739, 4.343551744419739, 28.833886868134158, 36.09296200343161, 13.661037482188082, 22.7906601833168, 34.29497705442455, 33.096972656528706, 0.0, 15.089427976551594, 38.3609923190413, 29.048549022276543, 44.93706312288996, 34.137990038346395, 41.391529736514805, 29.99021635544664, 39.398297765061244, 18.42205794451802, 13.011916048378236, 34.92391153022953, 4.343551744419739, 4.343551744419739, 4.343551744419739, 4.343551744419739, 4.343551744419739, 4.343551744419739, 4.343551744419739], [58.61001424497116, 48.255395368506655, 51.52237564207342, 44.535506105798945, 51.813591709358185, 33.307405939326685, 3.548998696883705, 49.70615084397673, 17.51313864014107, 17.51313864014107, 17.51313864014107, 17.51313864014107, 17.51313864014107, 17.51313864014107, 17.51313864014107, 40.3705246179895, 51.1527169909271, 7.91915138541661, 29.09189648448962, 40.512481501070205, 43.29594149066604, 15.089427976551594, 0.0, 51.512781236469614, 39.406556174999665, 58.61001424497116, 48.255395368506655, 51.52237564207342, 44.535506105798945, 51.813591709358185, 33.307405939326685, 3.548998696883705, 49.70615084397673, 17.51313864014107, 17.51313864014107, 17.51313864014107, 17.51313864014107, 17.51313864014107, 17.51313864014107, 17.51313864014107], [44.06984344540633, 7.442290505877372, 56.2577387527706, 12.437294853936452, 47.30887783526313, 29.16447595560634, 50.615086072375256, 30.162507171208873, 39.140714194312054, 39.140714194312054, 39.140714194312054, 39.140714194312054, 39.140714194312054, 39.140714194312054, 39.140714194312054, 45.30349773447201, 19.519382132509588, 45.663749498019214, 52.560013502598366, 60.0, 51.08780442716785, 38.3609923190413, 51.512781236469614, 0.0, 48.59101956223755, 44.06984344540633, 7.442290505877372, 56.2577387527706, 12.437294853936452, 47.30887783526313, 29.16447595560634, 50.615086072375256, 30.162507171208873, 39.140714194312054, 39.140714194312054, 39.140714194312054, 39.140714194312054, 39.140714194312054, 39.140714194312054, 39.140714194312054], [23.56333819079172, 41.40926695048848, 12.377839797016353, 36.18816837320368, 14.087299456194387, 20.323056713420048, 35.92237504848686, 23.998196882921416, 24.732863511751415, 24.732863511751415, 24.732863511751415, 24.732863511751415, 24.732863511751415, 24.732863511751415, 24.732863511751415, 3.881468594959186, 33.602030449260546, 41.814804264812, 12.779323043252667, 12.17376330572669, 4.049943623835797, 29.048549022276543, 39.406556174999665, 48.59101956223755, 0.0, 23.56333819079172, 41.40926695048848, 12.377839797016353, 36.18816837320368, 14.087299456194387, 20.323056713420048, 35.92237504848686, 23.998196882921416, 24.732863511751415, 24.732863511751415, 24.732863511751415, 24.732863511751415, 24.732863511751415, 24.732863511751415, 24.732863511751415], [0.0, 36.92865304343617, 19.966040214021863, 33.24811437457126, 10.166215726674192, 27.71393603860446, 55.46530923441418, 14.384394675184536, 41.40088735671967, 41.40088735671967, 41.40088735671967, 41.40088735671967, 41.40088735671967, 41.40088735671967, 41.40088735671967, 20.458538474736766, 24.592680175248738, 58.586875396955854, 36.09142174041908, 33.608861509117915, 21.91378261291095, 44.93706312288996, 58.61001424497116, 44.06984344540633, 23.56333819079172, 0.0, 36.92865304343617, 19.966040214021863, 33.24811437457126, 10.166215726674192, 27.71393603860446, 55.46530923441418, 14.384394675184536, 41.40088735671967, 41.40088735671967, 41.40088735671967, 41.40088735671967, 41.40088735671967, 41.40088735671967, 41.40088735671967], [36.92865304343617, 0.0, 48.83004889451378, 5.286773051425608, 39.87725536778087, 22.50933125926969, 46.90858061995988, 22.8457349958857, 34.221007009412915, 34.221007009412915, 34.221007009412915, 34.221007009412915, 34.221007009412915, 34.221007009412915, 34.221007009412915, 38.03920134133929, 12.63644327334361, 43.2468492457752, 46.108493440645226, 52.9956879482217, 43.7867797514224, 34.137990038346395, 48.255395368506655, 7.442290505877372, 41.40926695048848, 36.92865304343617, 0.0, 48.83004889451378, 5.286773051425608, 39.87725536778087, 22.50933125926969, 46.90858061995988, 22.8457349958857, 34.221007009412915, 34.221007009412915, 34.221007009412915, 34.221007009412915, 34.221007009412915, 34.221007009412915, 34.221007009412915], [19.966040214021863, 48.83004889451378, 0.0, 43.938788479531546, 10.527190214955471, 30.451003231345176, 48.003783768665045, 27.59340220551628, 37.08973243943737, 37.08973243943737, 37.08973243943737, 37.08973243943737, 37.08973243943737, 37.08973243943737, 37.08973243943737, 13.092233091698711, 38.68859460639378, 54.18070468259013, 23.34222089169336, 15.789727055208845, 8.338861946004556, 41.391529736514805, 51.52237564207342, 56.2577387527706, 12.377839797016353, 19.966040214021863, 48.83004889451378, 0.0, 43.938788479531546, 10.527190214955471, 30.451003231345176, 48.003783768665045, 27.59340220551628, 37.08973243943737, 37.08973243943737, 37.08973243943737, 37.08973243943737, 37.08973243943737, 37.08973243943737, 37.08973243943737], [33.24811437457126, 5.286773051425608, 43.938788479531546, 0.0, 35.31095889093045, 17.255621064619035, 42.93235165235498, 18.898368499574048, 29.666847620889936, 29.666847620889936, 29.666847620889936, 29.666847620889936, 29.666847620889936, 29.666847620889936, 29.666847620889936, 32.86971343257475, 10.357807476671649, 40.10792701750197, 40.868581817216594, 47.72234659632871, 38.65050993736902, 29.99021635544664, 44.535506105798945, 12.437294853936452, 36.18816837320368, 33.24811437457126, 5.286773051425608, 43.938788479531546, 0.0, 35.31095889093045, 17.255621064619035, 42.93235165235498, 18.898368499574048, 29.666847620889936, 29.666847620889936, 29.666847620889936, 29.666847620889936, 29.666847620889936, 29.666847620889936, 29.666847620889936], [10.166215726674192, 39.87725536778087, 10.527190214955471, 35.31095889093045, 0.0, 24.633639050156106, 48.47027637730456, 17.647795878286413, 35.41573533627583, 35.41573533627583, 35.41573533627583, 35.41573533627583, 35.41573533627583, 35.41573533627583, 35.41573533627583, 11.701610923756874, 28.889325502063848, 52.93497097516212, 26.86012966194555, 23.452817108786192, 11.881783380517486, 39.398297765061244, 51.813591709358185, 47.30887783526313, 14.087299456194387, 10.166215726674192, 39.87725536778087, 10.527190214955471, 35.31095889093045, 0.0, 24.633639050156106, 48.47027637730456, 17.647795878286413, 35.41573533627583, 35.41573533627583, 35.41573533627583, 35.41573533627583, 35.41573533627583, 35.41573533627583, 35.41573533627583], [27.71393603860446, 22.50933125926969, 30.451003231345176, 17.255621064619035, 24.633639050156106, 0.0, 30.73955158723743, 16.509452491937658, 15.978197807240592, 15.978197807240592, 15.978197807240592, 15.978197807240592, 15.978197807240592, 15.978197807240592, 15.978197807240592, 17.736505791077548, 19.244138051127827, 31.663515414781685, 23.615767503045547, 31.016809744413703, 23.542684529867834, 18.42205794451802, 33.307405939326685, 29.16447595560634, 20.323056713420048, 27.71393603860446, 22.50933125926969, 30.451003231345176, 17.255621064619035, 24.633639050156106, 0.0, 30.73955158723743, 16.509452491937658, 15.978197807240592, 15.978197807240592, 15.978197807240592, 15.978197807240592, 15.978197807240592, 15.978197807240592, 15.978197807240592], [55.46530923441418, 46.90858061995988, 48.003783768665045, 42.93235165235498, 48.47027637730456, 30.73955158723743, 0.0, 46.993517879705514, 14.779689527964022, 14.779689527964022, 14.779689527964022, 14.779689527964022, 14.779689527964022, 14.779689527964022, 14.779689527964022, 36.96950088421795, 49.022833713473446, 9.851543257103783, 25.546234714043674, 36.992359515854815, 39.79344876530929, 13.011916048378236, 3.548998696883705, 50.615086072375256, 35.92237504848686, 55.46530923441418, 46.90858061995988, 48.003783768665045, 42.93235165235498, 48.47027637730456, 30.73955158723743, 0.0, 46.993517879705514, 14.779689527964022, 14.779689527964022, 14.779689527964022, 14.779689527964022, 14.779689527964022, 14.779689527964022, 14.779689527964022], [14.384394675184536, 22.8457349958857, 27.59340220551628, 18.898368499574048, 17.647795878286413, 16.509452491937658, 46.993517879705514, 0.0, 32.23127409836988, 32.23127409836988, 32.23127409836988, 32.23127409836988, 32.23127409836988, 32.23127409836988, 32.23127409836988, 20.1178253667408, 11.246550832165813, 48.12146512801659, 33.7502981926179, 36.11442140211935, 24.790513242693947, 34.92391153022953, 49.70615084397673, 30.162507171208873, 23.998196882921416, 14.384394675184536, 22.8457349958857, 27.59340220551628, 18.898368499574048, 17.647795878286413, 16.509452491937658, 46.993517879705514, 0.0, 32.23127409836988, 32.23127409836988, 32.23127409836988, 32.23127409836988, 32.23127409836988, 32.23127409836988, 32.23127409836988], [41.40088735671967, 34.221007009412915, 37.08973243943737, 29.666847620889936, 35.41573533627583, 15.978197807240592, 14.779689527964022, 32.23127409836988, 0.0, 0.0, 0.0, 0.0, 0.0, 0.0, 0.0, 24.63472890846884, 34.624774257772515, 17.52125362099333, 18.737791327233047, 30.099919987173113, 28.78259968007263, 4.343551744419739, 17.51313864014107, 39.140714194312054, 24.732863511751415, 41.40088735671967, 34.221007009412915, 37.08973243943737, 29.666847620889936, 35.41573533627583, 15.978197807240592, 14.779689527964022, 32.23127409836988, 0.0, 0.0, 0.0, 0.0, 0.0, 0.0, 0.0], [41.40088735671967, 34.221007009412915, 37.08973243943737, 29.666847620889936, 35.41573533627583, 15.978197807240592, 14.779689527964022, 32.23127409836988, 0.0, 0.0, 0.0, 0.0, 0.0, 0.0, 0.0, 24.63472890846884, 34.624774257772515, 17.52125362099333, 18.737791327233047, 30.099919987173113, 28.78259968007263, 4.343551744419739, 17.51313864014107, 39.140714194312054, 24.732863511751415, 41.40088735671967, 34.221007009412915, 37.08973243943737, 29.666847620889936, 35.41573533627583, 15.978197807240592, 14.779689527964022, 32.23127409836988, 0.0, 0.0, 0.0, 0.0, 0.0, 0.0, 0.0], [41.40088735671967, 34.221007009412915, 37.08973243943737, 29.666847620889936, 35.41573533627583, 15.978197807240592, 14.779689527964022, 32.23127409836988, 0.0, 0.0, 0.0, 0.0, 0.0, 0.0, 0.0, 24.63472890846884, 34.624774257772515, 17.52125362099333, 18.737791327233047, 30.099919987173113, 28.78259968007263, 4.343551744419739, 17.51313864014107, 39.140714194312054, 24.732863511751415, 41.40088735671967, 34.221007009412915, 37.08973243943737, 29.666847620889936, 35.41573533627583, 15.978197807240592, 14.779689527964022, 32.23127409836988, 0.0, 0.0, 0.0, 0.0, 0.0, 0.0, 0.0], [41.40088735671967, 34.221007009412915, 37.08973243943737, 29.666847620889936, 35.41573533627583, 15.978197807240592, 14.779689527964022, 32.23127409836988, 0.0, 0.0, 0.0, 0.0, 0.0, 0.0, 0.0, 24.63472890846884, 34.624774257772515, 17.52125362099333, 18.737791327233047, 30.099919987173113, 28.78259968007263, 4.343551744419739, 17.51313864014107, 39.140714194312054, 24.732863511751415, 41.40088735671967, 34.221007009412915, 37.08973243943737, 29.666847620889936, 35.41573533627583, 15.978197807240592, 14.779689527964022, 32.23127409836988, 0.0, 0.0, 0.0, 0.0, 0.0, 0.0, 0.0], [41.40088735671967, 34.221007009412915, 37.08973243943737, 29.666847620889936, 35.41573533627583, 15.978197807240592, 14.779689527964022, 32.23127409836988, 0.0, 0.0, 0.0, 0.0, 0.0, 0.0, 0.0, 24.63472890846884, 34.624774257772515, 17.52125362099333, 18.737791327233047, 30.099919987173113, 28.78259968007263, 4.343551744419739, 17.51313864014107, 39.140714194312054, 24.732863511751415, 41.40088735671967, 34.221007009412915, 37.08973243943737, 29.666847620889936, 35.41573533627583, 15.978197807240592, 14.779689527964022, 32.23127409836988, 0.0, 0.0, 0.0, 0.0, 0.0, 0.0, 0.0], [41.40088735671967, 34.221007009412915, 37.08973243943737, 29.666847620889936, 35.41573533627583, 15.978197807240592, 14.779689527964022, 32.23127409836988, 0.0, 0.0, 0.0, 0.0, 0.0, 0.0, 0.0, 24.63472890846884, 34.624774257772515, 17.52125362099333, 18.737791327233047, 30.099919987173113, 28.78259968007263, 4.343551744419739, 17.51313864014107, 39.140714194312054, 24.732863511751415, 41.40088735671967, 34.221007009412915, 37.08973243943737, 29.666847620889936, 35.41573533627583, 15.978197807240592, 14.779689527964022, 32.23127409836988, 0.0, 0.0, 0.0, 0.0, 0.0, 0.0, 0.0], [41.40088735671967, 34.221007009412915, 37.08973243943737, 29.666847620889936, 35.41573533627583, 15.978197807240592, 14.779689527964022, 32.23127409836988, 0.0, 0.0, 0.0, 0.0, 0.0, 0.0, 0.0, 24.63472890846884, 34.624774257772515, 17.52125362099333, 18.737791327233047, 30.099919987173113, 28.78259968007263, 4.343551744419739, 17.51313864014107, 39.140714194312054, 24.732863511751415, 41.40088735671967, 34.221007009412915, 37.08973243943737, 29.666847620889936, 35.41573533627583, 15.978197807240592, 14.779689527964022, 32.23127409836988, 0.0, 0.0, 0.0, 0.0, 0.0, 0.0, 0.0]], "M": 99999999.0}