{"num_workers": 30, "num_roles": 3, "num_nodes": 80, "w": [[0, 0], [330, 330], [120, 120], [330, 330], [60, 60], [60, 60], [60, 60], [300, 300], [60, 60], [0, 0], [120, 120], [30, 30], [240, 240], [210, 210], [60, 60], [0, 0], [0, 0], [0, 0], [0, 0], [0, 0], [0, 0], [0, 0], [0, 0], [0, 0], [0, 0], [0, 0], [0, 0], [0, 0], [0, 0], [0, 0], [360, 390], [30, 390], [120, 450], [120, 300], [150, 360], [150, 390], [90, 420], [180, 390], [240, 360], [210, 330], [30, 270], [120, 240], [120, 390], [180, 390], [180, 390], [120, 390], [180, 390], [30, 270], [30, 390], [360, 390], [420, 420], [390, 390], [330, 330], [390, 390], [390, 390], [240, 240], [450, 450], [390, 390], [150, 150], [420, 420], [420, 420], [480, 480], [270, 270], [390, 390], [420, 420], [480, 480], [480, 480], [480, 480], [480, 480], [480, 480], [480, 480], [480, 480], [480, 480], [480, 480], [480, 480], [480, 480], [480, 480], [480, 480], [480, 480], [480, 480]], "p": [0, 0, 0, 0, 0, 0, 0, 0, 0, 0, 0, 0, 0, 0, 0, 0, 0, 0, 0, 0, 0, 0, 0, 0, 0, 0, 0, 0, 0, 0, 16.26917832440235, 54.49089122119229, 65.33678656211495, 53.20737470451264, 71.0803188408532, 47.75577975219102, 71.11964542362881, 45.754797813026855, 52.00516395144501, 58.059015486533255, 60.36873063446656, 15.023343187779366, 61.086055673258585, 17.466563730003685, 22.877398906513427, 30.543027836629292, 8.733281865001842, 30.18436531723328, 27.245445610596146, 8.134589162201175, 0, 0, 0, 0, 0, 0, 0, 0, 0, 0, 0, 0, 0, 0, 0, 0, 0, 0, 0, 0, 0, 0, 0, 0, 0, 0, 0, 0, 0, 0], "e": [[1, 1, 0], [1, 1, 0], [1, 1, 0], [1, 0, 1], [0, 1, 1], [1, 1, 0], [1, 1, 0], [1, 1, 0], [0, 1, 1], [1, 1, 0], [0, 1, 1], [0, 1, 0], [1, 1, 0], [1, 1, 0], [0, 1, 1], [0, 1, 1], [0, 1, 0], [0, 1, 0], [0, 1, 1], [0, 1, 0], [0, 1, 0], [0, 1, 1], [1, 1, 0], [0, 1, 0], [0, 1, 0], [0, 0, 1], [0, 0, 1], [1, 0, 0], [0, 0, 1], [0, 0, 1]], "d": [[0, 0, 1, 1, 1, 0, 1, 0, 1, 0, 0, 1, 0, 1, 0, 0, 2, 0, 0, 0], [1, 1, 0, 0, 2, 0, 2, 0, 0, 1, 1, 0, 1, 1, 0, 2, 2, 2, 2, 2], [0, 0, 0, 0, 0, 1, 0, 1, 0, 0, 0, 0, 0, 1, 2, 0, 2, 0, 0, 0]], "r": [1663, 4319, 648, 2953, 3134, 352, 3038, 2229, 1217, 1945, 2561, 2400, 3449, 2713, 2229, 3449, 2713, 2561, 4319, 1663], "g": [[0, 0, 0, 0, 0, 0, 0, 0, 0, 0, 0, 0, 0, 0, 0, 0, 0, 0, 0, 1], [0, 0, 0, 0, 0, 0, 0, 0, 0, 0, 0, 0, 0, 0, 0, 0, 0, 0, 1, 0], [0, 0, 0, 0, 0, 0, 0, 0, 0, 0, 0, 0, 0, 0, 0, 0, 0, 0, 0, 0], [0, 0, 0, 0, 0, 0, 0, 0, 0, 0, 0, 0, 0, 0, 0, 0, 0, 0, 0, 0], [0, 0, 0, 0, 0, 0, 0, 0, 0, 0, 0, 0, 0, 0, 0, 0, 0, 0, 0, 0], [0, 0, 0, 0, 0, 0, 0, 0, 0, 0, 0, 0, 0, 0, 0, 0, 0, 0, 0, 0], [0, 0, 0, 0, 0, 0, 0, 0, 0, 0, 0, 0, 0, 0, 0, 0, 0, 0, 0, 0], [0, 0, 0, 0, 0, 0, 0, 0, 0, 0, 0, 0, 0, 0, 1, 0, 0, 0, 0, 0], [0, 0, 0, 0, 0, 0, 0, 0, 0, 0, 0, 0, 0, 0, 0, 0, 0, 0, 0, 0], [0, 0, 0, 0, 0, 0, 0, 0, 0, 0, 0, 0, 0, 0, 0, 0, 0, 0, 0, 0], [0, 0, 0, 0, 0, 0, 0, 0, 0, 0, 0, 0, 0, 0, 0, 0, 0, 1, 0, 0], [0, 0, 0, 0, 0, 0, 0, 0, 0, 0, 0, 0, 0, 0, 0, 0, 0, 0, 0, 0], [0, 0, 0, 0, 0, 0, 0, 0, 0, 0, 0, 0, 0, 0, 0, 1, 0, 0, 0, 0], [0, 0, 0, 0, 0, 0, 0, 0, 0, 0, 0, 0, 0, 0, 0, 0, 1, 0, 0, 0], [0, 0, 0, 0, 0, 0, 0, 1, 0, 0, 0, 0, 0, 0, 0, 0, 0, 0, 0, 0], [0, 0, 0, 0, 0, 0, 0, 0, 0, 0, 0, 0, 1, 0, 0, 0, 0, 0, 0, 0], [0, 0, 0, 0, 0, 0, 0, 0, 0, 0, 0, 0, 0, 1, 0, 0, 0, 0, 0, 0], [0, 0, 0, 0, 0, 0, 0, 0, 0, 0, 1, 0, 0, 0, 0, 0, 0, 0, 0, 0], [0, 1, 0, 0, 0, 0, 0, 0, 0, 0, 0, 0, 0, 0, 0, 0, 0, 0, 0, 0], [1, 0, 0, 0, 0, 0, 0, 0, 0, 0, 0, 0, 0, 0, 0, 0, 0, 0, 0, 0]], "t": [[0.0, 9.069716950481823, 5.8583510025349845, 7.1716982863769445, 15.579248904029097, 21.069409638058946, 18.499448000937814, 19.929904457131038, 10.915913198580787, 10.772508801387989, 14.152116935686598, 14.419886155794199, 7.105481387350617, 4.701845866798613, 8.86984435725619, 8.158934361865352, 8.158934361865352, 8.158934361865352, 8.158934361865352, 8.158934361865352, 8.158934361865352, 8.158934361865352, 8.158934361865352, 8.158934361865352, 8.158934361865352, 8.158934361865352, 8.158934361865352, 8.158934361865352, 8.158934361865352, 8.158934361865352, 9.14774224792528, 16.30949574174449, 18.961536292699623, 16.076340693114336, 12.731910508844065, 5.229062861500628, 13.902899642144074, 4.127679668457037, 8.532929458589823, 16.042549391212635, 17.647621334160018, 13.763538495523335, 10.614785963920447, 18.818552817672135, 4.127679668457037, 10.614785963920447, 18.818552817672135, 17.647621334160018, 16.30949574174449, 9.14774224792528, 0.0, 9.069716950481823, 5.8583510025349845, 7.1716982863769445, 15.579248904029097, 21.069409638058946, 18.499448000937814, 19.929904457131038, 10.915913198580787, 10.772508801387989, 14.152116935686598, 14.419886155794199, 7.105481387350617, 4.701845866798613, 8.86984435725619, 8.158934361865352, 8.158934361865352, 8.158934361865352, 8.158934361865352, 8.158934361865352, 8.158934361865352, 8.158934361865352, 8.158934361865352, 8.158934361865352, 8.158934361865352, 8.158934361865352, 8.158934361865352, 8.158934361865352, 8.158934361865352, 8.158934361865352], [9.069716950481823, 0.0, 13.714420456007284, 6.879634499252222, 18.661245356143542, 22.489362781851383, 18.718928849726876, 20.434189993235467, 12.510718155846332, 3.7903544612134006, 13.573801328616078, 19.336418695835235, 5.534318362492564, 13.719373936645383, 14.675447349042088, 16.32058200919236, 16.32058200919236, 16.32058200919236, 16.32058200919236, 16.32058200919236, 16.32058200919236, 16.32058200919236, 16.32058200919236, 16.32058200919236, 16.32058200919236, 16.32058200919236, 16.32058200919236, 16.32058200919236, 16.32058200919236, 16.32058200919236, 11.476462646637197, 9.528945907741043, 17.122399185139837, 21.701394843749032, 3.6781590374895954, 14.177666835946022, 19.403774560820178, 4.943307582900931, 8.037637851300074, 18.211781790366487, 15.925393384477548, 10.676990380734473, 18.409861169765698, 17.546510545744443, 4.943307582900931, 18.409861169765698, 17.546510545744443, 15.925393384477548, 9.528945907741043, 11.476462646637197, 9.069716950481823, 0.0, 13.714420456007284, 6.879634499252222, 18.661245356143542, 22.489362781851383, 18.718928849726876, 20.434189993235467, 12.510718155846332, 3.7903544612134006, 13.573801328616078, 19.336418695835235, 5.534318362492564, 13.719373936645383, 14.675447349042088, 16.32058200919236, 16.32058200919236, 16.32058200919236, 16.32058200919236, 16.32058200919236, 16.32058200919236, 16.32058200919236, 16.32058200919236, 16.32058200919236, 16.32058200919236, 16.32058200919236, 16.32058200919236, 16.32058200919236, 16.32058200919236, 16.32058200919236], [5.8583510025349845, 13.714420456007284, 0.0, 8.763771009433627, 11.504183961449657, 17.457187379450787, 15.886051118369846, 16.97755818314261, 8.991297403204678, 14.09958753714978, 12.806635422902463, 9.352109112473254, 12.91386845842284, 5.236939823041823, 4.121926639016016, 2.6132091812085, 2.6132091812085, 2.6132091812085, 2.6132091812085, 2.6132091812085, 2.6132091812085, 2.6132091812085, 2.6132091812085, 2.6132091812085, 2.6132091812085, 2.6132091812085, 2.6132091812085, 2.6132091812085, 2.6132091812085, 2.6132091812085, 14.507292069864306, 18.50899547045009, 17.613736107554725, 10.558914558425037, 17.124067477459278, 3.134679010656805, 8.561931110730836, 9.195119627753305, 14.368771004699454, 12.495804490239088, 16.404410228956028, 14.135435172903486, 4.830175433501704, 17.123344259654615, 9.195119627753305, 4.830175433501704, 17.123344259654615, 16.404410228956028, 18.50899547045009, 14.507292069864306, 5.8583510025349845, 13.714420456007284, 0.0, 8.763771009433627, 11.504183961449657, 17.457187379450787, 15.886051118369846, 16.97755818314261, 8.991297403204678, 14.09958753714978, 12.806635422902463, 9.352109112473254, 12.91386845842284, 5.236939823041823, 4.121926639016016, 2.6132091812085, 2.6132091812085, 2.6132091812085, 2.6132091812085, 2.6132091812085, 2.6132091812085, 2.6132091812085, 2.6132091812085, 2.6132091812085, 2.6132091812085, 2.6132091812085, 2.6132091812085, 2.6132091812085, 2.6132091812085, 2.6132091812085], [7.1716982863769445, 6.879634499252222, 8.763771009433627, 0.0, 11.824376340514682, 16.092189288367187, 12.697617932982762, 14.335775588689433, 5.742812000409543, 5.649757827122767, 7.738279716916024, 12.520515298035678, 9.737422266620058, 11.259276288229248, 8.315638530095844, 11.247835595149022, 11.247835595149022, 11.247835595149022, 11.247835595149022, 11.247835595149022, 11.247835595149022, 11.247835595149022, 11.247835595149022, 11.247835595149022, 11.247835595149022, 11.247835595149022, 11.247835595149022, 11.247835595149022, 11.247835595149022, 11.247835595149022, 14.599947838202393, 9.803091836254328, 12.228212339094224, 14.965337760968415, 9.381383012949122, 10.572154189159136, 12.690929193512456, 5.47575281592969, 12.289099121676964, 11.515330632532315, 10.914393085280702, 6.60523483720918, 12.810182347052875, 12.292249489988645, 5.47575281592969, 12.810182347052875, 12.292249489988645, 10.914393085280702, 9.803091836254328, 14.599947838202393, 7.1716982863769445, 6.879634499252222, 8.763771009433627, 0.0, 11.824376340514682, 16.092189288367187, 12.697617932982762, 14.335775588689433, 5.742812000409543, 5.649757827122767, 7.738279716916024, 12.520515298035678, 9.737422266620058, 11.259276288229248, 8.315638530095844, 11.247835595149022, 11.247835595149022, 11.247835595149022, 11.247835595149022, 11.247835595149022, 11.247835595149022, 11.247835595149022, 11.247835595149022, 11.247835595149022, 11.247835595149022, 11.247835595149022, 11.247835595149022, 11.247835595149022, 11.247835595149022, 11.247835595149022], [15.579248904029097, 18.661245356143542, 11.504183961449657, 11.824376340514682, 0.0, 6.015905178268291, 5.928008961660912, 6.239661860201575, 6.171009924216196, 16.488424964707413, 7.136354374838173, 3.8180314786829768, 21.030139020841244, 16.722079184064818, 7.382284688800047, 11.776588258077215, 11.776588258077215, 11.776588258077215, 11.776588258077215, 11.776588258077215, 11.776588258077215, 11.776588258077215, 11.776588258077215, 11.776588258077215, 11.776588258077215, 11.776588258077215, 11.776588258077215, 11.776588258077215, 11.776588258077215, 11.776588258077215, 24.68172553241841, 17.194218792925522, 9.605939936574861, 6.006894708733647, 20.612365506700765, 14.619859845653078, 5.10921363124805, 16.513217547882235, 23.309200438112896, 1.7953274469723195, 9.011703138521241, 11.095440431646487, 10.778993485708966, 8.5824634863643, 16.513217547882235, 10.778993485708966, 8.5824634863643, 9.011703138521241, 17.194218792925522, 24.68172553241841, 15.579248904029097, 18.661245356143542, 11.504183961449657, 11.824376340514682, 0.0, 6.015905178268291, 5.928008961660912, 6.239661860201575, 6.171009924216196, 16.488424964707413, 7.136354374838173, 3.8180314786829768, 21.030139020841244, 16.722079184064818, 7.382284688800047, 11.776588258077215, 11.776588258077215, 11.776588258077215, 11.776588258077215, 11.776588258077215, 11.776588258077215, 11.776588258077215, 11.776588258077215, 11.776588258077215, 11.776588258077215, 11.776588258077215, 11.776588258077215, 11.776588258077215, 11.776588258077215, 11.776588258077215], [21.069409638058946, 22.489362781851383, 17.457187379450787, 16.092189288367187, 6.015905178268291, 0.0, 4.211536722332607, 2.6840170657431726, 10.494974063918294, 19.59977055167635, 9.049269759206936, 9.347389344324858, 25.771370218324112, 22.639922461393084, 13.346357187463203, 17.788422724119727, 17.788422724119727, 17.788422724119727, 17.788422724119727, 17.788422724119727, 17.788422724119727, 17.788422724119727, 17.788422724119727, 17.788422724119727, 17.788422724119727, 17.788422724119727, 17.788422724119727, 17.788422724119727, 17.788422724119727, 17.788422724119727, 30.0, 18.436661468118828, 8.09193917271496, 10.642869348224979, 23.671126068108055, 20.5865914965892, 10.66015634663231, 21.32726563618496, 28.22851123853363, 5.049687036550847, 8.382392152094715, 12.837369271047985, 16.670889024034082, 6.96561094510515, 21.32726563618496, 16.670889024034082, 6.96561094510515, 8.382392152094715, 18.436661468118828, 30.0, 21.069409638058946, 22.489362781851383, 17.457187379450787, 16.092189288367187, 6.015905178268291, 0.0, 4.211536722332607, 2.6840170657431726, 10.494974063918294, 19.59977055167635, 9.049269759206936, 9.347389344324858, 25.771370218324112, 22.639922461393084, 13.346357187463203, 17.788422724119727, 17.788422724119727, 17.788422724119727, 17.788422724119727, 17.788422724119727, 17.788422724119727, 17.788422724119727, 17.788422724119727, 17.788422724119727, 17.788422724119727, 17.788422724119727, 17.788422724119727, 17.788422724119727, 17.788422724119727, 17.788422724119727], [18.499448000937814, 18.718928849726876, 15.886051118369846, 12.697617932982762, 5.928008961660912, 4.211536722332607, 0.0, 1.728537249028798, 7.584032702171725, 15.627899328144663, 5.145314206505232, 9.740050634259202, 22.43146731548044, 20.810828407495908, 12.009091706013105, 16.816760957341938, 16.816760957341938, 16.816760957341938, 16.816760957341938, 16.816760957341938, 16.816760957341938, 16.816760957341938, 16.816760957341938, 16.816760957341938, 16.816760957341938, 16.816760957341938, 16.816760957341938, 16.816760957341938, 16.816760957341938, 16.816760957341938, 27.083158263582693, 14.225328242749114, 4.21564949702843, 11.843954569412983, 19.640305292261885, 18.981983396643177, 11.010984313932582, 18.118542560732248, 24.982913942500133, 4.161602387574196, 4.23828540641888, 8.69469054434963, 16.29248288556872, 3.061638518509046, 18.118542560732248, 16.29248288556872, 3.061638518509046, 4.23828540641888, 14.225328242749114, 27.083158263582693, 18.499448000937814, 18.718928849726876, 15.886051118369846, 12.697617932982762, 5.928008961660912, 4.211536722332607, 0.0, 1.728537249028798, 7.584032702171725, 15.627899328144663, 5.145314206505232, 9.740050634259202, 22.43146731548044, 20.810828407495908, 12.009091706013105, 16.816760957341938, 16.816760957341938, 16.816760957341938, 16.816760957341938, 16.816760957341938, 16.816760957341938, 16.816760957341938, 16.816760957341938, 16.816760957341938, 16.816760957341938, 16.816760957341938, 16.816760957341938, 16.816760957341938, 16.816760957341938, 16.816760957341938], [19.929904457131038, 20.434189993235467, 16.97755818314261, 14.335775588689433, 6.239661860201575, 2.6840170657431726, 1.728537249028798, 0.0, 9.052635962712673, 17.356435343905826, 6.861742260050901, 10.006190402956962, 24.07312883764899, 22.013321744282507, 12.98348355900011, 17.69958556465526, 17.69958556465526, 17.69958556465526, 17.69958556465526, 17.69958556465526, 17.69958556465526, 17.69958556465526, 17.69958556465526, 17.69958556465526, 17.69958556465526, 17.69958556465526, 17.69958556465526, 17.69958556465526, 17.69958556465526, 17.69958556465526, 28.627189455946773, 15.836998696222546, 5.411452636133058, 11.823145767606665, 21.366318400224433, 20.10139749798728, 11.320503444002547, 19.724071991318077, 26.605874008798065, 4.668902512561593, 5.724122056559789, 10.404900103124476, 16.95003209965654, 4.281681765700927, 19.724071991318077, 16.95003209965654, 4.281681765700927, 5.724122056559789, 15.836998696222546, 28.627189455946773, 19.929904457131038, 20.434189993235467, 16.97755818314261, 14.335775588689433, 6.239661860201575, 2.6840170657431726, 1.728537249028798, 0.0, 9.052635962712673, 17.356435343905826, 6.861742260050901, 10.006190402956962, 24.07312883764899, 22.013321744282507, 12.98348355900011, 17.69958556465526, 17.69958556465526, 17.69958556465526, 17.69958556465526, 17.69958556465526, 17.69958556465526, 17.69958556465526, 17.69958556465526, 17.69958556465526, 17.69958556465526, 17.69958556465526, 17.69958556465526, 17.69958556465526, 17.69958556465526, 17.69958556465526], [10.915913198580787, 12.510718155846332, 8.991297403204678, 5.742812000409543, 6.171009924216196, 10.494974063918294, 7.584032702171725, 9.052635962712673, 0.0, 10.377484811030502, 3.8246862723392017, 7.710049648082162, 15.295678863033185, 13.50591137578055, 5.933651444067129, 10.60054398754042, 10.60054398754042, 10.60054398754042, 10.60054398754042, 10.60054398754042, 10.60054398754042, 10.60054398754042, 10.60054398754042, 10.60054398754042, 10.60054398754042, 10.60054398754042, 10.60054398754042, 10.60054398754042, 10.60054398754042, 10.60054398754042, 19.591378756161372, 12.002496322447536, 8.633497328852908, 10.358746990872069, 14.47892202768304, 11.905269645466156, 8.312677127587119, 10.833834459399718, 17.734105452706697, 5.775978024205132, 7.413255621792839, 6.218494494067837, 11.012775723649918, 8.217154379987521, 10.833834459399718, 11.012775723649918, 8.217154379987521, 7.413255621792839, 12.002496322447536, 19.591378756161372, 10.915913198580787, 12.510718155846332, 8.991297403204678, 5.742812000409543, 6.171009924216196, 10.494974063918294, 7.584032702171725, 9.052635962712673, 0.0, 10.377484811030502, 3.8246862723392017, 7.710049648082162, 15.295678863033185, 13.50591137578055, 5.933651444067129, 10.60054398754042, 10.60054398754042, 10.60054398754042, 10.60054398754042, 10.60054398754042, 10.60054398754042, 10.60054398754042, 10.60054398754042, 10.60054398754042, 10.60054398754042, 10.60054398754042, 10.60054398754042, 10.60054398754042, 10.60054398754042, 10.60054398754042], [10.772508801387989, 3.7903544612134006, 14.09958753714978, 5.649757827122767, 16.488424964707413, 19.59977055167635, 15.627899328144663, 17.356435343905826, 10.377484811030502, 0.0, 10.552766305315238, 17.838651170844653, 9.159024287045128, 15.432172086541522, 13.960074536656196, 16.672297910705744, 16.672297910705744, 16.672297910705744, 16.672297910705744, 16.672297910705744, 16.672297910705744, 16.672297910705744, 16.672297910705744, 16.672297910705744, 16.672297910705744, 16.672297910705744, 16.672297910705744, 16.672297910705744, 16.672297910705744, 16.672297910705744, 15.051484281595599, 5.980916882004444, 13.603991566610459, 20.384114909464014, 4.137474111392076, 15.34347549201184, 18.15387369887077, 7.066565076283547, 11.749938763697, 15.744812040669068, 12.46897217440316, 7.181589212219017, 18.3972769755688, 14.132124221581911, 7.066565076283547, 18.3972769755688, 14.132124221581911, 12.46897217440316, 5.980916882004444, 15.051484281595599, 10.772508801387989, 3.7903544612134006, 14.09958753714978, 5.649757827122767, 16.488424964707413, 19.59977055167635, 15.627899328144663, 17.356435343905826, 10.377484811030502, 0.0, 10.552766305315238, 17.838651170844653, 9.159024287045128, 15.432172086541522, 13.960074536656196, 16.672297910705744, 16.672297910705744, 16.672297910705744, 16.672297910705744, 16.672297910705744, 16.672297910705744, 16.672297910705744, 16.672297910705744, 16.672297910705744, 16.672297910705744, 16.672297910705744, 16.672297910705744, 16.672297910705744, 16.672297910705744, 16.672297910705744], [14.152116935686598, 13.573801328616078, 12.806635422902463, 7.738279716916024, 7.136354374838173, 9.049269759206936, 5.145314206505232, 6.861742260050901, 3.8246862723392017, 10.552766305315238, 0.0, 10.050511482784959, 17.410162734737714, 17.17394300137093, 9.655802347824787, 14.402288626852362, 14.402288626852362, 14.402288626852362, 14.402288626852362, 14.402288626852362, 14.402288626852362, 14.402288626852362, 14.402288626852362, 14.402288626852362, 14.402288626852362, 14.402288626852362, 14.402288626852362, 14.402288626852362, 14.402288626852362, 14.402288626852362, 22.305922962637684, 10.118628563120573, 4.889762170932568, 12.666807450813273, 14.62417336480545, 15.67487677513921, 10.989421457277082, 13.212495010961261, 20.001950134745353, 5.7950472044953685, 3.621732483084069, 4.0619792970934485, 14.653324817994962, 4.66780473784851, 13.212495010961261, 14.653324817994962, 4.66780473784851, 3.621732483084069, 10.118628563120573, 22.305922962637684, 14.152116935686598, 13.573801328616078, 12.806635422902463, 7.738279716916024, 7.136354374838173, 9.049269759206936, 5.145314206505232, 6.861742260050901, 3.8246862723392017, 10.552766305315238, 0.0, 10.050511482784959, 17.410162734737714, 17.17394300137093, 9.655802347824787, 14.402288626852362, 14.402288626852362, 14.402288626852362, 14.402288626852362, 14.402288626852362, 14.402288626852362, 14.402288626852362, 14.402288626852362, 14.402288626852362, 14.402288626852362, 14.402288626852362, 14.402288626852362, 14.402288626852362, 14.402288626852362, 14.402288626852362], [14.419886155794199, 19.336418695835235, 9.352109112473254, 12.520515298035678, 3.8180314786829768, 9.347389344324858, 9.740050634259202, 10.006190402956962, 7.710049648082162, 17.838651170844653, 10.050511482784959, 0.0, 20.708237310468757, 14.52040326252553, 5.554376806954712, 8.900851674752413, 8.900851674752413, 8.900851674752413, 8.900851674752413, 8.900851674752413, 8.900851674752413, 8.900851674752413, 8.900851674752413, 8.900851674752413, 8.900851674752413, 8.900851674752413, 8.900851674752413, 8.900851674752413, 8.900851674752413, 8.900851674752413, 23.52870751917847, 19.631611300861888, 13.26135108936631, 2.665287920192905, 21.826511685790837, 12.271719165900182, 1.3241426138982129, 16.282634832941582, 22.714522622185306, 5.583284173180586, 12.53269876583126, 13.640097787897588, 7.402415424018295, 12.292595437417026, 16.282634832941582, 7.402415424018295, 12.292595437417026, 12.53269876583126, 19.631611300861888, 23.52870751917847, 14.419886155794199, 19.336418695835235, 9.352109112473254, 12.520515298035678, 3.8180314786829768, 9.347389344324858, 9.740050634259202, 10.006190402956962, 7.710049648082162, 17.838651170844653, 10.050511482784959, 0.0, 20.708237310468757, 14.52040326252553, 5.554376806954712, 8.900851674752413, 8.900851674752413, 8.900851674752413, 8.900851674752413, 8.900851674752413, 8.900851674752413, 8.900851674752413, 8.900851674752413, 8.900851674752413, 8.900851674752413, 8.900851674752413, 8.900851674752413, 8.900851674752413, 8.900851674752413, 8.900851674752413], [7.105481387350617, 5.534318362492564, 12.91386845842284, 9.737422266620058, 21.030139020841244, 25.771370218324112, 22.43146731548044, 24.07312883764899, 15.295678863033185, 9.159024287045128, 17.410162734737714, 20.708237310468757, 0.0, 10.825807673535172, 15.340196752120193, 15.264398144477898, 15.264398144477898, 15.264398144477898, 15.264398144477898, 15.264398144477898, 15.264398144477898, 15.264398144477898, 15.264398144477898, 15.264398144477898, 15.264398144477898, 15.264398144477898, 15.264398144477898, 15.264398144477898, 15.264398144477898, 15.264398144477898, 5.94230354891016, 15.044671908735745, 21.588014702331662, 22.682495175667235, 8.533797587692854, 12.111184796949294, 20.418341977981765, 4.516972637406529, 2.6669236200220805, 21.022850015420428, 20.311684881237348, 15.315258922497138, 17.70990052806024, 21.817780674725814, 4.516972637406529, 17.70990052806024, 21.817780674725814, 20.311684881237348, 15.044671908735745, 5.94230354891016, 7.105481387350617, 5.534318362492564, 12.91386845842284, 9.737422266620058, 21.030139020841244, 25.771370218324112, 22.43146731548044, 24.07312883764899, 15.295678863033185, 9.159024287045128, 17.410162734737714, 20.708237310468757, 0.0, 10.825807673535172, 15.340196752120193, 15.264398144477898, 15.264398144477898, 15.264398144477898, 15.264398144477898, 15.264398144477898, 15.264398144477898, 15.264398144477898, 15.264398144477898, 15.264398144477898, 15.264398144477898, 15.264398144477898, 15.264398144477898, 15.264398144477898, 15.264398144477898, 15.264398144477898], [4.701845866798613, 13.719373936645383, 5.236939823041823, 11.259276288229248, 16.722079184064818, 22.639922461393084, 20.810828407495908, 22.013321744282507, 13.50591137578055, 15.432172086541522, 17.17394300137093, 14.52040326252553, 10.825807673535172, 0.0, 9.347341962258213, 6.106241158887926, 6.106241158887926, 6.106241158887926, 6.106241158887926, 6.106241158887926, 6.106241158887926, 6.106241158887926, 6.106241158887926, 6.106241158887926, 6.106241158887926, 6.106241158887926, 6.106241158887926, 6.106241158887926, 6.106241158887926, 6.106241158887926, 10.385670465428023, 20.81179513202928, 22.062855150447543, 15.455689747193917, 17.39421332528988, 2.2940903591618906, 13.63172984398026, 8.78472153009817, 11.363822083672659, 17.637147535923596, 20.789385188685646, 17.61380367382599, 8.572922679852995, 21.71851006205389, 8.78472153009817, 8.572922679852995, 21.71851006205389, 20.789385188685646, 20.81179513202928, 10.385670465428023, 4.701845866798613, 13.719373936645383, 5.236939823041823, 11.259276288229248, 16.722079184064818, 22.639922461393084, 20.810828407495908, 22.013321744282507, 13.50591137578055, 15.432172086541522, 17.17394300137093, 14.52040326252553, 10.825807673535172, 0.0, 9.347341962258213, 6.106241158887926, 6.106241158887926, 6.106241158887926, 6.106241158887926, 6.106241158887926, 6.106241158887926, 6.106241158887926, 6.106241158887926, 6.106241158887926, 6.106241158887926, 6.106241158887926, 6.106241158887926, 6.106241158887926, 6.106241158887926, 6.106241158887926], [8.86984435725619, 14.675447349042088, 4.121926639016016, 8.315638530095844, 7.382284688800047, 13.346357187463203, 12.009091706013105, 12.98348355900011, 5.933651444067129, 13.960074536656196, 9.655802347824787, 5.554376806954712, 15.340196752120193, 9.347341962258213, 0.0, 4.856103362385042, 4.856103362385042, 4.856103362385042, 4.856103362385042, 4.856103362385042, 4.856103362385042, 4.856103362385042, 4.856103362385042, 4.856103362385042, 4.856103362385042, 4.856103362385042, 4.856103362385042, 4.856103362385042, 4.856103362385042, 4.856103362385042, 17.975125248500518, 17.197061749107924, 14.210212187766782, 7.3424557214276245, 17.617648392918163, 7.242213165876652, 5.087282488531866, 11.033733033627266, 17.23366218691447, 8.4239109476706, 13.098204532551293, 11.923096335279007, 5.105197823579307, 13.57575820214116, 11.033733033627266, 5.105197823579307, 13.57575820214116, 13.098204532551293, 17.197061749107924, 17.975125248500518, 8.86984435725619, 14.675447349042088, 4.121926639016016, 8.315638530095844, 7.382284688800047, 13.346357187463203, 12.009091706013105, 12.98348355900011, 5.933651444067129, 13.960074536656196, 9.655802347824787, 5.554376806954712, 15.340196752120193, 9.347341962258213, 0.0, 4.856103362385042, 4.856103362385042, 4.856103362385042, 4.856103362385042, 4.856103362385042, 4.856103362385042, 4.856103362385042, 4.856103362385042, 4.856103362385042, 4.856103362385042, 4.856103362385042, 4.856103362385042, 4.856103362385042, 4.856103362385042, 4.856103362385042], [8.158934361865352, 16.32058200919236, 2.6132091812085, 11.247835595149022, 11.776588258077215, 17.788422724119727, 16.816760957341938, 17.69958556465526, 10.60054398754042, 16.672297910705744, 14.402288626852362, 8.900851674752413, 15.264398144477898, 6.106241158887926, 4.856103362385042, 0.0, 0.0, 0.0, 0.0, 0.0, 0.0, 0.0, 0.0, 0.0, 0.0, 0.0, 0.0, 0.0, 0.0, 0.0, 16.231710574841525, 20.9003385028514, 19.0449608904448, 9.451539204422602, 19.737165464629637, 3.8414153943163725, 7.835445398817807, 11.740389486760883, 16.512694041109043, 13.060820409286881, 17.908658811416554, 16.212586597831255, 2.5476543367578808, 18.429151665573112, 11.740389486760883, 2.5476543367578808, 18.429151665573112, 17.908658811416554, 20.9003385028514, 16.231710574841525, 8.158934361865352, 16.32058200919236, 2.6132091812085, 11.247835595149022, 11.776588258077215, 17.788422724119727, 16.816760957341938, 17.69958556465526, 10.60054398754042, 16.672297910705744, 14.402288626852362, 8.900851674752413, 15.264398144477898, 6.106241158887926, 4.856103362385042, 0.0, 0.0, 0.0, 0.0, 0.0, 0.0, 0.0, 0.0, 0.0, 0.0, 0.0, 0.0, 0.0, 0.0, 0.0], [8.158934361865352, 16.32058200919236, 2.6132091812085, 11.247835595149022, 11.776588258077215, 17.788422724119727, 16.816760957341938, 17.69958556465526, 10.60054398754042, 16.672297910705744, 14.402288626852362, 8.900851674752413, 15.264398144477898, 6.106241158887926, 4.856103362385042, 0.0, 0.0, 0.0, 0.0, 0.0, 0.0, 0.0, 0.0, 0.0, 0.0, 0.0, 0.0, 0.0, 0.0, 0.0, 16.231710574841525, 20.9003385028514, 19.0449608904448, 9.451539204422602, 19.737165464629637, 3.8414153943163725, 7.835445398817807, 11.740389486760883, 16.512694041109043, 13.060820409286881, 17.908658811416554, 16.212586597831255, 2.5476543367578808, 18.429151665573112, 11.740389486760883, 2.5476543367578808, 18.429151665573112, 17.908658811416554, 20.9003385028514, 16.231710574841525, 8.158934361865352, 16.32058200919236, 2.6132091812085, 11.247835595149022, 11.776588258077215, 17.788422724119727, 16.816760957341938, 17.69958556465526, 10.60054398754042, 16.672297910705744, 14.402288626852362, 8.900851674752413, 15.264398144477898, 6.106241158887926, 4.856103362385042, 0.0, 0.0, 0.0, 0.0, 0.0, 0.0, 0.0, 0.0, 0.0, 0.0, 0.0, 0.0, 0.0, 0.0, 0.0], [8.158934361865352, 16.32058200919236, 2.6132091812085, 11.247835595149022, 11.776588258077215, 17.788422724119727, 16.816760957341938, 17.69958556465526, 10.60054398754042, 16.672297910705744, 14.402288626852362, 8.900851674752413, 15.264398144477898, 6.106241158887926, 4.856103362385042, 0.0, 0.0, 0.0, 0.0, 0.0, 0.0, 0.0, 0.0, 0.0, 0.0, 0.0, 0.0, 0.0, 0.0, 0.0, 16.231710574841525, 20.9003385028514, 19.0449608904448, 9.451539204422602, 19.737165464629637, 3.8414153943163725, 7.835445398817807, 11.740389486760883, 16.512694041109043, 13.060820409286881, 17.908658811416554, 16.212586597831255, 2.5476543367578808, 18.429151665573112, 11.740389486760883, 2.5476543367578808, 18.429151665573112, 17.908658811416554, 20.9003385028514, 16.231710574841525, 8.158934361865352, 16.32058200919236, 2.6132091812085, 11.247835595149022, 11.776588258077215, 17.788422724119727, 16.816760957341938, 17.69958556465526, 10.60054398754042, 16.672297910705744, 14.402288626852362, 8.900851674752413, 15.264398144477898, 6.106241158887926, 4.856103362385042, 0.0, 0.0, 0.0, 0.0, 0.0, 0.0, 0.0, 0.0, 0.0, 0.0, 0.0, 0.0, 0.0, 0.0, 0.0], [8.158934361865352, 16.32058200919236, 2.6132091812085, 11.247835595149022, 11.776588258077215, 17.788422724119727, 16.816760957341938, 17.69958556465526, 10.60054398754042, 16.672297910705744, 14.402288626852362, 8.900851674752413, 15.264398144477898, 6.106241158887926, 4.856103362385042, 0.0, 0.0, 0.0, 0.0, 0.0, 0.0, 0.0, 0.0, 0.0, 0.0, 0.0, 0.0, 0.0, 0.0, 0.0, 16.231710574841525, 20.9003385028514, 19.0449608904448, 9.451539204422602, 19.737165464629637, 3.8414153943163725, 7.835445398817807, 11.740389486760883, 16.512694041109043, 13.060820409286881, 17.908658811416554, 16.212586597831255, 2.5476543367578808, 18.429151665573112, 11.740389486760883, 2.5476543367578808, 18.429151665573112, 17.908658811416554, 20.9003385028514, 16.231710574841525, 8.158934361865352, 16.32058200919236, 2.6132091812085, 11.247835595149022, 11.776588258077215, 17.788422724119727, 16.816760957341938, 17.69958556465526, 10.60054398754042, 16.672297910705744, 14.402288626852362, 8.900851674752413, 15.264398144477898, 6.106241158887926, 4.856103362385042, 0.0, 0.0, 0.0, 0.0, 0.0, 0.0, 0.0, 0.0, 0.0, 0.0, 0.0, 0.0, 0.0, 0.0, 0.0], [8.158934361865352, 16.32058200919236, 2.6132091812085, 11.247835595149022, 11.776588258077215, 17.788422724119727, 16.816760957341938, 17.69958556465526, 10.60054398754042, 16.672297910705744, 14.402288626852362, 8.900851674752413, 15.264398144477898, 6.106241158887926, 4.856103362385042, 0.0, 0.0, 0.0, 0.0, 0.0, 0.0, 0.0, 0.0, 0.0, 0.0, 0.0, 0.0, 0.0, 0.0, 0.0, 16.231710574841525, 20.9003385028514, 19.0449608904448, 9.451539204422602, 19.737165464629637, 3.8414153943163725, 7.835445398817807, 11.740389486760883, 16.512694041109043, 13.060820409286881, 17.908658811416554, 16.212586597831255, 2.5476543367578808, 18.429151665573112, 11.740389486760883, 2.5476543367578808, 18.429151665573112, 17.908658811416554, 20.9003385028514, 16.231710574841525, 8.158934361865352, 16.32058200919236, 2.6132091812085, 11.247835595149022, 11.776588258077215, 17.788422724119727, 16.816760957341938, 17.69958556465526, 10.60054398754042, 16.672297910705744, 14.402288626852362, 8.900851674752413, 15.264398144477898, 6.106241158887926, 4.856103362385042, 0.0, 0.0, 0.0, 0.0, 0.0, 0.0, 0.0, 0.0, 0.0, 0.0, 0.0, 0.0, 0.0, 0.0, 0.0], [8.158934361865352, 16.32058200919236, 2.6132091812085, 11.247835595149022, 11.776588258077215, 17.788422724119727, 16.816760957341938, 17.69958556465526, 10.60054398754042, 16.672297910705744, 14.402288626852362, 8.900851674752413, 15.264398144477898, 6.106241158887926, 4.856103362385042, 0.0, 0.0, 0.0, 0.0, 0.0, 0.0, 0.0, 0.0, 0.0, 0.0, 0.0, 0.0, 0.0, 0.0, 0.0, 16.231710574841525, 20.9003385028514, 19.0449608904448, 9.451539204422602, 19.737165464629637, 3.8414153943163725, 7.835445398817807, 11.740389486760883, 16.512694041109043, 13.060820409286881, 17.908658811416554, 16.212586597831255, 2.5476543367578808, 18.429151665573112, 11.740389486760883, 2.5476543367578808, 18.429151665573112, 17.908658811416554, 20.9003385028514, 16.231710574841525, 8.158934361865352, 16.32058200919236, 2.6132091812085, 11.247835595149022, 11.776588258077215, 17.788422724119727, 16.816760957341938, 17.69958556465526, 10.60054398754042, 16.672297910705744, 14.402288626852362, 8.900851674752413, 15.264398144477898, 6.106241158887926, 4.856103362385042, 0.0, 0.0, 0.0, 0.0, 0.0, 0.0, 0.0, 0.0, 0.0, 0.0, 0.0, 0.0, 0.0, 0.0, 0.0], [8.158934361865352, 16.32058200919236, 2.6132091812085, 11.247835595149022, 11.776588258077215, 17.788422724119727, 16.816760957341938, 17.69958556465526, 10.60054398754042, 16.672297910705744, 14.402288626852362, 8.900851674752413, 15.264398144477898, 6.106241158887926, 4.856103362385042, 0.0, 0.0, 0.0, 0.0, 0.0, 0.0, 0.0, 0.0, 0.0, 0.0, 0.0, 0.0, 0.0, 0.0, 0.0, 16.231710574841525, 20.9003385028514, 19.0449608904448, 9.451539204422602, 19.737165464629637, 3.8414153943163725, 7.835445398817807, 11.740389486760883, 16.512694041109043, 13.060820409286881, 17.908658811416554, 16.212586597831255, 2.5476543367578808, 18.429151665573112, 11.740389486760883, 2.5476543367578808, 18.429151665573112, 17.908658811416554, 20.9003385028514, 16.231710574841525, 8.158934361865352, 16.32058200919236, 2.6132091812085, 11.247835595149022, 11.776588258077215, 17.788422724119727, 16.816760957341938, 17.69958556465526, 10.60054398754042, 16.672297910705744, 14.402288626852362, 8.900851674752413, 15.264398144477898, 6.106241158887926, 4.856103362385042, 0.0, 0.0, 0.0, 0.0, 0.0, 0.0, 0.0, 0.0, 0.0, 0.0, 0.0, 0.0, 0.0, 0.0, 0.0], [8.158934361865352, 16.32058200919236, 2.6132091812085, 11.247835595149022, 11.776588258077215, 17.788422724119727, 16.816760957341938, 17.69958556465526, 10.60054398754042, 16.672297910705744, 14.402288626852362, 8.900851674752413, 15.264398144477898, 6.106241158887926, 4.856103362385042, 0.0, 0.0, 0.0, 0.0, 0.0, 0.0, 0.0, 0.0, 0.0, 0.0, 0.0, 0.0, 0.0, 0.0, 0.0, 16.231710574841525, 20.9003385028514, 19.0449608904448, 9.451539204422602, 19.737165464629637, 3.8414153943163725, 7.835445398817807, 11.740389486760883, 16.512694041109043, 13.060820409286881, 17.908658811416554, 16.212586597831255, 2.5476543367578808, 18.429151665573112, 11.740389486760883, 2.5476543367578808, 18.429151665573112, 17.908658811416554, 20.9003385028514, 16.231710574841525, 8.158934361865352, 16.32058200919236, 2.6132091812085, 11.247835595149022, 11.776588258077215, 17.788422724119727, 16.816760957341938, 17.69958556465526, 10.60054398754042, 16.672297910705744, 14.402288626852362, 8.900851674752413, 15.264398144477898, 6.106241158887926, 4.856103362385042, 0.0, 0.0, 0.0, 0.0, 0.0, 0.0, 0.0, 0.0, 0.0, 0.0, 0.0, 0.0, 0.0, 0.0, 0.0], [8.158934361865352, 16.32058200919236, 2.6132091812085, 11.247835595149022, 11.776588258077215, 17.788422724119727, 16.816760957341938, 17.69958556465526, 10.60054398754042, 16.672297910705744, 14.402288626852362, 8.900851674752413, 15.264398144477898, 6.106241158887926, 4.856103362385042, 0.0, 0.0, 0.0, 0.0, 0.0, 0.0, 0.0, 0.0, 0.0, 0.0, 0.0, 0.0, 0.0, 0.0, 0.0, 16.231710574841525, 20.9003385028514, 19.0449608904448, 9.451539204422602, 19.737165464629637, 3.8414153943163725, 7.835445398817807, 11.740389486760883, 16.512694041109043, 13.060820409286881, 17.908658811416554, 16.212586597831255, 2.5476543367578808, 18.429151665573112, 11.740389486760883, 2.5476543367578808, 18.429151665573112, 17.908658811416554, 20.9003385028514, 16.231710574841525, 8.158934361865352, 16.32058200919236, 2.6132091812085, 11.247835595149022, 11.776588258077215, 17.788422724119727, 16.816760957341938, 17.69958556465526, 10.60054398754042, 16.672297910705744, 14.402288626852362, 8.900851674752413, 15.264398144477898, 6.106241158887926, 4.856103362385042, 0.0, 0.0, 0.0, 0.0, 0.0, 0.0, 0.0, 0.0, 0.0, 0.0, 0.0, 0.0, 0.0, 0.0, 0.0], [8.158934361865352, 16.32058200919236, 2.6132091812085, 11.247835595149022, 11.776588258077215, 17.788422724119727, 16.816760957341938, 17.69958556465526, 10.60054398754042, 16.672297910705744, 14.402288626852362, 8.900851674752413, 15.264398144477898, 6.106241158887926, 4.856103362385042, 0.0, 0.0, 0.0, 0.0, 0.0, 0.0, 0.0, 0.0, 0.0, 0.0, 0.0, 0.0, 0.0, 0.0, 0.0, 16.231710574841525, 20.9003385028514, 19.0449608904448, 9.451539204422602, 19.737165464629637, 3.8414153943163725, 7.835445398817807, 11.740389486760883, 16.512694041109043, 13.060820409286881, 17.908658811416554, 16.212586597831255, 2.5476543367578808, 18.429151665573112, 11.740389486760883, 2.5476543367578808, 18.429151665573112, 17.908658811416554, 20.9003385028514, 16.231710574841525, 8.158934361865352, 16.32058200919236, 2.6132091812085, 11.247835595149022, 11.776588258077215, 17.788422724119727, 16.816760957341938, 17.69958556465526, 10.60054398754042, 16.672297910705744, 14.402288626852362, 8.900851674752413, 15.264398144477898, 6.106241158887926, 4.856103362385042, 0.0, 0.0, 0.0, 0.0, 0.0, 0.0, 0.0, 0.0, 0.0, 0.0, 0.0, 0.0, 0.0, 0.0, 0.0], [8.158934361865352, 16.32058200919236, 2.6132091812085, 11.247835595149022, 11.776588258077215, 17.788422724119727, 16.816760957341938, 17.69958556465526, 10.60054398754042, 16.672297910705744, 14.402288626852362, 8.900851674752413, 15.264398144477898, 6.106241158887926, 4.856103362385042, 0.0, 0.0, 0.0, 0.0, 0.0, 0.0, 0.0, 0.0, 0.0, 0.0, 0.0, 0.0, 0.0, 0.0, 0.0, 16.231710574841525, 20.9003385028514, 19.0449608904448, 9.451539204422602, 19.737165464629637, 3.8414153943163725, 7.835445398817807, 11.740389486760883, 16.512694041109043, 13.060820409286881, 17.908658811416554, 16.212586597831255, 2.5476543367578808, 18.429151665573112, 11.740389486760883, 2.5476543367578808, 18.429151665573112, 17.908658811416554, 20.9003385028514, 16.231710574841525, 8.158934361865352, 16.32058200919236, 2.6132091812085, 11.247835595149022, 11.776588258077215, 17.788422724119727, 16.816760957341938, 17.69958556465526, 10.60054398754042, 16.672297910705744, 14.402288626852362, 8.900851674752413, 15.264398144477898, 6.106241158887926, 4.856103362385042, 0.0, 0.0, 0.0, 0.0, 0.0, 0.0, 0.0, 0.0, 0.0, 0.0, 0.0, 0.0, 0.0, 0.0, 0.0], [8.158934361865352, 16.32058200919236, 2.6132091812085, 11.247835595149022, 11.776588258077215, 17.788422724119727, 16.816760957341938, 17.69958556465526, 10.60054398754042, 16.672297910705744, 14.402288626852362, 8.900851674752413, 15.264398144477898, 6.106241158887926, 4.856103362385042, 0.0, 0.0, 0.0, 0.0, 0.0, 0.0, 0.0, 0.0, 0.0, 0.0, 0.0, 0.0, 0.0, 0.0, 0.0, 16.231710574841525, 20.9003385028514, 19.0449608904448, 9.451539204422602, 19.737165464629637, 3.8414153943163725, 7.835445398817807, 11.740389486760883, 16.512694041109043, 13.060820409286881, 17.908658811416554, 16.212586597831255, 2.5476543367578808, 18.429151665573112, 11.740389486760883, 2.5476543367578808, 18.429151665573112, 17.908658811416554, 20.9003385028514, 16.231710574841525, 8.158934361865352, 16.32058200919236, 2.6132091812085, 11.247835595149022, 11.776588258077215, 17.788422724119727, 16.816760957341938, 17.69958556465526, 10.60054398754042, 16.672297910705744, 14.402288626852362, 8.900851674752413, 15.264398144477898, 6.106241158887926, 4.856103362385042, 0.0, 0.0, 0.0, 0.0, 0.0, 0.0, 0.0, 0.0, 0.0, 0.0, 0.0, 0.0, 0.0, 0.0, 0.0], [8.158934361865352, 16.32058200919236, 2.6132091812085, 11.247835595149022, 11.776588258077215, 17.788422724119727, 16.816760957341938, 17.69958556465526, 10.60054398754042, 16.672297910705744, 