{"num_workers": 15, "num_roles": 3, "num_nodes": 40, "w": [[240, 240], [30, 30], [30, 30], [180, 180], [150, 150], [30, 30], [90, 90], [210, 210], [0, 0], [0, 0], [0, 0], [0, 0], [0, 0], [0, 0], [0, 0], [60, 420], [330, 390], [210, 360], [90, 420], [90, 300], [240, 360], [60, 180], [60, 420], [210, 360], [330, 390], [360, 360], [390, 390], [450, 450], [390, 390], [330, 330], [450, 450], [420, 420], [450, 450], [480, 480], [480, 480], [480, 480], [480, 480], [480, 480], [480, 480], [480, 480]], "p": [0, 0, 0, 0, 0, 0, 0, 0, 0, 0, 0, 0, 0, 0, 0, 28.634517474668613, 61.76408609182942, 42.078900783874005, 30.396828009744393, 17.242179255841357, 54.58090167564583, 21.555390041006675, 14.317258737334306, 21.039450391937002, 30.88204304591471, 0, 0, 0, 0, 0, 0, 0, 0, 0, 0, 0, 0, 0, 0, 0], "e": [[0, 1, 1], [0, 1, 1], [1, 1, 0], [0, 1, 1], [1, 1, 0], [1, 1, 0], [0, 1, 0], [0, 1, 0], [0, 1, 0], [1, 1, 0], [1, 1, 0], [1, 1, 0], [0, 0, 1], [0, 0, 1], [0, 0, 1]], "d": [[1, 1, 1, 1, 1, 0, 0, 2, 2, 2], [1, 2, 1, 2, 1, 2, 2, 2, 2, 4], [1, 0, 1, 0, 1, 1, 1, 2, 2, 0]], "r": [3462, 345, 4994, 1902, 1219, 1934, 3791, 3462, 4994, 345], "g": [[0, 0, 0, 0, 0, 0, 0, 1, 0, 0], [0, 0, 0, 0, 0, 0, 0, 0, 0, 1], [0, 0, 0, 0, 0, 0, 0, 0, 1, 0], [0, 0, 0, 0, 0, 0, 0, 0, 0, 0], [0, 0, 0, 0, 0, 0, 0, 0, 0, 0], [0, 0, 0, 0, 0, 0, 0, 0, 0, 0], [0, 0, 0, 0, 0, 0, 0, 0, 0, 0], [1, 0, 0, 0, 0, 0, 0, 0, 0, 0], [0, 0, 1, 0, 0, 0, 0, 0, 0, 0], [0, 1, 0, 0, 0, 0, 0, 0, 0, 0]], "t": [[0.0, 5.33291334294994, 21.497587835523895, 19.79019106862822, 22.725923040703613, 17.983487080032532, 8.178147807118089, 22.587836435689162, 12.880945737348236, 12.880945737348236, 12.880945737348236, 12.880945737348236, 12.880945737348236, 12.880945737348236, 12.880945737348236, 0.4646864619171015, 9.535022875494963, 13.36390518149464, 20.607066305204746, 19.249386208686744, 4.354162308391773, 13.337216675885783, 0.4646864619171015, 13.36390518149464, 9.535022875494963, 0.0, 5.33291334294994, 21.497587835523895, 19.79019106862822, 22.725923040703613, 17.983487080032532, 8.178147807118089, 22.587836435689162, 12.880945737348236, 12.880945737348236, 12.880945737348236, 12.880945737348236, 12.880945737348236, 12.880945737348236, 12.880945737348236], [5.33291334294994, 0.0, 17.71754277101117, 14.870429702750524, 18.025339275507125, 13.360425986502245, 8.38026163283231, 17.259854384611327, 12.435944610614035, 12.435944610614035, 12.435944610614035, 12.435944610614035, 12.435944610614035, 12.435944610614035, 12.435944610614035, 4.868467051305824, 5.18985235425885, 11.14817583761064, 17.864541756808407, 14.013194313694717, 9.392353395975556, 10.47600092872081, 4.868467051305824, 11.14817583761064, 5.18985235425885, 5.33291334294994, 0.0, 17.71754277101117, 14.870429702750524, 18.025339275507125, 13.360425986502245, 8.38026163283231, 17.259854384611327, 12.435944610614035, 12.435944610614035, 12.435944610614035, 12.435944610614035, 12.435944610614035, 12.435944610614035, 12.435944610614035], [21.497587835523895, 17.71754277101117, 0.0, 20.418446566802093, 5.815074523317979, 6.012210796361713, 25.80184698926271, 15.74273884615572, 29.028857897238858, 29.028857897238858, 29.028857897238858, 29.028857897238858, 29.028857897238858, 29.028857897238858, 29.028857897238858, 21.132526059941817, 19.36563073070091, 26.113243877066967, 4.79499892380246, 16.989829302269005, 23.472817796977832, 24.66628368248116, 21.132526059941817, 26.113243877066967, 19.36563073070091, 21.497587835523895, 17.71754277101117, 0.0, 20.418446566802093, 5.815074523317979, 6.012210796361713, 25.80184698926271, 15.74273884615572, 29.028857897238858, 29.028857897238858, 29.028857897238858, 29.028857897238858, 29.028857897238858, 29.028857897238858, 29.028857897238858], [19.79019106862822, 14.870429702750524, 20.418446566802093, 0.0, 16.269593057871834, 14.507345176891372, 16.347342277028513, 6.9658619012504, 15.990483591593524, 15.990483591593524, 15.990483591593524, 15.990483591593524, 15.990483591593524, 15.990483591593524, 15.990483591593524, 19.357886288740143, 10.329316058113601, 11.703255063739437, 23.742403326493175, 3.5129947527924075, 24.100568468894906, 10.113815791975462, 19.357886288740143, 11.703255063739437, 10.329316058113601, 19.79019106862822, 14.870429702750524, 20.418446566802093, 0.0, 16.269593057871834, 14.507345176891372, 16.347342277028513, 6.9658619012504, 15.990483591593524, 15.990483591593524, 15.990483591593524, 15.990483591593524, 15.990483591593524, 15.990483591593524, 15.990483591593524], [22.725923040703613, 18.025339275507125, 5.815074523317979, 16.269593057871834, 0.0, 4.746017177975185, 25.21417534890788, 10.570523461273902, 27.642724052117256, 27.642724052117256, 27.642724052117256, 27.642724052117256, 27.642724052117256, 27.642724052117256, 27.642724052117256, 22.299121908122714, 18.051169692050017, 24.137800463218717, 10.549017117080275, 12.757889556617169, 25.56691083818337, 22.531965038554475, 22.299121908122714, 24.137800463218717, 18.051169692050017, 22.725923040703613, 18.025339275507125, 5.815074523317979, 16.269593057871834, 0.0, 4.746017177975185, 25.21417534890788, 10.570523461273902, 27.642724052117256, 27.642724052117256, 27.642724052117256, 27.642724052117256, 27.642724052117256, 27.642724052117256, 27.642724052117256], [17.983487080032532, 13.360425986502245, 6.012210796361713, 14.507345176891372, 4.746017177975185, 0.0, 20.842518525500452, 10.629886406164527, 23.625887386999274, 23.625887386999274, 23.625887386999274, 23.625887386999274, 23.625887386999274, 23.625887386999274, 23.625887386999274, 17.55860502808717, 13.925556163708864, 20.42899477932489, 9.395925654175631, 11.153579613345858, 20.85142156650386, 18.914209785782635, 17.55860502808717, 20.42899477932489, 13.925556163708864, 17.983487080032532, 13.360425986502245, 6.012210796361713, 14.507345176891372, 4.746017177975185, 0.0, 20.842518525500452, 10.629886406164527, 23.625887386999274, 23.625887386999274, 23.625887386999274, 23.625887386999274, 23.625887386999274, 23.625887386999274, 23.625887386999274], [8.178147807118089, 8.38026163283231, 25.80184698926271, 16.347342277028513, 25.21417534890788, 20.842518525500452, 0.0, 21.39124999634345, 4.702819598601382, 4.702819598601382, 4.702819598601382, 4.702819598601382, 4.702819598601382, 4.702819598601382, 4.702819598601382, 8.07069588923962, 7.395927952010933, 6.206319692619304, 26.236844956545774, 17.299798249021013, 11.678230641595404, 6.98269463225129, 8.07069588923962, 6.206319692619304, 7.395927952010933, 8.178147807118089, 8.38026163283231, 25.80184698926271, 16.347342277028513, 25.21417534890788, 20.842518525500452, 0.0, 21.39124999634345, 4.702819598601382, 4.702819598601382, 4.702819598601382, 4.702819598601382, 4.702819598601382, 4.702819598601382, 4.702819598601382], [22.587836435689162, 17.259854384611327, 15.74273884615572, 6.9658619012504, 10.570523461273902, 10.629886406164527, 21.39124999634345, 0.0, 22.071130114591877, 22.071130114591877, 22.071130114591877, 22.071130114591877, 22.071130114591877, 22.071130114591877, 22.071130114591877, 22.124256505365494, 14.25447076913565, 17.89069441082473, 19.891001635836197, 4.2319314249768265, 26.56046197065792, 16.20824623069883, 22.124256505365494, 17.89069441082473, 14.25447076913565, 22.587836435689162, 17.259854384611327, 15.74273884615572, 6.9658619012504, 10.570523461273902, 10.629886406164527, 21.39124999634345, 0.0, 22.071130114591877, 22.071130114591877, 22.071130114591877, 22.071130114591877, 22.071130114591877, 22.071130114591877, 22.071130114591877], [12.880945737348236, 12.435944610614035, 29.028857897238858, 15.990483591593524, 27.642724052117256, 23.625887386999274, 4.702819598601382, 22.071130114591877, 0.0, 0.0, 0.0, 0.0, 0.0, 0.0, 0.0, 12.768262551697314, 9.705343852893016, 4.288525000551981, 30.0, 17.839972235984295, 16.266236870095266, 5.905368306520467, 12.768262551697314, 4.288525000551981, 9.705343852893016, 12.880945737348236, 12.435944610614035, 29.028857897238858, 15.990483591593524, 27.642724052117256, 23.625887386999274, 4.702819598601382, 22.071130114591877, 0.0, 0.0, 0.0, 0.0, 0.0, 0.0, 0.0], [12.880945737348236, 12.435944610614035, 29.028857897238858, 15.990483591593524, 27.642724052117256, 23.625887386999274, 4.702819598601382, 22.071130114591877, 0.0, 0.0, 0.0, 0.0, 0.0, 0.0, 0.0, 12.768262551697314, 9.705343852893016, 4.288525000551981, 30.0, 17.839972235984295, 16.266236870095266, 5.905368306520467, 12.768262551697314, 4.288525000551981, 9.705343852893016, 12.880945737348236, 12.435944610614035, 29.028857897238858, 15.990483591593524, 27.642724052117256, 23.625887386999274, 4.702819598601382, 22.071130114591877, 0.0, 0.0, 0.0, 0.0, 0.0, 0.0, 0.0], [12.880945737348236, 12.435944610614035, 29.028857897238858, 15.990483591593524, 27.642724052117256, 23.625887386999274, 4.702819598601382, 22.071130114591877, 0.0, 0.0, 0.0, 0.0, 0.0, 0.0, 0.0, 12.768262551697314, 9.705343852893016, 4.288525000551981, 30.0, 17.839972235984295, 16.266236870095266, 5.905368306520467, 12.768262551697314, 4.288525000551981, 9.705343852893016, 12.880945737348236, 12.435944610614035, 29.028857897238858, 15.990483591593524, 27.642724052117256, 23.625887386999274, 4.702819598601382, 22.071130114591877, 0.0, 0.0, 0.0, 0.0, 0.0, 0.0, 0.0], [12.880945737348236, 12.435944610614035, 29.028857897238858, 15.990483591593524, 27.642724052117256, 23.625887386999274, 4.702819598601382, 22.071130114591877, 0.0, 0.0, 0.0, 0.0, 0.0, 0.0, 0.0, 12.768262551697314, 9.705343852893016, 4.288525000551981, 30.0, 17.839972235984295, 16.266236870095266, 5.905368306520467, 12.768262551697314, 4.288525000551981, 9.705343852893016, 12.880945737348236, 12.435944610614035, 29.028857897238858, 15.990483591593524, 27.642724052117256, 23.625887386999274, 4.702819598601382, 22.071130114591877, 0.0, 0.0, 0.0, 0.0, 0.0, 0.0, 0.0], [12.880945737348236, 12.435944610614035, 29.028857897238858, 15.990483591593524, 27.642724052117256, 23.625887386999274, 4.702819598601382, 22.071130114591877, 0.0, 0.0, 0.0, 0.0, 0.0, 0.0, 0.0, 12.768262551697314, 9.705343852893016, 4.288525000551981, 30.0, 17.839972235984295, 16.266236870095266, 5.905368306520467, 12.768262551697314, 4.288525000551981, 9.705343852893016, 12.880945737348236, 12.435944610614035, 29.028857897238858, 15.990483591593524, 27.642724052117256, 23.625887386999274, 4.702819598601382, 22.071130114591877, 0.0, 0.0, 0.0, 0.0, 0.0, 0.0, 0.0], [12.880945737348236, 12.435944610614035, 29.028857897238858, 15.990483591593524, 27.642724052117256, 23.625887386999274, 4.702819598601382, 22.071130114591877, 0.0, 0.0, 0.0, 0.0, 0.0, 0.0, 0.0, 12.768262551697314, 9.705343852893016, 4.288525000551981, 30.0, 17.839972235984295, 16.266236870095266, 5.905368306520467, 12.768262551697314, 4.288525000551981, 9.705343852893016, 12.880945737348236, 12.435944610614035, 29.028857897238858, 15.990483591593524, 27.642724052117256, 23.625887386999274, 4.702819598601382, 22.071130114591877, 0.0, 0.0, 0.0, 0.0, 0.0, 0.0, 0.0], [12.880945737348236, 12.435944610614035, 29.028857897238858, 15.990483591593524, 27.642724052117256, 23.625887386999274, 4.702819598601382, 22.071130114591877, 0.0, 0.0, 0.0, 0.0, 0.0, 0.0, 0.0, 12.768262551697314, 9.705343852893016, 4.288525000551981, 30.0, 17.839972235984295, 16.266236870095266, 5.905368306520467, 12.768262551697314, 4.288525000551981, 9.705343852893016, 12.880945737348236, 12.435944610614035, 29.028857897238858, 15.990483591593524, 27.642724052117256, 23.625887386999274, 4.702819598601382, 22.071130114591877, 0.0, 0.0, 0.0, 0.0, 0.0, 0.0, 0.0], [0.4646864619171015, 4.868467051305824, 21.132526059941817, 19.357886288740143, 22.299121908122714, 17.55860502808717, 8.07069588923962, 22.124256505365494, 12.768262551697314, 12.768262551697314, 12.768262551697314, 12.768262551697314, 12.768262551697314, 12.768262551697314, 12.768262551697314, 0.0, 9.121223635753513, 13.11156947947055, 20.315868021566594, 18.793549594273838, 4.761340794251277, 13.037089304838391, 0.0, 13.11156947947055, 9.121223635753513, 0.4646864619171015, 4.868467051305824, 21.132526059941817, 19.357886288740143, 22.299121908122714, 17.55860502808717, 8.07069588923962, 22.124256505365494, 12.768262551697314, 12.768262551697314, 12.768262551697314, 12.768262551697314, 12.768262551697314, 12.768262551697314, 12.768262551697314], [9.535022875494963, 5.18985235425885, 19.36563073070091, 10.329316058113601, 18.051169692050017, 13.925556163708864, 7.395927952010933, 14.25447076913565, 9.705343852893016, 9.705343852893016, 9.705343852893016, 9.705343852893016, 9.705343852893016, 9.705343852893016, 9.705343852893016, 9.121223635753513, 0.0, 6.961656920150996, 20.686387666619776, 10.367123659250913, 13.88252389892087, 5.826951342598356, 9.121223635753513, 6.961656920150996, 0.0, 9.535022875494963, 5.18985235425885, 19.36563073070091, 10.329316058113601, 18.051169692050017, 13.925556163708864, 7.395927952010933, 14.25447076913565, 9.705343852893016, 9.705343852893016, 9.705343852893016, 9.705343852893016, 9.705343852893016, 9.705343852893016, 9.705343852893016], [13.36390518149464, 11.14817583761064, 26.113243877066967, 11.703255063739437, 24.137800463218717, 20.42899477932489, 6.206319692619304, 17.89069441082473, 4.288525000551981, 4.288525000551981, 4.288525000551981, 4.288525000551981, 4.288525000551981, 4.288525000551981, 4.288525000551981, 13.11156947947055, 6.961656920150996, 0.0, 27.639059221901046, 13.661419625374922, 17.3819566660015, 1.692407689828455, 13.11156947947055, 0.0, 6.961656920150996, 13.36390518149464, 11.14817583761064, 26.113243877066967, 11.703255063739437, 24.137800463218717, 20.42899477932489, 6.206319692619304, 17.89069441082473, 4.288525000551981, 4.288525000551981, 4.288525000551981, 4.288525000551981, 4.288525000551981, 4.288525000551981, 4.288525000551981], [20.607066305204746, 17.864541756808407, 4.79499892380246, 23.742403326493175, 10.549017117080275, 9.395925654175631, 26.236844956545774, 19.891001635836197, 30.0, 30.0, 30.0, 30.0, 30.0, 30.0, 30.0, 20.315868021566594, 20.686387666619776, 27.639059221901046, 0.0, 20.48791089162142, 21.722599445355538, 26.364515175751873, 20.315868021566594, 27.639059221901046, 20.686387666619776, 20.607066305204746, 17.864541756808407, 4.79499892380246, 23.742403326493175, 10.549017117080275, 9.395925654175631, 26.236844956545774, 19.891001635836197, 30.0, 30.0, 30.0, 30.0, 30.0, 30.0, 30.0], [19.249386208686744, 14.013194313694717, 16.989829302269005, 3.5129947527924075, 12.757889556617169, 11.153579613345858, 17.299798249021013, 4.2319314249768265, 17.839972235984295, 17.839972235984295, 17.839972235984295, 17.839972235984295, 17.839972235984295, 17.839972235984295, 17.839972235984295, 18.793549594273838, 10.367123659250913, 13.661419625374922, 20.48791089162142, 0.0, 23.4055448527675, 11.97748280943441, 18.793549594273838, 13.661419625374922, 10.367123659250913, 19.249386208686744, 14.013194313694717, 16.989829302269005, 3.5129947527924075, 12.757889556617169, 11.153579613345858, 17.299798249021013, 4.2319314249768265, 17.839972235984295, 17.839972235984295, 17.839972235984295, 17.839972235984295, 17.839972235984295, 17.839972235984295, 17.839972235984295], [4.354162308391773, 9.392353395975556, 23.472817796977832, 24.100568468894906, 25.56691083818337, 20.85142156650386, 11.678230641595404, 26.56046197065792, 16.266236870095266, 16.266236870095266, 16.266236870095266, 16.266236870095266, 16.266236870095266, 16.266236870095266, 16.266236870095266, 4.761340794251277, 13.88252389892087, 17.3819566660015, 21.722599445355538, 23.4055448527675, 0.0, 17.51622322567513, 4.761340794251277, 17.3819566660015, 13.88252389892087, 4.354162308391773, 9.392353395975556, 23.472817796977832, 24.100568468894906, 25.56691083818337, 20.85142156650386, 11.678230641595404, 26.56046197065792, 16.266236870095266, 16.266236870095266, 16.266236870095266, 16.266236870095266, 16.266236870095266, 16.266236870095266, 16.266236870095266], [13.337216675885783, 10.47600092872081, 24.66628368248116, 10.113815791975462, 22.531965038554475, 18.914209785782635, 6.98269463225129, 16.20824623069883, 5.905368306520467, 5.905368306520467, 5.905368306520467, 5.905368306520467, 5.905368306520467, 5.905368306520467, 5.905368306520467, 13.037089304838391, 5.826951342598356, 1.692407689828455, 26.364515175751873, 11.97748280943441, 17.51622322567513, 0.0, 13.037089304838391, 1.692407689828455, 5.826951342598356, 13.337216675885783, 10.47600092872081, 24.66628368248116, 10.113815791975462, 22.531965038554475, 18.914209785782635, 6.98269463225129, 16.20824623069883, 5.905368306520467, 5.905368306520467, 5.905368306520467, 5.905368306520467, 5.905368306520467, 5.905368306520467, 5.905368306520467], [0.4646864619171015, 4.868467051305824, 21.132526059941817, 19.357886288740143, 22.299121908122714, 17.55860502808717, 8.07069588923962, 22.124256505365494, 12.768262551697314, 12.768262551697314, 12.768262551697314, 12.768262551697314, 12.768262551697314, 12.768262551697314, 12.768262551697314, 0.0, 9.121223635753513, 13.11156947947055, 20.315868021566594, 18.793549594273838, 4.761340794251277, 13.037089304838391, 0.0, 13.11156947947055, 9.121223635753513, 0.4646864619171015, 4.868467051305824, 21.132526059941817, 19.357886288740143, 22.299121908122714, 17.55860502808717, 8.07069588923962, 22.124256505365494, 12.768262551697314, 12.768262551697314, 12.768262551697314, 12.768262551697314, 12.768262551697314, 12.768262551697314, 12.768262551697314], [13.36390518149464, 11.14817583761064, 26.113243877066967, 11.703255063739437, 24.137800463218717, 20.42899477932489, 6.206319692619304, 17.89069441082473, 4.288525000551981, 4.288525000551981, 4.288525000551981, 4.288525000551981, 4.288525000551981, 4.288525000551981, 4.288525000551981, 13.11156947947055, 6.961656920150996, 0.0, 27.639059221901046, 13.661419625374922, 17.3819566660015, 1.692407689828455, 13.11156947947055, 0.0, 6.961656920150996, 13.36390518149464, 11.14817583761064, 26.113243877066967, 11.703255063739437, 24.137800463218717, 20.42899477932489, 6.206319692619304, 17.89069441082473, 4.288525000551981, 4.288525000551981, 4.288525000551981, 4.288525000551981, 4.288525000551981, 4.288525000551981, 4.288525000551981], [9.535022875494963, 5.18985235425885, 19.36563073070091, 10.329316058113601, 18.051169692050017, 13.925556163708864, 7.395927952010933, 14.25447076913565, 9.705343852893016, 9.705343852893016, 9.705343852893016, 9.705343852893016, 9.705343852893016, 9.705343852893016, 9.705343852893016, 9.121223635753513, 0.0, 6.961656920150996, 20.686387666619776, 10.367123659250913, 13.88252389892087, 5.826951342598356, 9.121223635753513, 6.961656920150996, 0.0, 9.535022875494963, 5.18985235425885, 19.36563073070091, 10.329316058113601, 18.051169692050017, 13.925556163708864, 7.395927952010933, 14.25447076913565, 9.705343852893016, 9.705343852893016, 9.705343852893016, 9.705343852893016, 9.705343852893016, 9.705343852893016, 9.705343852893016], [0.0, 5.33291334294994, 21.497587835523895, 19.79019106862822, 22.725923040703613, 17.983487080032532, 8.178147807118089, 22.587836435689162, 12.880945737348236, 12.880945737348236, 12.880945737348236, 12.880945737348236, 12.880945737348236, 12.880945737348236, 12.880945737348236, 0.4646864619171015, 9.535022875494963, 13.36390518149464, 20.607066305204746, 19.249386208686744, 4.354162308391773, 13.337216675885783, 0.4646864619171015, 13.36390518149464, 9.535022875494963, 0.0, 5.33291334294994, 21.497587835523895, 19.79019106862822, 22.725923040703613, 17.983487080032532, 8.178147807118089, 22.587836435689162, 12.880945737348236, 12.880945737348236, 12.880945737348236, 12.880945737348236, 12.880945737348236, 12.880945737348236, 12.880945737348236], [5.33291334294994, 0.0, 17.71754277101117, 14.870429702750524, 18.025339275507125, 13.360425986502245, 8.38026163283231, 17.259854384611327, 12.435944610614035, 12.435944610614035, 12.435944610614035, 12.435944610614035, 12.435944610614035, 12.435944610614035, 12.435944610614035, 4.868467051305824, 5.18985235425885, 11.14817583761064, 17.864541756808407, 14.013194313694717, 9.392353395975556, 10.47600092872081, 4.868467051305824, 11.14817583761064, 5.18985235425885, 5.33291334294994, 0.0, 17.71754277101117, 14.870429702750524, 18.025339275507125, 13.360425986502245, 8.38026163283231, 17.259854384611327, 12.435944610614035, 12.435944610614035, 12.435944610614035, 12.435944610614035, 12.435944610614035, 12.435944610614035, 12.435944610614035], [21.497587835523895, 17.71754277101117, 0.0, 20.418446566802093, 5.815074523317979, 6.012210796361713, 25.80184698926271, 15.74273884615572, 29.028857897238858, 29.028857897238858, 29.028857897238858, 29.028857897238858, 29.028857897238858, 29.028857897238858, 29.028857897238858, 21.132526059941817, 19.36563073070091, 26.113243877066967, 4.79499892380246, 16.989829302269005, 23.472817796977832, 24.66628368248116, 21.132526059941817, 26.113243877066967, 19.36563073070091, 21.497587835523895, 17.71754277101117, 0.0, 20.418446566802093, 5.815074523317979, 6.012210796361713, 25.80184698926271, 15.74273884615572, 29.028857897238858, 29.028857897238858, 29.028857897238858, 29.028857897238858, 29.028857897238858, 29.028857897238858, 29.028857897238858], [19.79019106862822, 14.870429702750524, 20.418446566802093, 0.0, 16.269593057871834, 14.507345176891372, 16.347342277028513, 6.9658619012504, 15.990483591593524, 15.990483591593524, 15.990483591593524, 15.990483591593524, 15.990483591593524, 15.990483591593524, 15.990483591593524, 19.357886288740143, 10.329316058113601, 11.703255063739437, 23.742403326493175, 3.5129947527924075, 24.100568468894906, 10.113815791975462, 19.357886288740143, 11.703255063739437, 10.329316058113601, 19.79019106862822, 14.870429702750524, 20.418446566802093, 0.0, 16.269593057871834, 14.507345176891372, 16.347342277028513, 6.9658619012504, 15.990483591593524, 15.990483591593524, 15.990483591593524, 15.990483591593524, 15.990483591593524, 15.990483591593524, 15.990483591593524], [22.725923040703613, 18.025339275507125, 5.815074523317979, 16.269593057871834, 0.0, 4.746017177975185, 25.21417534890788, 10.570523461273902, 27.642724052117256, 27.642724052117256, 27.642724052117256, 27.642724052117256, 27.642724052117256, 27.642724052117256, 27.642724052117256, 22.299121908122714, 18.051169692050017, 24.137800463218717, 10.549017117080275, 12.757889556617169, 25.56691083818337, 22.531965038554475, 22.299121908122714, 24.137800463218717, 18.051169692050017, 22.725923040703613, 18.025339275507125, 5.815074523317979, 16.269593057871834, 0.0, 4.746017177975185, 25.21417534890788, 10.570523461273902, 27.642724052117256, 27.642724052117256, 27.642724052117256, 27.642724052117256, 27.642724052117256, 27.642724052117256, 27.642724052117256], [17.983487080032532, 13.360425986502245, 6.012210796361713, 14.507345176891372, 4.746017177975185, 0.0, 20.842518525500452, 10.629886406164527, 23.625887386999274, 23.625887386999274, 23.625887386999274, 23.625887386999274, 23.625887386999274, 23.625887386999274, 23.625887386999274, 17.55860502808717, 13.925556163708864, 20.42899477932489, 9.395925654175631, 11.153579613345858, 20.85142156650386, 18.914209785782635, 17.55860502808717, 20.42899477932489, 13.925556163708864, 17.983487080032532, 13.360425986502245, 6.012210796361713, 14.507345176891372, 4.746017177975185, 0.0, 20.842518525500452, 10.629886406164527, 23.625887386999274, 23.625887386999274, 23.625887386999274, 23.625887386999274, 23.625887386999274, 23.625887386999274, 23.625887386999274], [8.178147807118089, 8.38026163283231, 25.80184698926271, 16.347342277028513, 25.21417534890788, 20.842518525500452, 0.0, 21.39124999634345, 4.702819598601382, 4.702819598601382, 4.702819598601382, 4.702819598601382, 4.702819598601382, 4.702819598601382, 4.702819598601382, 8.07069588923962, 7.395927952010933, 6.206319692619304, 26.236844956545774, 17.299798249021013, 11.678230641595404, 6.98269463225129, 8.07069588923962, 6.206319692619304, 7.395927952010933, 8.178147807118089, 8.38026163283231, 25.80184698926271, 16.347342277028513, 25.21417534890788, 20.842518525500452, 0.0, 21.39124999634345, 4.702819598601382, 4.702819598601382, 4.702819598601382, 4.702819598601382, 4.702819598601382, 4.702819598601382, 4.702819598601382], [22.587836435689162, 17.259854384611327, 15.74273884615572, 6.9658619012504, 10.570523461273902, 10.629886406164527, 21.39124999634345, 0.0, 22.071130114591877, 22.071130114591877, 22.071130114591877, 22.071130114591877, 22.071130114591877, 22.071130114591877, 22.071130114591877, 22.124256505365494, 14.25447076913565, 17.89069441082473, 19.891001635836197, 4.2319314249768265, 26.56046197065792, 16.20824623069883, 22.124256505365494, 17.89069441082473, 14.25447076913565, 22.587836435689162, 17.259854384611327, 15.74273884615572, 6.9658619012504, 10.570523461273902, 10.629886406164527, 21.39124999634345, 0.0, 22.071130114591877, 22.071130114591877, 22.071130114591877, 22.071130114591877, 22.071130114591877, 22.071130114591877, 22.071130114591877], [12.880945737348236, 12.435944610614035, 29.028857897238858, 15.990483591593524, 27.642724052117256, 23.625887386999274, 4.702819598601382, 22.071130114591877, 0.0, 0.0, 0.0, 0.0, 0.0, 0.0, 0.0, 12.768262551697314, 9.705343852893016, 4.288525000551981, 30.0, 17.839972235984295, 16.266236870095266, 5.905368306520467, 12.768262551697314, 4.288525000551981, 9.705343852893016, 12.880945737348236, 12.435944610614035, 29.028857897238858, 15.990483591593524, 27.642724052117256, 23.625887386999274, 4.702819598601382, 22.071130114591877, 0.0, 0.0, 0.0, 0.0, 0.0, 0.0, 0.0], [12.880945737348236, 12.435944610614035, 29.028857897238858, 15.990483591593524, 27.642724052117256, 23.625887386999274, 4.702819598601382, 22.071130114591877, 0.0, 0.0, 0.0, 0.0, 0.0, 0.0, 0.0, 12.768262551697314, 9.705343852893016, 4.288525000551981, 30.0, 17.839972235984295, 16.266236870095266, 5.905368306520467, 12.768262551697314, 4.288525000551981, 9.705343852893016, 12.880945737348236, 12.435944610614035, 29.028857897238858, 15.990483591593524, 27.642724052117256, 23.625887386999274, 4.702819598601382, 22.071130114591877, 0.0, 0.0, 0.0, 0.0, 0.0, 0.0, 0.0], [12.880945737348236, 12.435944610614035, 29.028857897238858, 15.990483591593524, 27.642724052117256, 23.625887386999274, 4.702819598601382, 22.071130114591877, 0.0, 0.0, 0.0, 0.0, 0.0, 0.0, 0.0, 12.768262551697314, 9.705343852893016, 4.288525000551981, 30.0, 17.839972235984295, 16.266236870095266, 5.905368306520467, 12.768262551697314, 4.288525000551981, 9.705343852893016, 12.880945737348236, 12.435944610614035, 29.028857897238858, 15.990483591593524, 27.642724052117256, 23.625887386999274, 4.702819598601382, 22.071130114591877, 0.0, 0.0, 0.0, 0.0, 0.0, 0.0, 0.0], [12.880945737348236, 12.435944610614035, 29.028857897238858, 15.990483591593524, 27.642724052117256, 23.625887386999274, 4.702819598601382, 22.071130114591877, 0.0, 0.0, 0.0, 0.0, 0.0, 0.0, 0.0, 12.768262551697314, 9.705343852893016, 4.288525000551981, 30.0, 17.839972235984295, 16.266236870095266, 5.905368306520467, 12.768262551697314, 4.288525000551981, 9.705343852893016, 12.880945737348236, 12.435944610614035, 29.028857897238858, 15.990483591593524, 27.642724052117256, 23.625887386999274, 4.702819598601382, 22.071130114591877, 0.0, 0.0, 0.0, 0.0, 0.0, 0.0, 0.0], [12.880945737348236, 12.435944610614035, 29.028857897238858, 15.990483591593524, 27.642724052117256, 23.625887386999274, 4.702819598601382, 22.071130114591877, 0.0, 0.0, 0.0, 0.0, 0.0, 0.0, 0.0, 12.768262551697314, 9.705343852893016, 4.288525000551981, 30.0, 17.839972235984295, 16.266236870095266, 5.905368306520467, 12.768262551697314, 4.288525000551981, 9.705343852893016, 12.880945737348236, 12.435944610614035, 29.028857897238858, 15.990483591593524, 27.642724052117256, 23.625887386999274, 4.702819598601382, 22.071130114591877, 0.0, 0.0, 0.0, 0.0, 0.0, 0.0, 0.0], [12.880945737348236, 12.435944610614035, 29.028857897238858, 15.990483591593524, 27.642724052117256, 23.625887386999274, 4.702819598601382, 22.071130114591877, 0.0, 0.0, 0.0, 0.0, 0.0, 0.0, 0.0, 12.768262551697314, 9.705343852893016, 4.288525000551981, 30.0, 17.839972235984295, 16.266236870095266, 5.905368306520467, 12.768262551697314, 4.288525000551981, 9.705343852893016, 12.880945737348236, 12.435944610614035, 29.028857897238858, 15.990483591593524, 27.642724052117256, 23.625887386999274, 4.702819598601382, 22.071130114591877, 0.0, 0.0, 0.0, 0.0, 0.0, 0.0, 0.0], [12.880945737348236, 12.435944610614035, 29.028857897238858, 15.990483591593524, 27.642724052117256, 23.625887386999274, 4.702819598601382, 22.071130114591877, 0.0, 0.0, 0.0, 0.0, 0.0, 0.0, 0.0, 12.768262551697314, 9.705343852893016, 4.288525000551981, 30.0, 17.839972235984295, 16.266236870095266, 5.905368306520467, 12.768262551697314, 4.288525000551981, 9.705343852893016, 12.880945737348236, 12.435944610614035, 29.028857897238858, 15.990483591593524, 27.642724052117256, 23.625887386999274, 4.702819598601382, 22.071130114591877, 0.0, 0.0, 0.0, 0.0, 0.0, 0.0, 0.0]], "M": 99999999.0}