{"num_workers": 15, "num_roles": 3, "num_nodes": 40, "w": [[330, 330], [90, 90], [90, 90], [0, 0], [360, 360], [30, 30], [120, 120], [30, 30], [0, 0], [0, 0], [0, 0], [0, 0], [0, 0], [0, 0], [0, 0], [150, 450], [60, 240], [30, 420], [180, 390], [90, 330], [30, 420], [210, 450], [30, 420], [60, 240], [90, 330], [480, 480], [330, 330], [330, 330], [420, 420], [450, 450], [330, 330], [450, 450], [480, 480], [480, 480], [480, 480], [480, 480], [480, 480], [480, 480], [480, 480], [480, 480]], "p": [0, 0, 0, 0, 0, 0, 0, 0, 0, 0, 0, 0, 0, 0, 0, 53.443320744961675, 44.386442610119005, 56.756667813082366, 64.8800565614479, 36.972966226585626, 31.046549241489807, 24.989249808458812, 15.523274620744903, 22.193221305059502, 18.486483113292813, 0, 0, 0, 0, 0, 0, 0, 0, 0, 0, 0, 0, 0, 0, 0], "e": [[1, 1, 0], [1, 0, 1], [1, 1, 0], [1, 1, 0], [1, 1, 0], [0, 1, 0], [0, 1, 0], [0, 1, 1], [0, 1, 1], [0, 1, 0], [0, 1, 0], [1, 1, 0], [0, 1, 1], [0, 0, 1], [0, 0, 1]], "d": [[1, 1, 1, 1, 1, 1, 1, 2, 2, 2], [0, 0, 0, 0, 1, 0, 0, 0, 0, 2], [0, 0, 0, 1, 0, 0, 1, 0, 0, 0]], "r": [4970, 3580, 4708, 1697, 2233, 2481, 2209, 2481, 3580, 2233], "g": [[0, 0, 0, 0, 0, 0, 0, 0, 0, 0], [0, 0, 0, 0, 0, 0, 0, 0, 1, 0], [0, 0, 0, 0, 0, 0, 0, 0, 0, 0], [0, 0, 0, 0, 0, 0, 0, 0, 0, 0], [0, 0, 0, 0, 0, 0, 0, 0, 0, 1], [0, 0, 0, 0, 0, 0, 0, 1, 0, 0], [0, 0, 0, 0, 0, 0, 0, 0, 0, 0], [0, 0, 0, 0, 0, 1, 0, 0, 0, 0], [0, 1, 0, 0, 0, 0, 0, 0, 0, 0], [0, 0, 0, 0, 1, 0, 0, 0, 0, 0]], "t": [[0.0, 8.308336542463651, 7.7639530450683765, 13.151345554424012, 20.663297485178905, 10.892979623054664, 9.467928844975907, 28.13621406300758, 0.704369555742019, 0.704369555742019, 0.704369555742019, 0.704369555742019, 0.704369555742019, 0.704369555742019, 0.704369555742019, 13.575600489725094, 5.397910978701918, 17.730345809777248, 22.35944260739027, 8.755226171278037, 25.827639750674482, 18.494934001551037, 25.827639750674482, 5.397910978701918, 8.755226171278037, 0.0, 8.308336542463651, 7.7639530450683765, 13.151345554424012, 20.663297485178905, 10.892979623054664, 9.467928844975907, 28.13621406300758, 0.704369555742019, 0.704369555742019, 0.704369555742019, 0.704369555742019, 0.704369555742019, 0.704369555742019, 0.704369555742019], [8.308336542463651, 0.0, 13.931788022860713, 15.028667948796894, 16.85204779926684, 3.9438258624984326, 3.730505764498331, 20.808489350579876, 7.604442362389985, 7.604442362389985, 7.604442362389985, 7.604442362389985, 7.604442362389985, 7.604442362389985, 7.604442362389985, 8.559607888147923, 9.465449345650185, 10.07293679681186, 19.001086710685236, 11.398806290746919, 18.00338294201511, 10.282661450579496, 18.00338294201511, 9.465449345650185, 11.398806290746919, 8.308336542463651, 0.0, 13.931788022860713, 15.028667948796894, 16.85204779926684, 3.9438258624984326, 3.730505764498331, 20.808489350579876, 7.604442362389985, 7.604442362389985, 7.604442362389985, 7.604442362389985, 7.604442362389985, 7.604442362389985, 7.604442362389985], [7.7639530450683765, 13.931788022860713, 0.0, 8.043033027412616, 19.19603878651495, 17.462804045141517, 12.963436922170843, 30.0, 8.119846174403126, 8.119846174403126, 8.119846174403126, 8.119846174403126, 8.119846174403126, 8.119846174403126, 8.119846174403126, 14.80748836817815, 4.613852960667467, 24.001436648947056, 20.22333538289811, 5.239310532136827, 28.696500058056607, 22.750626914154882, 28.696500058056607, 4.613852960667467, 5.239310532136827, 7.7639530450683765, 13.931788022860713, 0.0, 8.043033027412616, 19.19603878651495, 17.462804045141517, 12.963436922170843, 30.0, 8.119846174403126, 8.119846174403126, 8.119846174403126, 8.119846174403126, 8.119846174403126, 8.119846174403126, 8.119846174403126], [13.151345554424012, 15.028667948796894, 8.043033027412616, 0.0, 12.198941846113172, 18.97038877510708, 12.182353332005132, 24.829350485816523, 13.093451238782489, 13.093451238782489, 13.093451238782489, 13.093451238782489, 13.093451238782489, 13.093451238782489, 13.093451238782489, 11.032205085164957, 7.755619285258074, 24.277939125298197, 12.749789237156197, 4.411779864692538, 24.53675459329506, 20.60488781830883, 24.53675459329506, 7.755619285258074, 4.411779864692538, 13.151345554424012, 15.028667948796894, 8.043033027412616, 0.0, 12.198941846113172, 18.97038877510708, 12.182353332005132, 24.829350485816523, 13.093451238782489, 13.093451238782489, 13.093451238782489, 13.093451238782489, 13.093451238782489, 13.093451238782489, 13.093451238782489], [20.663297485178905, 16.85204779926684, 19.19603878651495, 12.198941846113172, 0.0, 19.768744372758917, 13.18185361663771, 13.868970865520588, 20.21634503546891, 20.21634503546891, 20.21634503546891, 20.21634503546891, 20.21634503546891, 20.21634503546891, 20.21634503546891, 8.301627466721499, 16.37916746375413, 21.811071617833246, 2.2893513410897417, 14.017903200443566, 15.03681453917132, 15.238267624927373, 15.03681453917132, 16.37916746375413, 14.017903200443566, 20.663297485178905, 16.85204779926684, 19.19603878651495, 12.198941846113172, 0.0, 19.768744372758917, 13.18185361663771, 13.868970865520588, 20.21634503546891, 20.21634503546891, 20.21634503546891, 20.21634503546891, 20.21634503546891, 20.21634503546891, 20.21634503546891], [10.892979623054664, 3.9438258624984326, 17.462804045141517, 18.97038877510708, 19.768744372758917, 0.0, 7.266704258589994, 21.29893654413056, 10.234052986871468, 10.234052986871468, 10.234052986871468, 10.234052986871468, 10.234052986871468, 10.234052986871468, 10.234052986871468, 11.556505840836191, 13.164726934011519, 6.842928592683081, 22.004433227968214, 15.307388382934619, 17.91180666395944, 9.698856696749084, 17.91180666395944, 13.164726934011519, 15.307388382934619, 10.892979623054664, 3.9438258624984326, 17.462804045141517, 18.97038877510708, 19.768744372758917, 0.0, 7.266704258589994, 21.29893654413056, 10.234052986871468, 10.234052986871468, 10.234052986871468, 10.234052986871468, 10.234052986871468, 10.234052986871468, 10.234052986871468], [9.467928844975907, 3.730505764498331, 12.963436922170843, 12.182353332005132, 13.18185361663771, 7.266704258589994, 0.0, 18.66956141302222, 8.814180920870479, 8.814180920870479, 8.814180920870479, 8.814180920870479, 8.814180920870479, 8.814180920870479, 8.814180920870479, 4.948540774048709, 8.362848789973786, 12.107159984455947, 15.301166234421295, 9.231639274693148, 16.464118752933636, 9.800056286618833, 16.464118752933636, 8.362848789973786, 9.231639274693148, 9.467928844975907, 3.730505764498331, 12.963436922170843, 12.182353332005132, 13.18185361663771, 7.266704258589994, 0.0, 18.66956141302222, 8.814180920870479, 8.814180920870479, 8.814180920870479, 8.814180920870479, 8.814180920870479, 8.814180920870479, 8.814180920870479], [28.13621406300758, 20.808489350579876, 30.0, 24.829350485816523, 13.868970865520588, 21.29893654413056, 18.66956141302222, 0.0, 27.483523666915964, 27.483523666915964, 27.483523666915964, 27.483523666915964, 27.483523666915964, 27.483523666915964, 27.483523666915964, 15.23940514315978, 25.924564113476688, 18.698950425952578, 15.040186694229385, 24.932874883163155, 4.235563281839817, 11.843393155039807, 4.235563281839817, 25.924564113476688, 24.932874883163155, 28.13621406300758, 20.808489350579876, 30.0, 24.829350485816523, 13.868970865520588, 21.29893654413056, 18.66956141302222, 0.0, 27.483523666915964, 27.483523666915964, 27.483523666915964, 27.483523666915964, 27.483523666915964, 27.483523666915964, 27.483523666915964], [0.704369555742019, 7.604442362389985, 8.119846174403126, 13.093451238782489, 20.21634503546891, 10.234052986871468, 8.814180920870479, 27.483523666915964, 0.0, 0.0, 0.0, 0.0, 0.0, 0.0, 0.0, 13.005095760245155, 5.351762776074583, 17.06544155329546, 21.95236109779362, 8.682442884628694, 25.145572155255863, 17.79279256526039, 25.145572155255863, 5.351762776074583, 8.682442884628694, 0.704369555742019, 7.604442362389985, 8.119846174403126, 13.093451238782489, 20.21634503546891, 10.234052986871468, 8.814180920870479, 27.483523666915964, 0.0, 0.0, 0.0, 0.0, 0.0, 0.0, 0.0], [0.704369555742019, 7.604442362389985, 8.119846174403126, 13.093451238782489, 20.21634503546891, 10.234052986871468, 8.814180920870479, 27.483523666915964, 0.0, 0.0, 0.0, 0.0, 0.0, 0.0, 0.0, 13.005095760245155, 5.351762776074583, 17.06544155329546, 21.95236109779362, 8.682442884628694, 25.145572155255863, 17.79279256526039, 25.145572155255863, 5.351762776074583, 8.682442884628694, 0.704369555742019, 7.604442362389985, 8.119846174403126, 13.093451238782489, 20.21634503546891, 10.234052986871468, 8.814180920870479, 27.483523666915964, 0.0, 0.0, 0.0, 0.0, 0.0, 0.0, 0.0], [0.704369555742019, 7.604442362389985, 8.119846174403126, 13.093451238782489, 20.21634503546891, 10.234052986871468, 8.814180920870479, 27.483523666915964, 0.0, 0.0, 0.0, 0.0, 0.0, 0.0, 0.0, 13.005095760245155, 5.351762776074583, 17.06544155329546, 21.95236109779362, 8.682442884628694, 25.145572155255863, 17.79279256526039, 25.145572155255863, 5.351762776074583, 8.682442884628694, 0.704369555742019, 7.604442362389985, 8.119846174403126, 13.093451238782489, 20.21634503546891, 10.234052986871468, 8.814180920870479, 27.483523666915964, 0.0, 0.0, 0.0, 0.0, 0.0, 0.0, 0.0], [0.704369555742019, 7.604442362389985, 8.119846174403126, 13.093451238782489, 20.21634503546891, 10.234052986871468, 8.814180920870479, 27.483523666915964, 0.0, 0.0, 0.0, 0.0, 0.0, 0.0, 0.0, 13.005095760245155, 5.351762776074583, 17.06544155329546, 21.95236109779362, 8.682442884628694, 25.145572155255863, 17.79279256526039, 25.145572155255863, 5.351762776074583, 8.682442884628694, 0.704369555742019, 7.604442362389985, 8.119846174403126, 13.093451238782489, 20.21634503546891, 10.234052986871468, 8.814180920870479, 27.483523666915964, 0.0, 0.0, 0.0, 0.0, 0.0, 0.0, 0.0], [0.704369555742019, 7.604442362389985, 8.119846174403126, 13.093451238782489, 20.21634503546891, 10.234052986871468, 8.814180920870479, 27.483523666915964, 0.0, 0.0, 0.0, 0.0, 0.0, 0.0, 0.0, 13.005095760245155, 5.351762776074583, 17.06544155329546, 21.95236109779362, 8.682442884628694, 25.145572155255863, 17.79279256526039, 25.145572155255863, 5.351762776074583, 8.682442884628694, 0.704369555742019, 7.604442362389985, 8.119846174403126, 13.093451238782489, 20.21634503546891, 10.234052986871468, 8.814180920870479, 27.483523666915964, 0.0, 0.0, 0.0, 0.0, 0.0, 0.0, 0.0], [0.704369555742019, 7.604442362389985, 8.119846174403126, 13.093451238782489, 20.21634503546891, 10.234052986871468, 8.814180920870479, 27.483523666915964, 0.0, 0.0, 0.0, 0.0, 0.0, 0.0, 0.0, 13.005095760245155, 5.351762776074583, 17.06544155329546, 21.95236109779362, 8.682442884628694, 25.145572155255863, 17.79279256526039, 25.145572155255863, 5.351762776074583, 8.682442884628694, 0.704369555742019, 7.604442362389985, 8.119846174403126, 13.093451238782489, 20.21634503546891, 10.234052986871468, 8.814180920870479, 27.483523666915964, 0.0, 0.0, 0.0, 0.0, 0.0, 0.0, 0.0], [0.704369555742019, 7.604442362389985, 8.119846174403126, 13.093451238782489, 20.21634503546891, 10.234052986871468, 8.814180920870479, 27.483523666915964, 0.0, 0.0, 0.0, 0.0, 0.0, 0.0, 0.0, 13.005095760245155, 5.351762776074583, 17.06544155329546, 21.95236109779362, 8.682442884628694, 25.145572155255863, 17.79279256526039, 25.145572155255863, 5.351762776074583, 8.682442884628694, 0.704369555742019, 7.604442362389985, 8.119846174403126, 13.093451238782489, 20.21634503546891, 10.234052986871468, 8.814180920870479, 27.483523666915964, 0.0, 0.0, 0.0, 0.0, 0.0, 0.0, 0.0], [13.575600489725094, 8.559607888147923, 14.80748836817815, 11.032205085164957, 8.301627466721499, 11.556505840836191, 4.948540774048709, 15.23940514315978, 13.005095760245155, 13.005095760245155, 13.005095760245155, 13.005095760245155, 13.005095760245155, 13.005095760245155, 13.005095760245155, 0.0, 10.694514379359227, 14.668069534808563, 10.487074245114215, 9.902165695016357, 13.988402509637428, 9.692101793706668, 13.988402509637428, 10.694514379359227, 9.902165695016357, 13.575600489725094, 8.559607888147923, 14.80748836817815, 11.032205085164957, 8.301627466721499, 11.556505840836191, 4.948540774048709, 15.23940514315978, 13.005095760245155, 13.005095760245155, 13.005095760245155, 13.005095760245155, 13.005095760245155, 13.005095760245155, 13.005095760245155], [5.397910978701918, 9.465449345650185, 4.613852960667467, 7.755619285258074, 16.37916746375413, 13.164726934011519, 8.362848789973786, 25.924564113476688, 5.351762776074583, 5.351762776074583, 5.351762776074583, 5.351762776074583, 5.351762776074583, 5.351762776074583, 5.351762776074583, 10.694514379359227, 0.0, 19.527340491461267, 17.805685153891755, 3.358461985056149, 24.348463555333165, 18.160246618376437, 24.348463555333165, 0.0, 3.358461985056149, 5.397910978701918, 9.465449345650185, 4.613852960667467, 7.755619285258074, 16.37916746375413, 13.164726934011519, 8.362848789973786, 25.924564113476688, 5.351762776074583, 5.351762776074583, 5.351762776074583, 5.351762776074583, 5.351762776074583, 5.351762776074583, 5.351762776074583], [17.730345809777248, 10.07293679681186, 24.001436648947056, 24.277939125298197, 21.811071617833246, 6.842928592683081, 12.107159984455947, 18.698950425952578, 17.06544155329546, 17.06544155329546, 17.06544155329546, 17.06544155329546, 17.06544155329546, 17.06544155329546, 17.06544155329546, 14.668069534808563, 19.527340491461267, 0.0, 24.092628296385737, 21.176938285532934, 14.650715579116264, 7.37247302624107, 14.650715579116264, 19.527340491461267, 21.176938285532934, 17.730345809777248, 10.07293679681186, 24.001436648947056, 24.277939125298197, 21.811071617833246, 6.842928592683081, 12.107159984455947, 18.698950425952578, 17.06544155329546, 17.06544155329546, 17.06544155329546, 17.06544155329546, 17.06544155329546, 17.06544155329546, 17.06544155329546], [22.35944260739027, 19.001086710685236, 20.22333538289811, 12.749789237156197, 2.2893513410897417, 22.004433227968214, 15.301166234421295, 15.040186694229385, 21.95236109779362, 21.95236109779362, 21.95236109779362, 21.95236109779362, 21.95236109779362, 21.95236109779362, 21.95236109779362, 10.487074245114215, 17.805685153891755, 24.092628296385737, 0.0, 15.17620097865355, 16.68220895926651, 17.455259221335268, 16.68220895926651, 17.805685153891755, 15.17620097865355, 22.35944260739027, 19.001086710685236, 20.22333538289811, 12.749789237156197, 2.2893513410897417, 22.004433227968214, 15.301166234421295, 15.040186694229385, 21.95236109779362, 21.95236109779362, 21.95236109779362, 21.95236109779362, 21.95236109779362, 21.95236109779362, 21.95236109779362], [8.755226171278037, 11.398806290746919, 5.239310532136827, 4.411779864692538, 14.017903200443566, 15.307388382934619, 9.231639274693148, 24.932874883163155, 8.682442884628694, 8.682442884628694, 8.682442884628694, 8.682442884628694, 8.682442884628694, 8.682442884628694, 8.682442884628694, 9.902165695016357, 3.358461985056149, 21.176938285532934, 15.17620097865355, 0.0, 23.889989682414058, 18.64187538332573, 23.889989682414058, 3.358461985056149, 0.0, 8.755226171278037, 11.398806290746919, 5.239310532136827, 4.411779864692538, 14.017903200443566, 15.307388382934619, 9.231639274693148, 24.932874883163155, 8.682442884628694, 8.682442884628694, 8.682442884628694, 8.682442884628694, 8.682442884628694, 8.682442884628694, 8.682442884628694], [25.827639750674482, 18.00338294201511, 28.696500058056607, 24.53675459329506, 15.03681453917132, 17.91180666395944, 16.464118752933636, 4.235563281839817, 25.145572155255863, 25.145572155255863, 25.145572155255863, 25.145572155255863, 25.145572155255863, 25.145572155255863, 25.145572155255863, 13.988402509637428, 24.348463555333165, 14.650715579116264, 16.68220895926651, 23.889989682414058, 0.0, 8.226696650206234, 0.0, 24.348463555333165, 23.889989682414058, 25.827639750674482, 18.00338294201511, 28.696500058056607, 24.53675459329506, 15.03681453917132, 17.91180666395944, 16.464118752933636, 4.235563281839817, 25.145572155255863, 25.145572155255863, 25.145572155255863, 25.145572155255863, 25.145572155255863, 25.145572155255863, 25.145572155255863], [18.494934001551037, 10.282661450579496, 22.750626914154882, 20.60488781830883, 15.238267624927373, 9.698856696749084, 9.800056286618833, 11.843393155039807, 17.79279256526039, 17.79279256526039, 17.79279256526039, 17.79279256526039, 17.79279256526039, 17.79279256526039, 17.79279256526039, 9.692101793706668, 18.160246618376437, 7.37247302624107, 17.455259221335268, 18.64187538332573, 8.226696650206234, 0.0, 8.226696650206234, 18.160246618376437, 18.64187538332573, 18.494934001551037, 10.282661450579496, 22.750626914154882, 20.60488781830883, 15.238267624927373, 9.698856696749084, 9.800056286618833, 11.843393155039807, 17.79279256526039, 17.79279256526039, 17.79279256526039, 17.79279256526039, 17.79279256526039, 17.79279256526039, 17.79279256526039], [25.827639750674482, 18.00338294201511, 28.696500058056607, 24.53675459329506, 15.03681453917132, 17.91180666395944, 16.464118752933636, 4.235563281839817, 25.145572155255863, 25.145572155255863, 25.145572155255863, 25.145572155255863, 25.145572155255863, 25.145572155255863, 25.145572155255863, 13.988402509637428, 24.348463555333165, 14.650715579116264, 16.68220895926651, 23.889989682414058, 0.0, 8.226696650206234, 0.0, 24.348463555333165, 23.889989682414058, 25.827639750674482, 18.00338294201511, 28.696500058056607, 24.53675459329506, 15.03681453917132, 17.91180666395944, 16.464118752933636, 4.235563281839817, 25.145572155255863, 25.145572155255863, 25.145572155255863, 25.145572155255863, 25.145572155255863, 25.145572155255863, 25.145572155255863], [5.397910978701918, 9.465449345650185, 4.613852960667467, 7.755619285258074, 16.37916746375413, 13.164726934011519, 8.362848789973786, 25.924564113476688, 5.351762776074583, 5.351762776074583, 5.351762776074583, 5.351762776074583, 5.351762776074583, 5.351762776074583, 5.351762776074583, 10.694514379359227, 0.0, 19.527340491461267, 17.805685153891755, 3.358461985056149, 24.348463555333165, 18.160246618376437, 24.348463555333165, 0.0, 3.358461985056149, 5.397910978701918, 9.465449345650185, 4.613852960667467, 7.755619285258074, 16.37916746375413, 13.164726934011519, 8.362848789973786, 25.924564113476688, 5.351762776074583, 5.351762776074583, 5.351762776074583, 5.351762776074583, 5.351762776074583, 5.351762776074583, 5.351762776074583], [8.755226171278037, 11.398806290746919, 5.239310532136827, 4.411779864692538, 14.017903200443566, 15.307388382934619, 9.231639274693148, 24.932874883163155, 8.682442884628694, 8.682442884628694, 8.682442884628694, 8.682442884628694, 8.682442884628694, 8.682442884628694, 8.682442884628694, 9.902165695016357, 3.358461985056149, 21.176938285532934, 15.17620097865355, 0.0, 23.889989682414058, 18.64187538332573, 23.889989682414058, 3.358461985056149, 0.0, 8.755226171278037, 11.398806290746919, 5.239310532136827, 4.411779864692538, 14.017903200443566, 15.307388382934619, 9.231639274693148, 24.932874883163155, 8.682442884628694, 8.682442884628694, 8.682442884628694, 8.682442884628694, 8.682442884628694, 8.682442884628694, 8.682442884628694], [0.0, 8.308336542463651, 7.7639530450683765, 13.151345554424012, 20.663297485178905, 10.892979623054664, 9.467928844975907, 28.13621406300758, 0.704369555742019, 0.704369555742019, 0.704369555742019, 0.704369555742019, 0.704369555742019, 0.704369555742019, 0.704369555742019, 13.575600489725094, 5.397910978701918, 17.730345809777248, 22.35944260739027, 8.755226171278037, 25.827639750674482, 18.494934001551037, 25.827639750674482, 5.397910978701918, 8.755226171278037, 0.0, 8.308336542463651, 7.7639530450683765, 13.151345554424012, 20.663297485178905, 10.892979623054664, 9.467928844975907, 28.13621406300758, 0.704369555742019, 0.704369555742019, 0.704369555742019, 0.704369555742019, 0.704369555742019, 0.704369555742019, 0.704369555742019], [8.308336542463651, 0.0, 13.931788022860713, 15.028667948796894, 16.85204779926684, 3.9438258624984326, 3.730505764498331, 20.808489350579876, 7.604442362389985, 7.604442362389985, 7.604442362389985, 7.604442362389985, 7.604442362389985, 7.604442362389985, 7.604442362389985, 8.559607888147923, 9.465449345650185, 10.07293679681186, 19.001086710685236, 11.398806290746919, 18.00338294201511, 10.282661450579496, 18.00338294201511, 9.465449345650185, 11.398806290746919, 8.308336542463651, 0.0, 13.931788022860713, 15.028667948796894, 16.85204779926684, 3.9438258624984326, 3.730505764498331, 20.808489350579876, 7.604442362389985, 7.604442362389985, 7.604442362389985, 7.604442362389985, 7.604442362389985, 7.604442362389985, 7.604442362389985], [7.7639530450683765, 13.931788022860713, 0.0, 8.043033027412616, 19.19603878651495, 17.462804045141517, 12.963436922170843, 30.0, 8.119846174403126, 8.119846174403126, 8.119846174403126, 8.119846174403126, 8.119846174403126, 8.119846174403126, 8.119846174403126, 14.80748836817815, 4.613852960667467, 24.001436648947056, 20.22333538289811, 5.239310532136827, 28.696500058056607, 22.750626914154882, 28.696500058056607, 4.613852960667467, 5.239310532136827, 7.7639530450683765, 13.931788022860713, 0.0, 8.043033027412616, 19.19603878651495, 17.462804045141517, 12.963436922170843, 30.0, 8.119846174403126, 8.119846174403126, 8.119846174403126, 8.119846174403126, 8.119846174403126, 8.119846174403126, 8.119846174403126], [13.151345554424012, 15.028667948796894, 8.043033027412616, 0.0, 12.198941846113172, 18.97038877510708, 12.182353332005132, 24.829350485816523, 13.093451238782489, 13.093451238782489, 13.093451238782489, 13.093451238782489, 13.093451238782489, 13.093451238782489, 13.093451238782489, 11.032205085164957, 7.755619285258074, 24.277939125298197, 12.749789237156197, 4.411779864692538, 24.53675459329506, 20.60488781830883, 24.53675459329506, 7.755619285258074, 4.411779864692538, 13.151345554424012, 15.028667948796894, 8.043033027412616, 0.0, 12.198941846113172, 18.97038877510708, 12.182353332005132, 24.829350485816523, 13.093451238782489, 13.093451238782489, 13.093451238782489, 13.093451238782489, 13.093451238782489, 13.093451238782489, 13.093451238782489], [20.663297485178905, 16.85204779926684, 19.19603878651495, 12.198941846113172, 0.0, 19.768744372758917, 13.18185361663771, 13.868970865520588, 20.21634503546891, 20.21634503546891, 20.21634503546891, 20.21634503546891, 20.21634503546891, 20.21634503546891, 20.21634503546891, 8.301627466721499, 16.37916746375413, 21.811071617833246, 2.2893513410897417, 14.017903200443566, 15.03681453917132, 15.238267624927373, 15.03681453917132, 16.37916746375413, 14.017903200443566, 20.663297485178905, 16.85204779926684, 19.19603878651495, 12.198941846113172, 0.0, 19.768744372758917, 13.18185361663771, 13.868970865520588, 20.21634503546891, 20.21634503546891, 20.21634503546891, 20.21634503546891, 20.21634503546891, 20.21634503546891, 20.21634503546891], [10.892979623054664, 3.9438258624984326, 17.462804045141517, 18.97038877510708, 19.768744372758917, 0.0, 7.266704258589994, 21.29893654413056, 10.234052986871468, 10.234052986871468, 10.234052986871468, 10.234052986871468, 10.234052986871468, 10.234052986871468, 10.234052986871468, 11.556505840836191, 13.164726934011519, 6.842928592683081, 22.004433227968214, 15.307388382934619, 17.91180666395944, 9.698856696749084, 17.91180666395944, 13.164726934011519, 15.307388382934619, 10.892979623054664, 3.9438258624984326, 17.462804045141517, 18.97038877510708, 19.768744372758917, 0.0, 7.266704258589994, 21.29893654413056, 10.234052986871468, 10.234052986871468, 10.234052986871468, 10.234052986871468, 10.234052986871468, 10.234052986871468, 10.234052986871468], [9.467928844975907, 3.730505764498331, 12.963436922170843, 12.182353332005132, 13.18185361663771, 7.266704258589994, 0.0, 18.66956141302222, 8.814180920870479, 8.814180920870479, 8.814180920870479, 8.814180920870479, 8.814180920870479, 8.814180920870479, 8.814180920870479, 4.948540774048709, 8.362848789973786, 12.107159984455947, 15.301166234421295, 9.231639274693148, 16.464118752933636, 9.800056286618833, 16.464118752933636, 8.362848789973786, 9.231639274693148, 9.467928844975907, 3.730505764498331, 12.963436922170843, 12.182353332005132, 13.18185361663771, 7.266704258589994, 0.0, 18.66956141302222, 8.814180920870479, 8.814180920870479, 8.814180920870479, 8.814180920870479, 8.814180920870479, 8.814180920870479, 8.814180920870479], [28.13621406300758, 20.808489350579876, 30.0, 24.829350485816523, 13.868970865520588, 21.29893654413056, 18.66956141302222, 0.0, 27.483523666915964, 27.483523666915964, 27.483523666915964, 27.483523666915964, 27.483523666915964, 27.483523666915964, 27.483523666915964, 15.23940514315978, 25.924564113476688, 18.698950425952578, 15.040186694229385, 24.932874883163155, 4.235563281839817, 11.843393155039807, 4.235563281839817, 25.924564113476688, 24.932874883163155, 28.13621406300758, 20.808489350579876, 30.0, 24.829350485816523, 13.868970865520588, 21.29893654413056, 18.66956141302222, 0.0, 27.483523666915964, 27.483523666915964, 27.483523666915964, 27.483523666915964, 27.483523666915964, 27.483523666915964, 27.483523666915964], [0.704369555742019, 7.604442362389985, 8.119846174403126, 13.093451238782489, 20.21634503546891, 10.234052986871468, 8.814180920870479, 27.483523666915964, 0.0, 0.0, 0.0, 0.0, 0.0, 0.0, 0.0, 13.005095760245155, 5.351762776074583, 17.06544155329546, 21.95236109779362, 8.682442884628694, 25.145572155255863, 17.79279256526039, 25.145572155255863, 5.351762776074583, 8.682442884628694, 0.704369555742019, 7.604442362389985, 8.119846174403126, 13.093451238782489, 20.21634503546891, 10.234052986871468, 8.814180920870479, 27.483523666915964, 0.0, 0.0, 0.0, 0.0, 0.0, 0.0, 0.0], [0.704369555742019, 7.604442362389985, 8.119846174403126, 13.093451238782489, 20.21634503546891, 10.234052986871468, 8.814180920870479, 27.483523666915964, 0.0, 0.0, 0.0, 0.0, 0.0, 0.0, 0.0, 13.005095760245155, 5.351762776074583, 17.06544155329546, 21.95236109779362, 8.682442884628694, 25.145572155255863, 17.79279256526039, 25.145572155255863, 5.351762776074583, 8.682442884628694, 0.704369555742019, 7.604442362389985, 8.119846174403126, 13.093451238782489, 20.21634503546891, 10.234052986871468, 8.814180920870479, 27.483523666915964, 0.0, 0.0, 0.0, 0.0, 0.0, 0.0, 0.0], [0.704369555742019, 7.604442362389985, 8.119846174403126, 13.093451238782489, 20.21634503546891, 10.234052986871468, 8.814180920870479, 27.483523666915964, 0.0, 0.0, 0.0, 0.0, 0.0, 0.0, 0.0, 13.005095760245155, 5.351762776074583, 17.06544155329546, 21.95236109779362, 8.682442884628694, 25.145572155255863, 17.79279256526039, 25.145572155255863, 5.351762776074583, 8.682442884628694, 0.704369555742019, 7.604442362389985, 8.119846174403126, 13.093451238782489, 20.21634503546891, 10.234052986871468, 8.814180920870479, 27.483523666915964, 0.0, 0.0, 0.0, 0.0, 0.0, 0.0, 0.0], [0.704369555742019, 7.604442362389985, 8.119846174403126, 13.093451238782489, 20.21634503546891, 10.234052986871468, 8.814180920870479, 27.483523666915964, 0.0, 0.0, 0.0, 0.0, 0.0, 0.0, 0.0, 13.005095760245155, 5.351762776074583, 17.06544155329546, 21.95236109779362, 8.682442884628694, 25.145572155255863, 17.79279256526039, 25.145572155255863, 5.351762776074583, 8.682442884628694, 0.704369555742019, 7.604442362389985, 8.119846174403126, 13.093451238782489, 20.21634503546891, 10.234052986871468, 8.814180920870479, 27.483523666915964, 0.0, 0.0, 0.0, 0.0, 0.0, 0.0, 0.0], [0.704369555742019, 7.604442362389985, 8.119846174403126, 13.093451238782489, 20.21634503546891, 10.234052986871468, 8.814180920870479, 27.483523666915964, 0.0, 0.0, 0.0, 0.0, 0.0, 0.0, 0.0, 13.005095760245155, 5.351762776074583, 17.06544155329546, 21.95236109779362, 8.682442884628694, 25.145572155255863, 17.79279256526039, 25.145572155255863, 5.351762776074583, 8.682442884628694, 0.704369555742019, 7.604442362389985, 8.119846174403126, 13.093451238782489, 20.21634503546891, 10.234052986871468, 8.814180920870479, 27.483523666915964, 0.0, 0.0, 0.0, 0.0, 0.0, 0.0, 0.0], [0.704369555742019, 7.604442362389985, 8.119846174403126, 13.093451238782489, 20.21634503546891, 10.234052986871468, 8.814180920870479, 27.483523666915964, 0.0, 0.0, 0.0, 0.0, 0.0, 0.0, 0.0, 13.005095760245155, 5.351762776074583, 17.06544155329546, 21.95236109779362, 8.682442884628694, 25.145572155255863, 17.79279256526039, 25.145572155255863, 5.351762776074583, 8.682442884628694, 0.704369555742019, 7.604442362389985, 8.119846174403126, 13.093451238782489, 20.21634503546891, 10.234052986871468, 8.814180920870479, 27.483523666915964, 0.0, 0.0, 0.0, 0.0, 0.0, 0.0, 0.0], [0.704369555742019, 7.604442362389985, 8.119846174403126, 13.093451238782489, 20.21634503546891, 10.234052986871468, 8.814180920870479, 27.483523666915964, 0.0, 0.0, 0.0, 0.0, 0.0, 0.0, 0.0, 13.005095760245155, 5.351762776074583, 17.06544155329546, 21.95236109779362, 8.682442884628694, 25.145572155255863, 17.79279256526039, 25.145572155255863, 5.351762776074583, 8.682442884628694, 0.704369555742019, 7.604442362389985, 8.119846174403126, 13.093451238782489, 20.21634503546891, 10.234052986871468, 8.814180920870479, 27.483523666915964, 0.0, 0.0, 0.0, 0.0, 0.0, 0.0, 0.0]], "M": 99999999.0}