{"num_workers": 15, "num_roles": 3, "num_nodes": 40, "w": [[240, 240], [90, 90], [90, 90], [30, 30], [270, 270], [90, 90], [0, 0], [0, 0], [0, 0], [0, 0], [0, 0], [0, 0], [0, 0], [0, 0], [0, 0], [90, 390], [60, 390], [120, 360], [300, 390], [90, 330], [150, 420], [300, 450], [300, 450], [120, 360], [300, 390], [390, 390], [330, 330], [300, 300], [360, 360], [420, 420], [300, 300], [420, 420], [270, 270], [480, 480], [480, 480], [480, 480], [480, 480], [480, 480], [480, 480], [480, 480]], "p": [0, 0, 0, 0, 0, 0, 0, 0, 0, 0, 0, 0, 0, 0, 0, 26.688558123434113, 43.41548913595022, 58.997971950794266, 51.54926924084456, 40.155011720661, 34.29650329870009, 39.02913193937775, 19.514565969688874, 29.498985975397133, 25.77463462042228, 0, 0, 0, 0, 0, 0, 0, 0, 0, 0, 0, 0, 0, 0, 0], "e": [[1, 0, 1], [1, 1, 0], [0, 1, 1], [1, 1, 0], [1, 1, 0], [0, 1, 1], [0, 1, 0], [1, 1, 0], [0, 1, 1], [0, 1, 1], [0, 1, 0], [0, 1, 0], [0, 1, 0], [1, 0, 0], [0, 0, 1]], "d": [[0, 1, 1, 2, 1, 1, 1, 2, 2, 4], [2, 0, 0, 1, 1, 0, 0, 0, 0, 2], [1, 2, 2, 0, 1, 2, 2, 4, 4, 0]], "r": [1692, 1235, 3195, 3524, 2522, 321, 2194, 2194, 3195, 3524], "g": [[0, 0, 0, 0, 0, 0, 0, 0, 0, 0], [0, 0, 0, 0, 0, 0, 0, 0, 0, 0], [0, 0, 0, 0, 0, 0, 0, 0, 1, 0], [0, 0, 0, 0, 0, 0, 0, 0, 0, 1], [0, 0, 0, 0, 0, 0, 0, 0, 0, 0], [0, 0, 0, 0, 0, 0, 0, 0, 0, 0], [0, 0, 0, 0, 0, 0, 0, 1, 0, 0], [0, 0, 0, 0, 0, 0, 1, 0, 0, 0], [0, 0, 1, 0, 0, 0, 0, 0, 0, 0], [0, 0, 0, 1, 0, 0, 0, 0, 0, 0]], "t": [[0.0, 15.543312731430678, 4.771490109550674, 2.486568557895973, 19.527278431244888, 16.293948124118252, 14.133412078806996, 15.885358601270227, 6.031558553589904, 6.031558553589904, 6.031558553589904, 6.031558553589904, 6.031558553589904, 6.031558553589904, 6.031558553589904, 5.2445830557686, 22.656007541494287, 7.191272684174705, 16.555807592590323, 13.81486375285259, 13.321542024935773, 15.75347050048087, 15.75347050048087, 7.191272684174705, 16.555807592590323, 0.0, 15.543312731430678, 4.771490109550674, 2.486568557895973, 19.527278431244888, 16.293948124118252, 14.133412078806996, 15.885358601270227, 6.031558553589904, 6.031558553589904, 6.031558553589904, 6.031558553589904, 6.031558553589904, 6.031558553589904, 6.031558553589904], [15.543312731430678, 0.0, 14.779410355439504, 16.894255794550133, 14.527536631840626, 15.282971274667643, 2.2015921569152335, 14.933693805823168, 18.2337943842234, 18.2337943842234, 18.2337943842234, 18.2337943842234, 18.2337943842234, 18.2337943842234, 18.2337943842234, 11.928297580522202, 15.250673752542083, 13.582437376597763, 11.168066460242759, 14.1796180490923, 2.3038551253620514, 16.201347062683016, 16.201347062683016, 13.582437376597763, 11.168066460242759, 15.543312731430678, 0.0, 14.779410355439504, 16.894255794550133, 14.527536631840626, 15.282971274667643, 2.2015921569152335, 14.933693805823168, 18.2337943842234, 18.2337943842234, 18.2337943842234, 18.2337943842234, 18.2337943842234, 18.2337943842234, 18.2337943842234], [4.771490109550674, 14.779410355439504, 0.0, 3.580553778636068, 22.250814394358006, 19.664720722765143, 12.900418402953484, 19.23204312287028, 3.4583063293180007, 3.4583063293180007, 3.4583063293180007, 3.4583063293180007, 3.4583063293180007, 3.4583063293180007, 3.4583063293180007, 8.25384671154381, 18.668178386618187, 11.006185165043696, 18.904900837205616, 17.240297701913594, 12.481253764501067, 11.077694449539873, 11.077694449539873, 11.006185165043696, 18.904900837205616, 4.771490109550674, 14.779410355439504, 0.0, 3.580553778636068, 22.250814394358006, 19.664720722765143, 12.900418402953484, 19.23204312287028, 3.4583063293180007, 3.4583063293180007, 3.4583063293180007, 3.4583063293180007, 3.4583063293180007, 3.4583063293180007, 3.4583063293180007], [2.486568557895973, 16.894255794550133, 3.580553778636068, 0.0, 21.95203752256394, 18.776388741714758, 15.262546801727877, 18.366330629666397, 3.639912989873564, 3.639912989873564, 3.639912989873564, 3.639912989873564, 3.639912989873564, 3.639912989873564, 3.639912989873564, 7.608173545475157, 22.22933671789345, 9.677841226544917, 18.90768962546431, 16.297585171229947, 14.6090851163807, 14.541171271189686, 14.541171271189686, 9.677841226544917, 18.90768962546431, 2.486568557895973, 16.894255794550133, 3.580553778636068, 0.0, 21.95203752256394, 18.776388741714758, 15.262546801727877, 18.366330629666397, 3.639912989873564, 3.639912989873564, 3.639912989873564, 3.639912989873564, 3.639912989873564, 3.639912989873564, 3.639912989873564], [19.527278431244888, 14.527536631840626, 22.250814394358006, 21.95203752256394, 0.0, 4.4947202344372, 15.974642293928946, 4.656821279079155, 25.09429220351373, 25.09429220351373, 25.09429220351373, 25.09429220351373, 25.09429220351373, 25.09429220351373, 25.09429220351373, 14.358295549979657, 29.756723217036146, 12.650879530578717, 3.6409645944074795, 6.405647485431515, 14.909440812832486, 28.915466866573176, 28.915466866573176, 12.650879530578717, 3.6409645944074795, 19.527278431244888, 14.527536631840626, 22.250814394358006, 21.95203752256394, 0.0, 4.4947202344372, 15.974642293928946, 4.656821279079155, 25.09429220351373, 25.09429220351373, 25.09429220351373, 25.09429220351373, 25.09429220351373, 25.09429220351373, 25.09429220351373], [16.293948124118252, 15.282971274667643, 19.664720722765143, 18.776388741714758, 4.4947202344372, 0.0, 16.195990584206456, 0.4408819665850454, 22.158855967201355, 22.158855967201355, 22.158855967201355, 22.158855967201355, 22.158855967201355, 22.158855967201355, 22.158855967201355, 11.437102542930194, 30.0, 9.127373237496037, 4.791671422390552, 2.4791780716148266, 14.973921413483147, 27.70819948336267, 27.70819948336267, 9.127373237496037, 4.791671422390552, 16.293948124118252, 15.282971274667643, 19.664720722765143, 18.776388741714758, 4.4947202344372, 0.0, 16.195990584206456, 0.4408819665850454, 22.158855967201355, 22.158855967201355, 22.158855967201355, 22.158855967201355, 22.158855967201355, 22.158855967201355, 22.158855967201355], [14.133412078806996, 2.2015921569152335, 12.900418402953484, 15.262546801727877, 15.974642293928946, 16.195990584206456, 0.0, 15.814919171371457, 16.333513108227027, 16.333513108227027, 16.333513108227027, 16.333513108227027, 16.333513108227027, 16.333513108227027, 16.333513108227027, 11.104432267599375, 13.866392452334056, 13.167416213987655, 12.462973753770383, 14.800264698294514, 1.2763135643408707, 14.059789521600353, 14.059789521600353, 13.167416213987655, 12.462973753770383, 14.133412078806996, 2.2015921569152335, 12.900418402953484, 15.262546801727877, 15.974642293928946, 16.195990584206456, 0.0, 15.814919171371457, 16.333513108227027, 16.333513108227027, 16.333513108227027, 16.333513108227027, 16.333513108227027, 16.333513108227027, 16.333513108227027], [15.885358601270227, 14.933693805823168, 19.23204312287028, 18.366330629666397, 4.656821279079155, 0.4408819665850454, 15.814919171371457, 0.0, 21.73884452979346, 21.73884452979346, 21.73884452979346, 21.73884452979346, 21.73884452979346, 21.73884452979346, 21.73884452979346, 11.008806516471344, 29.605685548309943, 8.728338425315673, 4.607944689583922, 2.07777548824597, 14.587771775394614, 27.271497948923233, 27.271497948923233, 8.728338425315673, 4.607944689583922, 15.885358601270227, 14.933693805823168, 19.23204312287028, 18.366330629666397, 4.656821279079155, 0.4408819665850454, 15.814919171371457, 0.0, 21.73884452979346, 21.73884452979346, 21.73884452979346, 21.73884452979346, 21.73884452979346, 21.73884452979346, 21.73884452979346], [6.031558553589904, 18.2337943842234, 3.4583063293180007, 3.639912989873564, 25.09429220351373, 22.158855967201355, 16.333513108227027, 21.73884452979346, 0.0, 0.0, 0.0, 0.0, 0.0, 0.0, 0.0, 10.781112800612993, 20.812372460365232, 13.148126771690986, 21.88250426678309, 19.68908373365465, 15.9372856826164, 12.211579670285975, 12.211579670285975, 13.148126771690986, 21.88250426678309, 6.031558553589904, 18.2337943842234, 3.4583063293180007, 3.639912989873564, 25.09429220351373, 22.158855967201355, 16.333513108227027, 21.73884452979346, 0.0, 0.0, 0.0, 0.0, 0.0, 0.0, 0.0], [6.031558553589904, 18.2337943842234, 3.4583063293180007, 3.639912989873564, 25.09429220351373, 22.158855967201355, 16.333513108227027, 21.73884452979346, 0.0, 0.0, 0.0, 0.0, 0.0, 0.0, 0.0, 10.781112800612993, 20.812372460365232, 13.148126771690986, 21.88250426678309, 19.68908373365465, 15.9372856826164, 12.211579670285975, 12.211579670285975, 13.148126771690986, 21.88250426678309, 6.031558553589904, 18.2337943842234, 3.4583063293180007, 3.639912989873564, 25.09429220351373, 22.158855967201355, 16.333513108227027, 21.73884452979346, 0.0, 0.0, 0.0, 0.0, 0.0, 0.0, 0.0], [6.031558553589904, 18.2337943842234, 3.4583063293180007, 3.639912989873564, 25.09429220351373, 22.158855967201355, 16.333513108227027, 21.73884452979346, 0.0, 0.0, 0.0, 0.0, 0.0, 0.0, 0.0, 10.781112800612993, 20.812372460365232, 13.148126771690986, 21.88250426678309, 19.68908373365465, 15.9372856826164, 12.211579670285975, 12.211579670285975, 13.148126771690986, 21.88250426678309, 6.031558553589904, 18.2337943842234, 3.4583063293180007, 3.639912989873564, 25.09429220351373, 22.158855967201355, 16.333513108227027, 21.73884452979346, 0.0, 0.0, 0.0, 0.0, 0.0, 0.0, 0.0], [6.031558553589904, 18.2337943842234, 3.4583063293180007, 3.639912989873564, 25.09429220351373, 22.158855967201355, 16.333513108227027, 21.73884452979346, 0.0, 0.0, 0.0, 0.0, 0.0, 0.0, 0.0, 10.781112800612993, 20.812372460365232, 13.148126771690986, 21.88250426678309, 19.68908373365465, 15.9372856826164, 12.211579670285975, 12.211579670285975, 13.148126771690986, 21.88250426678309, 6.031558553589904, 18.2337943842234, 3.4583063293180007, 3.639912989873564, 25.09429220351373, 22.158855967201355, 16.333513108227027, 21.73884452979346, 0.0, 0.0, 0.0, 0.0, 0.0, 0.0, 0.0], [6.031558553589904, 18.2337943842234, 3.4583063293180007, 3.639912989873564, 25.09429220351373, 22.158855967201355, 16.333513108227027, 21.73884452979346, 0.0, 0.0, 0.0, 0.0, 0.0, 0.0, 0.0, 10.781112800612993, 20.812372460365232, 13.148126771690986, 21.88250426678309, 19.68908373365465, 15.9372856826164, 12.211579670285975, 12.211579670285975, 13.148126771690986, 21.88250426678309, 6.031558553589904, 18.2337943842234, 3.4583063293180007, 3.639912989873564, 25.09429220351373, 22.158855967201355, 16.333513108227027, 21.73884452979346, 0.0, 0.0, 0.0, 0.0, 0.0, 0.0, 0.0], [6.031558553589904, 18.2337943842234, 3.4583063293180007, 3.639912989873564, 25.09429220351373, 22.158855967201355, 16.333513108227027, 21.73884452979346, 0.0, 0.0, 0.0, 0.0, 0.0, 0.0, 0.0, 10.781112800612993, 20.812372460365232, 13.148126771690986, 21.88250426678309, 19.68908373365465, 15.9372856826164, 12.211579670285975, 12.211579670285975, 13.148126771690986, 21.88250426678309, 6.031558553589904, 18.2337943842234, 3.4583063293180007, 3.639912989873564, 25.09429220351373, 22.158855967201355, 16.333513108227027, 21.73884452979346, 0.0, 0.0, 0.0, 0.0, 0.0, 0.0, 0.0], [6.031558553589904, 18.2337943842234, 3.4583063293180007, 3.639912989873564, 25.09429220351373, 22.158855967201355, 16.333513108227027, 21.73884452979346, 0.0, 0.0, 0.0, 0.0, 0.0, 0.0, 0.0, 10.781112800612993, 20.812372460365232, 13.148126771690986, 21.88250426678309, 19.68908373365465, 15.9372856826164, 12.211579670285975, 12.211579670285975, 13.148126771690986, 21.88250426678309, 6.031558553589904, 18.2337943842234, 3.4583063293180007, 3.639912989873564, 25.09429220351373, 22.158855967201355, 16.333513108227027, 21.73884452979346, 0.0, 0.0, 0.0, 0.0, 0.0, 0.0, 0.0], [5.2445830557686, 11.928297580522202, 8.25384671154381, 7.608173545475157, 14.358295549979657, 11.437102542930194, 11.104432267599375, 11.008806516471344, 10.781112800612993, 10.781112800612993, 10.781112800612993, 10.781112800612993, 10.781112800612993, 10.781112800612993, 10.781112800612993, 0.0, 22.447908151501437, 3.0411858037197814, 11.314329856817249, 8.994875812882912, 10.004829444991953, 17.550275813226424, 17.550275813226424, 3.0411858037197814, 11.314329856817249, 5.2445830557686, 11.928297580522202, 8.25384671154381, 7.608173545475157, 14.358295549979657, 11.437102542930194, 11.104432267599375, 11.008806516471344, 10.781112800612993, 10.781112800612993, 10.781112800612993, 10.781112800612993, 10.781112800612993, 10.781112800612993, 10.781112800612993], [22.656007541494287, 15.250673752542083, 18.668178386618187, 22.22933671789345, 29.756723217036146, 30.0, 13.866392452334056, 29.605685548309943, 20.812372460365232, 20.812372460365232, 20.812372460365232, 20.812372460365232, 20.812372460365232, 20.812372460365232, 20.812372460365232, 22.447908151501437, 0.0, 25.26495979030259, 26.306985483601466, 28.42186689558236, 15.04540764821029, 9.571623754655423, 9.571623754655423, 25.26495979030259, 26.306985483601466, 22.656007541494287, 15.250673752542083, 18.668178386618187, 22.22933671789345, 29.756723217036146, 30.0, 13.866392452334056, 29.605685548309943, 20.812372460365232, 20.812372460365232, 20.812372460365232, 20.812372460365232, 20.812372460365232, 20.812372460365232, 20.812372460365232], [7.191272684174705, 13.582437376597763, 11.006185165043696, 9.677841226544917, 12.650879530578717, 9.127373237496037, 13.167416213987655, 8.728338425315673, 13.148126771690986, 13.148126771690986, 13.148126771690986, 13.148126771690986, 13.148126771690986, 13.148126771690986, 13.148126771690986, 3.0411858037197814, 25.26495979030259, 0.0, 10.123612118545822, 6.651031207920996, 11.961530314105364, 20.5914110213502, 20.5914110213502, 0.0, 10.123612118545822, 7.191272684174705, 13.582437376597763, 11.006185165043696, 9.677841226544917, 12.650879530578717, 9.127373237496037, 13.167416213987655, 8.728338425315673, 13.148126771690986, 13.148126771690986, 13.148126771690986, 13.148126771690986, 13.148126771690986, 13.148126771690986, 13.148126771690986], [16.555807592590323, 11.168066460242759, 18.904900837205616, 18.90768962546431, 3.6409645944074795, 4.791671422390552, 12.462973753770383, 4.607944689583922, 21.88250426678309, 21.88250426678309, 21.88250426678309, 21.88250426678309, 21.88250426678309, 21.88250426678309, 21.88250426678309, 11.314329856817249, 26.306985483601466, 10.123612118545822, 0.0, 5.206848596974027, 11.354624738239224, 25.2754318075421, 25.2754318075421, 10.123612118545822, 0.0, 16.555807592590323, 11.168066460242759, 18.904900837205616, 18.90768962546431, 3.6409645944074795, 4.791671422390552, 12.462973753770383, 4.607944689583922, 21.88250426678309, 21.88250426678309, 21.88250426678309, 21.88250426678309, 21.88250426678309, 21.88250426678309, 21.88250426678309], [13.81486375285259, 14.1796180490923, 17.240297701913594, 16.297585171229947, 6.405647485431515, 2.4791780716148266, 14.800264698294514, 2.07777548824597, 19.68908373365465, 19.68908373365465, 19.68908373365465, 19.68908373365465, 19.68908373365465, 19.68908373365465, 19.68908373365465, 8.994875812882912, 28.42186689558236, 6.651031207920996, 5.206848596974027, 0.0, 13.539328738940668, 25.59272480238753, 25.59272480238753, 6.651031207920996, 5.206848596974027, 13.81486375285259, 14.1796180490923, 17.240297701913594, 16.297585171229947, 6.405647485431515, 2.4791780716148266, 14.800264698294514, 2.07777548824597, 19.68908373365465, 19.68908373365465, 19.68908373365465, 19.68908373365465, 19.68908373365465, 19.68908373365465, 19.68908373365465], [13.321542024935773, 2.3038551253620514, 12.481253764501067, 14.6090851163807, 14.909440812832486, 14.973921413483147, 1.2763135643408707, 14.587771775394614, 15.9372856826164, 15.9372856826164, 15.9372856826164, 15.9372856826164, 15.9372856826164, 15.9372856826164, 15.9372856826164, 10.004829444991953, 15.04540764821029, 11.961530314105364, 11.354624738239224, 13.539328738940668, 0.0, 14.67213088487501, 14.67213088487501, 11.961530314105364, 11.354624738239224, 13.321542024935773, 2.3038551253620514, 12.481253764501067, 14.6090851163807, 14.909440812832486, 14.973921413483147, 1.2763135643408707, 14.587771775394614, 15.9372856826164, 15.9372856826164, 15.9372856826164, 15.9372856826164, 15.9372856826164, 15.9372856826164, 15.9372856826164], [15.75347050048087, 16.201347062683016, 11.077694449539873, 14.541171271189686, 28.915466866573176, 27.70819948336267, 14.059789521600353, 27.271497948923233, 12.211579670285975, 12.211579670285975, 12.211579670285975, 12.211579670285975, 12.211579670285975, 12.211579670285975, 12.211579670285975, 17.550275813226424, 9.571623754655423, 20.5914110213502, 25.2754318075421, 25.59272480238753, 14.67213088487501, 0.0, 0.0, 20.5914110213502, 25.2754318075421, 15.75347050048087, 16.201347062683016, 11.077694449539873, 14.541171271189686, 28.915466866573176, 27.70819948336267, 14.059789521600353, 27.271497948923233, 12.211579670285975, 12.211579670285975, 12.211579670285975, 12.211579670285975, 12.211579670285975, 12.211579670285975, 12.211579670285975], [15.75347050048087, 16.201347062683016, 11.077694449539873, 14.541171271189686, 28.915466866573176, 27.70819948336267, 14.059789521600353, 27.271497948923233, 12.211579670285975, 12.211579670285975, 12.211579670285975, 12.211579670285975, 12.211579670285975, 12.211579670285975, 12.211579670285975, 17.550275813226424, 9.571623754655423, 20.5914110213502, 25.2754318075421, 25.59272480238753, 14.67213088487501, 0.0, 0.0, 20.5914110213502, 25.2754318075421, 15.75347050048087, 16.201347062683016, 11.077694449539873, 14.541171271189686, 28.915466866573176, 27.70819948336267, 14.059789521600353, 27.271497948923233, 12.211579670285975, 12.211579670285975, 12.211579670285975, 12.211579670285975, 12.211579670285975, 12.211579670285975, 12.211579670285975], [7.191272684174705, 13.582437376597763, 11.006185165043696, 9.677841226544917, 12.650879530578717, 9.127373237496037, 13.167416213987655, 8.728338425315673, 13.148126771690986, 13.148126771690986, 13.148126771690986, 13.148126771690986, 13.148126771690986, 13.148126771690986, 13.148126771690986, 3.0411858037197814, 25.26495979030259, 0.0, 10.123612118545822, 6.651031207920996, 11.961530314105364, 20.5914110213502, 20.5914110213502, 0.0, 10.123612118545822, 7.191272684174705, 13.582437376597763, 11.006185165043696, 9.677841226544917, 12.650879530578717, 9.127373237496037, 13.167416213987655, 8.728338425315673, 13.148126771690986, 13.148126771690986, 13.148126771690986, 13.148126771690986, 13.148126771690986, 13.148126771690986, 13.148126771690986], [16.555807592590323, 11.168066460242759, 18.904900837205616, 18.90768962546431, 3.6409645944074795, 4.791671422390552, 12.462973753770383, 4.607944689583922, 21.88250426678309, 21.88250426678309, 21.88250426678309, 21.88250426678309, 21.88250426678309, 21.88250426678309, 21.88250426678309, 11.314329856817249, 26.306985483601466, 10.123612118545822, 0.0, 5.206848596974027, 11.354624738239224, 25.2754318075421, 25.2754318075421, 10.123612118545822, 0.0, 16.555807592590323, 11.168066460242759, 18.904900837205616, 18.90768962546431, 3.6409645944074795, 4.791671422390552, 12.462973753770383, 4.607944689583922, 21.88250426678309, 21.88250426678309, 21.88250426678309, 21.88250426678309, 21.88250426678309, 21.88250426678309, 21.88250426678309], [0.0, 15.543312731430678, 4.771490109550674, 2.486568557895973, 19.527278431244888, 16.293948124118252, 14.133412078806996, 15.885358601270227, 6.031558553589904, 6.031558553589904, 6.031558553589904, 6.031558553589904, 6.031558553589904, 6.031558553589904, 6.031558553589904, 5.2445830557686, 22.656007541494287, 7.191272684174705, 16.555807592590323, 13.81486375285259, 13.321542024935773, 15.75347050048087, 15.75347050048087, 7.191272684174705, 16.555807592590323, 0.0, 15.543312731430678, 4.771490109550674, 2.486568557895973, 19.527278431244888, 16.293948124118252, 14.133412078806996, 15.885358601270227, 6.031558553589904, 6.031558553589904, 6.031558553589904, 6.031558553589904, 6.031558553589904, 6.031558553589904, 6.031558553589904], [15.543312731430678, 0.0, 14.779410355439504, 16.894255794550133, 14.527536631840626, 15.282971274667643, 2.2015921569152335, 14.933693805823168, 18.2337943842234, 18.2337943842234, 18.2337943842234, 18.2337943842234, 18.2337943842234, 18.2337943842234, 18.2337943842234, 11.928297580522202, 15.250673752542083, 13.582437376597763, 11.168066460242759, 14.1796180490923, 2.3038551253620514, 16.201347062683016, 16.201347062683016, 13.582437376597763, 11.168066460242759, 15.543312731430678, 0.0, 14.779410355439504, 16.894255794550133, 14.527536631840626, 15.282971274667643, 2.2015921569152335, 14.933693805823168, 18.2337943842234, 18.2337943842234, 18.2337943842234, 18.2337943842234, 18.2337943842234, 18.2337943842234, 18.2337943842234], [4.771490109550674, 14.779410355439504, 0.0, 3.580553778636068, 22.250814394358006, 19.664720722765143, 12.900418402953484, 19.23204312287028, 3.4583063293180007, 3.4583063293180007, 3.4583063293180007, 3.4583063293180007, 3.4583063293180007, 3.4583063293180007, 3.4583063293180007, 8.25384671154381, 18.668178386618187, 11.006185165043696, 18.904900837205616, 17.240297701913594, 12.481253764501067, 11.077694449539873, 11.077694449539873, 11.006185165043696, 18.904900837205616, 4.771490109550674, 14.779410355439504, 0.0, 3.580553778636068, 22.250814394358006, 19.664720722765143, 12.900418402953484, 19.23204312287028, 3.4583063293180007, 3.4583063293180007, 3.4583063293180007, 3.4583063293180007, 3.4583063293180007, 3.4583063293180007, 3.4583063293180007], [2.486568557895973, 16.894255794550133, 3.580553778636068, 0.0, 21.95203752256394, 18.776388741714758, 15.262546801727877, 18.366330629666397, 3.639912989873564, 3.639912989873564, 3.639912989873564, 3.639912989873564, 3.639912989873564, 3.639912989873564, 3.639912989873564, 7.608173545475157, 22.22933671789345, 9.677841226544917, 18.90768962546431, 16.297585171229947, 14.6090851163807, 14.541171271189686, 14.541171271189686, 9.677841226544917, 18.90768962546431, 2.486568557895973, 16.894255794550133, 3.580553778636068, 0.0, 21.95203752256394, 18.776388741714758, 15.262546801727877, 18.366330629666397, 3.639912989873564, 3.639912989873564, 3.639912989873564, 3.639912989873564, 3.639912989873564, 3.639912989873564, 3.639912989873564], [19.527278431244888, 14.527536631840626, 22.250814394358006, 21.95203752256394, 0.0, 4.4947202344372, 15.974642293928946, 4.656821279079155, 25.09429220351373, 25.09429220351373, 25.09429220351373, 25.09429220351373, 25.09429220351373, 25.09429220351373, 25.09429220351373, 14.358295549979657, 29.756723217036146, 12.650879530578717, 3.6409645944074795, 6.405647485431515, 14.909440812832486, 28.915466866573176, 28.915466866573176, 12.650879530578717, 3.6409645944074795, 19.527278431244888, 14.527536631840626, 22.250814394358006, 21.95203752256394, 0.0, 4.4947202344372, 15.974642293928946, 4.656821279079155, 25.09429220351373, 25.09429220351373, 25.09429220351373, 25.09429220351373, 25.09429220351373, 25.09429220351373, 25.09429220351373], [16.293948124118252, 15.282971274667643, 19.664720722765143, 18.776388741714758, 4.4947202344372, 0.0, 16.195990584206456, 0.4408819665850454, 22.158855967201355, 22.158855967201355, 22.158855967201355, 22.158855967201355, 22.158855967201355, 22.158855967201355, 22.158855967201355, 11.437102542930194, 30.0, 9.127373237496037, 4.791671422390552, 2.4791780716148266, 14.973921413483147, 27.70819948336267, 27.70819948336267, 9.127373237496037, 4.791671422390552, 16.293948124118252, 15.282971274667643, 19.664720722765143, 18.776388741714758, 4.4947202344372, 0.0, 16.195990584206456, 0.4408819665850454, 22.158855967201355, 22.158855967201355, 22.158855967201355, 22.158855967201355, 22.158855967201355, 22.158855967201355, 22.158855967201355], [14.133412078806996, 2.2015921569152335, 12.900418402953484, 15.262546801727877, 15.974642293928946, 16.195990584206456, 0.0, 15.814919171371457, 16.333513108227027, 16.333513108227027, 16.333513108227027, 16.333513108227027, 16.333513108227027, 16.333513108227027, 16.333513108227027, 11.104432267599375, 13.866392452334056, 13.167416213987655, 12.462973753770383, 14.800264698294514, 1.2763135643408707, 14.059789521600353, 14.059789521600353, 13.167416213987655, 12.462973753770383, 14.133412078806996, 2.2015921569152335, 12.900418402953484, 15.262546801727877, 15.974642293928946, 16.195990584206456, 0.0, 15.814919171371457, 16.333513108227027, 16.333513108227027, 16.333513108227027, 16.333513108227027, 16.333513108227027, 16.333513108227027, 16.333513108227027], [15.885358601270227, 14.933693805823168, 19.23204312287028, 18.366330629666397, 4.656821279079155, 0.4408819665850454, 15.814919171371457, 0.0, 21.73884452979346, 21.73884452979346, 21.73884452979346, 21.73884452979346, 21.73884452979346, 21.73884452979346, 21.73884452979346, 11.008806516471344, 29.605685548309943, 8.728338425315673, 4.607944689583922, 2.07777548824597, 14.587771775394614, 27.271497948923233, 27.271497948923233, 8.728338425315673, 4.607944689583922, 15.885358601270227, 14.933693805823168, 19.23204312287028, 18.366330629666397, 4.656821279079155, 0.4408819665850454, 15.814919171371457, 0.0, 21.73884452979346, 21.73884452979346, 21.73884452979346, 21.73884452979346, 21.73884452979346, 21.73884452979346, 21.73884452979346], [6.031558553589904, 18.2337943842234, 3.4583063293180007, 3.639912989873564, 25.09429220351373, 22.158855967201355, 16.333513108227027, 21.73884452979346, 0.0, 0.0, 0.0, 0.0, 0.0, 0.0, 0.0, 10.781112800612993, 20.812372460365232, 13.148126771690986, 21.88250426678309, 19.68908373365465, 15.9372856826164, 12.211579670285975, 12.211579670285975, 13.148126771690986, 21.88250426678309, 6.031558553589904, 18.2337943842234, 3.4583063293180007, 3.639912989873564, 25.09429220351373, 22.158855967201355, 16.333513108227027, 21.73884452979346, 0.0, 0.0, 0.0, 0.0, 0.0, 0.0, 0.0], [6.031558553589904, 18.2337943842234, 3.4583063293180007, 3.639912989873564, 25.09429220351373, 22.158855967201355, 16.333513108227027, 21.73884452979346, 0.0, 0.0, 0.0, 0.0, 0.0, 0.0, 0.0, 10.781112800612993, 20.812372460365232, 13.148126771690986, 21.88250426678309, 19.68908373365465, 15.9372856826164, 12.211579670285975, 12.211579670285975, 13.148126771690986, 21.88250426678309, 6.031558553589904, 18.2337943842234, 3.4583063293180007, 3.639912989873564, 25.09429220351373, 22.158855967201355, 16.333513108227027, 21.73884452979346, 0.0, 0.0, 0.0, 0.0, 0.0, 0.0, 0.0], [6.031558553589904, 18.2337943842234, 3.4583063293180007, 3.639912989873564, 25.09429220351373, 22.158855967201355, 16.333513108227027, 21.73884452979346, 0.0, 0.0, 0.0, 0.0, 0.0, 0.0, 0.0, 10.781112800612993, 20.812372460365232, 13.148126771690986, 21.88250426678309, 19.68908373365465, 15.9372856826164, 12.211579670285975, 12.211579670285975, 13.148126771690986, 21.88250426678309, 6.031558553589904, 18.2337943842234, 3.4583063293180007, 3.639912989873564, 25.09429220351373, 22.158855967201355, 16.333513108227027, 21.73884452979346, 0.0, 0.0, 0.0, 0.0, 0.0, 0.0, 0.0], [6.031558553589904, 18.2337943842234, 3.4583063293180007, 3.639912989873564, 25.09429220351373, 22.158855967201355, 16.333513108227027, 21.73884452979346, 0.0, 0.0, 0.0, 0.0, 0.0, 0.0, 0.0, 10.781112800612993, 20.812372460365232, 13.148126771690986, 21.88250426678309, 19.68908373365465, 15.9372856826164, 12.211579670285975, 12.211579670285975, 13.148126771690986, 21.88250426678309, 6.031558553589904, 18.2337943842234, 3.4583063293180007, 3.639912989873564, 25.09429220351373, 22.158855967201355, 16.333513108227027, 21.73884452979346, 0.0, 0.0, 0.0, 0.0, 0.0, 0.0, 0.0], [6.031558553589904, 18.2337943842234, 3.4583063293180007, 3.639912989873564, 25.09429220351373, 22.158855967201355, 16.333513108227027, 21.73884452979346, 0.0, 0.0, 0.0, 0.0, 0.0, 0.0, 0.0, 10.781112800612993, 20.812372460365232, 13.148126771690986, 21.88250426678309, 19.68908373365465, 15.9372856826164, 12.211579670285975, 12.211579670285975, 13.148126771690986, 21.88250426678309, 6.031558553589904, 18.2337943842234, 3.4583063293180007, 3.639912989873564, 25.09429220351373, 22.158855967201355, 16.333513108227027, 21.73884452979346, 0.0, 0.0, 0.0, 0.0, 0.0, 0.0, 0.0], [6.031558553589904, 18.2337943842234, 3.4583063293180007, 3.639912989873564, 25.09429220351373, 22.158855967201355, 16.333513108227027, 21.73884452979346, 0.0, 0.0, 0.0, 0.0, 0.0, 0.0, 0.0, 10.781112800612993, 20.812372460365232, 13.148126771690986, 21.88250426678309, 19.68908373365465, 15.9372856826164, 12.211579670285975, 12.211579670285975, 13.148126771690986, 21.88250426678309, 6.031558553589904, 18.2337943842234, 3.4583063293180007, 3.639912989873564, 25.09429220351373, 22.158855967201355, 16.333513108227027, 21.73884452979346, 0.0, 0.0, 0.0, 0.0, 0.0, 0.0, 0.0], [6.031558553589904, 18.2337943842234, 3.4583063293180007, 3.639912989873564, 25.09429220351373, 22.158855967201355, 16.333513108227027, 21.73884452979346, 0.0, 0.0, 0.0, 0.0, 0.0, 0.0, 0.0, 10.781112800612993, 20.812372460365232, 13.148126771690986, 21.88250426678309, 19.68908373365465, 15.9372856826164, 12.211579670285975, 12.211579670285975, 13.148126771690986, 21.88250426678309, 6.031558553589904, 18.2337943842234, 3.4583063293180007, 3.639912989873564, 25.09429220351373, 22.158855967201355, 16.333513108227027, 21.73884452979346, 0.0, 0.0, 0.0, 0.0, 0.0, 0.0, 0.0]], "M": 99999999.0}