{"num_workers": 30, "num_roles": 5, "num_nodes": 80, "w": [[0, 0], [30, 30], [180, 180], [0, 0], [60, 60], [0, 0], [90, 90], [180, 180], [0, 0], [210, 210], [150, 150], [0, 0], [30, 30], [30, 30], [30, 30], [0, 0], [0, 0], [0, 0], [0, 0], [0, 0], [0, 0], [0, 0], [0, 0], [0, 0], [0, 0], [0, 0], [0, 0], [0, 0], [0, 0], [0, 0], [60, 120], [60, 390], [30, 360], [30, 270], [60, 420], [60, 450], [330, 390], [90, 390], [90, 360], [150, 420], [90, 450], [60, 420], [210, 420], [120, 420], [210, 420], [90, 300], [120, 450], [90, 420], [90, 240], [120, 330], [150, 150], [150, 150], [390, 390], [330, 330], [450, 450], [270, 270], [420, 420], [360, 360], [450, 450], [390, 390], [240, 240], [330, 330], [60, 60], [180, 180], [480, 480], [480, 480], [480, 480], [480, 480], [480, 480], [480, 480], [480, 480], [480, 480], [480, 480], [480, 480], [480, 480], [480, 480], [480, 480], [480, 480], [480, 480], [480, 480]], "p": [0, 0, 0, 0, 0, 0, 0, 0, 0, 0, 0, 0, 0, 0, 0, 0, 0, 0, 0, 0, 0, 0, 0, 0, 0, 0, 0, 0, 0, 0, 43.04976201987405, 65.93438424478977, 55.07154741897516, 67.62721746585679, 33.07495297314758, 25.885293502963492, 37.41708145009085, 20.573536593258492, 35.66256223794502, 66.68144723622183, 56.4201414041111, 23.479215803281292, 18.194433530800566, 22.595832016809652, 17.018692930759435, 70.47556110229354, 28.504700571309378, 44.61398734327294, 48.61694478029099, 60.447286806563945, 0, 0, 0, 0, 0, 0, 0, 0, 0, 0, 0, 0, 0, 0, 0, 0, 0, 0, 0, 0, 0, 0, 0, 0, 0, 0, 0, 0, 0, 0], "e": [[1, 0, 1, 0, 0], [1, 0, 1, 0, 0], [0, 1, 0, 0, 1], [1, 0, 0, 1, 0], [1, 0, 0, 0, 1], [1, 1, 0, 0, 0], [0, 0, 0, 1, 0], [0, 0, 0, 1, 0], [1, 0, 0, 0, 0], [0, 1, 0, 0, 0], [0, 0, 0, 1, 0], [0, 1, 0, 0, 0], [0, 0, 0, 0, 1], [0, 0, 0, 1, 0], [0, 0, 0, 0, 1], [1, 0, 0, 0, 0], [0, 0, 1, 0, 0], [0, 0, 1, 0, 0], [0, 1, 0, 0, 0], [0, 1, 0, 0, 0], [1, 0, 0, 0, 0], [0, 0, 0, 0, 1], [0, 0, 0, 1, 0], [0, 1, 0, 0, 0], [0, 0, 1, 0, 0], [0, 0, 1, 0, 0], [0, 1, 0, 0, 0], [0, 0, 0, 0, 1], [1, 0, 0, 0, 0], [0, 1, 0, 0, 0]], "d": [[0, 0, 0, 0, 1, 2, 1, 1, 1, 1, 0, 1, 0, 0, 1, 4, 4, 1, 1, 2], [0, 0, 0, 0, 1, 1, 1, 1, 1, 1, 0, 1, 0, 0, 1, 0, 0, 1, 1, 1], [2, 2, 2, 2, 1, 1, 1, 0, 1, 0, 2, 1, 2, 2, 0, 1, 1, 0, 0, 1], [1, 1, 1, 1, 2, 0, 2, 0, 2, 0, 1, 2, 1, 1, 0, 0, 0, 0, 0, 0], [2, 2, 2, 2, 0, 1, 0, 1, 0, 1, 2, 0, 2, 2, 1, 0, 0, 1, 1, 1]], "r": [4748, 3197, 2324, 4312, 2418, 644, 4342, 1799, 2783, 1426, 4703, 2242, 3135, 2162, 3750, 385, 1613, 1745, 107, 3368], "g": [[0, 0, 0, 0, 0, 0, 0, 0, 0, 0, 0, 0, 0, 0, 0, 0, 0, 0, 0, 0], [0, 0, 0, 0, 0, 0, 0, 0, 0, 0, 0, 0, 0, 0, 0, 0, 0, 0, 0, 0], [0, 0, 0, 0, 0, 0, 0, 0, 0, 0, 0, 0, 0, 0, 0, 0, 0, 0, 0, 0], [0, 0, 0, 0, 0, 0, 0, 0, 0, 0, 0, 0, 0, 0, 0, 0, 0, 0, 0, 0], [0, 0, 0, 0, 0, 0, 0, 0, 0, 0, 0, 0, 0, 0, 0, 0, 0, 0, 0, 0], [0, 0, 0, 0, 0, 0, 0, 0, 0, 0, 0, 0, 0, 0, 0, 0, 0, 0, 0, 0], [0, 0, 0, 0, 0, 0, 0, 0, 0, 0, 0, 0, 0, 0, 0, 0, 0, 0, 0, 0], [0, 0, 0, 0, 0, 0, 0, 0, 0, 0, 0, 0, 0, 0, 0, 0, 0, 0, 0, 0], [0, 0, 0, 0, 0, 0, 0, 0, 0, 0, 0, 0, 0, 0, 0, 0, 0, 0, 0, 0], [0, 0, 0, 0, 0, 0, 0, 0, 0, 0, 0, 0, 0, 0, 0, 0, 0, 0, 0, 0], [0, 0, 0, 0, 0, 0, 0, 0, 0, 0, 0, 0, 0, 0, 0, 0, 0, 0, 0, 0], [0, 0, 0, 0, 0, 0, 0, 0, 0, 0, 0, 0, 0, 0, 0, 0, 0, 0, 0, 0], [0, 0, 0, 0, 0, 0, 0, 0, 0, 0, 0, 0, 0, 0, 0, 0, 0, 0, 0, 0], [0, 0, 0, 0, 0, 0, 0, 0, 0, 0, 0, 0, 0, 0, 0, 0, 0, 0, 0, 0], [0, 0, 0, 0, 0, 0, 0, 0, 0, 0, 0, 0, 0, 0, 0, 0, 0, 0, 0, 0], [0, 0, 0, 0, 0, 0, 0, 0, 0, 0, 0, 0, 0, 0, 0, 0, 0, 0, 0, 0], [0, 0, 0, 0, 0, 0, 0, 0, 0, 0, 0, 0, 0, 0, 0, 0, 0, 0, 0, 0], [0, 0, 0, 0, 0, 0, 0, 0, 0, 0, 0, 0, 0, 0, 0, 0, 0, 0, 0, 0], [0, 0, 0, 0, 0, 0, 0, 0, 0, 0, 0, 0, 0, 0, 0, 0, 0, 0, 0, 0], [0, 0, 0, 0, 0, 0, 0, 0, 0, 0, 0, 0, 0, 0, 0, 0, 0, 0, 0, 0]], "t": [[0.0, 22.74948057487478, 30.323548954255138, 37.235004826974986, 29.644794126591645, 44.09182174155437, 37.403651552520344, 18.753532120157264, 36.28149844477237, 45.46186203338392, 47.26322380544982, 44.857233649615054, 35.66908604013805, 51.889714701416516, 43.24650315112736, 41.93925396905606, 41.93925396905606, 41.93925396905606, 41.93925396905606, 41.93925396905606, 41.93925396905606, 41.93925396905606, 41.93925396905606, 41.93925396905606, 41.93925396905606, 41.93925396905606, 41.93925396905606, 41.93925396905606, 41.93925396905606, 41.93925396905606, 43.493640329273624, 19.21769308840063, 19.67433513327251, 16.978837313057333, 24.235894047494842, 50.22605718834007, 48.35354567865552, 53.14899020568959, 60.0, 53.179610025681185, 18.64135349639896, 45.95220354660718, 14.043527463812344, 50.67498185133401, 12.481655955173254, 48.926528528983205, 23.520390729524916, 38.01247464223803, 37.27391805039519, 26.63288476882657, 0.0, 22.74948057487478, 30.323548954255138, 37.235004826974986, 29.644794126591645, 44.09182174155437, 37.403651552520344, 18.753532120157264, 36.28149844477237, 45.46186203338392, 47.26322380544982, 44.857233649615054, 35.66908604013805, 51.889714701416516, 43.24650315112736, 41.93925396905606, 41.93925396905606, 41.93925396905606, 41.93925396905606, 41.93925396905606, 41.93925396905606, 41.93925396905606, 41.93925396905606, 41.93925396905606, 41.93925396905606, 41.93925396905606, 41.93925396905606, 41.93925396905606, 41.93925396905606, 41.93925396905606], [22.74948057487478, 0.0, 11.926460095166766, 22.608870274182717, 10.020929818116402, 21.954238283153895, 15.913134032793124, 8.8941997654751, 18.078580308799037, 26.34661156832431, 25.303983204613026, 29.858379127308893, 16.9074517348158, 29.415145542782017, 24.830738186356935, 20.15828671692335, 20.15828671692335, 20.15828671692335, 20.15828671692335, 20.15828671692335, 20.15828671692335, 20.15828671692335, 20.15828671692335, 20.15828671692335, 20.15828671692335, 20.15828671692335, 20.15828671692335, 20.15828671692335, 20.15828671692335, 20.15828671692335, 24.59651879978419, 3.7525520752324675, 17.256917938564154, 12.63365707786444, 9.008481228831275, 29.652231580977606, 25.808114888502026, 30.600462169389793, 37.25104326115098, 31.157589309633664, 18.097541034803708, 23.46752273092908, 10.728558019828961, 28.67638448469458, 11.884212245045468, 26.734756089393166, 15.178177449643254, 25.414407966805562, 18.953275821747678, 17.11359366069525, 22.74948057487478, 0.0, 11.926460095166766, 22.608870274182717, 10.020929818116402, 21.954238283153895, 15.913134032793124, 8.8941997654751, 18.078580308799037, 26.34661156832431, 25.303983204613026, 29.858379127308893, 16.9074517348158, 29.415145542782017, 24.830738186356935, 20.15828671692335, 20.15828671692335, 20.15828671692335, 20.15828671692335, 20.15828671692335, 20.15828671692335, 20.15828671692335, 20.15828671692335, 20.15828671692335, 20.15828671692335, 20.15828671692335, 20.15828671692335, 20.15828671692335, 20.15828671692335, 20.15828671692335], [30.323548954255138, 11.926460095166766, 0.0, 31.74224711422006, 2.2527720673659117, 23.16849740602444, 20.08624393650676, 11.599275262453881, 25.70467670433408, 15.333263925152815, 26.47758814460849, 37.983466947422535, 24.313729219406824, 23.49766945661672, 31.121599767922778, 12.821950899780381, 12.821950899780381, 12.821950899780381, 12.821950899780381, 12.821950899780381, 12.821950899780381, 12.821950899780381, 12.821950899780381, 12.821950899780381, 12.821950899780381, 12.821950899780381, 12.821950899780381, 12.821950899780381, 12.821950899780381, 12.821950899780381, 13.41809534911153, 13.139663426715828, 15.63938969543064, 24.37789349413796, 6.1351366737186535, 32.880898162506064, 24.847073367632245, 24.953759580508486, 33.33628737182831, 23.738482357699343, 29.943475576680033, 23.143789240446996, 16.280021490882877, 21.29724292741569, 22.38396339103949, 27.051952743045828, 26.952853084220116, 14.1863388088678, 7.323682591318809, 10.252382537620218, 30.323548954255138, 11.926460095166766, 0.0, 31.74224711422006, 2.2527720673659117, 23.16849740602444, 20.08624393650676, 11.599275262453881, 25.70467670433408, 15.333263925152815, 26.47758814460849, 37.983466947422535, 24.313729219406824, 23.49766945661672, 31.121599767922778, 12.821950899780381, 12.821950899780381, 12.821950899780381, 12.821950899780381, 12.821950899780381, 12.821950899780381, 12.821950899780381, 12.821950899780381, 12.821950899780381, 12.821950899780381, 12.821950899780381, 12.821950899780381, 12.821950899780381, 12.821950899780381, 12.821950899780381], [37.235004826974986, 22.608870274182717, 31.74224711422006, 0.0, 29.49341418655496, 19.076192874003834, 14.557825283704943, 31.226211503186036, 6.8665919879505655, 41.140856814137415, 19.947872046720104, 7.743592659217307, 8.167622075381544, 34.353844475144506, 8.645752192361124, 31.344731631408184, 31.344731631408184, 31.344731631408184, 31.344731631408184, 31.344731631408184, 31.344731631408184, 31.344731631408184, 31.344731631408184, 31.344731631408184, 31.344731631408184, 31.344731631408184, 31.344731631408184, 31.344731631408184, 31.344731631408184, 31.344731631408184, 40.09677607109171, 25.114292883737775, 39.62549890178991, 20.26647818054399, 31.272908409492054, 17.56744145092116, 24.04697998456475, 34.64576912296123, 36.04763898169273, 38.088927592046105, 19.98288341691399, 22.130948813558522, 31.34255584787329, 36.32691134468201, 25.324178732415387, 22.08715064523251, 13.836773779045263, 45.87793709190345, 36.59787703632726, 39.4762219216267, 37.235004826974986, 22.608870274182717, 31.74224711422006, 0.0, 29.49341418655496, 19.076192874003834, 14.557825283704943, 31.226211503186036, 6.8665919879505655, 41.140856814137415, 19.947872046720104, 7.743592659217307, 8.167622075381544, 34.353844475144506, 8.645752192361124, 31.344731631408184, 31.344731631408184, 31.344731631408184, 31.344731631408184, 31.344731631408184, 31.344731631408184, 31.344731631408184, 31.344731631408184, 31.344731631408184, 31.344731631408184, 31.344731631408184, 31.344731631408184, 31.344731631408184, 31.344731631408184, 31.344731631408184], [29.644794126591645, 10.020929818116402, 2.2527720673659117, 29.49341418655496, 0.0, 21.4886302596858, 18.03673764204708, 11.175085892527445, 23.488131914611515, 16.5997559258824, 24.849987974890187, 35.7733657475158, 22.10072310760156, 23.155083209838853, 29.00133480057539, 12.619543793538307, 12.619543793538307, 12.619543793538307, 12.619543793538307, 12.619543793538307, 12.619543793538307, 12.619543793538307, 12.619543793538307, 12.619543793538307, 12.619543793538307, 12.619543793538307, 12.619543793538307, 12.619543793538307, 12.619543793538307, 12.619543793538307, 14.760953737248167, 11.672755288101655, 16.382781246233076, 22.604501035694682, 6.0333187907468355, 31.056506326423477, 23.517236324103724, 24.5655814377673, 32.652890666773544, 23.79369433528116, 28.113377538030417, 21.684342731057384, 15.669615273987768, 21.308659681400872, 20.97884638036012, 25.553092991647304, 24.88448091649994, 16.437173067170725, 8.940334564611288, 11.825728464865794, 29.644794126591645, 10.020929818116402, 2.2527720673659117, 29.49341418655496, 0.0, 21.4886302596858, 18.03673764204708, 11.175085892527445, 23.488131914611515, 16.5997559258824, 24.849987974890187, 35.7733657475158, 22.10072310760156, 23.155083209838853, 29.00133480057539, 12.619543793538307, 12.619543793538307, 12.619543793538307, 12.619543793538307, 12.619543793538307, 12.619543793538307, 12.619543793538307, 12.619543793538307, 12.619543793538307, 12.619543793538307, 12.619543793538307, 12.619543793538307, 12.619543793538307, 12.619543793538307, 12.619543793538307], [44.09182174155437, 21.954238283153895, 23.16849740602444, 19.076192874003834, 21.4886302596858, 0.0, 6.993908208039006, 29.76160150750811, 12.908469860315881, 25.68188221003983, 3.4356179275483916, 20.99946763765422, 12.186500009530908, 15.441145942960265, 12.558825374413798, 15.668021371401402, 15.668021371401402, 15.668021371401402, 15.668021371401402, 15.668021371401402, 15.668021371401402, 15.668021371401402, 15.668021371401402, 15.668021371401402, 15.668021371401402, 15.668021371401402, 15.668021371401402, 15.668021371401402, 15.668021371401402, 15.668021371401402, 25.303620088098075, 25.706396791595942, 37.110681993402686, 29.386421787681996, 26.49704536267909, 10.022727219838542, 5.212229981361787, 15.611380214720821, 17.84476053339335, 19.383186604166045, 32.52052129455102, 3.0576773866687916, 32.61450943900498, 17.94378874580452, 31.936096038259617, 4.834728005169294, 26.11581690705679, 34.972549919777926, 24.314056938063736, 33.30926759427056, 44.09182174155437, 21.954238283153895, 23.16849740602444, 19.076192874003834, 21.4886302596858, 0.0, 6.993908208039006, 29.76160150750811, 12.908469860315881, 25.68188221003983, 3.4356179275483916, 20.99946763765422, 12.186500009530908, 15.441145942960265, 12.558825374413798, 15.668021371401402, 15.668021371401402, 15.668021371401402, 15.668021371401402, 15.668021371401402, 15.668021371401402, 15.668021371401402, 15.668021371401402, 15.668021371401402, 15.668021371401402, 15.668021371401402, 15.668021371401402, 15.668021371401402, 15.668021371401402, 15.668021371401402], [37.403651552520344, 15.913134032793124, 20.08624393650676, 14.557825283704943, 18.03673764204708, 6.993908208039006, 0.0, 24.35170073923386, 7.70522162769404, 26.840831565517348, 9.900636436846392, 18.85355409440319, 6.516188457563066, 20.473881889696678, 11.180812167255894, 16.872512169318817, 16.872512169318817, 16.872512169318817, 16.872512169318817, 16.872512169318817, 16.872512169318817, 16.872512169318817, 16.872512169318817, 16.872512169318817, 16.872512169318817, 16.872512169318817, 16.872512169318817, 16.872512169318817, 16.872512169318817, 16.872512169318817, 25.96090363188418, 19.60231141170671, 32.24548538271202, 22.398556672223528, 21.993050962881792, 13.807924486810846, 11.997776436368712, 21.025377041652227, 24.63897131785453, 23.915891087100974, 25.58619477340197, 9.578782025856261, 26.633316442460902, 21.98528114755956, 25.114953956459907, 11.720147395047476, 19.272537546518528, 33.43904014004859, 23.290203760341317, 29.595455438726113, 37.403651552520344, 15.913134032793124, 20.08624393650676, 14.557825283704943, 18.03673764204708, 6.993908208039006, 0.0, 24.35170073923386, 7.70522162769404, 26.840831565517348, 9.900636436846392, 18.85355409440319, 6.516188457563066, 20.473881889696678, 11.180812167255894, 16.872512169318817, 16.872512169318817, 16.872512169318817, 16.872512169318817, 16.872512169318817, 16.872512169318817, 16.872512169318817, 16.872512169318817, 16.872512169318817, 16.872512169318817, 16.872512169318817, 16.872512169318817, 16.872512169318817, 16.872512169318817, 16.872512169318817], [18.753532120157264, 8.8941997654751, 11.599275262453881, 31.226211503186036, 11.175085892527445, 29.76160150750811, 24.35170073923386, 0.0, 26.968242372453197, 26.723789367781993, 33.18880008992769, 38.628869597392026, 25.80156941802788, 34.18562774549162, 33.71333021712788, 23.769271469423128, 23.769271469423128, 23.769271469423128, 23.769271469423128, 23.769271469423128, 23.769271469423128, 23.769271469423128, 23.769271469423128, 23.769271469423128, 23.769271469423128, 23.769271469423128, 23.769271469423128, 23.769271469423128, 23.769271469423128, 23.769271469423128, 24.761692566284268, 6.187424065614996, 8.41176885592396, 16.686215295871914, 5.484073155083938, 38.15944483394824, 32.941644403029194, 35.55610885760087, 43.27087207058227, 34.9673610234084, 22.20493603120282, 30.77950594685618, 4.743204401877993, 32.47969519456344, 12.770009015051453, 34.36792179275362, 21.670335709467345, 21.037855595206743, 18.542376215782394, 10.382041980463669, 18.753532120157264, 8.8941997654751, 11.599275262453881, 31.226211503186036, 11.175085892527445, 29.76160150750811, 24.35170073923386, 0.0, 26.968242372453197, 26.723789367781993, 33.18880008992769, 38.628869597392026, 25.80156941802788, 34.18562774549162, 33.71333021712788, 23.769271469423128, 23.769271469423128, 23.769271469423128, 23.769271469423128, 23.769271469423128, 23.769271469423128, 23.769271469423128, 23.769271469423128, 23.769271469423128, 23.769271469423128, 23.769271469423128, 23.769271469423128, 23.769271469423128, 23.769271469423128, 23.769271469423128], [36.28149844477237, 18.078580308799037, 25.70467670433408, 6.8665919879505655, 23.488131914611515, 12.908469860315881, 7.70522162769404, 26.968242372453197, 0.0, 34.31994694937936, 14.488617343225066, 12.291011234240584, 1.404278938771123, 27.82083378321892, 7.067465568120208, 24.4829452267431, 24.4829452267431, 24.4829452267431, 24.4829452267431, 24.4829452267431, 24.4829452267431, 24.4829452267431, 24.4829452267431, 24.4829452267431, 24.4829452267431, 24.4829452267431, 24.4829452267431, 24.4829452267431, 24.4829452267431, 24.4829452267431, 33.31921076362852, 21.199558351242374, 35.330330414168145, 19.70391240560777, 26.073194860794125, 14.452976293655293, 18.07803005296681, 28.22054762154499, 30.53150555770684, 31.43861035041683, 21.31240966198258, 15.939988998857576, 28.001629637915638, 29.597197834747558, 23.838006246494462, 16.63813482657835, 14.654681593445199, 39.677576893534976, 30.061388575225283, 34.18045092067045, 36.28149844477237, 18.078580308799037, 25.70467670433408, 6.8665919879505655, 23.488131914611515, 12.908469860315881, 7.70522162769404, 26.968242372453197, 0.0, 34.31994694937936, 14.488617343225066, 12.291011234240584, 1.404278938771123, 27.82083378321892, 7.067465568120208, 24.4829452267431, 24.4829452267431, 24.4829452267431, 24.4829452267431, 24.4829452267431, 24.4829452267431, 24.4829452267431, 24.4829452267431, 24.4829452267431, 24.4829452267431, 24.4829452267431, 24.4829452267431, 24.4829452267431, 24.4829452267431, 24.4829452267431], [45.46186203338392, 26.34661156832431, 15.333263925152815, 41.140856814137415, 16.5997559258824, 25.68188221003983, 26.840831565517348, 26.723789367781993, 34.31994694937936, 0.0, 27.8924567085511, 45.55711342654614, 32.97939779066131, 15.937184717408456, 37.39173624315993, 10.134232222941145, 10.134232222941145, 10.134232222941145, 10.134232222941145, 10.134232222941145, 10.134232222941145, 10.134232222941145, 10.134232222941145, 10.134232222941145, 10.134232222941145, 10.134232222941145, 10.134232222941145, 10.134232222941145, 10.134232222941145, 10.134232222941145, 1.9810766899870982, 28.271599002518666, 28.48862006030168, 38.969063864686504, 21.262534784860406, 35.3081878841966, 24.096602347234306, 17.338998180269794, 26.33452103900739, 13.490180593509454, 44.330805306534394, 23.81549952312876, 31.462079137242952, 12.01161564950648, 37.5763406999282, 27.249852730285834, 40.28830547905885, 14.042081433815016, 8.188887519863489, 21.06905947042583, 45.46186203338392, 26.34661156832431, 15.333263925152815, 41.140856814137415, 16.5997559258824, 25.68188221003983, 26.840831565517348, 26.723789367781993, 34.31994694937936, 0.0, 27.8924567085511, 45.55711342654614, 32.97939779066131, 15.937184717408456, 37.39173624315993, 10.134232222941145, 10.134232222941145, 10.134232222941145, 10.134232222941145, 10.134232222941145, 10.134232222941145, 10.134232222941145, 10.134232222941145, 10.134232222941145, 10.134232222941145, 10.134232222941145, 10.134232222941145, 10.134232222941145, 10.134232222941145, 10.134232222941145], [47.26322380544982, 25.303983204613026, 26.47758814460849, 19.947872046720104, 24.849987974890187, 3.4356179275483916, 9.900636436846392, 33.18880008992769, 14.488617343225066, 27.8924567085511, 0.0, 20.570999083371994, 14.050374436070708, 15.90415809478104, 12.348368092641543, 18.13284135868304, 18.13284135868304, 18.13284135868304, 18.13284135868304, 18.13284135868304, 18.13284135868304, 18.13284135868304, 18.13284135868304, 18.13284135868304, 18.13284135868304, 18.13284135868304, 18.13284135868304, 18.13284135868304, 18.13284135868304, 18.13284135868304, 27.70176305185908, 29.05276171995491, 40.54248363447804, 32.19663481668225, 29.92215946161235, 7.417804562297575, 4.619957245192836, 15.743108002754715, 16.135635223338426, 20.045112685388727, 35.00589155842536, 4.076966173954008, 35.99077720795358, 18.98393624893752, 35.012155739176414, 2.159310462263462, 28.47598071053271, 37.912359123366656, 27.22318466237574, 36.657582563603896, 47.26322380544982, 25.303983204613026, 26.47758814460849, 19.947872046720104, 24.849987974890187, 3.4356179275483916, 9.900636436846392, 33.18880008992769, 14.488617343225066, 27.8924567085511, 0.0, 20.570999083371994, 14.050374436070708, 15.90415809478104, 12.348368092641543, 18.13284135868304, 18.13284135868304, 18.13284135868304, 18.13284135868304, 18.13284135868304, 18.13284135868304, 18.13284135868304, 18.13284135868304, 18.13284135868304, 18.13284135868304, 18.13284135868304, 18.13284135868304, 18.13284135868304, 18.13284135868304, 18.13284135868304], [44.857233649615054, 29.858379127308893, 37.983466947422535, 7.743592659217307, 35.7733657475158, 20.99946763765422, 18.85355409440319, 38.628869597392026, 12.291011234240584, 45.55711342654614, 20.570999083371994, 0.0, 13.672991639375063, 36.294689342532465, 8.441612300642605, 35.4627729426962, 35.4627729426962, 35.4627729426962, 35.4627729426962, 35.4627729426962, 35.4627729426962, 35.4627729426962, 35.4627729426962, 35.4627729426962, 35.4627729426962, 35.4627729426962, 35.4627729426962, 35.4627729426962, 35.4627729426962, 35.4627729426962, 44.76999383972026, 32.59617737464932, 47.04058152287422, 27.926091430097582, 38.224633708833096, 15.508102297314434, 25.15023781007224, 36.2646625994935, 35.69976055409855, 40.33309626403985, 27.154325170138982, 23.819530769634277, 38.985044060243986, 38.942692682594505, 33.05189894430633, 22.46374323490223, 21.357036068623703, 51.88811583360629, 42.04354962583039, 46.38205199689932, 44.857233649615054, 29.858379127308893, 37.983466947422535, 7.743592659217307, 35.7733657475158, 20.99946763765422, 18.85355409440319, 38.628869597392026, 12.291011234240584, 45.55711342654614, 20.570999083371994, 0.0, 13.672991639375063, 36.294689342532465, 8.441612300642605, 35.4627729426962, 35.4627729426962, 35.4627729426962, 35.4627729426962, 35.4627729426962, 35.4627729426962, 35.4627729426962, 35.4627729426962, 35.4627729426962, 35.4627729426962, 35.4627729426962, 35.4627729426962, 35.4627729426962, 35.4627729426962, 35.4627729426962], [35.66908604013805, 16.9074517348158, 24.313729219406824, 8.167622075381544, 22.10072310760156, 12.186500009530908, 6.516188457563066, 25.80156941802788, 1.404278938771123, 32.97939779066131, 14.050374436070708, 13.672991639375063, 0.0, 26.832192268338105, 8.000822529526776, 23.184883066805178, 23.184883066805178, 23.184883066805178, 23.184883066805178, 23.184883066805178, 23.184883066805178, 23.184883066805178, 23.184883066805178, 23.184883066805178, 23.184883066805178, 23.184883066805178, 23.184883066805178, 23.184883066805178, 23.184883066805178, 23.184883066805178, 31.95893296649705, 20.117043532511374, 34.1380323735238, 19.29274531705457, 24.769799560256406, 14.734682343127732, 17.393089416395423, 27.285999021684987, 29.952624002132996, 30.37824008618276, 21.265273172510287, 15.173010380995335, 26.985432385554954, 28.487160040266094, 23.195085355272276, 16.173933144191352, 14.630678984479768, 38.27568799456355, 28.66159709313408, 32.85462502916012, 35.66908604013805, 16.9074517348158, 24.313729219406824, 8.167622075381544, 22.10072310760156, 12.186500009530908, 6.516188457563066, 25.80156941802788, 1.404278938771123, 32.97939779066131, 14.050374436070708, 13.672991639375063, 0.0, 26.832192268338105, 8.000822529526776, 23.184883066805178, 23.184883066805178, 23.184883066805178, 23.184883066805178, 23.184883066805178, 23.184883066805178, 23.184883066805178, 23.184883066805178, 23.184883066805178, 23.184883066805178, 23.184883066805178, 23.184883066805178, 23.184883066805178, 23.184883066805178, 23.184883066805178], [51.889714701416516, 29.415145542782017, 23.49766945661672, 34.353844475144506, 23.155083209838853, 15.441145942960265, 20.473881889696678, 34.18562774549162, 27.82083378321892, 15.937184717408456, 15.90415809478104, 36.294689342532465, 26.832192268338105, 0.0, 27.896049289423832, 10.682740474996457, 10.682740474996457, 10.682740474996457, 10.682740474996457, 10.682740474996457, 10.682740474996457, 10.682740474996457, 10.682740474996457, 10.682740474996457, 10.682740474996457, 10.682740474996457, 10.682740474996457, 10.682740474996457, 10.682740474996457, 10.682740474996457, 16.75732390802688, 32.72014652195903, 39.11483338343774, 40.36682904927335, 29.185153502940167, 22.749604345180735, 11.293580843825314, 1.5171251311694176, 10.592572584440648, 4.189374338683085, 44.68582456037663, 12.494907613542496, 38.375076808029085, 4.054889181046477, 41.179032355555414, 14.363529941544273, 38.963878202381636, 29.269462805264236, 19.785809192609577, 32.875016380129495, 51.889714701416516, 29.415145542782017, 23.49766945661672, 34.353844475144506, 23.155083209838853, 15.441145942960265, 20.473881889696678, 34.18562774549162, 27.82083378321892, 15.937184717408456, 15.90415809478104, 36.294689342532465, 26.832192268338105, 0.0, 27.896049289423832, 10.682740474996457, 10.682740474996457, 10.682740474996457, 10.682740474996457, 10.682740474996457, 10.682740474996457, 10.682740474996457, 10.682740474996457, 10.682740474996457, 10.682740474996457, 10.682740474996457, 10.682740474996457, 10.682740474996457, 10.682740474996457, 10.682740474996457], [43.24650315112736, 24.830738186356935, 31.121599767922778, 8.645752192361124, 29.00133480057539, 12.558825374413798, 11.180812167255894, 33.71333021712788, 7.067465568120208, 37.39173624315993, 12.348368092641543, 8.441612300642605, 8.000822529526776, 27.896049289423832, 0.0, 27.262341037244397, 27.262341037244397, 27.262341037244397, 27.262341037244397, 27.262341037244397, 27.262341037244397, 27.262341037244397, 27.262341037244397, 27.262341037244397, 27.262341037244397, 27.262341037244397, 27.262341037244397, 27.262341037244397, 27.262341037244397, 27.262341037244397, 36.709176036843765, 28.106298873914554, 41.997945125464206, 26.49996300128553, 32.32642906206205, 8.921796448491433, 16.848842668097813, 27.916118820850347, 28.049056014724982, 31.91025945152061, 27.47246551510654, 15.405143414716061, 34.986219041297225, 30.501325910667152, 30.84162560974038, 14.356811474863237, 20.900518167048798, 44.61874949086429, 34.42992746549253, 40.25646998593107, 43.24650315112736, 24.830738186356935, 31.121599767922778, 8.645752192361124, 29.00133480057539, 12.558825374413798, 11.180812167255894, 33.71333021712788, 7.067465568120208, 37.39173624315993, 12.348368092641543, 8.441612300642605, 8.000822529526776, 27.896049289423832, 0.0, 27.262341037244397, 27.262341037244397, 27.262341037244397, 27.262341037244397, 27.262341037244397, 27.262341037244397, 27.262341037244397, 27.262341037244397, 27.262341037244397, 27.262341037244397, 27.262341037244397, 27.262341037244397, 27.262341037244397, 27.262341037244397, 27.262341037244397], [41.93925396905606, 20.15828671692335, 12.821950899780381, 31.344731631408184, 12.619543793538307, 15.668021371401402, 16.872512169318817, 23.769271469423128, 24.4829452267431, 10.134232222941145, 18.13284135868304, 35.4627729426962, 23.184883066805178, 10.682740474996457, 27.262341037244397, 0.0, 0.0, 0.0, 0.0, 0.0, 0.0, 0.0, 0.0, 0.0, 0.0, 0.0, 0.0, 0.0, 0.0, 0.0, 9.635636340567347, 23.063730408475458, 28.432096643046034, 32.16916483885455, 18.612724582578014, 25.492980357698105, 14.824484068706814, 12.152785460989115, 20.787549456464962, 11.24586612141646, 37.09155198268281, 14.093348271678298, 28.13937537527994, 8.743290508429842, 32.03288292156121, 17.79141838859469, 32.19787389657208, 20.34686396791567, 9.89207159666689, 22.310500254482633, 41.93925396905606, 20.15828671692335, 12.821950899780381, 31.344731631408184, 12.619543793538307, 15.668021371401402, 16.872512169318817, 23.769271469423128, 24.4829452267431, 10.134232222941145, 18.13284135868304, 35.4627729426962, 23.184883066805178, 10.682740474996457, 27.262341037244397, 0.0, 0.0, 0.0, 0.0, 0.0, 0.0, 0.0, 0.0, 0.0, 0.0, 0.0, 0.0, 0.0, 0.0, 0.0], [41.93925396905606, 20.15828671692335, 12.821950899780381, 31.344731631408184, 12.619543793538307, 15.668021371401402, 16.872512169318817, 23.769271469423128, 24.4829452267431, 10.134232222941145, 18.13284135868304, 35.4627729426962, 23.184883066805178, 10.682740474996457, 27.262341037244397, 0.0, 0.0, 0.0, 0.0, 0.0, 0.0, 0.0, 0.0, 0.0, 0.0, 0.0, 0.0, 0.0, 0.0, 0.0, 9.635636340567347, 23.063730408475458, 28.432096643046034, 32.16916483885455, 18.612724582578014, 25.492980357698105, 14.824484068706814, 12.152785460989115, 20.787549456464962, 11.24586612141646, 37.09155198268281, 14.093348271678298, 28.13937537527994, 8.743290508429842, 32.03288292156121, 17.79141838859469, 32.19787389657208, 20.34686396791567, 9.89207159666689, 22.310500254482633, 41.93925396905606, 20.15828671692335, 12.821950899780381, 31.344731631408184, 12.619543793538307, 15.668021371401402, 16.872512169318817, 23.769271469423128, 24.4829452267431, 10.134232222941145, 18.13284135868304, 35.4627729426962, 23.184883066805178, 10.682740474996457, 27.262341037244397, 0.0, 0.0, 0.0, 0.0, 0.0, 0.0, 0.0, 0.0, 0.0, 0.0, 0.0, 0.0, 0.0, 0.0, 0.0], [41.93925396905606, 20.15828671692335, 12.821950899780381, 31.344731631408184, 12.619543793538307, 15.668021371401402, 16.872512169318817, 23.769271469423128, 24.4829452267431, 10.134232222941145, 18.13284135868304, 35.4627729426962, 23.184883066805178, 10.682740474996457, 27.262341037244397, 0.0, 0.0, 0.0, 0.0, 0.0, 0.0, 0.0, 0.0, 0.0, 0.0, 0.0, 0.0, 0.0, 0.0, 0.0, 9.635636340567347, 23.063730408475458, 28.432096643046034, 32.16916483885455, 18.612724582578014, 25.492980357698105, 14.824484068706814, 12.152785460989115, 20.787549456464962, 11.24586612141646, 37.09155198268281, 14.093348271678298, 28.13937537527994, 8.743290508429842, 32.03288292156121, 17.79141838859469, 32.19787389657208, 20.34686396791567, 9.89207159666689, 22.310500254482633, 41.93925396905606, 20.15828671692335, 12.821950899780381, 31.344731631408184, 12.619543793538307, 15.668021371401402, 16.872512169318817, 23.769271469423128, 24.4829452267431, 10.134232222941145, 18.13284135868304, 35.4627729426962, 23.184883066805178, 10.682740474996457, 27.262341037244397, 0.0, 0.0, 0.0, 0.0, 0.0, 0.0, 0.0, 0.0, 0.0, 0.0, 0.0, 0.0, 0.0, 0.0, 0.0], [41.93925396905606, 20.15828671692335, 12.821950899780381, 31.344731631408184, 12.619543793538307, 15.668021371401402, 16.872512169318817, 23.769271469423128, 24.4829452267431, 10.134232222941145, 18.13284135868304, 35.4627729426962, 23.184883066805178, 10.682740474996457, 27.262341037244397, 0.0, 0.0, 0.0, 0.0, 0.0, 0.0, 0.0, 0.0, 0.0, 0.0, 0.0, 0.0, 0.0, 0.0, 0.0, 9.635636340567347, 23.063730408475458, 28.432096643046034, 32.16916483885455, 18.612724582578014, 25.492980357698105, 14.824484068706814, 12.152785460989115, 20.787549456464962, 11.24586612141646, 37.09155198268281, 14.093348271678298, 28.13937537527994, 8.743290508429842, 32.03288292156121, 17.79141838859469, 32.19787389657208, 20.34686396791567, 9.89207159666689, 22.310500254482633, 41.93925396905606, 20.15828671692335, 12.821950899780381, 31.344731631408184, 12.619543793538307, 15.668021371401402, 16.872512169318817, 23.769271469423128, 24.4829452267431, 10.134232222941145, 18.13284135868304, 35.4627729426962, 23.184883066805178, 10.682740474996457, 27.262341037244397, 0.0, 0.0, 0.0, 0.0, 0.0, 0.0, 0.0, 0.0, 0.0, 0.0, 0.0, 0.0, 0.0, 0.0, 0.0], [41.93925396905606, 20.15828671692335, 12.821950899780381, 31.344731631408184, 12.619543793538307, 15.668021371401402, 16.872512169318817, 23.769271469423128, 24.4829452267431, 10.134232222941145, 18.13284135868304, 35.4627729426962, 23.184883066805178, 10.682740474996457, 27.262341037244397, 0.0, 0.0, 0.0, 0.0, 0.0, 0.0, 0.0, 0.0, 0.0, 0.0, 0.0, 0.0, 0.0, 0.0, 0.0, 9.635636340567347, 23.063730408475458, 28.432096643046034, 32.16916483885455, 18.612724582578014, 25.492980357698105, 14.824484068706814, 12.152785460989115, 20.787549456464962, 11.24586612141646, 37.09155198268281, 14.093348271678298, 28.13937537527994, 8.743290508429842, 32.03288292156121, 17.79141838859469, 32.19787389657208, 20.34686396791567, 9.89207159666689, 22.310500254482633, 41.93925396905606, 20.15828671692335, 12.821950899780381, 31.344731631408184, 12.619543793538307, 15.668021371401402, 16.872512169318817, 23.769271469423128, 24.4829452267431, 10.134232222941145, 18.13284135868304, 35.4627729426962, 23.184883066805178, 10.682740474996457, 27.262341037244397, 0.0, 0.0, 0.0, 0.0, 0.0, 0.0, 0.0, 0.0, 0.0, 0.0, 0.0, 0.0, 0.0, 0.0, 0.0], [41.93925396905606, 20.15828671692335, 12.821950899780381, 31.344731631408184, 12.619543793538307, 15.668021371401402, 16.872512169318817, 23.769271469423128, 24.4829452267431, 10.134232222941145, 18.13284135868304, 35.4627729426962, 23.184883066805178, 10.682740474996457, 27.262341037244397, 0.0, 0.0, 0.0, 0.0, 0.0, 0.0, 0.0, 0.0, 0.0, 0.0, 0.0, 0.0, 0.0, 0.0, 0.0, 9.635636340567347, 23.063730408475458, 28.432096643046034, 32.16916483885455, 18.612724582578014, 25.492980357698105, 14.824484068706814, 12.152785460989115, 20.787549456464962, 11.24586612141646, 37.09155198268281, 14.093348271678298, 28.13937537527994, 8.743290508429842, 32.03288292156121, 17.79141838859469, 32.19787389657208, 20.34686396791567, 9.89207159666689, 22.310500254482633, 41.93925396905606, 20.15828671692335, 12.821950899780381, 31.344731631408184, 12.619543793538307, 15.668021371401402, 16.872512169318817, 23.769271469423128, 24.4829452267431, 10.134232222941145, 18.13284135868304, 35.4627729426962, 23.184883066805178, 10.682740474996457, 27.262341037244397, 0.0, 0.0, 0.0, 0.0, 0.0, 0.0, 0.0, 0.0, 0.0, 0.0, 0.0, 0.0, 0.0, 0.0, 0.0], [41.93925396905606, 20.15828671692335, 12.821950899780381, 31.344731631408184, 12.619543793538307, 15.668021371401402, 16.872512169318817, 23.769271469423128, 24.4829452267431, 10.134232222941145, 18.13284135868304, 35.4627729426962, 23.184883066805178, 10.682740474996457, 27.262341037244397, 0.0, 0.0, 0.0, 0.0, 0.0, 0.0, 0.0, 0.0, 0.0, 0.0, 0.0, 0.0, 0.0, 0.0, 0.0, 9.635636340567347, 23.063730408475458, 28.432096643046034, 32.16916483885455, 18.612724582578014, 25.492980357698105, 14.824484068706814, 12.152785460989115, 20.787549456464962, 11.24586612141646, 37.09155198268281, 14.093348271678298, 28.13937537527994, 8.743290508429842, 32.03288292156121, 17.79141838859469, 32.19787389657208, 20.34686396791567, 9.89207159666689, 22.310500254482633, 41.93925396905606, 20.15828671692335, 12.821950899780381, 31.344731631408184, 12.619543793538307, 15.668021371401402, 16.872512169318817, 23.769271469423128, 24.4829452267431, 10.134232222941145, 18.13284135868304, 35.4627729426962, 23.184883066805178, 10.682740474996457, 27.262341037244397, 0.0, 0.0, 0.0, 0.0, 0.0, 0.0, 0.0, 0.0, 0.0, 0.0, 0.0, 0.0, 0.0, 0.0, 0.0], [41.93925396905606, 20.15828671692335, 12.821950899780381, 31.344731631408184, 12.619543793538307, 15.668021371401402, 16.872512169318817, 23.769271469423128, 24.4829452267431, 10.134232222941145, 18.13284135868304, 35.4627729426962, 23.184883066805178, 10.682740474996457, 27.262341037244397, 0.0, 0.0, 0.0, 0.0, 0.0, 0.0, 0.0, 0.0, 0.0, 0.0, 0.0, 0.0, 0.0, 0.0, 0.0, 9.635636340567347, 23.063730408475458, 28.432096643046034, 32.16916483885455, 18.612724582578014, 25.492980357698105, 14.824484068706814, 12.152785460989115, 20.787549456464962, 11.24586612141646, 37.09155198268281, 14.093348271678298, 28.13937537527994, 8.743290508429842, 32.03288292156121, 17.79141838859469, 32.19787389657208, 20.34686396791567, 9.89207159666689, 22.310500254482633, 41.93925396905606, 20.15828671692335, 12.821950899780381, 31.344731631408184, 12.619543793538307, 15.668021371401402, 16.872512169318817, 23.769271469423128, 24.4829452267431, 10.134232222941145, 18.13284135868304, 35.4627729426962, 23.184883066805178, 10.682740474996457, 27.262341037244397, 0.0, 0.0, 0.0, 0.0, 0.0, 0.0, 0.0, 0.0, 0.0, 0.0, 0.0, 0.0, 0.0, 0.0, 0.0], [41.93925396905606, 20.15828671692335, 12.821950899780381, 31.344731631408184, 12.619543793538307, 15.668021371401402, 16.872512169318817, 23.769271469423128, 24.4829452267431, 10.134232222941145, 18.13284135868304, 35.4627729426962, 23.184883066805178, 10.682740474996457, 27.262341037244397, 0.0, 0.0, 0.0, 0.0, 0.0, 0.0, 0.0, 0.0, 0.0, 0.0, 0.0, 0.0, 0.0, 0.0, 0.0, 9.635636340567347, 23.063730408475458, 28.432096643046034, 32.16916483885455, 18.612724582578014, 25.492980357698105, 14.824484068706814, 12.152785460989115, 20.787549456464962, 11.24586612141646, 37.09155198268281, 14.093348271678298, 28.13937537527994, 8.743290508429842, 32.03288292156121, 17.79141838859469, 32.19787389657208, 20.34686396791567, 9.89207159666689, 22.310500254482633, 41.93925396905606, 20.15828671692335, 12.821950899780381, 31.344731631408184, 12.619543793538307, 15.668021371401402, 16.872512169318817, 23.769271469423128, 24.4829452267431, 10.134232222941145, 18.13284135868304, 35.4627729426962, 23.184883066805178, 10.682740474996457, 27.262341037244397, 0.0, 0.0, 0.0, 0.0, 0.0, 0.0, 0.0, 0.0, 0.0, 0.0, 0.0, 0.0, 0.0, 0.0, 0.0], [41.93925396905606, 20.15828671692335, 12.821950899780381, 31.344731631408184, 12.619543793538307, 15.668021371401402, 16.872512169318817, 23.769271469423128, 24.4829452267431, 10.134232222941145, 18.13284135868304, 35.4627729426962, 23.184883066805178, 10.682740474996457, 27.262341037244397, 0.0, 0.0, 0.0, 0.0, 0.0, 0.0, 0.0, 0.0, 0.0, 0.0, 0.0, 0.0, 0.0, 0.0, 0.0, 9.635636340567347, 23.063730408475458, 28.432096643046034, 32.16916483885455, 18.612724582578014, 25.492980357698105, 14.824484068706814, 12.152785460989115, 20.787549456464962, 11.24586612141646, 37.09155198268281, 14.093348271678298, 28.13937537527994, 8.743290508429842, 32.03288292156121, 17.79141838859469, 32.19787389657208, 20.34686396791567, 9.89207159666689, 22.310500254482633, 41.93925396905606, 20.15828671692335, 12.821950899780381, 31.344731631408184, 12.619543793538307, 15.668021371401402, 16.872512169318817, 23.769271469423128, 24.4829452267431, 10.134232222941145, 18.13284135868304, 35.4627729426962, 23.184883066805178, 10.682740474996457, 27.262341037244397, 0.0, 0.0, 0.0, 0.0, 0.0, 0.0, 0.0, 0.0, 0.0, 0.0, 0.0, 0.0, 0.0, 0.0, 0.0], [41.93925396905606, 20.15828671692335, 12.821950899780381, 31.344731631408184, 12.619543793538307, 15.668021371401402, 16.872512169318817, 23.769271469423128, 24.4829452267431, 10.134232222941145, 18.13284135868304, 35.4627729426962, 23.184883066805178, 10.682740474996457, 27.262341037244397, 0.0, 0.0, 0.0, 0.0, 0.0, 0.0, 0.0, 0.0, 0.0, 0.0, 0.0, 0.0, 0.0, 0.0, 0.0, 9.635636340567347, 23.063730408475458, 28.432096643046034, 32.16916483885455, 18.612724582578014, 25.492980357698105, 14.824484068706814, 12.152785460989115, 20.787549456464962, 11.24586612141646, 37.09155198268281, 14.093348271678298, 28.13937537527994, 8.743290508429842, 32.03288292156121, 17.79141838859469, 32.19787389657208, 20.34686396791567, 9.89207159666689, 22.310500254482633, 41.93925396905606, 20.15828671692335, 12.821950899780381, 31.344731631408184, 12.619543793538307, 15.668021371401402, 16.872512169318817, 23.769271469423128, 24.4829452267431, 10.134232222941145, 18.13284135868304, 35.4627729426962, 23.184883066805178, 10.682740474996457, 27.262341037244397, 0.0, 0.0, 0.0, 0.0, 0.0, 0.0, 0.0, 0.0, 0.0, 0.0, 0.0, 0.0, 0.0, 0.0, 0.0], [41.93925396905606, 20.15828671692335, 12.821950899780381, 31.344731631408184, 12.619543793538307, 15.668021371401402, 16.872512169318817, 23.769271469423128, 24.4829452267431, 10.134232222941145, 18.13284135868304, 35.4627729426962, 23.184883066805178, 10.682740474996457, 27.262341037244397, 0.0, 0.0, 0.0, 0.0, 0.0, 0.0, 0.0, 0.0, 0.0, 0.0, 0.0, 0.0, 0.0, 0.0, 0.0, 9.635636340567347, 23.063730408475458, 28.432096643046034, 32.16916483885455, 18.612724582578014, 25.492980357698105, 14.824484068706814, 12.152785460989115, 20.787549456464962, 11.24586612141646, 37.09155198268281, 14.093348271678298, 28.13937537527994, 8.743290508429842, 32.03288292156121, 17.79141838859469, 32.19787389657208, 20.34686396791567, 9.89207159666689, 22.310500254482633, 41.93925396905606, 20.15828671692335, 12.821950899780381, 31.344731631408184, 12.619543793538307, 15.668021371401402, 16.872512169318817, 23.769271469423128, 24.4829452267431, 10.134232