{"num_workers": 15, "num_roles": 5, "num_nodes": 40, "w": [[60, 60], [30, 30], [60, 60], [150, 150], [180, 180], [30, 30], [240, 240], [60, 60], [0, 0], [0, 0], [0, 0], [0, 0], [0, 0], [0, 0], [0, 0], [270, 390], [300, 420], [330, 420], [270, 390], [330, 450], [60, 420], [300, 360], [150, 330], [300, 420], [60, 120], [420, 420], [120, 120], [210, 210], [360, 360], [480, 480], [450, 450], [420, 420], [390, 390], [480, 480], [480, 480], [480, 480], [480, 480], [480, 480], [480, 480], [480, 480]], "p": [0, 0, 0, 0, 0, 0, 0, 0, 0, 0, 0, 0, 0, 0, 0, 51.09661819777179, 66.07651462828866, 25.360954665786856, 29.439187495009648, 69.28758057007451, 68.16917439429115, 55.258618238280945, 18.222523706662127, 74.8783554010671, 68.7788234704353, 0, 0, 0, 0, 0, 0, 0, 0, 0, 0, 0, 0, 0, 0, 0], "e": [[1, 0, 0, 0, 0], [1, 0, 0, 0, 0], [1, 1, 0, 0, 0], [1, 0, 0, 1, 0], [0, 1, 0, 0, 0], [0, 1, 0, 0, 0], [0, 0, 0, 0, 1], [0, 0, 0, 1, 0], [0, 1, 0, 0, 0], [0, 0, 1, 0, 0], [0, 0, 0, 0, 1], [0, 0, 1, 0, 0], [0, 0, 0, 1, 0], [0, 0, 0, 0, 1], [0, 0, 1, 0, 0]], "d": [[0, 0, 0, 1, 0, 0, 0, 0, 0, 0], [1, 1, 1, 1, 2, 1, 1, 1, 1, 1], [0, 0, 0, 1, 2, 0, 0, 0, 0, 0], [1, 1, 1, 0, 1, 1, 1, 1, 1, 1], [3, 3, 3, 1, 0, 3, 3, 3, 3, 3]], "r": [4984, 3004, 3269, 3335, 4929, 3362, 3795, 2300, 747, 2650], "g": [[0, 0, 0, 0, 0, 0, 0, 0, 0, 0], [0, 0, 0, 0, 0, 0, 0, 0, 0, 0], [0, 0, 0, 0, 0, 0, 0, 0, 0, 0], [0, 0, 0, 0, 0, 0, 0, 0, 0, 0], [0, 0, 0, 0, 0, 0, 0, 0, 0, 0], [0, 0, 0, 0, 0, 0, 0, 0, 0, 0], [0, 0, 0, 0, 0, 0, 0, 0, 0, 0], [0, 0, 0, 0, 0, 0, 0, 0, 0, 0], [0, 0, 0, 0, 0, 0, 0, 0, 0, 0], [0, 0, 0, 0, 0, 0, 0, 0, 0, 0]], "t": [[0.0, 26.055953725353838, 45.2882643217206, 46.311167814602854, 56.28879244753185, 32.69051587143636, 44.6870475037856, 60.0, 55.30469711475033, 55.30469711475033, 55.30469711475033, 55.30469711475033, 55.30469711475033, 55.30469711475033, 55.30469711475033, 55.54416084226588, 38.46743890734431, 54.93668106210276, 52.657652517973716, 6.541434776175134, 21.59289974182506, 16.904411596160255, 45.58525123579796, 58.96726714738644, 36.31828894518381, 0.0, 26.055953725353838, 45.2882643217206, 46.311167814602854, 56.28879244753185, 32.69051587143636, 44.6870475037856, 60.0, 55.30469711475033, 55.30469711475033, 55.30469711475033, 55.30469711475033, 55.30469711475033, 55.30469711475033, 55.30469711475033], [26.055953725353838, 0.0, 25.6591711636992, 20.525573125810116, 40.40505764870155, 22.546368333970616, 23.78145865432692, 34.36463480478526, 29.821747093034634, 29.821747093034634, 29.821747093034634, 29.821747093034634, 29.821747093034634, 29.821747093034634, 29.821747093034634, 29.80380640502529, 12.490965375043887, 34.31111524529465, 32.184276015197334, 19.624920497201064, 12.781653379665936, 12.348107951982628, 24.824913956643353, 40.700656734845595, 26.52586073240043, 26.055953725353838, 0.0, 25.6591711636992, 20.525573125810116, 40.40505764870155, 22.546368333970616, 23.78145865432692, 34.36463480478526, 29.821747093034634, 29.821747093034634, 29.821747093034634, 29.821747093034634, 29.821747093034634, 29.821747093034634, 29.821747093034634], [45.2882643217206, 25.6591711636992, 0.0, 26.880229428233843, 15.455418473652546, 15.988260567740022, 40.601182198817995, 35.73226880036926, 33.63170314504249, 33.63170314504249, 33.63170314504249, 33.63170314504249, 33.63170314504249, 33.63170314504249, 33.63170314504249, 21.79716486293698, 23.444565383367134, 9.651633903482626, 7.374400111863208, 40.31621059579947, 23.697781916446413, 28.523763870233843, 41.48345192106206, 15.04247843128684, 15.668002124896756, 45.2882643217206, 25.6591711636992, 0.0, 26.880229428233843, 15.455418473652546, 15.988260567740022, 40.601182198817995, 35.73226880036926, 33.63170314504249, 33.63170314504249, 33.63170314504249, 33.63170314504249, 33.63170314504249, 33.63170314504249, 33.63170314504249], [46.311167814602854, 20.525573125810116, 26.880229428233843, 0.0, 41.485491486948675, 34.91742426050998, 15.521479143981997, 13.850584698325271, 9.456946961152612, 9.456946961152612, 9.456946961152612, 9.456946961152612, 9.456946961152612, 9.456946961152612, 9.456946961152612, 14.05781192614892, 8.135721337823764, 30.584482782131168, 29.39423775715729, 39.78521191968651, 31.100332425046794, 32.42514340054241, 16.143172161512627, 38.767761353367455, 37.52482208478036, 46.311167814602854, 20.525573125810116, 26.880229428233843, 0.0, 41.485491486948675, 34.91742426050998, 15.521479143981997, 13.850584698325271, 9.456946961152612, 9.456946961152612, 9.456946961152612, 9.456946961152612, 9.456946961152612, 9.456946961152612, 9.456946961152612], [56.28879244753185, 40.40505764870155, 15.455418473652546, 41.485491486948675, 0.0, 23.664130582428484, 55.83946423845635, 48.10674990837156, 46.95879046828016, 46.95879046828016, 46.95879046828016, 46.95879046828016, 46.95879046828016, 46.95879046828016, 46.95879046828016, 33.12654246178973, 38.830296637865, 12.307549039860918, 12.544542237403869, 52.3342902088428, 35.41910471849699, 40.57367122017468, 56.689177551815156, 6.053643804422284, 20.502341461578613, 56.28879244753185, 40.40505764870155, 15.455418473652546, 41.485491486948675, 0.0, 23.664130582428484, 55.83946423845635, 48.10674990837156, 46.95879046828016, 46.95879046828016, 46.95879046828016, 46.95879046828016, 46.95879046828016, 46.95879046828016, 46.95879046828016], [32.69051587143636, 22.546368333970616, 15.988260567740022, 34.91742426050998, 23.664130582428484, 0.0, 44.57956069291837, 46.96059874733842, 43.668848529285356, 43.668848529285356, 43.668848529285356, 43.668848529285356, 43.668848529285356, 43.668848529285356, 43.668848529285356, 35.30278861372113, 28.23728425099609, 24.840657564250662, 22.72209682318469, 29.16959946813208, 12.867416081804585, 17.87461336310723, 45.603099074471444, 26.93977550607923, 4.201643137902139, 32.69051587143636, 22.546368333970616, 15.988260567740022, 34.91742426050998, 23.664130582428484, 0.0, 44.57956069291837, 46.96059874733842, 43.668848529285356, 43.668848529285356, 43.668848529285356, 43.668848529285356, 43.668848529285356, 43.668848529285356, 43.668848529285356], [44.6870475037856, 23.78145865432692, 40.601182198817995, 15.521479143981997, 55.83946423845635, 44.57956069291837, 0.0, 21.805122746182718, 17.595477955404082, 17.595477955404082, 17.595477955404082, 17.595477955404082, 17.595477955404082, 17.595477955404082, 17.595477955404082, 29.17049534279761, 17.31084512949234, 45.65687271418837, 44.25778755915507, 38.43704174601643, 36.55160791846241, 35.60595916985544, 1.0453319382715343, 53.71905307737827, 48.0186426888787, 44.6870475037856, 23.78145865432692, 40.601182198817995, 15.521479143981997, 55.83946423845635, 44.57956069291837, 0.0, 21.805122746182718, 17.595477955404082, 17.595477955404082, 17.595477955404082, 17.595477955404082, 17.595477955404082, 17.595477955404082, 17.595477955404082], [60.0, 34.36463480478526, 35.73226880036926, 13.850584698325271, 48.10674990837156, 46.96059874733842, 21.805122746182718, 0.0, 4.805277251620598, 4.805277251620598, 4.805277251620598, 4.805277251620598, 4.805277251620598, 4.805277251620598, 4.805277251620598, 15.03772810485994, 21.973740846843974, 35.950294112796016, 35.58116156904004, 53.460631446750575, 44.69269923575568, 46.24834266192871, 21.752748269506828, 43.94343065617758, 48.94905860913237, 60.0, 34.36463480478526, 35.73226880036926, 13.850584698325271, 48.10674990837156, 46.96059874733842, 21.805122746182718, 0.0, 4.805277251620598, 4.805277251620598, 4.805277251620598, 4.805277251620598, 4.805277251620598, 4.805277251620598, 4.805277251620598], [55.30469711475033, 29.821747093034634, 33.63170314504249, 9.456946961152612, 46.95879046828016, 43.668848529285356, 17.595477955404082, 4.805277251620598, 0.0, 0.0, 0.0, 0.0, 0.0, 0.0, 0.0, 14.766233556213114, 17.57071664742061, 35.101448448703316, 34.43644401632804, 48.763395021424415, 40.543297500875106, 41.84899258616183, 17.672642483632536, 43.272678702367855, 45.94066486910744, 55.30469711475033, 29.821747093034634, 33.63170314504249, 9.456946961152612, 46.95879046828016, 43.668848529285356, 17.595477955404082, 4.805277251620598, 0.0, 0.0, 0.0, 0.0, 0.0, 0.0, 0.0], [55.30469711475033, 29.821747093034634, 33.63170314504249, 9.456946961152612, 46.95879046828016, 43.668848529285356, 17.595477955404082, 4.805277251620598, 0.0, 0.0, 0.0, 0.0, 0.0, 0.0, 0.0, 14.766233556213114, 17.57071664742061, 35.101448448703316, 34.43644401632804, 48.763395021424415, 40.543297500875106, 41.84899258616183, 17.672642483632536, 43.272678702367855, 45.94066486910744, 55.30469711475033, 29.821747093034634, 33.63170314504249, 9.456946961152612, 46.95879046828016, 43.668848529285356, 17.595477955404082, 4.805277251620598, 0.0, 0.0, 0.0, 0.0, 0.0, 0.0, 0.0], [55.30469711475033, 29.821747093034634, 33.63170314504249, 9.456946961152612, 46.95879046828016, 43.668848529285356, 17.595477955404082, 4.805277251620598, 0.0, 0.0, 0.0, 0.0, 0.0, 0.0, 0.0, 14.766233556213114, 17.57071664742061, 35.101448448703316, 34.43644401632804, 48.763395021424415, 40.543297500875106, 41.84899258616183, 17.672642483632536, 43.272678702367855, 45.94066486910744, 55.30469711475033, 29.821747093034634, 33.63170314504249, 9.456946961152612, 46.95879046828016, 43.668848529285356, 17.595477955404082, 4.805277251620598, 0.0, 0.0, 0.0, 0.0, 0.0, 0.0, 0.0], [55.30469711475033, 29.821747093034634, 33.63170314504249, 9.456946961152612, 46.95879046828016, 43.668848529285356, 17.595477955404082, 4.805277251620598, 0.0, 0.0, 0.0, 0.0, 0.0, 0.0, 0.0, 14.766233556213114, 17.57071664742061, 35.101448448703316, 34.43644401632804, 48.763395021424415, 40.543297500875106, 41.84899258616183, 17.672642483632536, 43.272678702367855, 45.94066486910744, 55.30469711475033, 29.821747093034634, 33.63170314504249, 9.456946961152612, 46.95879046828016, 43.668848529285356, 17.595477955404082, 4.805277251620598, 0.0, 0.0, 0.0, 0.0, 0.0, 0.0, 0.0], [55.30469711475033, 29.821747093034634, 33.63170314504249, 9.456946961152612, 46.95879046828016, 43.668848529285356, 17.595477955404082, 4.805277251620598, 0.0, 0.0, 0.0, 0.0, 0.0, 0.0, 0.0, 14.766233556213114, 17.57071664742061, 35.101448448703316, 34.43644401632804, 48.763395021424415, 40.543297500875106, 41.84899258616183, 17.672642483632536, 43.272678702367855, 45.94066486910744, 55.30469711475033, 29.821747093034634, 33.63170314504249, 9.456946961152612, 46.95879046828016, 43.668848529285356, 17.595477955404082, 4.805277251620598, 0.0, 0.0, 0.0, 0.0, 0.0, 0.0, 0.0], [55.30469711475033, 29.821747093034634, 33.63170314504249, 9.456946961152612, 46.95879046828016, 43.668848529285356, 17.595477955404082, 4.805277251620598, 0.0, 0.0, 0.0, 0.0, 0.0, 0.0, 0.0, 14.766233556213114, 17.57071664742061, 35.101448448703316, 34.43644401632804, 48.763395021424415, 40.543297500875106, 41.84899258616183, 17.672642483632536, 43.272678702367855, 45.94066486910744, 55.30469711475033, 29.821747093034634, 33.63170314504249, 9.456946961152612, 46.95879046828016, 43.668848529285356, 17.595477955404082, 4.805277251620598, 0.0, 0.0, 0.0, 0.0, 0.0, 0.0, 0.0], [55.30469711475033, 29.821747093034634, 33.63170314504249, 9.456946961152612, 46.95879046828016, 43.668848529285356, 17.595477955404082, 4.805277251620598, 0.0, 0.0, 0.0, 0.0, 0.0, 0.0, 0.0, 14.766233556213114, 17.57071664742061, 35.101448448703316, 34.43644401632804, 48.763395021424415, 40.543297500875106, 41.84899258616183, 17.672642483632536, 43.272678702367855, 45.94066486910744, 55.30469711475033, 29.821747093034634, 33.63170314504249, 9.456946961152612, 46.95879046828016, 43.668848529285356, 17.595477955404082, 4.805277251620598, 0.0, 0.0, 0.0, 0.0, 0.0, 0.0, 0.0], [55.54416084226588, 29.80380640502529, 21.79716486293698, 14.05781192614892, 33.12654246178973, 35.30278861372113, 29.17049534279761, 15.03772810485994, 14.766233556213114, 14.766233556213114, 14.766233556213114, 14.766233556213114, 14.766233556213114, 14.766233556213114, 14.766233556213114, 0.0, 18.57376612983722, 20.92152446492934, 20.646783446427186, 49.27687354940199, 36.59193250411217, 39.600191691704275, 29.641790203022087, 28.911776783205244, 36.45166696290768, 55.54416084226588, 29.80380640502529, 21.79716486293698, 14.05781192614892, 33.12654246178973, 35.30278861372113, 29.17049534279761, 15.03772810485994, 14.766233556213114, 14.766233556213114, 14.766233556213114, 14.766233556213114, 14.766233556213114, 14.766233556213114, 14.766233556213114], [38.46743890734431, 12.490965375043887, 23.444565383367134, 8.135721337823764, 38.830296637865, 28.23728425099609, 17.31084512949234, 21.973740846843974, 17.57071664742061, 17.57071664742061, 17.57071664742061, 17.57071664742061, 17.57071664742061, 17.57071664742061, 17.57071664742061, 18.57376612983722, 0.0, 29.507004812503986, 27.834077344663612, 31.97797725632119, 23.1089648439212, 24.28956343950189, 18.24823545804303, 37.251081839616674, 31.310964813049583, 38.46743890734431, 12.490965375043887, 23.444565383367134, 8.135721337823764, 38.830296637865, 28.23728425099609, 17.31084512949234, 21.973740846843974, 17.57071664742061, 17.57071664742061, 17.57071664742061, 17.57071664742061, 17.57071664742061, 17.57071664742061, 17.57071664742061], [54.93668106210276, 34.31111524529465, 9.651633903482626, 30.584482782131168, 12.307549039860918, 24.840657564250662, 45.65687271418837, 35.950294112796016, 35.101448448703316, 35.101448448703316, 35.101448448703316, 35.101448448703316, 35.101448448703316, 35.101448448703316, 35.101448448703316, 20.92152446492934, 29.507004812503986, 0.0, 2.2792353622497097, 49.90413705650206, 33.348232487067314, 38.14695059713797, 46.4171752995758, 8.230564789988994, 23.518294098521125, 54.93668106210276, 34.31111524529465, 9.651633903482626, 30.584482782131168, 12.307549039860918, 24.840657564250662, 45.65687271418837, 35.950294112796016, 35.101448448703316, 35.101448448703316, 35.101448448703316, 35.101448448703316, 35.101448448703316, 35.101448448703316, 35.101448448703316], [52.657652517973716, 32.184276015197334, 7.374400111863208, 29.39423775715729, 12.544542237403869, 22.72209682318469, 44.25778755915507, 35.58116156904004, 34.43644401632804, 34.43644401632804, 34.43644401632804, 34.43644401632804, 34.43644401632804, 34.43644401632804, 34.43644401632804, 20.646783446427186, 27.834077344663612, 2.2792353622497097, 0.0, 47.63020327698092, 31.069668704858874, 35.86878816582606, 45.04612019173118, 9.466709361206451, 21.577050732699938, 52.657652517973716, 32.184276015197334, 7.374400111863208, 29.39423775715729, 12.544542237403869, 22.72209682318469, 44.25778755915507, 35.58116156904004, 34.43644401632804, 34.43644401632804, 34.43644401632804, 34.43644401632804, 34.43644401632804, 34.43644401632804, 34.43644401632804], [6.541434776175134, 19.624920497201064, 40.31621059579947, 39.78521191968651, 52.3342902088428, 29.16959946813208, 38.43704174601643, 53.460631446750575, 48.763395021424415, 48.763395021424415, 48.763395021424415, 48.763395021424415, 48.763395021424415, 48.763395021424415, 48.763395021424415, 49.27687354940199, 31.97797725632119, 49.90413705650206, 47.63020327698092, 0.0, 16.95853500389959, 11.866839126162715, 39.35937664558752, 54.51237477253025, 33.106023952655846, 6.541434776175134, 19.624920497201064, 40.31621059579947, 39.78521191968651, 52.3342902088428, 29.16959946813208, 38.43704174601643, 53.460631446750575, 48.763395021424415, 48.763395021424415, 48.763395021424415, 48.763395021424415, 48.763395021424415, 48.763395021424415, 48.763395021424415], [21.59289974182506, 12.781653379665936, 23.697781916446413, 31.100332425046794, 35.41910471849699, 12.867416081804585, 36.55160791846241, 44.69269923575568, 40.543297500875106, 40.543297500875106, 40.543297500875106, 40.543297500875106, 40.543297500875106, 40.543297500875106, 40.543297500875106, 36.59193250411217, 23.1089648439212, 33.348232487067314, 31.069668704858874, 16.95853500389959, 0.0, 5.1599816956729825, 37.59600731933512, 37.58099667652488, 17.038113848437686, 21.59289974182506, 12.781653379665936, 23.697781916446413, 31.100332425046794, 35.41910471849699, 12.867416081804585, 36.55160791846241, 44.69269923575568, 40.543297500875106, 40.543297500875106, 40.543297500875106, 40.543297500875106, 40.543297500875106, 40.543297500875106, 40.543297500875106], [16.904411596160255, 12.348107951982628, 28.523763870233843, 32.42514340054241, 40.57367122017468, 17.87461336310723, 35.60595916985544, 46.24834266192871, 41.84899258616183, 41.84899258616183, 41.84899258616183, 41.84899258616183, 41.84899258616183, 41.84899258616183, 41.84899258616183, 39.600191691704275, 24.28956343950189, 38.14695059713797, 35.86878816582606, 11.866839126162715, 5.1599816956729825, 0.0, 36.63422502764321, 42.646628343918074, 21.99257954476147, 16.904411596160255, 12.348107951982628, 28.523763870233843, 32.42514340054241, 40.57367122017468, 17.87461336310723, 35.60595916985544, 46.24834266192871, 41.84899258616183, 41.84899258616183, 41.84899258616183, 41.84899258616183, 41.84899258616183, 41.84899258616183, 41.84899258616183], [45.58525123579796, 24.824913956643353, 41.48345192106206, 16.143172161512627, 56.689177551815156, 45.603099074471444, 1.0453319382715343, 21.752748269506828, 17.672642483632536, 17.672642483632536, 17.672642483632536, 17.672642483632536, 17.672642483632536, 17.672642483632536, 17.672642483632536, 29.641790203022087, 18.24823545804303, 46.4171752995758, 45.04612019173118, 39.35937664558752, 37.59600731933512, 36.63422502764321, 0.0, 54.501951322134154, 49.02981396321678, 45.58525123579796, 24.824913956643353, 41.48345192106206, 16.143172161512627, 56.689177551815156, 45.603099074471444, 1.0453319382715343, 21.752748269506828, 17.672642483632536, 17.672642483632536, 17.672642483632536, 17.672642483632536, 17.672642483632536, 17.672642483632536, 17.672642483632536], [58.96726714738644, 40.700656734845595, 15.04247843128684, 38.767761353367455, 6.053643804422284, 26.93977550607923, 53.71905307737827, 43.94343065617758, 43.272678702367855, 43.272678702367855, 43.272678702367855, 43.272678702367855, 43.272678702367855, 43.272678702367855, 43.272678702367855, 28.911776783205244, 37.251081839616674, 8.230564789988994, 9.466709361206451, 54.51237477253025, 37.58099667652488, 42.646628343918074, 54.501951322134154, 0.0, 24.408105897050437, 58.96726714738644, 40.700656734845595, 15.04247843128684, 38.767761353367455, 6.053643804422284, 26.93977550607923, 53.71905307737827, 43.94343065617758, 43.272678702367855, 43.272678702367855, 43.272678702367855, 43.272678702367855, 43.272678702367855, 43.272678702367855, 43.272678702367855], [36.31828894518381, 26.52586073240043, 15.668002124896756, 37.52482208478036, 20.502341461578613, 4.201643137902139, 48.0186426888787, 48.94905860913237, 45.94066486910744, 45.94066486910744, 45.94066486910744, 45.94066486910744, 45.94066486910744, 45.94066486910744, 45.94066486910744, 36.45166696290768, 31.310964813049583, 23.518294098521125, 21.577050732699938, 33.106023952655846, 17.038113848437686, 21.99257954476147, 49.02981396321678, 24.408105897050437, 0.0, 36.31828894518381, 26.52586073240043, 15.668002124896756, 37.52482208478036, 20.502341461578613, 4.201643137902139, 48.0186426888787, 48.94905860913237, 45.94066486910744, 45.94066486910744, 45.94066486910744, 45.94066486910744, 45.94066486910744, 45.94066486910744, 45.94066486910744], [0.0, 26.055953725353838, 45.2882643217206, 46.311167814602854, 56.28879244753185, 32.69051587143636, 44.6870475037856, 60.0, 55.30469711475033, 55.30469711475033, 55.30469711475033, 55.30469711475033, 55.30469711475033, 55.30469711475033, 55.30469711475033, 55.54416084226588, 38.46743890734431, 54.93668106210276, 52.657652517973716, 6.541434776175134, 21.59289974182506, 16.904411596160255, 45.58525123579796, 58.96726714738644, 36.31828894518381, 0.0, 26.055953725353838, 45.2882643217206, 46.311167814602854, 56.28879244753185, 32.69051587143636, 44.6870475037856, 60.0, 55.30469711475033, 55.30469711475033, 55.30469711475033, 55.30469711475033, 55.30469711475033, 55.30469711475033, 55.30469711475033], [26.055953725353838, 0.0, 25.6591711636992, 20.525573125810116, 40.40505764870155, 22.546368333970616, 23.78145865432692, 34.36463480478526, 29.821747093034634, 29.821747093034634, 29.821747093034634, 29.821747093034634, 29.821747093034634, 29.821747093034634, 29.821747093034634, 29.80380640502529, 12.490965375043887, 34.31111524529465, 32.184276015197334, 19.624920497201064, 12.781653379665936, 12.348107951982628, 24.824913956643353, 40.700656734845595, 26.52586073240043, 26.055953725353838, 0.0, 25.6591711636992, 20.525573125810116, 40.40505764870155, 22.546368333970616, 23.78145865432692, 34.36463480478526, 29.821747093034634, 29.821747093034634, 29.821747093034634, 29.821747093034634, 29.821747093034634, 29.821747093034634, 29.821747093034634], [45.2882643217206, 25.6591711636992, 0.0, 26.880229428233843, 15.455418473652546, 15.988260567740022, 40.601182198817995, 35.73226880036926, 33.63170314504249, 33.63170314504249, 33.63170314504249, 33.63170314504249, 33.63170314504249, 33.63170314504249, 33.63170314504249, 21.79716486293698, 23.444565383367134, 9.651633903482626, 7.374400111863208, 40.31621059579947, 23.697781916446413, 28.523763870233843, 41.48345192106206, 15.04247843128684, 15.668002124896756, 45.2882643217206, 25.6591711636992, 0.0, 26.880229428233843, 15.455418473652546, 15.988260567740022, 40.601182198817995, 35.73226880036926, 33.63170314504249, 33.63170314504249, 33.63170314504249, 33.63170314504249, 33.63170314504249, 33.63170314504249, 33.63170314504249], [46.311167814602854, 20.525573125810116, 26.880229428233843, 0.0, 41.485491486948675, 34.91742426050998, 15.521479143981997, 13.850584698325271, 9.456946961152612, 9.456946961152612, 9.456946961152612, 9.456946961152612, 9.456946961152612, 9.456946961152612, 9.456946961152612, 14.05781192614892, 8.135721337823764, 30.584482782131168, 29.39423775715729, 39.78521191968651, 31.100332425046794, 32.42514340054241, 16.143172161512627, 38.767761353367455, 37.52482208478036, 46.311167814602854, 20.525573125810116, 26.880229428233843, 0.0, 41.485491486948675, 34.91742426050998, 15.521479143981997, 13.850584698325271, 9.456946961152612, 9.456946961152612, 9.456946961152612, 9.456946961152612, 9.456946961152612, 9.456946961152612, 9.456946961152612], [56.28879244753185, 40.40505764870155, 15.455418473652546, 41.485491486948675, 0.0, 23.664130582428484, 55.83946423845635, 48.10674990837156, 46.95879046828016, 46.95879046828016, 46.95879046828016, 46.95879046828016, 46.95879046828016, 46.95879046828016, 46.95879046828016, 33.12654246178973, 38.830296637865, 12.307549039860918, 12.544542237403869, 52.3342902088428, 35.41910471849699, 40.57367122017468, 56.689177551815156, 6.053643804422284, 20.502341461578613, 56.28879244753185, 40.40505764870155, 15.455418473652546, 41.485491486948675, 0.0, 23.664130582428484, 55.83946423845635, 48.10674990837156, 46.95879046828016, 46.95879046828016, 46.95879046828016, 46.95879046828016, 46.95879046828016, 46.95879046828016, 46.95879046828016], [32.69051587143636, 22.546368333970616, 15.988260567740022, 34.91742426050998, 23.664130582428484, 0.0, 44.57956069291837, 46.96059874733842, 43.668848529285356, 43.668848529285356, 43.668848529285356, 43.668848529285356, 43.668848529285356, 43.668848529285356, 43.668848529285356, 35.30278861372113, 28.23728425099609, 24.840657564250662, 22.72209682318469, 29.16959946813208, 12.867416081804585, 17.87461336310723, 45.603099074471444, 26.93977550607923, 4.201643137902139, 32.69051587143636, 22.546368333970616, 15.988260567740022, 34.91742426050998, 23.664130582428484, 0.0, 44.57956069291837, 46.96059874733842, 43.668848529285356, 43.668848529285356, 43.668848529285356, 43.668848529285356, 43.668848529285356, 43.668848529285356, 43.668848529285356], [44.6870475037856, 23.78145865432692, 40.601182198817995, 15.521479143981997, 55.83946423845635, 44.57956069291837, 0.0, 21.805122746182718, 17.595477955404082, 17.595477955404082, 17.595477955404082, 17.595477955404082, 17.595477955404082, 17.595477955404082, 17.595477955404082, 29.17049534279761, 17.31084512949234, 45.65687271418837, 44.25778755915507, 38.43704174601643, 36.55160791846241, 35.60595916985544, 1.0453319382715343, 53.71905307737827, 48.0186426888787, 44.6870475037856, 23.78145865432692, 40.601182198817995, 15.521479143981997, 55.83946423845635, 44.57956069291837, 0.0, 21.805122746182718, 17.595477955404082, 17.595477955404082, 17.595477955404082, 17.595477955404082, 17.595477955404082, 17.595477955404082, 17.595477955404082], [60.0, 34.36463480478526, 35.73226880036926, 13.850584698325271, 48.10674990837156, 46.96059874733842, 21.805122746182718, 0.0, 4.805277251620598, 4.805277251620598, 4.805277251620598, 4.805277251620598, 4.805277251620598, 4.805277251620598, 4.805277251620598, 15.03772810485994, 21.973740846843974, 35.950294112796016, 35.58116156904004, 53.460631446750575, 44.69269923575568, 46.24834266192871, 21.752748269506828, 43.94343065617758, 48.94905860913237, 60.0, 34.36463480478526, 35.73226880036926, 13.850584698325271, 48.10674990837156, 46.96059874733842, 21.805122746182718, 0.0, 4.805277251620598, 4.805277251620598, 4.805277251620598, 4.805277251620598, 4.805277251620598, 4.805277251620598, 4.805277251620598], [55.30469711475033, 29.821747093034634, 33.63170314504249, 9.456946961152612, 46.95879046828016, 43.668848529285356, 17.595477955404082, 4.805277251620598, 0.0, 0.0, 0.0, 0.0, 0.0, 0.0, 0.0, 14.766233556213114, 17.57071664742061, 35.101448448703316, 34.43644401632804, 48.763395021424415, 40.543297500875106, 41.84899258616183, 17.672642483632536, 43.272678702367855, 45.94066486910744, 55.30469711475033, 29.821747093034634, 33.63170314504249, 9.456946961152612, 46.95879046828016, 43.668848529285356, 17.595477955404082, 4.805277251620598, 0.0, 0.0, 0.0, 0.0, 0.0, 0.0, 0.0], [55.30469711475033, 29.821747093034634, 33.63170314504249, 9.456946961152612, 46.95879046828016, 43.668848529285356, 17.595477955404082, 4.805277251620598, 0.0, 0.0, 0.0, 0.0, 0.0, 0.0, 0.0, 14.766233556213114, 17.57071664742061, 35.101448448703316, 34.43644401632804, 48.763395021424415, 40.543297500875106, 41.84899258616183, 17.672642483632536, 43.272678702367855, 45.94066486910744, 55.30469711475033, 29.821747093034634, 33.63170314504249, 9.456946961152612, 46.95879046828016, 43.668848529285356, 17.595477955404082, 4.805277251620598, 0.0, 0.0, 0.0, 0.0, 0.0, 0.0, 0.0], [55.30469711475033, 29.821747093034634, 33.63170314504249, 9.456946961152612, 46.95879046828016, 43.668848529285356, 17.595477955404082, 4.805277251620598, 0.0, 0.0, 0.0, 0.0, 0.0, 0.0, 0.0, 14.766233556213114, 17.57071664742061, 35.101448448703316, 34.43644401632804, 48.763395021424415, 40.543297500875106, 41.84899258616183, 17.672642483632536, 43.272678702367855, 45.94066486910744, 55.30469711475033, 29.821747093034634, 33.63170314504249, 9.456946961152612, 46.95879046828016, 43.668848529285356, 17.595477955404082, 4.805277251620598, 0.0, 0.0, 0.0, 0.0, 0.0, 0.0, 0.0], [55.30469711475033, 29.821747093034634, 33.63170314504249, 9.456946961152612, 46.95879046828016, 43.668848529285356, 17.595477955404082, 4.805277251620598, 0.0, 0.0, 0.0, 0.0, 0.0, 0.0, 0.0, 14.766233556213114, 17.57071664742061, 35.101448448703316, 34.43644401632804, 48.763395021424415, 40.543297500875106, 41.84899258616183, 17.672642483632536, 43.272678702367855, 45.94066486910744, 55.30469711475033, 29.821747093034634, 33.63170314504249, 9.456946961152612, 46.95879046828016, 43.668848529285356, 17.595477955404082, 4.805277251620598, 0.0, 0.0, 0.0, 0.0, 0.0, 0.0, 0.0], [55.30469711475033, 29.821747093034634, 33.63170314504249, 9.456946961152612, 46.95879046828016, 43.668848529285356, 17.595477955404082, 4.805277251620598, 0.0, 0.0, 0.0, 0.0, 0.0, 0.0, 0.0, 14.766233556213114, 17.57071664742061, 35.101448448703316, 34.43644401632804, 48.763395021424415, 40.543297500875106, 41.84899258616183, 17.672642483632536, 43.272678702367855, 45.94066486910744, 55.30469711475033, 29.821747093034634, 33.63170314504249, 9.456946961152612, 46.95879046828016, 43.668848529285356, 17.595477955404082, 4.805277251620598, 0.0, 0.0, 0.0, 0.0, 0.0, 0.0, 0.0], [55.30469711475033, 29.821747093034634, 33.63170314504249, 9.456946961152612, 46.95879046828016, 43.668848529285356, 17.595477955404082, 4.805277251620598, 0.0, 0.0, 0.0, 0.0, 0.0, 0.0, 0.0, 14.766233556213114, 17.57071664742061, 35.101448448703316, 34.43644401632804, 48.763395021424415, 40.543297500875106, 41.84899258616183, 17.672642483632536, 43.272678702367855, 45.94066486910744, 55.30469711475033, 29.821747093034634, 33.63170314504249, 9.456946961152612, 46.95879046828016, 43.668848529285356, 17.595477955404082, 4.805277251620598, 0.0, 0.0, 0.0, 0.0, 0.0, 0.0, 0.0], [55.30469711475033, 29.821747093034634, 33.63170314504249, 9.456946961152612, 46.95879046828016, 43.668848529285356, 17.595477955404082, 4.805277251620598, 0.0, 0.0, 0.0, 0.0, 0.0, 0.0, 0.0, 14.766233556213114, 17.57071664742061, 35.101448448703316, 34.43644401632804, 48.763395021424415, 40.543297500875106, 41.84899258616183, 17.672642483632536, 43.272678702367855, 45.94066486910744, 55.30469711475033, 29.821747093034634, 33.63170314504249, 9.456946961152612, 46.95879046828016, 43.668848529285356, 17.595477955404082, 4.805277251620598, 0.0, 0.0, 0.0, 0.0, 0.0, 0.0, 0.0]], "M": 99999999.0}