{"num_workers": 15, "num_roles": 5, "num_nodes": 40, "w": [[210, 210], [60, 60], [0, 0], [30, 30], [180, 180], [270, 270], [60, 60], [30, 30], [0, 0], [0, 0], [0, 0], [0, 0], [0, 0], [0, 0], [0, 0], [90, 270], [30, 360], [60, 420], [150, 330], [390, 420], [30, 240], [30, 360], [60, 180], [60, 300], [180, 360], [270, 270], [390, 390], [240, 240], [120, 120], [480, 480], [360, 360], [270, 270], [150, 150], [480, 480], [480, 480], [480, 480], [480, 480], [480, 480], [480, 480], [480, 480]], "p": [0, 0, 0, 0, 0, 0, 0, 0, 0, 0, 0, 0, 0, 0, 0, 37.59224456188129, 36.839375526433436, 70.54405330190409, 16.770761637338037, 65.42559687677844, 56.456373065413516, 40.17175028755045, 44.71156212872301, 52.32305282365406, 31.733750161574793, 0, 0, 0, 0, 0, 0, 0, 0, 0, 0, 0, 0, 0, 0, 0], "e": [[0, 0, 0, 1, 1], [1, 0, 0, 0, 1], [0, 0, 0, 1, 0], [1, 0, 0, 0, 0], [0, 1, 0, 0, 0], [0, 0, 1, 0, 0], [0, 0, 0, 0, 1], [0, 0, 1, 0, 0], [0, 0, 1, 0, 0], [1, 0, 0, 0, 0], [0, 0, 0, 1, 0], [0, 1, 0, 0, 0], [1, 0, 0, 0, 0], [0, 1, 0, 0, 0], [0, 1, 0, 0, 0]], "d": [[1, 1, 0, 1, 2, 1, 1, 0, 1, 1], [1, 0, 1, 1, 1, 1, 1, 1, 1, 0], [0, 2, 1, 0, 1, 0, 0, 1, 0, 2], [1, 0, 0, 1, 0, 1, 1, 0, 1, 0], [1, 0, 1, 1, 1, 1, 1, 1, 1, 0]], "r": [366, 3591, 1796, 3793, 1106, 3370, 1392, 1392, 1254, 4804], "g": [[0, 0, 0, 0, 0, 0, 0, 0, 0, 0], [0, 0, 0, 0, 0, 0, 0, 0, 0, 0], [0, 0, 0, 0, 0, 0, 0, 0, 0, 0], [0, 0, 0, 0, 0, 0, 0, 0, 0, 0], [0, 0, 0, 0, 0, 0, 0, 0, 0, 0], [0, 0, 0, 0, 0, 0, 0, 0, 0, 0], [0, 0, 0, 0, 0, 0, 0, 0, 0, 0], [0, 0, 0, 0, 0, 0, 0, 0, 0, 0], [0, 0, 0, 0, 0, 0, 0, 0, 0, 0], [0, 0, 0, 0, 0, 0, 0, 0, 0, 0]], "t": [[0.0, 28.666847860932247, 39.32521585273534, 44.02601805169623, 26.376223331527004, 20.63818243896705, 8.124239165978269, 35.15179137017402, 32.42475910540786, 32.42475910540786, 32.42475910540786, 32.42475910540786, 32.42475910540786, 32.42475910540786, 32.42475910540786, 47.493003612927936, 28.667506188662188, 43.095988005018654, 25.11293155035045, 32.54427272109913, 44.85825927514283, 21.100341294550883, 31.26362763043472, 10.906193117899964, 43.04855977862035, 0.0, 28.666847860932247, 39.32521585273534, 44.02601805169623, 26.376223331527004, 20.63818243896705, 8.124239165978269, 35.15179137017402, 32.42475910540786, 32.42475910540786, 32.42475910540786, 32.42475910540786, 32.42475910540786, 32.42475910540786, 32.42475910540786], [28.666847860932247, 0.0, 37.9317708551921, 58.883390861047374, 15.149043720366643, 34.791490195999025, 36.34928109610002, 29.660982949391705, 13.919078801534909, 13.919078801534909, 13.919078801534909, 13.919078801534909, 13.919078801534909, 13.919078801534909, 13.919078801534909, 34.07418291014278, 1.583187932310448, 32.453739657183405, 3.560175273586761, 4.965061392307385, 47.49859051592801, 7.566696205751914, 42.03970794053426, 39.36005444663623, 32.73601107738332, 28.666847860932247, 0.0, 37.9317708551921, 58.883390861047374, 15.149043720366643, 34.791490195999025, 36.34928109610002, 29.660982949391705, 13.919078801534909, 13.919078801534909, 13.919078801534909, 13.919078801534909, 13.919078801534909, 13.919078801534909, 13.919078801534909], [39.32521585273534, 37.9317708551921, 0.0, 29.26168937527458, 22.878371061788087, 21.75308340008622, 40.55311566175328, 8.489270126480566, 25.529212007940714, 25.529212007940714, 25.529212007940714, 25.529212007940714, 25.529212007940714, 25.529212007940714, 25.529212007940714, 17.339120143871796, 39.4164588262586, 12.606329187338181, 37.10920996304356, 36.32377123835634, 9.986167300282741, 36.20598111563606, 16.30860058442489, 42.77281775634469, 12.155537812734762, 39.32521585273534, 37.9317708551921, 0.0, 29.26168937527458, 22.878371061788087, 21.75308340008622, 40.55311566175328, 8.489270126480566, 25.529212007940714, 25.529212007940714, 25.529212007940714, 25.529212007940714, 25.529212007940714, 25.529212007940714, 25.529212007940714], [44.02601805169623, 58.883390861047374, 29.26168937527458, 0.0, 44.943471446983835, 25.232311186566438, 39.578615574009945, 35.62945670688809, 50.36779649528312, 50.36779649528312, 50.36779649528312, 50.36779649528312, 50.36779649528312, 50.36779649528312, 50.36779649528312, 46.54529349777308, 60.0, 41.85726287473274, 56.61385760333869, 59.30574894725522, 22.461310348379826, 53.92510834585603, 16.948429572445136, 39.788200423838646, 41.41161256735343, 44.02601805169623, 58.883390861047374, 29.26168937527458, 0.0, 44.943471446983835, 25.232311186566438, 39.578615574009945, 35.62945670688809, 50.36779649528312, 50.36779649528312, 50.36779649528312, 50.36779649528312, 50.36779649528312, 50.36779649528312, 50.36779649528312], [26.376223331527004, 15.149043720366643, 22.878371061788087, 44.943471446983835, 0.0, 22.852050790032212, 31.925202840240384, 14.830092984535892, 6.827433783156387, 6.827433783156387, 6.827433783156387, 6.827433783156387, 6.827433783156387, 6.827433783156387, 6.827433783156387, 22.734810154506402, 16.589556208850116, 19.540347279922138, 14.266613714709106, 14.45468238328113, 32.35387665306465, 13.934316669836583, 28.001289636071867, 34.95787007435608, 19.690759191118847, 26.376223331527004, 15.149043720366643, 22.878371061788087, 44.943471446983835, 0.0, 22.852050790032212, 31.925202840240384, 14.830092984535892, 6.827433783156387, 6.827433783156387, 6.827433783156387, 6.827433783156387, 6.827433783156387, 6.827433783156387, 6.827433783156387], [20.63818243896705, 34.791490195999025, 21.75308340008622, 25.232311186566438, 22.852050790032212, 0.0, 19.470623790464778, 21.401091677167436, 29.420185873740316, 29.420185873740316, 29.420185873740316, 29.420185873740316, 29.420185873740316, 29.420185873740316, 29.420185873740316, 35.29967026664026, 35.71880697620498, 30.124413498554915, 32.12614316575624, 36.14997399795721, 24.935006171185357, 29.079525664975428, 10.631166024373432, 21.33181180578837, 29.874886889360766, 20.63818243896705, 34.791490195999025, 21.75308340008622, 25.232311186566438, 22.852050790032212, 0.0, 19.470623790464778, 21.401091677167436, 29.420185873740316, 29.420185873740316, 29.420185873740316, 29.420185873740316, 29.420185873740316, 29.420185873740316, 29.420185873740316], [8.124239165978269, 36.34928109610002, 40.55311566175328, 39.578615574009945, 31.925202840240384, 19.470623790464778, 0.0, 37.98184130848523, 38.43972587612076, 38.43972587612076, 38.43972587612076, 38.43972587612076, 38.43972587612076, 38.43972587612076, 38.43972587612076, 51.24807531104162, 36.47009435254688, 46.465935232461995, 32.826276037824364, 39.938494201693835, 44.39330475092439, 28.819505879825225, 29.426906726572497, 3.086996445880251, 46.34030854127852, 8.124239165978269, 36.34928109610002, 40.55311566175328, 39.578615574009945, 31.925202840240384, 19.470623790464778, 0.0, 37.98184130848523, 38.43972587612076, 38.43972587612076, 38.43972587612076, 38.43972587612076, 38.43972587612076, 38.43972587612076, 38.43972587612076], [35.15179137017402, 29.660982949391705, 8.489270126480566, 35.62945670688809, 14.830092984535892, 21.401091677167436, 37.98184130848523, 0.0, 17.039991446214778, 17.039991446214778, 17.039991446214778, 17.039991446214778, 17.039991446214778, 17.039991446214778, 17.039991446214778, 13.898761624479878, 31.174851968143493, 8.747084257111744, 29.085102356175273, 27.864764817275763, 18.439100907536137, 28.577508245090442, 20.170666142515035, 40.58659775977892, 8.531074536728225, 35.15179137017402, 29.660982949391705, 8.489270126480566, 35.62945670688809, 14.830092984535892, 21.401091677167436, 37.98184130848523, 0.0, 17.039991446214778, 17.039991446214778, 17.039991446214778, 17.039991446214778, 17.039991446214778, 17.039991446214778, 17.039991446214778], [32.42475910540786, 13.919078801534909, 25.529212007940714, 50.36779649528312, 6.827433783156387, 29.420185873740316, 38.43972587612076, 17.039991446214778, 0.0, 0.0, 0.0, 0.0, 0.0, 0.0, 0.0, 20.261265195061874, 15.502043574101002, 18.57077309581863, 14.708900752128958, 11.04452199843045, 35.46103715622766, 16.178154128811812, 33.56951965163207, 41.49939722266739, 18.870172219065694, 32.42475910540786, 13.919078801534909, 25.529212007940714, 50.36779649528312, 6.827433783156387, 29.420185873740316, 38.43972587612076, 17.039991446214778, 0.0, 0.0, 0.0, 0.0, 0.0, 0.0, 0.0], [32.42475910540786, 13.919078801534909, 25.529212007940714, 50.36779649528312, 6.827433783156387, 29.420185873740316, 38.43972587612076, 17.039991446214778, 0.0, 0.0, 0.0, 0.0, 0.0, 0.0, 0.0, 20.261265195061874, 15.502043574101002, 18.57077309581863, 14.708900752128958, 11.04452199843045, 35.46103715622766, 16.178154128811812, 33.56951965163207, 41.49939722266739, 18.870172219065694, 32.42475910540786, 13.919078801534909, 25.529212007940714, 50.36779649528312, 6.827433783156387, 29.420185873740316, 38.43972587612076, 17.039991446214778, 0.0, 0.0, 0.0, 0.0, 0.0, 0.0, 0.0], [32.42475910540786, 13.919078801534909, 25.529212007940714, 50.36779649528312, 6.827433783156387, 29.420185873740316, 38.43972587612076, 17.039991446214778, 0.0, 0.0, 0.0, 0.0, 0.0, 0.0, 0.0, 20.261265195061874, 15.502043574101002, 18.57077309581863, 14.708900752128958, 11.04452199843045, 35.46103715622766, 16.178154128811812, 33.56951965163207, 41.49939722266739, 18.870172219065694, 32.42475910540786, 13.919078801534909, 25.529212007940714, 50.36779649528312, 6.827433783156387, 29.420185873740316, 38.43972587612076, 17.039991446214778, 0.0, 0.0, 0.0, 0.0, 0.0, 0.0, 0.0], [32.42475910540786, 13.919078801534909, 25.529212007940714, 50.36779649528312, 6.827433783156387, 29.420185873740316, 38.43972587612076, 17.039991446214778, 0.0, 0.0, 0.0, 0.0, 0.0, 0.0, 0.0, 20.261265195061874, 15.502043574101002, 18.57077309581863, 14.708900752128958, 11.04452199843045, 35.46103715622766, 16.178154128811812, 33.56951965163207, 41.49939722266739, 18.870172219065694, 32.42475910540786, 13.919078801534909, 25.529212007940714, 50.36779649528312, 6.827433783156387, 29.420185873740316, 38.43972587612076, 17.039991446214778, 0.0, 0.0, 0.0, 0.0, 0.0, 0.0, 0.0], [32.42475910540786, 13.919078801534909, 25.529212007940714, 50.36779649528312, 6.827433783156387, 29.420185873740316, 38.43972587612076, 17.039991446214778, 0.0, 0.0, 0.0, 0.0, 0.0, 0.0, 0.0, 20.261265195061874, 15.502043574101002, 18.57077309581863, 14.708900752128958, 11.04452199843045, 35.46103715622766, 16.178154128811812, 33.56951965163207, 41.49939722266739, 18.870172219065694, 32.42475910540786, 13.919078801534909, 25.529212007940714, 50.36779649528312, 6.827433783156387, 29.420185873740316, 38.43972587612076, 17.039991446214778, 0.0, 0.0, 0.0, 0.0, 0.0, 0.0, 0.0], [32.42475910540786, 13.919078801534909, 25.529212007940714, 50.36779649528312, 6.827433783156387, 29.420185873740316, 38.43972587612076, 17.039991446214778, 0.0, 0.0, 0.0, 0.0, 0.0, 0.0, 0.0, 20.261265195061874, 15.502043574101002, 18.57077309581863, 14.708900752128958, 11.04452199843045, 35.46103715622766, 16.178154128811812, 33.56951965163207, 41.49939722266739, 18.870172219065694, 32.42475910540786, 13.919078801534909, 25.529212007940714, 50.36779649528312, 6.827433783156387, 29.420185873740316, 38.43972587612076, 17.039991446214778, 0.0, 0.0, 0.0, 0.0, 0.0, 0.0, 0.0], [32.42475910540786, 13.919078801534909, 25.529212007940714, 50.36779649528312, 6.827433783156387, 29.420185873740316, 38.43972587612076, 17.039991446214778, 0.0, 0.0, 0.0, 0.0, 0.0, 0.0, 0.0, 20.261265195061874, 15.502043574101002, 18.57077309581863, 14.708900752128958, 11.04452199843045, 35.46103715622766, 16.178154128811812, 33.56951965163207, 41.49939722266739, 18.870172219065694, 32.42475910540786, 13.919078801534909, 25.529212007940714, 50.36779649528312, 6.827433783156387, 29.420185873740316, 38.43972587612076, 17.039991446214778, 0.0, 0.0, 0.0, 0.0, 0.0, 0.0, 0.0], [47.493003612927936, 34.07418291014278, 17.339120143871796, 46.54529349777308, 22.734810154506402, 35.29967026664026, 51.24807531104162, 13.898761624479878, 20.261265195061874, 20.261265195061874, 20.261265195061874, 20.261265195061874, 20.261265195061874, 20.261265195061874, 20.261265195061874, 0.0, 35.64774303980992, 5.228301952442274, 34.94099237427322, 30.458468483328033, 25.383977384402485, 35.96383435021278, 32.961809754556455, 53.98589886038528, 5.552329571963992, 47.493003612927936, 34.07418291014278, 17.339120143871796, 46.54529349777308, 22.734810154506402, 35.29967026664026, 51.24807531104162, 13.898761624479878, 20.261265195061874, 20.261265195061874, 20.261265195061874, 20.261265195061874, 20.261265195061874, 20.261265195061874, 20.261265195061874], [28.667506188662188, 1.583187932310448, 39.4164588262586, 60.0, 16.589556208850116, 35.71880697620498, 36.47009435254688, 31.174851968143493, 15.502043574101002, 15.502043574101002, 15.502043574101002, 15.502043574101002, 15.502043574101002, 15.502043574101002, 15.502043574101002, 35.64774303980992, 0.0, 34.03590826327392, 3.774927982920314, 6.158166591198295, 48.94258104952643, 7.678820388893055, 43.20142115690862, 39.44982305337414, 34.31741209584849, 28.667506188662188, 1.583187932310448, 39.4164588262586, 60.0, 16.589556208850116, 35.71880697620498, 36.47009435254688, 31.174851968143493, 15.502043574101002, 15.502043574101002, 15.502043574101002, 15.502043574101002, 15.502043574101002, 15.502043574101002, 15.502043574101002], [43.095988005018654, 32.453739657183405, 12.606329187338181, 41.85726287473274, 19.540347279922138, 30.124413498554915, 46.465935232461995, 8.747084257111744, 18.57077309581863, 18.57077309581863, 18.57077309581863, 18.57077309581863, 18.57077309581863, 18.57077309581863, 18.57077309581863, 5.228301952442274, 34.03590826327392, 0.0, 32.81059739177042, 29.428057139644185, 21.466203753553863, 33.298543580732414, 27.826740928081385, 49.14339878507501, 0.47971555121903253, 43.095988005018654, 32.453739657183405, 12.606329187338181, 41.85726287473274, 19.540347279922138, 30.124413498554915, 46.465935232461995, 8.747084257111744, 18.57077309581863, 18.57077309581863, 18.57077309581863, 18.57077309581863, 18.57077309581863, 18.57077309581863, 18.57077309581863], [25.11293155035045, 3.560175273586761, 37.10920996304356, 56.61385760333869, 14.266613714709106, 32.12614316575624, 32.826276037824364, 29.085102356175273, 14.708900752128958, 14.708900752128958, 14.708900752128958, 14.708900752128958, 14.708900752128958, 14.708900752128958, 14.708900752128958, 34.94099237427322, 3.774927982920314, 32.81059739177042, 0.0, 8.062489430790052, 46.4103131032503, 4.0147246922637265, 39.90622379495265, 35.82772098017943, 33.04931519303697, 25.11293155035045, 3.560175273586761, 37.10920996304356, 56.61385760333869, 14.266613714709106, 32.12614316575624, 32.826276037824364, 29.085102356175273, 14.708900752128958, 14.708900752128958, 14.708900752128958, 14.708900752128958, 14.708900752128958, 14.708900752128958, 14.708900752128958], [32.54427272109913, 4.965061392307385, 36.32377123835634, 59.30574894725522, 14.45468238328113, 36.14997399795721, 39.938494201693835, 27.864764817275763, 11.04452199843045, 11.04452199843045, 11.04452199843045, 11.04452199843045, 11.04452199843045, 11.04452199843045, 11.04452199843045, 30.458468483328033, 6.158166591198295, 29.428057139644185, 8.062489430790052, 0.0, 46.15381702995975, 11.762188561263335, 42.35854829458156, 42.99671852342019, 29.75732915117043, 32.54427272109913, 4.965061392307385, 36.32377123835634, 59.30574894725522, 14.45468238328113, 36.14997399795721, 39.938494201693835, 27.864764817275763, 11.04452199843045, 11.04452199843045, 11.04452199843045, 11.04452199843045, 11.04452199843045, 11.04452199843045, 11.04452199843045], [44.85825927514283, 47.49859051592801, 9.986167300282741, 22.461310348379826, 32.35387665306465, 24.935006171185357, 44.39330475092439, 18.439100907536137, 35.46103715622766, 35.46103715622766, 35.46103715622766, 35.46103715622766, 35.46103715622766, 35.46103715622766, 35.46103715622766, 25.383977384402485, 48.94258104952643, 21.466203753553863, 46.4103131032503, 46.15381702995975, 0.0, 45.12333319443378, 15.677212072817483, 46.103897145186515, 20.987414928882774, 44.85825927514283, 47.49859051592801, 9.986167300282741, 22.461310348379826, 32.35387665306465, 24.935006171185357, 44.39330475092439, 18.439100907536137, 35.46103715622766, 35.46103715622766, 35.46103715622766, 35.46103715622766, 35.46103715622766, 35.46103715622766, 35.46103715622766], [21.100341294550883, 7.566696205751914, 36.20598111563606, 53.92510834585603, 13.934316669836583, 29.079525664975428, 28.819505879825225, 28.577508245090442, 16.178154128811812, 16.178154128811812, 16.178154128811812, 16.178154128811812, 16.178154128811812, 16.178154128811812, 16.178154128811812, 35.96383435021278, 7.678820388893055, 33.298543580732414, 4.0147246922637265, 11.762188561263335, 45.12333319443378, 0.0, 37.44405760546568, 31.81625024358344, 33.48558242329302, 21.100341294550883, 7.566696205751914, 36.20598111563606, 53.92510834585603, 13.934316669836583, 29.079525664975428, 28.819505879825225, 28.577508245090442, 16.178154128811812, 16.178154128811812, 16.178154128811812, 16.178154128811812, 16.178154128811812, 16.178154128811812, 16.178154128811812], [31.26362763043472, 42.03970794053426, 16.30860058442489, 16.948429572445136, 28.001289636071867, 10.631166024373432, 29.426906726572497, 20.170666142515035, 33.56951965163207, 33.56951965163207, 33.56951965163207, 33.56951965163207, 33.56951965163207, 33.56951965163207, 33.56951965163207, 32.961809754556455, 43.20142115690862, 27.826740928081385, 39.90622379495265, 42.35854829458156, 15.677212072817483, 37.44405760546568, 0.0, 30.840156822950075, 27.448300793082467, 31.26362763043472, 42.03970794053426, 16.30860058442489, 16.948429572445136, 28.001289636071867, 10.631166024373432, 29.426906726572497, 20.170666142515035, 33.56951965163207, 33.56951965163207, 33.56951965163207, 33.56951965163207, 33.56951965163207, 33.56951965163207, 33.56951965163207], [10.906193117899964, 39.36005444663623, 42.77281775634469, 39.788200423838646, 34.95787007435608, 21.33181180578837, 3.086996445880251, 40.58659775977892, 41.49939722266739, 41.49939722266739, 41.49939722266739, 41.49939722266739, 41.49939722266739, 41.49939722266739, 41.49939722266739, 53.98589886038528, 39.44982305337414, 49.14339878507501, 35.82772098017943, 42.99671852342019, 46.103897145186515, 31.81625024358344, 30.840156822950075, 0.0, 49.00280819189082, 10.906193117899964, 39.36005444663623, 42.77281775634469, 39.788200423838646, 34.95787007435608, 21.33181180578837, 3.086996445880251, 40.58659775977892, 41.49939722266739, 41.49939722266739, 41.49939722266739, 41.49939722266739, 41.49939722266739, 41.49939722266739, 41.49939722266739], [43.04855977862035, 32.73601107738332, 12.155537812734762, 41.41161256735343, 19.690759191118847, 29.874886889360766, 46.34030854127852, 8.531074536728225, 18.870172219065694, 18.870172219065694, 18.870172219065694, 18.870172219065694, 18.870172219065694, 18.870172219065694, 18.870172219065694, 5.552329571963992, 34.31741209584849, 0.47971555121903253, 33.04931519303697, 29.75732915117043, 20.987414928882774, 33.48558242329302, 27.448300793082467, 49.00280819189082, 0.0, 43.04855977862035, 32.73601107738332, 12.155537812734762, 41.41161256735343, 19.690759191118847, 29.874886889360766, 46.34030854127852, 8.531074536728225, 18.870172219065694, 18.870172219065694, 18.870172219065694, 18.870172219065694, 18.870172219065694, 18.870172219065694, 18.870172219065694], [0.0, 28.666847860932247, 39.32521585273534, 44.02601805169623, 26.376223331527004, 20.63818243896705, 8.124239165978269, 35.15179137017402, 32.42475910540786, 32.42475910540786, 32.42475910540786, 32.42475910540786, 32.42475910540786, 32.42475910540786, 32.42475910540786, 47.493003612927936, 28.667506188662188, 43.095988005018654, 25.11293155035045, 32.54427272109913, 44.85825927514283, 21.100341294550883, 31.26362763043472, 10.906193117899964, 43.04855977862035, 0.0, 28.666847860932247, 39.32521585273534, 44.02601805169623, 26.376223331527004, 20.63818243896705, 8.124239165978269, 35.15179137017402, 32.42475910540786, 32.42475910540786, 32.42475910540786, 32.42475910540786, 32.42475910540786, 32.42475910540786, 32.42475910540786], [28.666847860932247, 0.0, 37.9317708551921, 58.883390861047374, 15.149043720366643, 34.791490195999025, 36.34928109610002, 29.660982949391705, 13.919078801534909, 13.919078801534909, 13.919078801534909, 13.919078801534909, 13.919078801534909, 13.919078801534909, 13.919078801534909, 34.07418291014278, 1.583187932310448, 32.453739657183405, 3.560175273586761, 4.965061392307385, 47.49859051592801, 7.566696205751914, 42.03970794053426, 39.36005444663623, 32.73601107738332, 28.666847860932247, 0.0, 37.9317708551921, 58.883390861047374, 15.149043720366643, 34.791490195999025, 36.34928109610002, 29.660982949391705, 13.919078801534909, 13.919078801534909, 13.919078801534909, 13.919078801534909, 13.919078801534909, 13.919078801534909, 13.919078801534909], [39.32521585273534, 37.9317708551921, 0.0, 29.26168937527458, 22.878371061788087, 21.75308340008622, 40.55311566175328, 8.489270126480566, 25.529212007940714, 25.529212007940714, 25.529212007940714, 25.529212007940714, 25.529212007940714, 25.529212007940714, 25.529212007940714, 17.339120143871796, 39.4164588262586, 12.606329187338181, 37.10920996304356, 36.32377123835634, 9.986167300282741, 36.20598111563606, 16.30860058442489, 42.77281775634469, 12.155537812734762, 39.32521585273534, 37.9317708551921, 0.0, 29.26168937527458, 22.878371061788087, 21.75308340008622, 40.55311566175328, 8.489270126480566, 25.529212007940714, 25.529212007940714, 25.529212007940714, 25.529212007940714, 25.529212007940714, 25.529212007940714, 25.529212007940714], [44.02601805169623, 58.883390861047374, 29.26168937527458, 0.0, 44.943471446983835, 25.232311186566438, 39.578615574009945, 35.62945670688809, 50.36779649528312, 50.36779649528312, 50.36779649528312, 50.36779649528312, 50.36779649528312, 50.36779649528312, 50.36779649528312, 46.54529349777308, 60.0, 41.85726287473274, 56.61385760333869, 59.30574894725522, 22.461310348379826, 53.92510834585603, 16.948429572445136, 39.788200423838646, 41.41161256735343, 44.02601805169623, 58.883390861047374, 29.26168937527458, 0.0, 44.943471446983835, 25.232311186566438, 39.578615574009945, 35.62945670688809, 50.36779649528312, 50.36779649528312, 50.36779649528312, 50.36779649528312, 50.36779649528312, 50.36779649528312, 50.36779649528312], [26.376223331527004, 15.149043720366643, 22.878371061788087, 44.943471446983835, 0.0, 22.852050790032212, 31.925202840240384, 14.830092984535892, 6.827433783156387, 6.827433783156387, 6.827433783156387, 6.827433783156387, 6.827433783156387, 6.827433783156387, 6.827433783156387, 22.734810154506402, 16.589556208850116, 19.540347279922138, 14.266613714709106, 14.45468238328113, 32.35387665306465, 13.934316669836583, 28.001289636071867, 34.95787007435608, 19.690759191118847, 26.376223331527004, 15.149043720366643, 22.878371061788087, 44.943471446983835, 0.0, 22.852050790032212, 31.925202840240384, 14.830092984535892, 6.827433783156387, 6.827433783156387, 6.827433783156387, 6.827433783156387, 6.827433783156387, 6.827433783156387, 6.827433783156387], [20.63818243896705, 34.791490195999025, 21.75308340008622, 25.232311186566438, 22.852050790032212, 0.0, 19.470623790464778, 21.401091677167436, 29.420185873740316, 29.420185873740316, 29.420185873740316, 29.420185873740316, 29.420185873740316, 29.420185873740316, 29.420185873740316, 35.29967026664026, 35.71880697620498, 30.124413498554915, 32.12614316575624, 36.14997399795721, 24.935006171185357, 29.079525664975428, 10.631166024373432, 21.33181180578837, 29.874886889360766, 20.63818243896705, 34.791490195999025, 21.75308340008622, 25.232311186566438, 22.852050790032212, 0.0, 19.470623790464778, 21.401091677167436, 29.420185873740316, 29.420185873740316, 29.420185873740316, 29.420185873740316, 29.420185873740316, 29.420185873740316, 29.420185873740316], [8.124239165978269, 36.34928109610002, 40.55311566175328, 39.578615574009945, 31.925202840240384, 19.470623790464778, 0.0, 37.98184130848523, 38.43972587612076, 38.43972587612076, 38.43972587612076, 38.43972587612076, 38.43972587612076, 38.43972587612076, 38.43972587612076, 51.24807531104162, 36.47009435254688, 46.465935232461995, 32.826276037824364, 39.938494201693835, 44.39330475092439, 28.819505879825225, 29.426906726572497, 3.086996445880251, 46.34030854127852, 8.124239165978269, 36.34928109610002, 40.55311566175328, 39.578615574009945, 31.925202840240384, 19.470623790464778, 0.0, 37.98184130848523, 38.43972587612076, 38.43972587612076, 38.43972587612076, 38.43972587612076, 38.43972587612076, 38.43972587612076, 38.43972587612076], [35.15179137017402, 29.660982949391705, 8.489270126480566, 35.62945670688809, 14.830092984535892, 21.401091677167436, 37.98184130848523, 0.0, 17.039991446214778, 17.039991446214778, 17.039991446214778, 17.039991446214778, 17.039991446214778, 17.039991446214778, 17.039991446214778, 13.898761624479878, 31.174851968143493, 8.747084257111744, 29.085102356175273, 27.864764817275763, 18.439100907536137, 28.577508245090442, 20.170666142515035, 40.58659775977892, 8.531074536728225, 35.15179137017402, 29.660982949391705, 8.489270126480566, 35.62945670688809, 14.830092984535892, 21.401091677167436, 37.98184130848523, 0.0, 17.039991446214778, 17.039991446214778, 17.039991446214778, 17.039991446214778, 17.039991446214778, 17.039991446214778, 17.039991446214778], [32.42475910540786, 13.919078801534909, 25.529212007940714, 50.36779649528312, 6.827433783156387, 29.420185873740316, 38.43972587612076, 17.039991446214778, 0.0, 0.0, 0.0, 0.0, 0.0, 0.0, 0.0, 20.261265195061874, 15.502043574101002, 18.57077309581863, 14.708900752128958, 11.04452199843045, 35.46103715622766, 16.178154128811812, 33.56951965163207, 41.49939722266739, 18.870172219065694, 32.42475910540786, 13.919078801534909, 25.529212007940714, 50.36779649528312, 6.827433783156387, 29.420185873740316, 38.43972587612076, 17.039991446214778, 0.0, 0.0, 0.0, 0.0, 0.0, 0.0, 0.0], [32.42475910540786, 13.919078801534909, 25.529212007940714, 50.36779649528312, 6.827433783156387, 29.420185873740316, 38.43972587612076, 17.039991446214778, 0.0, 0.0, 0.0, 0.0, 0.0, 0.0, 0.0, 20.261265195061874, 15.502043574101002, 18.57077309581863, 14.708900752128958, 11.04452199843045, 35.46103715622766, 16.178154128811812, 33.56951965163207, 41.49939722266739, 18.870172219065694, 32.42475910540786, 13.919078801534909, 25.529212007940714, 50.36779649528312, 6.827433783156387, 29.420185873740316, 38.43972587612076, 17.039991446214778, 0.0, 0.0, 0.0, 0.0, 0.0, 0.0, 0.0], [32.42475910540786, 13.919078801534909, 25.529212007940714, 50.36779649528312, 6.827433783156387, 29.420185873740316, 38.43972587612076, 17.039991446214778, 0.0, 0.0, 0.0, 0.0, 0.0, 0.0, 0.0, 20.261265195061874, 15.502043574101002, 18.57077309581863, 14.708900752128958, 11.04452199843045, 35.46103715622766, 16.178154128811812, 33.56951965163207, 41.49939722266739, 18.870172219065694, 32.42475910540786, 13.919078801534909, 25.529212007940714, 50.36779649528312, 6.827433783156387, 29.420185873740316, 38.43972587612076, 17.039991446214778, 0.0, 0.0, 0.0, 0.0, 0.0, 0.0, 0.0], [32.42475910540786, 13.919078801534909, 25.529212007940714, 50.36779649528312, 6.827433783156387, 29.420185873740316, 38.43972587612076, 17.039991446214778, 0.0, 0.0, 0.0, 0.0, 0.0, 0.0, 0.0, 20.261265195061874, 15.502043574101002, 18.57077309581863, 14.708900752128958, 11.04452199843045, 35.46103715622766, 16.178154128811812, 33.56951965163207, 41.49939722266739, 18.870172219065694, 32.42475910540786, 13.919078801534909, 25.529212007940714, 50.36779649528312, 6.827433783156387, 29.420185873740316, 38.43972587612076, 17.039991446214778, 0.0, 0.0, 0.0, 0.0, 0.0, 0.0, 0.0], [32.42475910540786, 13.919078801534909, 25.529212007940714, 50.36779649528312, 6.827433783156387, 29.420185873740316, 38.43972587612076, 17.039991446214778, 0.0, 0.0, 0.0, 0.0, 0.0, 0.0, 0.0, 20.261265195061874, 15.502043574101002, 18.57077309581863, 14.708900752128958, 11.04452199843045, 35.46103715622766, 16.178154128811812, 33.56951965163207, 41.49939722266739, 18.870172219065694, 32.42475910540786, 13.919078801534909, 25.529212007940714, 50.36779649528312, 6.827433783156387, 29.420185873740316, 38.43972587612076, 17.039991446214778, 0.0, 0.0, 0.0, 0.0, 0.0, 0.0, 0.0], [32.42475910540786, 13.919078801534909, 25.529212007940714, 50.36779649528312, 6.827433783156387, 29.420185873740316, 38.43972587612076, 17.039991446214778, 0.0, 0.0, 0.0, 0.0, 0.0, 0.0, 0.0, 20.261265195061874, 15.502043574101002, 18.57077309581863, 14.708900752128958, 11.04452199843045, 35.46103715622766, 16.178154128811812, 33.56951965163207, 41.49939722266739, 18.870172219065694, 32.42475910540786, 13.919078801534909, 25.529212007940714, 50.36779649528312, 6.827433783156387, 29.420185873740316, 38.43972587612076, 17.039991446214778, 0.0, 0.0, 0.0, 0.0, 0.0, 0.0, 0.0], [32.42475910540786, 13.919078801534909, 25.529212007940714, 50.36779649528312, 6.827433783156387, 29.420185873740316, 38.43972587612076, 17.039991446214778, 0.0, 0.0, 0.0, 0.0, 0.0, 0.0, 0.0, 20.261265195061874, 15.502043574101002, 18.57077309581863, 14.708900752128958, 11.04452199843045, 35.46103715622766, 16.178154128811812, 33.56951965163207, 41.49939722266739, 18.870172219065694, 32.42475910540786, 13.919078801534909, 25.529212007940714, 50.36779649528312, 6.827433783156387, 29.420185873740316, 38.43972587612076, 17.039991446214778, 0.0, 0.0, 0.0, 0.0, 0.0, 0.0, 0.0]], "M": 99999999.0}