{"num_workers": 30, "num_roles": 5, "num_nodes": 80, "w": [[330, 330], [240, 240], [240, 240], [0, 0], [30, 30], [60, 60], [0, 0], [30, 30], [180, 180], [90, 90], [360, 360], [60, 60], [30, 30], [120, 120], [90, 90], [0, 0], [0, 0], [0, 0], [0, 0], [0, 0], [0, 0], [0, 0], [0, 0], [0, 0], [0, 0], [0, 0], [0, 0], [0, 0], [0, 0], [0, 0], [120, 240], [60, 210], [270, 390], [120, 450], [360, 390], [60, 420], [150, 450], [240, 360], [90, 420], [30, 420], [120, 300], [210, 270], [120, 270], [120, 240], [60, 420], [30, 300], [180, 420], [210, 360], [90, 270], [60, 180], [360, 360], [420, 420], [360, 360], [330, 330], [450, 450], [390, 390], [390, 390], [330, 330], [360, 360], [390, 390], [450, 450], [420, 420], [420, 420], [210, 210], [480, 480], [480, 480], [480, 480], [480, 480], [480, 480], [480, 480], [480, 480], [480, 480], [480, 480], [480, 480], [480, 480], [480, 480], [480, 480], [480, 480], [480, 480], [480, 480]], "p": [0, 0, 0, 0, 0, 0, 0, 0, 0, 0, 0, 0, 0, 0, 0, 0, 0, 0, 0, 0, 0, 0, 0, 0, 0, 0, 0, 0, 0, 0, 36.4117047709196, 72.0631711147964, 70.74444363767867, 69.85016693642983, 34.36134916039483, 63.311554136467684, 50.08684310727463, 69.43383962206289, 25.37213632813501, 69.55406349720033, 39.34181728586078, 49.809052951084674, 19.23975058884465, 61.39624398382709, 25.647517730360956, 62.951505787259066, 71.13446126988808, 45.691361594163425, 49.8954478766344, 72.31352054456204, 0, 0, 0, 0, 0, 0, 0, 0, 0, 0, 0, 0, 0, 0, 0, 0, 0, 0, 0, 0, 0, 0, 0, 0, 0, 0, 0, 0, 0, 0], "e": [[1, 1, 0, 0, 0], [0, 1, 1, 0, 0], [1, 0, 0, 1, 0], [0, 0, 1, 0, 1], [0, 1, 1, 0, 0], [1, 1, 0, 0, 0], [0, 1, 0, 0, 0], [0, 1, 0, 0, 0], [0, 0, 1, 0, 0], [0, 0, 0, 0, 1], [0, 0, 0, 0, 1], [1, 0, 0, 0, 0], [0, 0, 0, 0, 1], [1, 0, 0, 0, 0], [0, 1, 0, 0, 0], [1, 0, 0, 0, 0], [0, 1, 0, 0, 0], [0, 0, 0, 1, 0], [0, 0, 0, 1, 0], [0, 0, 0, 1, 0], [0, 1, 0, 0, 0], [0, 0, 1, 0, 0], [0, 0, 0, 1, 0], [0, 0, 0, 0, 1], [0, 0, 1, 0, 0], [0, 0, 0, 1, 0], [0, 0, 0, 0, 1], [1, 0, 0, 0, 0], [1, 0, 0, 0, 0], [1, 0, 0, 0, 0]], "d": [[0, 0, 0, 0, 0, 0, 0, 0, 0, 0, 0, 0, 0, 0, 0, 0, 0, 0, 0, 0], [0, 0, 0, 0, 0, 1, 0, 0, 0, 1, 1, 0, 1, 1, 0, 0, 1, 1, 0, 0], [1, 0, 0, 0, 1, 1, 3, 3, 3, 1, 1, 0, 1, 1, 1, 0, 1, 1, 1, 0], [2, 2, 4, 2, 2, 1, 1, 1, 1, 1, 1, 4, 1, 1, 2, 4, 1, 1, 2, 4], [1, 2, 0, 2, 1, 1, 1, 1, 1, 1, 1, 0, 1, 1, 1, 0, 1, 1, 1, 0]], "r": [119, 4358, 3414, 3724, 1734, 198, 101, 4737, 4967, 4534, 1908, 3076, 984, 4807, 1884, 3735, 2393, 3347, 4201, 843], "g": [[0, 0, 0, 0, 0, 0, 0, 0, 0, 0, 0, 0, 0, 0, 0, 0, 0, 0, 0, 0], [0, 0, 0, 0, 0, 0, 0, 0, 0, 0, 0, 0, 0, 0, 0, 0, 0, 0, 0, 0], [0, 0, 0, 0, 0, 0, 0, 0, 0, 0, 0, 0, 0, 0, 0, 0, 0, 0, 0, 0], [0, 0, 0, 0, 0, 0, 0, 0, 0, 0, 0, 0, 0, 0, 0, 0, 0, 0, 0, 0], [0, 0, 0, 0, 0, 0, 0, 0, 0, 0, 0, 0, 0, 0, 0, 0, 0, 0, 0, 0], [0, 0, 0, 0, 0, 0, 0, 0, 0, 0, 0, 0, 0, 0, 0, 0, 0, 0, 0, 0], [0, 0, 0, 0, 0, 0, 0, 0, 0, 0, 0, 0, 0, 0, 0, 0, 0, 0, 0, 0], [0, 0, 0, 0, 0, 0, 0, 0, 0, 0, 0, 0, 0, 0, 0, 0, 0, 0, 0, 0], [0, 0, 0, 0, 0, 0, 0, 0, 0, 0, 0, 0, 0, 0, 0, 0, 0, 0, 0, 0], [0, 0, 0, 0, 0, 0, 0, 0, 0, 0, 0, 0, 0, 0, 0, 0, 0, 0, 0, 0], [0, 0, 0, 0, 0, 0, 0, 0, 0, 0, 0, 0, 0, 0, 0, 0, 0, 0, 0, 0], [0, 0, 0, 0, 0, 0, 0, 0, 0, 0, 0, 0, 0, 0, 0, 0, 0, 0, 0, 0], [0, 0, 0, 0, 0, 0, 0, 0, 0, 0, 0, 0, 0, 0, 0, 0, 0, 0, 0, 0], [0, 0, 0, 0, 0, 0, 0, 0, 0, 0, 0, 0, 0, 0, 0, 0, 0, 0, 0, 0], [0, 0, 0, 0, 0, 0, 0, 0, 0, 0, 0, 0, 0, 0, 0, 0, 0, 0, 0, 0], [0, 0, 0, 0, 0, 0, 0, 0, 0, 0, 0, 0, 0, 0, 0, 0, 0, 0, 0, 0], [0, 0, 0, 0, 0, 0, 0, 0, 0, 0, 0, 0, 0, 0, 0, 0, 0, 0, 0, 0], [0, 0, 0, 0, 0, 0, 0, 0, 0, 0, 0, 0, 0, 0, 0, 0, 0, 0, 0, 0], [0, 0, 0, 0, 0, 0, 0, 0, 0, 0, 0, 0, 0, 0, 0, 0, 0, 0, 0, 0], [0, 0, 0, 0, 0, 0, 0, 0, 0, 0, 0, 0, 0, 0, 0, 0, 0, 0, 0, 0]], "t": [[0.0, 5.160726503311148, 3.5239833901557667, 26.564494912859296, 25.884475895627798, 22.539857401360603, 33.54565198638293, 25.533522723683042, 22.57409517509339, 23.948678016710367, 27.14438491931644, 28.730737669217092, 17.05938495888148, 19.0714834467347, 31.267282705837715, 35.62103405333068, 35.62103405333068, 35.62103405333068, 35.62103405333068, 35.62103405333068, 35.62103405333068, 35.62103405333068, 35.62103405333068, 35.62103405333068, 35.62103405333068, 35.62103405333068, 35.62103405333068, 35.62103405333068, 35.62103405333068, 35.62103405333068, 18.564450438547745, 31.825481715092728, 28.18274038213093, 20.214468620185965, 18.498200560479713, 18.2753336854367, 22.622967871927546, 31.555535968629748, 15.6723200335225, 9.138575696712609, 20.97272637005926, 25.73265057390117, 30.611319281225438, 28.730270900954775, 19.960919465726068, 16.764055398465352, 18.292120719228173, 8.098912645430323, 8.789024903802746, 16.187364509405008, 0.0, 5.160726503311148, 3.5239833901557667, 26.564494912859296, 25.884475895627798, 22.539857401360603, 33.54565198638293, 25.533522723683042, 22.57409517509339, 23.948678016710367, 27.14438491931644, 28.730737669217092, 17.05938495888148, 19.0714834467347, 31.267282705837715, 35.62103405333068, 35.62103405333068, 35.62103405333068, 35.62103405333068, 35.62103405333068, 35.62103405333068, 35.62103405333068, 35.62103405333068, 35.62103405333068, 35.62103405333068, 35.62103405333068, 35.62103405333068, 35.62103405333068, 35.62103405333068, 35.62103405333068], [5.160726503311148, 0.0, 4.612504866660189, 26.929793011028398, 20.740593623882802, 20.88469252052234, 28.661644403944564, 26.092658873518662, 22.30837615535751, 27.54142593025068, 23.390878464721855, 27.57350267069916, 14.365007384614117, 16.481436754073236, 27.083365844753818, 33.448125772694645, 33.448125772694645, 33.448125772694645, 33.448125772694645, 33.448125772694645, 33.448125772694645, 33.448125772694645, 33.448125772694645, 33.448125772694645, 33.448125772694645, 33.448125772694645, 33.448125772694645, 33.448125772694645, 33.448125772694645, 33.448125772694645, 23.701268041517558, 26.83489811323056, 32.059729897232465, 24.142887996827266, 15.752812397646656, 14.238415096365694, 23.556429575640887, 28.746176558917405, 11.464560465734875, 4.15559114605073, 23.406092743509642, 23.10930795317248, 27.96527803332955, 24.856545340383825, 24.737807614235543, 11.635697349374276, 13.291378943847642, 13.257176892990332, 10.109961283663498, 12.171022675003313, 5.160726503311148, 0.0, 4.612504866660189, 26.929793011028398, 20.740593623882802, 20.88469252052234, 28.661644403944564, 26.092658873518662, 22.30837615535751, 27.54142593025068, 23.390878464721855, 27.57350267069916, 14.365007384614117, 16.481436754073236, 27.083365844753818, 33.448125772694645, 33.448125772694645, 33.448125772694645, 33.448125772694645, 33.448125772694645, 33.448125772694645, 33.448125772694645, 33.448125772694645, 33.448125772694645, 33.448125772694645, 33.448125772694645, 33.448125772694645, 33.448125772694645, 33.448125772694645, 33.448125772694645], [3.5239833901557667, 4.612504866660189, 0.0, 23.503966243581605, 24.12459864875926, 24.76179586916634, 33.00030866163549, 22.541673778250136, 19.293733651990664, 22.928927408507715, 27.9842159394623, 25.283486711815193, 13.602037512774453, 20.73794541060492, 28.197281779958992, 32.09721772241273, 32.09721772241273, 32.09721772241273, 32.09721772241273, 32.09721772241273, 32.09721772241273, 32.09721772241273, 32.09721772241273, 32.09721772241273, 32.09721772241273, 32.09721772241273, 32.09721772241273, 32.09721772241273, 32.09721772241273, 32.09721772241273, 20.20457192929531, 31.055470653461914, 27.458110318051418, 19.556842461109973, 20.061925801025325, 15.239093615888045, 25.854874051945654, 28.067763436800643, 16.076951579555967, 8.645034245423824, 24.473032732281983, 27.41404160222619, 27.10794651056072, 29.462419088145744, 20.532082007374843, 15.670346885890424, 16.178845969887455, 10.194030152823071, 5.922401821276111, 16.774544443405404, 3.5239833901557667, 4.612504866660189, 0.0, 23.503966243581605, 24.12459864875926, 24.76179586916634, 33.00030866163549, 22.541673778250136, 19.293733651990664, 22.928927408507715, 27.9842159394623, 25.283486711815193, 13.602037512774453, 20.73794541060492, 28.197281779958992, 32.09721772241273, 32.09721772241273, 32.09721772241273, 32.09721772241273, 32.09721772241273, 32.09721772241273, 32.09721772241273, 32.09721772241273, 32.09721772241273, 32.09721772241273, 32.09721772241273, 32.09721772241273, 32.09721772241273, 32.09721772241273, 32.09721772241273], [26.564494912859296, 26.929793011028398, 23.503966243581605, 0.0, 35.22584956916514, 47.80281050185653, 48.154136087290034, 1.3648137546851566, 5.265248834258252, 17.990252903289253, 48.268850686366214, 8.241571581797652, 16.727507729019568, 43.145728763686755, 27.270395259987403, 17.087628019272138, 17.087628019272138, 17.087628019272138, 17.087628019272138, 17.087628019272138, 17.087628019272138, 17.087628019272138, 17.087628019272138, 17.087628019272138, 17.087628019272138, 17.087628019272138, 17.087628019272138, 17.087628019272138, 17.087628019272138, 17.087628019272138, 31.12175883525377, 45.510109164910055, 21.805688569306287, 19.37128055443833, 42.34587281270664, 22.0808536530305, 49.17523461788626, 18.35677671641168, 36.63556610487984, 29.350832369554087, 46.78229398929379, 49.57759026447972, 16.97725714760161, 49.35380908447349, 26.13005835259586, 32.35275151479395, 28.48279071928116, 27.665643625414454, 17.775836606107806, 37.60308545822498, 26.564494912859296, 26.929793011028398, 23.503966243581605, 0.0, 35.22584956916514, 47.80281050185653, 48.154136087290034, 1.3648137546851566, 5.265248834258252, 17.990252903289253, 48.268850686366214, 8.241571581797652, 16.727507729019568, 43.145728763686755, 27.270395259987403, 17.087628019272138, 17.087628019272138, 17.087628019272138, 17.087628019272138, 17.087628019272138, 17.087628019272138, 17.087628019272138, 17.087628019272138, 17.087628019272138, 17.087628019272138, 17.087628019272138, 17.087628019272138, 17.087628019272138, 17.087628019272138, 17.087628019272138], [25.884475895627798, 20.740593623882802, 24.12459864875926, 35.22584956916514, 0.0, 27.597957651063926, 13.403833886418836, 35.17986798070483, 30.056926913726013, 44.35029961622299, 19.728546623178506, 30.56265215287509, 18.83569124215978, 22.28787233309942, 15.148490126206218, 30.62662875441356, 30.62662875441356, 30.62662875441356, 30.62662875441356, 30.62662875441356, 30.62662875441356, 30.62662875441356, 30.62662875441356, 30.62662875441356, 30.62662875441356, 30.62662875441356, 30.62662875441356, 30.62662875441356, 30.62662875441356, 30.62662875441356, 44.27163958664524, 10.628816597004931, 49.24769474388944, 41.99612532009903, 21.498421222893498, 13.294450190454757, 36.723747815093304, 24.30595666027065, 15.492797710343163, 17.171379751999865, 39.86925642279993, 25.223020452557403, 24.591641173070006, 19.740479440463343, 44.40643255434996, 9.749619133903034, 8.177248882325761, 33.94481957634508, 26.571262854133433, 16.179610347703964, 25.884475895627798, 20.740593623882802, 24.12459864875926, 35.22584956916514, 0.0, 27.597957651063926, 13.403833886418836, 35.17986798070483, 30.056926913726013, 44.35029961622299, 19.728546623178506, 30.56265215287509, 18.83569124215978, 22.28787233309942, 15.148490126206218, 30.62662875441356, 30.62662875441356, 30.62662875441356, 30.62662875441356, 30.62662875441356, 30.62662875441356, 30.62662875441356, 30.62662875441356, 30.62662875441356, 30.62662875441356, 30.62662875441356, 30.62662875441356, 30.62662875441356, 30.62662875441356, 30.62662875441356], [22.539857401360603, 20.88469252052234, 24.76179586916634, 47.80281050185653, 27.597957651063926, 0.0, 24.76459489091466, 46.97726369302031, 43.075728193137095, 46.10228433056223, 11.845835818020463, 47.74368760208601, 33.66117363847629, 5.562783117001094, 40.98472110610997, 52.20892979253587, 52.20892979253587, 52.20892979253587, 52.20892979253587, 52.20892979253587, 52.20892979253587, 52.20892979253587, 52.20892979253587, 52.20892979253587, 52.20892979253587, 52.20892979253587, 52.20892979253587, 52.20892979253587, 52.20892979253587, 52.20892979253587, 35.87901103249416, 25.02808355282024, 49.93907891452467, 42.107810772356636, 6.4515510541440015, 30.95810233466199, 11.345067885121507, 46.587035717668655, 13.351911361778704, 18.833591755613718, 17.454079744021527, 5.472509805042693, 46.17497770454176, 13.442443279833046, 39.94011576143792, 20.167029071118264, 25.661231546974797, 27.224598820384923, 30.677041679902874, 12.354463871300462, 22.539857401360603, 20.88469252052234, 24.76179586916634, 47.80281050185653, 27.597957651063926, 0.0, 24.76459489091466, 46.97726369302031, 43.075728193137095, 46.10228433056223, 11.845835818020463, 47.74368760208601, 33.66117363847629, 5.562783117001094, 40.98472110610997, 52.20892979253587, 52.20892979253587, 52.20892979253587, 52.20892979253587, 52.20892979253587, 52.20892979253587, 52.20892979253587, 52.20892979253587, 52.20892979253587, 52.20892979253587, 52.20892979253587, 52.20892979253587, 52.20892979253587, 52.20892979253587, 52.20892979253587], [33.54565198638293, 28.661644403944564, 33.00030866163549, 48.154136087290034, 13.403833886418836, 24.76459489091466, 0.0, 47.98406185201833, 42.913252227969956, 55.22270669769867, 13.215727211253311, 43.91413938767903, 31.473307921036607, 21.16286080787644, 27.63851114544212, 43.857128748235404, 43.857128748235404, 43.857128748235404, 43.857128748235404, 43.857128748235404, 43.857128748235404, 43.857128748235404, 43.857128748235404, 43.857128748235404, 43.857128748235404, 43.857128748235404, 43.857128748235404, 43.857128748235404, 43.857128748235404, 43.857128748235404, 51.88477935362701, 2.787987762046851, 60.0, 52.30528963550257, 20.779930856066198, 26.077661330774454, 35.879851985636414, 37.54353185526432, 18.51647979255278, 24.50933066639355, 40.995836610237504, 20.2123647139263, 37.91047105970711, 12.034013007440342, 53.39873571219666, 17.501301645423208, 19.797343512459243, 41.41860478444757, 36.989115016570864, 18.443869971997376, 33.54565198638293, 28.661644403944564, 33.00030866163549, 48.154136087290034, 13.403833886418836, 24.76459489091466, 0.0, 47.98406185201833, 42.913252227969956, 55.22270669769867, 13.215727211253311, 43.91413938767903, 31.473307921036607, 21.16286080787644, 27.63851114544212, 43.857128748235404, 43.857128748235404, 43.857128748235404, 43.857128748235404, 43.857128748235404, 43.857128748235404, 43.857128748235404, 43.857128748235404, 43.857128748235404, 43.857128748235404, 43.857128748235404, 43.857128748235404, 43.857128748235404, 43.857128748235404, 43.857128748235404], [25.533522723683042, 26.092658873518662, 22.541673778250136, 1.3648137546851566, 35.17986798070483, 46.97726369302031, 47.98406185201833, 0.0, 5.12944105323962, 16.728389470112315, 47.73619292849436, 9.28314623714109, 16.511451903494184, 42.39692722600867, 27.78798379766864, 18.25160260096273, 18.25160260096273, 18.25160260096273, 18.25160260096273, 18.25160260096273, 18.25160260096273, 18.25160260096273, 18.25160260096273, 18.25160260096273, 18.25160260096273, 18.25160260096273, 18.25160260096273, 18.25160260096273, 18.25160260096273, 18.25160260096273, 29.7595954208196, 45.36679853341185, 20.641667787558024, 18.025540827495803, 41.608342029243815, 21.953378362475203, 48.11898712379595, 19.212908736785927, 36.01839587173662, 28.64887058533587, 45.616497743714326, 48.87259766879593, 17.820189755896426, 48.857292858378635, 24.769769738515386, 31.936699296748728, 28.244367798545976, 26.414179282548016, 16.74933479362956, 36.972534074035025, 25.533522723683042, 26.092658873518662, 22.541673778250136, 1.3648137546851566, 35.17986798070483, 46.97726369302031, 47.98406185201833, 0.0, 5.12944105323962, 16.728389470112315, 47.73619292849436, 9.28314623714109, 16.511451903494184, 42.39692722600867, 27.78798379766864, 18.25160260096273, 18.25160260096273, 18.25160260096273, 18.25160260096273, 18.25160260096273, 18.25160260096273, 18.25160260096273, 18.25160260096273, 18.25160260096273, 18.25160260096273, 18.25160260096273, 18.25160260096273, 18.25160260096273, 18.25160260096273, 18.25160260096273], [22.57409517509339, 22.30837615535751, 19.293733651990664, 5.265248834258252, 30.056926913726013, 43.075728193137095, 42.913252227969956, 5.12944105323962, 0.0, 19.46780122886683, 43.10339833703274, 7.222894339120374, 11.465820637928026, 38.27177119745487, 23.101980972437794, 16.115002771066365, 16.115002771066365, 16.115002771066365, 16.115002771066365, 16.115002771066365, 16.115002771066365, 16.115002771066365, 16.115002771066365, 16.115002771066365, 16.115002771066365, 16.115002771066365, 16.115002771066365, 16.115002771066365, 16.115002771066365, 16.115002771066365, 30.038677158051488, 40.280651346973485, 23.910410924665406, 19.723565721779675, 37.45299309286375, 16.85399513981061, 45.145386991354286, 15.5377947373505, 31.57017993271171, 24.430234145350358, 43.28626819093395, 44.619277937163865, 14.13841175471675, 44.159534278776704, 25.869564718148506, 27.118951968099267, 23.220567916586255, 24.92784393971664, 13.941231212481147, 32.55336752025238, 22.57409517509339, 22.30837615535751, 19.293733651990664, 5.265248834258252, 30.056926913726013, 43.075728193137095, 42.913252227969956, 5.12944105323962, 0.0, 19.46780122886683, 43.10339833703274, 7.222894339120374, 11.465820637928026, 38.27177119745487, 23.101980972437794, 16.115002771066365, 16.115002771066365, 16.115002771066365, 16.115002771066365, 16.115002771066365, 16.115002771066365, 16.115002771066365, 16.115002771066365, 16.115002771066365, 16.115002771066365, 16.115002771066365, 16.115002771066365, 16.115002771066365, 16.115002771066365, 16.115002771066365], [23.948678016710367, 27.54142593025068, 22.928927408507715, 17.990252903289253, 44.35029961622299, 46.10228433056223, 55.22270669769867, 16.728389470112315, 19.46780122886683, 0.0, 50.87125572490354, 25.82895712098948, 26.632780352658635, 43.00795187405638, 41.59879511108748, 34.91357423114317, 34.91357423114317, 34.91357423114317, 34.91357423114317, 34.91357423114317, 34.91357423114317, 34.91357423114317, 34.91357423114317, 34.91357423114317, 34.91357423114317, 34.91357423114317, 34.91357423114317, 34.91357423114317, 34.91357423114317, 34.91357423114317, 16.665173486868714, 53.0051035727846, 4.914830779235845, 4.233282761204304, 42.44622223817277, 31.76749293234679, 43.20072914081628, 35.00514443899327, 39.00579905894242, 31.49271614378958, 38.55253460807342, 49.64800953055412, 33.60619548282667, 52.376840115599045, 10.362669753408642, 37.73819215111147, 36.26720868485144, 19.468920942040487, 18.236353189129126, 39.690705557786806, 23.948678016710367, 27.54142593025068, 22.928927408507715, 17.990252903289253, 44.35029961622299, 46.10228433056223, 55.22270669769867, 16.728389470112315, 19.46780122886683, 0.0, 50.87125572490354, 25.82895712098948, 26.632780352658635, 43.00795187405638, 41.59879511108748, 34.91357423114317, 34.91357423114317, 34.91357423114317, 34.91357423114317, 34.91357423114317, 34.91357423114317, 34.91357423114317, 34.91357423114317, 34.91357423114317, 34.91357423114317, 34.91357423114317, 34.91357423114317, 34.91357423114317, 34.91357423114317, 34.91357423114317], [27.14438491931644, 23.390878464721855, 27.9842159394623, 48.268850686366214, 19.728546623178506, 11.845835818020463, 13.215727211253311, 47.73619292849436, 43.10339833703274, 50.87125572490354, 0.0, 46.17424308018539, 32.1231213583075, 9.673169255788167, 34.667374021711936, 48.63866899720669, 48.63866899720669, 48.63866899720669, 48.63866899720669, 48.63866899720669, 48.63866899720669, 48.63866899720669, 48.63866899720669, 48.63866899720669, 48.63866899720669, 48.63866899720669, 48.63866899720669, 48.63866899720669, 48.63866899720669, 48.63866899720669, 43.87000594556473, 13.998265341117598, 55.27026791656055, 47.30532717676037, 9.714897293382206, 27.831544449167172, 23.172163491849478, 42.49492293015149, 12.019922568175295, 19.701767506136367, 28.922982866962588, 6.9985317561506974, 42.43149539386639, 1.773066793522902, 46.7341160964172, 16.258852524504423, 21.322517441548314, 33.950865595371546, 33.32364846161864, 11.228746513816606, 27.14438491931644, 23.390878464721855, 27.9842159394623, 48.268850686366214, 19.728546623178506, 11.845835818020463, 13.215727211253311, 47.73619292849436, 43.10339833703274, 50.87125572490354, 0.0, 46.17424308018539, 32.1231213583075, 9.673169255788167, 34.667374021711936, 48.63866899720669, 48.63866899720669, 48.63866899720669, 48.63866899720669, 48.63866899720669, 48.63866899720669, 48.63866899720669, 48.63866899720669, 48.63866899720669, 48.63866899720669, 48.63866899720669, 48.63866899720669, 48.63866899720669, 48.63866899720669, 48.63866899720669], [28.730737669217092, 27.57350267069916, 25.283486711815193, 8.241571581797652, 30.56265215287509, 47.74368760208601, 43.91413938767903, 9.28314623714109, 7.222894339120374, 25.82895712098948, 46.17424308018539, 0.0, 14.227064588924648, 42.612363505623684, 20.17201414056111, 9.11264919997374, 9.11264919997374, 9.11264919997374, 9.11264919997374, 9.11264919997374, 9.11264919997374, 9.11264919997374, 9.11264919997374, 9.11264919997374, 9.11264919997374, 9.11264919997374, 9.11264919997374, 9.11264919997374, 9.11264919997374, 9.11264919997374, 37.257808766075314, 41.163974085366256, 29.900407109141785, 26.60697269333841, 41.74917595252661, 18.466384598845057, 50.97713222645589, 10.320733086674679, 35.35276942478988, 28.913752655223533, 49.67325864882594, 48.61678759499777, 8.99572293754838, 47.01156276621001, 32.968072130506826, 29.915408167562383, 25.133219984091372, 31.898250230831007, 20.486105190913683, 36.382658846036115, 28.730737669217092, 27.57350267069916, 25.283486711815193, 8.241571581797652, 30.56265215287509, 47.74368760208601, 43.91413938767903, 9.28314623714109, 7.222894339120374, 25.82895712098948, 46.17424308018539, 0.0, 14.227064588924648, 42.612363505623684, 20.17201414056111, 9.11264919997374, 9.11264919997374, 9.11264919997374, 9.11264919997374, 9.11264919997374, 9.11264919997374, 9.11264919997374, 9.11264919997374, 9.11264919997374, 9.11264919997374, 9.11264919997374, 9.11264919997374, 9.11264919997374, 9.11264919997374, 9.11264919997374], [17.05938495888148, 14.365007384614117, 13.602037512774453, 16.727507729019568, 18.83569124215978, 33.66117363847629, 31.473307921036607, 16.511451903494184, 11.465820637928026, 26.632780352658635, 32.1231213583075, 14.227064588924648, 0.0, 28.440595679579985, 15.908984920028688, 19.099889550788916, 19.099889550788916, 19.099889550788916, 19.099889550788916, 19.099889550788916, 19.099889550788916, 19.099889550788916, 19.099889550788916, 19.099889550788916, 19.099889550788916, 19.099889550788916, 19.099889550788916, 19.099889550788916, 19.099889550788916, 19.099889550788916, 31.310687198426457, 28.865546620731728, 31.527902766831815, 25.108608103309304, 27.5693576065849, 5.544109392049895, 37.86622102098348, 14.523490705524406, 21.125731686062892, 14.919822846278963, 37.612438817489775, 34.39028033895406, 13.651000918489146, 33.05920839940468, 29.289193018265884, 15.91716148835901, 11.755283512462004, 22.86237509305962, 11.509175118370889, 22.155707259654346, 17.05938495888148, 14.365007384614117, 13.602037512774453, 16.727507729019568, 18.83569124215978, 33.66117363847629, 31.473307921036607, 16.511451903494184, 11.465820637928026, 26.632780352658635, 32.1231213583075, 14.227064588924648, 0.0, 28.440595679579985, 15.908984920028688, 19.099889550788916, 19.099889550788916, 19.099889550788916, 19.099889550788916, 19.099889550788916, 19.099889550788916, 19.099889550788916, 19.099889550788916, 19.099889550788916, 19.099889550788916, 19.099889550788916, 19.099889550788916, 19.099889550788916, 19.099889550788916, 19.099889550788916], [19.0714834467347, 16.481436754073236, 20.73794541060492, 43.145728763686755, 22.28787233309942, 5.562783117001094, 21.16286080787644, 42.39692722600867, 38.27177119745487, 43.00795187405638, 9.673169255788167, 42.612363505623684, 28.440595679579985, 0.0, 35.43341034911328, 46.78800137263301, 46.78800137263301, 46.78800137263301, 46.78800137263301, 46.78800137263301, 46.78800137263301, 46.78800137263301, 46.78800137263301, 46.78800137263301, 46.78800137263301, 46.78800137263301, 46.78800137263301, 46.78800137263301, 46.78800137263301, 46.78800137263301, 34.55785703775684, 20.937732979546716, 47.13625452757173, 39.19170615950713, 0.8971813664697048, 25.496061541805783, 15.021227518482842, 41.100326866629054, 7.799930258624932, 13.84705160158701, 19.838802730060596, 6.684776379037901, 40.71925151111718, 11.446234081001572, 37.872199726711095, 14.604271770526715, 20.1013776553268, 25.004243028134685, 26.544563198747547, 6.794559934958265, 19.0714834467347, 16.481436754073236, 20.73794541060492, 43.145728763686755, 22.28787233309942, 5.562783117001094, 21.16286080787644, 42.39692722600867, 38.27177119745487, 43.00795187405638, 9.673169255788167, 42.612363505623684, 28.440595679579985, 0.0, 35.43341034911328, 46.78800137263301, 46.78800137263301, 46.78800137263301, 46.78800137263301, 46.78800137263301, 46.78800137263301, 46.78800137263301, 46.78800137263301, 46.78800137263301, 46.78800137263301, 46.78800137263301, 46.78800137263301, 46.78800137263301, 46.78800137263301, 46.78800137263301], [31.267282705837715, 27.083365844753818, 28.197281779958992, 27.270395259987403, 15.148490126206218, 40.98472110610997, 27.63851114544212, 27.78798379766864, 23.101980972437794, 41.59879511108748, 34.667374021711936, 20.17201414056111, 15.908984920028688, 35.43341034911328, 0.0, 16.892082932000132, 16.892082932000132, 16.892082932000132, 16.892082932000132, 16.892082932000132, 16.892082932000132, 16.892082932000132, 16.892082932000132, 16.892082932000132, 16.892082932000132, 16.892082932000132, 16.892082932000132, 16.892082932000132, 16.892082932000132, 16.892082932000132, 47.1372197222548, 24.902890923865286, 46.365910152006414, 40.627510997454515, 34.55776171943117, 12.992235787129001, 48.38431142517595, 10.928069806920513, 27.746551693171384, 25.362671817931922, 49.923601033703555, 39.556237114951514, 11.79567781200832, 34.81493674241238, 45.16872038933445, 20.88236144280923, 15.589437371168511, 38.16986574798635, 27.33859952012292, 28.691924714833295, 31.267282705837715, 27.083365844753818, 28.197281779958992, 27.270395259987403, 15.148490126206218, 40.98472110610997, 27.63851114544212, 27.78798379766864, 23.101980972437794, 41.59879511108748, 34.667374021711936, 20.17201414056111, 15.908984920028688, 35.43341034911328, 0.0, 16.892082932000132, 16.892082932000132, 16.892082932000132, 16.892082932000132, 16.892082932000132, 16.892082932000132, 16.892082932000132, 16.892082932000132, 16.892082932000132, 16.892082932000132, 16.892082932000132, 16.892082932000132, 16.892082932000132, 16.892082932000132, 16.892082932000132], [35.62103405333068, 33.448125772694645, 32.09721772241273, 17.087628019272138, 30.62662875441356, 52.20892979253587, 43.857128748235404, 18.25160260096273, 16.115002771066365, 34.91357423114317, 48.63866899720669, 9.11264919997374, 19.099889550788916, 46.78800137263301, 16.892082932000132, 0.0, 0.0, 0.0, 0.0, 0.0, 0.0, 0.0, 0.0, 0.0, 0.0, 0.0, 0.0, 0.0, 0.0, 0.0, 46.03730369065132, 41.07262813262129, 38.88670941690573, 35.70408940380219, 45.89465672815607, 21.315517989960938, 56.96594134879192, 6.321331186442203, 39.10407520311388, 33.82035444654529, 56.50483826043615, 52.192723759634546, 6.2071904494738, 49.17436409459714, 41.98143289949934, 32.80092340813544, 27.39811837416577, 39.89440745820525, 28.135075933929574, 40.145194829059655, 35.62103405333068, 33.448125772694645, 32.09721772241273, 17.087628019272138, 30.62662875441356, 52.20892979253587, 43.857128748235404, 18.25160260096273, 16.115002771066365, 34.91357423114317, 48.63866899720669, 9.11264919997374, 19.099889550788916, 46.78800137263301, 16.892082932000132, 0.0, 0.0, 0.0, 0.0, 0.0, 0.0, 0.0, 0.0, 0.0, 0.0, 0.0, 0.0, 0.0, 0.0, 0.0], [35.62103405333068, 33.448125772694645, 32.09721772241273, 17.087628019272138, 30.62662875441356, 52.20892979253587, 43.857128748235404, 18.25160260096273, 16.115002771066365, 34.91357423114317, 48.63866899720669, 9.11264919997374, 19.099889550788916, 46.78800137263301, 16.892082932000132, 0.0, 0.0, 0.0, 0.0, 0.0, 0.0, 0.0, 0.0, 0.0, 0.0, 0.0, 0.0, 0.0, 0.0, 0.0, 46.03730369065132, 41.07262813262129, 38.88670941690573, 35.70408940380219, 45.89465672815607, 21.315517989960938, 56.96594134879192, 6.321331186442203, 39.10407520311388, 33.82035444654529, 56.50483826043615, 52.192723759634546, 6.2071904494738, 49.17436409459714, 41.98143289949934, 32.80092340813544, 27.39811837416577, 39.89440745820525, 28.135075933929574, 40.145194829059655, 35.62103405333068, 33.448125772694645, 32.09721772241273, 17.087628019272138, 30.62662875441356, 52.20892979253587, 43.857128748235404, 18.25160260096273, 16.115002771066365, 34.91357423114317, 48.63866899720669, 9.11264919997374, 19.099889550788916, 46.78800137263301, 16.892082932000132, 0.0, 0.0, 0.0, 0.0, 0.0, 0.0, 0.0, 0.0, 0.0, 0.0, 0.0, 0.0, 0.0, 0.0, 0.0], [35.62103405333068, 33.448125772694645, 32.09721772241273, 17.087628019272138, 30.62662875441356, 52.20892979253587, 43.857128748235404, 18.25160260096273, 16.115002771066365, 34.91357423114317, 48.63866899720669, 9.11264919997374, 19.099889550788916, 46.78800137263301, 16.892082932000132, 0.0, 0.0, 0.0, 0.0, 0.0, 0.0, 0.0, 0.0, 0.0, 0.0, 0.0, 0.0, 0.0, 0.0, 0.0, 46.03730369065132, 41.07262813262129, 38.88670941690573, 35.70408940380219, 45.89465672815607, 21.315517989960938, 56.96594134879192, 6.321331186442203, 39.10407520311388, 33.82035444654529, 56.50483826043615, 52.192723759634546, 6.2071904494738, 49.17436409459714, 41.98143289949934, 32.80092340813544, 27.39811837416577, 39.89440745820525, 28.135075933929574, 40.145194829059655, 35.62103405333068, 33.448125772694645, 32.09721772241273, 17.087628019272138, 30.62662875441356, 52.20892979253587, 43.857128748235404, 18.25160260096273, 16.115002771066365, 34.91357423114317, 48.63866899720669, 9.11264919997374, 19.099889550788916, 46.78800137263301, 16.892082932000132, 0.0, 0.0, 0.0, 0.0, 0.0, 0.0, 0.0, 0.0, 0.0, 0.0, 0.0, 0.0, 0.0, 0.0, 0.0], [35.62103405333068, 33.448125772694645, 32.09721772241273, 17.087628019272138, 30.62662875441356, 52.20892979253587, 43.857128748235404, 18.25160260096273, 16.115002771066365, 34.91357423114317, 48.63866899720669, 9.11264919997374, 19.099889550788916, 46.78800137263301, 16.892082932000132, 0.0, 0.0, 0.0, 0.0, 0.0, 0.0, 0.0, 0.0, 0.0, 0.0, 0.0, 0.0, 0.0, 0.0, 0.0, 46.03730369065132, 41.07262813262129, 38.88670941690573, 35.70408940380219, 45.89465672815607, 21.315517989960938, 56.96594134879192, 6.321331186442203, 39.10407520311388, 33.82035444654529, 56.50483826043615, 52.192723759634546, 6.2071904494738, 49.17436409459714, 41.98143289949934, 32.80092340813544, 27.39811837416577, 39.89440745820525, 28.135075933929574, 40.145194829059655, 35.62103405333068, 33.448125772694645, 32.09721772241273, 17.087628019272138, 30.62662875441356, 52.20892979253587, 43.857128748235404, 18.25160260096273, 16.115002771066365, 34.91357423114317, 48.63866899720669, 9.11264919997374, 19.099889550788916, 46.78800137263301, 16.892082932000132, 0.0, 0.0, 0.0, 0.0, 0.0, 0.0, 0.0, 0.0, 0.0, 0.0, 0.0, 0.0, 0.0, 0.0, 0.0], [35.62103405333068, 33.448125772694645, 32.09721772241273, 17.087628019272138, 30.62662875441356, 52.20892979253587, 43.857128748235404, 18.25160260096273, 16.115002771066365, 34.91357423114317, 48.63866899720669, 9.11264919997374, 19.099889550788916, 46.78800137263301, 16.892082932000132, 0.0, 0.0, 0.0, 0.0, 0.0, 0.0, 0.0, 0.0, 0.0, 0.0, 0.0, 0.0, 0.0, 0.0, 0.0, 46.03730369065132, 41.07262813262129, 38.88670941690573, 35.70408940380219, 45.89465672815607, 21.315517989960938, 56.96594134879192, 6.321331186442203, 39.10407520311388, 33.82035444654529, 56.50483826043615, 52.192723759634546, 6.2071904494738, 49.17436409459714, 41.98143289949934, 32.80092340813544, 27.39811837416577, 39.89440745820525, 28.135075933929574, 40.145194829059655, 35.62103405333068, 33.448125772694645, 32.09721772241273, 17.087628019272138, 30.62662875441356, 52.20892979253587, 43.857128748235404, 18.25160260096273, 16.115002771066365, 34.91357423114317, 48.63866899720669, 9.11264919997374, 19.099889550788916, 46.78800137263301, 16.892082932000132, 0.0, 0.0, 0.0, 0.0, 0.0, 0.0, 0.0, 0.0, 0.0, 0.0, 0.0, 0.0, 0.0, 0.0, 0.0], [35.62103405333068, 33.448125772694645, 32.09721772241273, 17.087628019272138, 30.62662875441356, 52.20892979253587, 43.857128748235404, 18.25160260096273, 16.115002771066365, 34.91357423114317, 48.63866899720669, 9.11264919997374, 19.099889550788916, 46.78800137263301, 16.892082932000132, 0.0, 0.0, 0.0, 0.0, 0.0, 0.0, 0.0, 0.0, 0.0, 0.0, 0.0, 0.0, 0.0, 0.0, 0.0, 46.03730369065132, 41.07262813262129, 38.88670941690573, 35.70408940380219, 45.89465672815607, 21.315517989960938, 56.96594134879192, 6.321331186442203, 39.10407520311388, 33.82035444654529, 56.50483826043615, 52.192723759634546, 6.2071904494738, 49.17436409459714, 41.98143289949934, 32.80092340813544, 27.39811837416577, 39.89440745820525, 28.135075933929574, 40.145194829059655, 35.62103405333068, 33.448125772694645, 32.09721772241273, 17.087628019272138, 30.62662875441356, 52.20892979253587, 43.857128748235404, 18.25160260096273, 16.115002771066365, 34.91357423114317, 48.63866899720669, 9.11264919997374, 19.099889550788916, 46.78800137263301, 16.892082932000132, 0.0, 0.0, 0.0, 0.0, 0.0, 0.0, 0.0, 0.0, 0.0, 0.0, 0.0, 0.0, 0.0, 0.0, 0.0], [35.62103405333068, 33.448125772694645, 32.09721772241273, 17.087628019272138, 30.62662875441356, 52.20892979253587, 43.857128748235404, 18.25160260096273, 16.115002771066365, 34.91357423114317, 48.63866899720669, 9.11264919997374, 19.099889550788916, 46.78800137263301, 16.892082932000132, 0.0, 0.0, 0.0, 0.0, 0.0, 0.0, 0.0, 0.0, 0.0, 0.0, 0.0, 0.0, 0.0, 0.0, 0.0, 46.03730369065132, 41.07262813262129, 38.88670941690573, 35.70408940380219, 45.89465672815607, 21.315517989960938, 56.96594134879192, 6.321331186442203, 39.10407520311388, 33.82035444654529, 56.50483826043615, 52.192723759634546, 6.2071904494738, 49.17436409459714, 41.98143289949934, 32.80092340813544, 27.39811837416577, 39.89440745820525, 28.135075933929574, 40.145194829059655, 35.62103405333068, 33.448125772694645, 32.09721772241273, 17.087628019272138, 30.62662875441356, 52.20892979253587, 43.857128748235404, 18.25160260096273, 16.115002771066365, 34.91357423114317, 48.63866899720669, 9.11264919997374, 19.099889550788916, 46.78800137263301, 16.892082932000132, 0.0, 0.0, 0.0, 0.0, 0.0, 0.0, 0.0, 0.0, 0.0, 0.0, 0.0, 0.0, 0.0, 0.0, 0.0], [35.62103405333068, 33.448125772694645, 32.09721772241273, 17.087628019272138, 30.62662875441356, 52.20892979253587, 43.857128748235404, 18.25160260096273, 16.115002771066365, 34.91357423114317, 48.63866899720669, 9.11264919997374, 19.099889550788916, 46.78800137263301, 16.892082932000132, 0.0, 0.0, 0.0, 0.0, 0.0, 0.0, 0.0, 0.0, 0.0, 0.0, 0.0, 0.0, 0.0, 0.0, 0.0, 46.03730369065132, 41.07262813262129, 38.88670941690573, 35.70408940380219, 45.89465672815607, 21.315517989960938, 56.96594134879192, 6.321331186442203, 39.10407520311388, 33.82035444654529, 56.50483826043615, 52.192723759634546, 6.2071904494738, 49.17436409459714, 41.98143289949934, 32.80092340813544, 27.39811837416577, 39.89440745820525, 28.135075933929574, 40.145194829059655, 35.62103405333068, 33.448125772694645, 32.09721772241273, 17.087628019272138, 30.62662875441356, 52.20892979253587, 43.857128748235404, 18.25160260096273, 16.115002771066365, 34.91357423114317, 48.63866899720669, 9.11264919997374, 19.099889550788916, 46.78800137263301, 16.892082932000132, 0.0, 0.0, 0.0, 0.0, 0.0, 0.0, 0.0, 0.0, 0.0, 0.0, 0.0, 0.0, 0.0, 0.0, 0.0], [35.62103405333068, 33.448125772694645, 32.09721772241273, 17.087628019272138, 30.62662875441356, 52.20892979253587, 43.857128748235404, 18.25160260096273, 16.115002771066365, 34.91357423114317, 48.63866899720669, 9.11264919997374, 19.099889550788916, 46.78800137263301, 16.892082932000132, 0.0, 0.0, 0.0, 0.0, 0.0, 0.0, 0.0, 0.0, 0.0, 0.0, 0.0, 0.0, 0.0, 0.0, 0.0, 46.03730369065132, 41.07262813262129, 38.88670941690573, 35.70408940380219, 45.89465672815607, 21.315517989960938, 56.96594134879192, 6.321331186442203, 39.10407520311388, 33.82035444654529, 56.50483826043615, 52.192723759634546, 6.2071904494738, 49.17436409459714, 41.98143289949934, 32.80092340813544, 27.39811837416577, 39.89440745820525, 28.135075933929574, 40.145194829059655, 35.62103405333068, 33.448125772694645, 32.09721772241273, 17.087628019272138, 30.62662875441356, 52.20892979253587, 43.857128748235404, 18.25160260096273, 16.115002771066365, 34.91357423114317, 48.63866899720669, 9.11264919997374, 19.099889550788916, 46.78800137263301, 16.892082932000132, 0.0, 0.0, 0.0, 0.0, 0.0, 0.0, 0.0, 0.0, 0.0, 0.0, 0.0, 0.0, 0.0, 0.0, 0.0], [35.62103405333068, 33.448125772694645, 32.09721772241273, 17.087628019272138, 30.62662875441356, 52.20892979253587, 43.857128748235404, 18.25160260096273, 16.115002771066365, 34.91357423114317, 48.63866899720669, 9.11264919997374, 19.099889550788916, 46.78800137263301, 16.892082932000132, 0.0, 0.0, 0.0, 0.0, 0.0, 0.0, 0.0, 0.0, 0.0, 0.0, 0.0, 0.0, 0.0, 0.0, 0.0, 46.03730369065132, 41.07262813262129, 38.88670941690573, 35.70408940380219, 45.89465672815607, 21.315517989960938, 56.96594134879192, 6.321331186442203, 39.10407520311388, 33.82035444654529, 56.50483826043615, 52.192723759634546, 6.2071904494738, 49.17436409459714, 41.98143289949934, 32.80092340813544, 27.39811837416577, 39.89440745820525, 28.135075933929574, 40.145194829059655, 35.62103405333068, 33.448125772694645, 32.09721772241273, 17.087628019272138, 30.62662875441356, 52.20892979253587, 43.857128748235404, 18.25160260096273, 16.115002771066365, 34.91357423114317, 48.63866899720669, 9.11264919997374, 19.099889550788916, 46.78800137263301, 16.892082932000132, 0.0, 0.0, 0.0, 0.0, 0.0, 0.0, 0.0, 0.0, 0.0, 0.0, 0.0, 0.0, 0.0, 0.0, 0.0], [35.62103405333068, 33.448125772694645, 32.09721772241273, 17.087628019272138, 30.62662875441356, 52.20892979253587, 43.857128748235404, 18.25160260096273, 16.115002771066365, 34.91357423114317, 48.63866899720669, 9.11264919997374, 19.099889550788916, 46.78800137263301, 16.892082932000132, 0.0, 0.0, 0.0, 0.0, 0.0, 0.0, 0.0, 0.0, 0.0, 0.0, 0.0, 0.0, 0.0, 0.0, 0.0, 46.03730369065132, 41.07262813262129, 38.88670941690573, 35.70408940380219, 45.89465672815607, 21.315517989960938, 56.96594134879192, 6.321331186442203, 39.10407520311388, 33.82035444654529, 56.50483826043615, 52.192723759634546, 6.2071904494738, 49.17436409459714, 41.98143289949934, 32.80092340813544, 27.39811837416577, 39.89440745820525, 28.135075933929574, 40.145194829059655, 35.62103405333068, 33.448125772694645, 32.09721772241273, 17.087628019272138, 30.62662875441356, 52.20892979253587, 43.857128748235404, 18.25160260096273, 16.115002771066365, 34.91357423114317, 48.63866899720669, 9.11264919997374, 19.099889550788916, 46.78800137263301, 16.892082932000132, 0.0, 0.0, 0.0, 0.0, 0.0, 0.0, 0.0, 0.0, 0.0, 0.0, 0.0, 0.0, 0.0, 0.0, 0.0], [35.62103405333068, 33.448125772694645, 32.09721772241273, 17.087628019272138, 30.62662875441356, 52.20892979253587, 43.857128748235404, 18.25160260096273, 16.115002771066365, 34.91357423114317, 48.63866899720669, 9.11264919997374, 19.099889550788916, 46.78800137263301, 16.892082932000132, 0.0, 0.0, 0.0, 0.0, 0.0, 0.0, 0.0, 0.0, 0.0, 0.0, 0.0, 0.0, 0.0, 0.0, 0.0, 46.03730369065132, 41.07262813262129, 38.88670941690573, 35.70408940380219, 45.89465672815607, 21.315517989960938, 56.96594134879192, 6.321331186442203, 39.10407520311388, 33.82035444654529, 56.50483826043615, 52.192723759634546, 6.2071904494738, 49.17436409459714, 41.98143289949934, 32.80092340813544, 27.39811837416577, 39.89440745820525, 28.135075933929574, 40.145194829059655, 35.62103405333068, 33.448125772694645, 32.09721772241273, 17.087628019272138, 30.62662875441356, 52.20892979253587, 43.857128748235404, 18.25160260096273, 16.115002771066365, 34.91357423114317, 48.63866899720669, 9.11264919997374, 19.099889550788916, 46.78800137263301, 16.892082932000132, 0.0, 0.0, 0.0, 0.0, 0.0, 0.0, 0.0, 0.0, 0.0, 0.0, 0.0, 0.0, 0.0, 0.0, 0.0], [35.62103405333068, 33.448125772694645, 