{"num_workers": 30, "num_roles": 5, "num_nodes": 80, "w": [[120, 120], [30, 30], [90, 90], [60, 60], [120, 120], [210, 210], [60, 60], [180, 180], [150, 150], [120, 120], [30, 30], [90, 90], [30, 30], [60, 60], [180, 180], [0, 0], [0, 0], [0, 0], [0, 0], [0, 0], [0, 0], [0, 0], [0, 0], [0, 0], [0, 0], [0, 0], [0, 0], [0, 0], [0, 0], [0, 0], [60, 300], [120, 300], [300, 420], [210, 420], [60, 330], [150, 420], [60, 390], [210, 420], [60, 240], [30, 300], [60, 120], [90, 150], [30, 420], [120, 330], [180, 360], [90, 420], [90, 270], [240, 450], [30, 420], [150, 240], [270, 270], [270, 270], [420, 420], [180, 180], [390, 390], [420, 420], [300, 300], [360, 360], [180, 180], [390, 390], [360, 360], [240, 240], [300, 300], [450, 450], [330, 330], [480, 480], [480, 480], [480, 480], [480, 480], [480, 480], [480, 480], [480, 480], [480, 480], [480, 480], [480, 480], [480, 480], [480, 480], [480, 480], [480, 480], [480, 480]], "p": [0, 0, 0, 0, 0, 0, 0, 0, 0, 0, 0, 0, 0, 0, 0, 0, 0, 0, 0, 0, 0, 0, 0, 0, 0, 0, 0, 0, 0, 0, 58.45953158702421, 48.29119956615149, 27.24194159585604, 50.048716822201264, 65.99765022639326, 45.6038412169315, 41.47803595939136, 56.83649888697548, 72.94483429339319, 65.02364227564411, 42.50005909914533, 24.302494515853077, 43.49271733844975, 60.326928528807095, 64.34600648014995, 18.65603496713449, 41.90785936385526, 71.57035024871016, 60.09169915980988, 58.01344257060754, 0, 0, 0, 0, 0, 0, 0, 0, 0, 0, 0, 0, 0, 0, 0, 0, 0, 0, 0, 0, 0, 0, 0, 0, 0, 0, 0, 0, 0, 0], "e": [[1, 0, 0, 1, 0], [0, 1, 0, 0, 1], [0, 1, 0, 0, 1], [0, 1, 1, 0, 0], [1, 0, 0, 0, 1], [0, 1, 0, 0, 1], [1, 0, 0, 0, 0], [0, 1, 0, 0, 0], [1, 0, 0, 0, 0], [0, 0, 0, 1, 0], [0, 1, 0, 0, 0], [0, 1, 0, 0, 0], [0, 0, 1, 0, 0], [0, 1, 0, 0, 0], [0, 0, 1, 0, 0], [0, 0, 0, 0, 1], [0, 1, 0, 0, 0], [0, 0, 0, 1, 0], [0, 0, 0, 1, 0], [1, 0, 0, 0, 0], [1, 0, 0, 0, 0], [1, 0, 0, 0, 0], [0, 0, 1, 0, 0], [1, 0, 0, 0, 0], [0, 0, 0, 1, 0], [0, 0, 0, 1, 0], [0, 0, 1, 0, 0], [0, 0, 0, 0, 1], [0, 0, 1, 0, 0], [1, 0, 0, 0, 0]], "d": [[1, 2, 2, 0, 1, 0, 2, 0, 0, 0, 0, 0, 2, 0, 1, 0, 0, 1, 0, 2], [0, 1, 1, 0, 0, 1, 1, 0, 1, 1, 1, 0, 1, 1, 0, 1, 0, 0, 1, 1], [0, 0, 0, 0, 0, 1, 0, 4, 1, 1, 1, 4, 0, 1, 0, 1, 0, 0, 1, 0], [0, 1, 1, 2, 0, 1, 1, 0, 1, 1, 1, 0, 1, 1, 0, 1, 2, 0, 1, 1], [2, 0, 0, 1, 2, 2, 0, 0, 2, 2, 2, 0, 0, 2, 2, 2, 1, 2, 2, 0]], "r": [4599, 307, 1926, 2282, 1493, 2184, 3028, 2752, 2818, 4246, 680, 2020, 4043, 3570, 3421, 3873, 2272, 4105, 1257, 2889], "g": [[0, 0, 0, 0, 0, 0, 0, 0, 0, 0, 0, 0, 0, 0, 0, 0, 0, 0, 0, 0], [0, 0, 0, 0, 0, 0, 0, 0, 0, 0, 0, 0, 0, 0, 0, 0, 0, 0, 0, 0], [0, 0, 0, 0, 0, 0, 0, 0, 0, 0, 0, 0, 0, 0, 0, 0, 0, 0, 0, 0], [0, 0, 0, 0, 0, 0, 0, 0, 0, 0, 0, 0, 0, 0, 0, 0, 0, 0, 0, 0], [0, 0, 0, 0, 0, 0, 0, 0, 0, 0, 0, 0, 0, 0, 0, 0, 0, 0, 0, 0], [0, 0, 0, 0, 0, 0, 0, 0, 0, 0, 0, 0, 0, 0, 0, 0, 0, 0, 0, 0], [0, 0, 0, 0, 0, 0, 0, 0, 0, 0, 0, 0, 0, 0, 0, 0, 0, 0, 0, 0], [0, 0, 0, 0, 0, 0, 0, 0, 0, 0, 0, 0, 0, 0, 0, 0, 0, 0, 0, 0], [0, 0, 0, 0, 0, 0, 0, 0, 0, 0, 0, 0, 0, 0, 0, 0, 0, 0, 0, 0], [0, 0, 0, 0, 0, 0, 0, 0, 0, 0, 0, 0, 0, 0, 0, 0, 0, 0, 0, 0], [0, 0, 0, 0, 0, 0, 0, 0, 0, 0, 0, 0, 0, 0, 0, 0, 0, 0, 0, 0], [0, 0, 0, 0, 0, 0, 0, 0, 0, 0, 0, 0, 0, 0, 0, 0, 0, 0, 0, 0], [0, 0, 0, 0, 0, 0, 0, 0, 0, 0, 0, 0, 0, 0, 0, 0, 0, 0, 0, 0], [0, 0, 0, 0, 0, 0, 0, 0, 0, 0, 0, 0, 0, 0, 0, 0, 0, 0, 0, 0], [0, 0, 0, 0, 0, 0, 0, 0, 0, 0, 0, 0, 0, 0, 0, 0, 0, 0, 0, 0], [0, 0, 0, 0, 0, 0, 0, 0, 0, 0, 0, 0, 0, 0, 0, 0, 0, 0, 0, 0], [0, 0, 0, 0, 0, 0, 0, 0, 0, 0, 0, 0, 0, 0, 0, 0, 0, 0, 0, 0], [0, 0, 0, 0, 0, 0, 0, 0, 0, 0, 0, 0, 0, 0, 0, 0, 0, 0, 0, 0], [0, 0, 0, 0, 0, 0, 0, 0, 0, 0, 0, 0, 0, 0, 0, 0, 0, 0, 0, 0], [0, 0, 0, 0, 0, 0, 0, 0, 0, 0, 0, 0, 0, 0, 0, 0, 0, 0, 0, 0]], "t": [[0.0, 9.244454480454053, 32.19776000044524, 37.176527630430485, 28.4838251606805, 8.613201013705691, 2.9780122104998394, 40.11715917170471, 32.366892036489084, 50.859615713918885, 39.04336808988999, 25.361315593176517, 47.94074351046699, 14.887379796537864, 11.85591528858213, 44.20346434357226, 44.20346434357226, 44.20346434357226, 44.20346434357226, 44.20346434357226, 44.20346434357226, 44.20346434357226, 44.20346434357226, 44.20346434357226, 44.20346434357226, 44.20346434357226, 44.20346434357226, 44.20346434357226, 44.20346434357226, 44.20346434357226, 8.430754770502402, 21.215924645131942, 21.764601590642428, 42.503320819424076, 3.1943969344756127, 48.64672743810363, 30.595198645602434, 50.883378487036566, 49.25841615563106, 28.092411890010386, 35.547362426027874, 31.755246553421618, 39.91571970578017, 30.03896263080507, 22.84065470070426, 38.92892804240805, 34.11717502091707, 45.500675191837566, 48.66279012728733, 40.35899827388884, 0.0, 9.244454480454053, 32.19776000044524, 37.176527630430485, 28.4838251606805, 8.613201013705691, 2.9780122104998394, 40.11715917170471, 32.366892036489084, 50.859615713918885, 39.04336808988999, 25.361315593176517, 47.94074351046699, 14.887379796537864, 11.85591528858213, 44.20346434357226, 44.20346434357226, 44.20346434357226, 44.20346434357226, 44.20346434357226, 44.20346434357226, 44.20346434357226, 44.20346434357226, 44.20346434357226, 44.20346434357226, 44.20346434357226, 44.20346434357226, 44.20346434357226, 44.20346434357226, 44.20346434357226], [9.244454480454053, 0.0, 38.3642577600977, 45.2915188598052, 35.93207099314644, 13.249051227245143, 9.74195567607838, 49.360163296669946, 38.814810098973005, 58.88934593856882, 46.93668150036829, 34.55455632051962, 56.413254895552114, 17.440174221097834, 20.23017968173886, 53.00553020712038, 53.00553020712038, 53.00553020712038, 53.00553020712038, 53.00553020712038, 53.00553020712038, 53.00553020712038, 53.00553020712038, 53.00553020712038, 53.00553020712038, 53.00553020712038, 53.00553020712038, 53.00553020712038, 53.00553020712038, 53.00553020712038, 3.462561707414739, 28.846286275405294, 30.87524719346107, 50.5307763953535, 8.027545659931635, 57.340882789241086, 38.69508810014585, 60.0, 58.48650754186392, 35.928091823796365, 44.48528976089125, 37.248046685852906, 48.48299166091974, 36.96510783787371, 31.268763828850137, 48.065718568869805, 41.20481997288189, 54.73355016574857, 57.759293723634904, 46.30293856853573, 9.244454480454053, 0.0, 38.3642577600977, 45.2915188598052, 35.93207099314644, 13.249051227245143, 9.74195567607838, 49.360163296669946, 38.814810098973005, 58.88934593856882, 46.93668150036829, 34.55455632051962, 56.413254895552114, 17.440174221097834, 20.23017968173886, 53.00553020712038, 53.00553020712038, 53.00553020712038, 53.00553020712038, 53.00553020712038, 53.00553020712038, 53.00553020712038, 53.00553020712038, 53.00553020712038, 53.00553020712038, 53.00553020712038, 53.00553020712038, 53.00553020712038, 53.00553020712038, 53.00553020712038], [32.19776000044524, 38.3642577600977, 0.0, 47.40659836050527, 45.00330095845745, 25.134138276036637, 34.634937175888886, 32.9835044646421, 51.3627104680127, 24.152055728726708, 50.0700193040548, 29.83333622527573, 24.850560065116838, 22.1019685381127, 33.78643078553887, 25.383446700140382, 25.383446700140382, 25.383446700140382, 25.383446700140382, 25.383446700140382, 25.383446700140382, 25.383446700140382, 25.383446700140382, 25.383446700140382, 25.383446700140382, 25.383446700140382, 25.383446700140382, 25.383446700140382, 25.383446700140382, 25.383446700140382, 39.59695438869451, 12.504649680039844, 21.79876277288297, 17.1422134473616, 31.136122077132818, 27.528639514476563, 43.149494670446416, 35.432187476355956, 37.91438150862138, 9.92605120768112, 21.97120196483757, 3.3596470660073057, 46.0013045660624, 4.371690082515036, 15.148061989122684, 37.99906882308018, 5.724556470890661, 38.97082499094978, 33.269632136612245, 8.177338113756965, 32.19776000044524, 38.3642577600977, 0.0, 47.40659836050527, 45.00330095845745, 25.134138276036637, 34.634937175888886, 32.9835044646421, 51.3627104680127, 24.152055728726708, 50.0700193040548, 29.83333622527573, 24.850560065116838, 22.1019685381127, 33.78643078553887, 25.383446700140382, 25.383446700140382, 25.383446700140382, 25.383446700140382, 25.383446700140382, 25.383446700140382, 25.383446700140382, 25.383446700140382, 25.383446700140382, 25.383446700140382, 25.383446700140382, 25.383446700140382, 25.383446700140382, 25.383446700140382, 25.383446700140382], [37.176527630430485, 45.2915188598052, 47.40659836050527, 0.0, 10.27336886332036, 41.69421997979861, 35.66657615867769, 22.12681876526179, 12.70353601448478, 48.1073295374886, 2.6711187561973966, 17.71296501544799, 42.055283884179886, 46.883659248658994, 25.32597957062588, 35.86094785066496, 35.86094785066496, 35.86094785066496, 35.86094785066496, 35.86094785066496, 35.86094785066496, 35.86094785066496, 35.86094785066496, 35.86094785066496, 35.86094785066496, 35.86094785066496, 35.86094785066496, 35.86094785066496, 35.86094785066496, 35.86094785066496, 42.69687333808858, 36.93997806229254, 26.117136201592274, 42.788122802680405, 40.06707694601548, 39.968941456959755, 6.6016546237534675, 34.203518818112414, 28.80550339052639, 37.5439128024413, 29.881006567200153, 49.672028060132575, 5.69160290886943, 43.05710170535092, 32.68033085768923, 14.707854693634616, 44.23238016288499, 22.033012064647064, 33.26306535787802, 53.279434252332955, 37.176527630430485, 45.2915188598052, 47.40659836050527, 0.0, 10.27336886332036, 41.69421997979861, 35.66657615867769, 22.12681876526179, 12.70353601448478, 48.1073295374886, 2.6711187561973966, 17.71296501544799, 42.055283884179886, 46.883659248658994, 25.32597957062588, 35.86094785066496, 35.86094785066496, 35.86094785066496, 35.86094785066496, 35.86094785066496, 35.86094785066496, 35.86094785066496, 35.86094785066496, 35.86094785066496, 35.86094785066496, 35.86094785066496, 35.86094785066496, 35.86094785066496, 35.86094785066496, 35.86094785066496], [28.4838251606805, 35.93207099314644, 45.00330095845745, 10.27336886332036, 0.0, 34.24133159516051, 26.578581475049063, 27.195528010529245, 6.506201156796367, 50.84448223212375, 11.271708025001194, 16.23009461874988, 45.300062077148645, 40.023128807721996, 16.83571530284318, 39.32966050993431, 39.32966050993431, 39.32966050993431, 39.32966050993431, 39.32966050993431, 39.32966050993431, 39.32966050993431, 39.32966050993431, 39.32966050993431, 39.32966050993431, 39.32966050993431, 39.32966050993431, 39.32966050993431, 39.32966050993431, 39.32966050993431, 33.11723854704002, 33.192532802109675, 23.27270981465045, 44.25888562538327, 31.55872966569198, 43.892967483950045, 4.9846852212030015, 40.13929269434663, 35.518103005415455, 35.70701082747339, 31.70312880691442, 46.7000144909536, 15.197046061304611, 40.86578164925322, 29.860300975721902, 21.015255027240094, 42.97587823664797, 29.14499291668978, 38.727623057941415, 51.912610925655805, 28.4838251606805, 35.93207099314644, 45.00330095845745, 10.27336886332036, 0.0, 34.24133159516051, 26.578581475049063, 27.195528010529245, 6.506201156796367, 50.84448223212375, 11.271708025001194, 16.23009461874988, 45.300062077148645, 40.023128807721996, 16.83571530284318, 39.32966050993431, 39.32966050993431, 39.32966050993431, 39.32966050993431, 39.32966050993431, 39.32966050993431, 39.32966050993431, 39.32966050993431, 39.32966050993431, 39.32966050993431, 39.32966050993431, 39.32966050993431, 39.32966050993431, 39.32966050993431, 39.32966050993431], [8.613201013705691, 13.249051227245143, 25.134138276036637, 41.69421997979861, 34.24133159516051, 0.0, 11.577725687925144, 40.013993186330964, 38.99395387008953, 46.07052215019562, 43.87209443495511, 26.97126289855009, 44.066813919702405, 6.397852467020578, 17.58544142826498, 41.26804344579189, 41.26804344579189, 41.26804344579189, 41.26804344579189, 41.26804344579189, 41.26804344579189, 41.26804344579189, 41.26804344579189, 41.26804344579189, 41.26804344579189, 41.26804344579189, 41.26804344579189, 41.26804344579189, 41.26804344579189, 41.26804344579189, 14.587105164232309, 16.083629864000255, 20.879487069454875, 37.75925997774857, 6.3888457438425945, 45.33683664232839, 35.35067044909908, 49.19685499275368, 48.593960295596716, 23.164497950735786, 33.24538799939682, 24.164338927531826, 43.45164945081799, 23.76203173810878, 19.331290459601686, 40.45380798129276, 28.021023619433, 45.9260839092767, 46.88594481695877, 33.12858745748626, 8.613201013705691, 13.249051227245143, 25.134138276036637, 41.69421997979861, 34.24133159516051, 0.0, 11.577725687925144, 40.013993186330964, 38.99395387008953, 46.07052215019562, 43.87209443495511, 26.97126289855009, 44.066813919702405, 6.397852467020578, 17.58544142826498, 41.26804344579189, 41.26804344579189, 41.26804344579189, 41.26804344579189, 41.26804344579189, 41.26804344579189, 41.26804344579189, 41.26804344579189, 41.26804344579189, 41.26804344579189, 41.26804344579189, 41.26804344579189, 41.26804344579189, 41.26804344579189, 41.26804344579189], [2.9780122104998394, 9.74195567607838, 34.634937175888886, 35.66657615867769, 26.578581475049063, 11.577725687925144, 0.0, 40.254752053392366, 30.07680232515575, 52.48093041811467, 37.39984110197159, 25.138878816902785, 49.277894132765546, 17.865391967978088, 10.490883563656656, 45.25802797229616, 45.25802797229616, 45.25802797229616, 45.25802797229616, 45.25802797229616, 45.25802797229616, 45.25802797229616, 45.25802797229616, 45.25802797229616, 45.25802797229616, 45.25802797229616, 45.25802797229616, 45.25802797229616, 45.25802797229616, 45.25802797229616, 7.851325759924665, 23.25289369900578, 22.525462466719812, 44.157500491530435, 5.943670238814963, 49.79366014616575, 29.06492343730048, 51.47225070882735, 49.50961723406712, 29.945718024578923, 36.48028733199457, 34.3519917649486, 38.74934592145196, 32.26169004201405, 24.38324702495487, 38.506307947348134, 36.25258262809573, 45.403436836924755, 49.29718336090464, 42.81107823610279, 2.9780122104998394, 9.74195567607838, 34.634937175888886, 35.66657615867769, 26.578581475049063, 11.577725687925144, 0.0, 40.254752053392366, 30.07680232515575, 52.48093041811467, 37.39984110197159, 25.138878816902785, 49.277894132765546, 17.865391967978088, 10.490883563656656, 45.25802797229616, 45.25802797229616, 45.25802797229616, 45.25802797229616, 45.25802797229616, 45.25802797229616, 45.25802797229616, 45.25802797229616, 45.25802797229616, 45.25802797229616, 45.25802797229616, 45.25802797229616, 45.25802797229616, 45.25802797229616, 45.25802797229616], [40.11715917170471, 49.360163296669946, 32.9835044646421, 22.12681876526179, 27.195528010529245, 40.013993186330964, 40.254752053392366, 0.0, 32.80674825289318, 26.469171265060815, 24.393889585548536, 15.440214792913237, 20.239747288721308, 42.66478874917994, 31.06742076810644, 14.085379510090462, 14.085379510090462, 14.085379510090462, 14.085379510090462, 14.085379510090462, 14.085379510090462, 14.085379510090462, 14.085379510090462, 14.085379510090462, 14.085379510090462, 14.085379510090462, 14.085379510090462, 14.085379510090462, 14.085379510090462, 14.085379510090462, 48.08947071193713, 27.40483196186502, 19.135218574865892, 22.588071666412443, 41.842363067473855, 17.89836596683127, 22.521808176096123, 12.995873440799276, 9.359437275814303, 23.798177758253566, 11.142946829910795, 36.06574885172419, 17.708198983342168, 28.88497131956054, 22.493549901109986, 7.572741012691318, 28.1080287463582, 6.254884940792083, 11.538609542183815, 36.36009205580891, 40.11715917170471, 49.360163296669946, 32.9835044646421, 22.12681876526179, 27.195528010529245, 40.013993186330964, 40.254752053392366, 0.0, 32.80674825289318, 26.469171265060815, 24.393889585548536, 15.440214792913237, 20.239747288721308, 42.66478874917994, 31.06742076810644, 14.085379510090462, 14.085379510090462, 14.085379510090462, 14.085379510090462, 14.085379510090462, 14.085379510090462, 14.085379510090462, 14.085379510090462, 14.085379510090462, 14.085379510090462, 14.085379510090462, 14.085379510090462, 14.085379510090462, 14.085379510090462, 14.085379510090462], [32.366892036489084, 38.814810098973005, 51.3627104680127, 12.70353601448478, 6.506201156796367, 38.99395387008953, 30.07680232515575, 32.80674825289318, 0.0, 57.1453787994173, 12.265245289366927, 22.726452633945687, 51.49847526393708, 45.039642969161804, 21.41599973012439, 45.45788677843614, 45.45788677843614, 45.45788677843614, 45.45788677843614, 45.45788677843614, 45.45788677843614, 45.45788677843614, 45.45788677843614, 45.45788677843614, 45.45788677843614, 45.45788677843614, 45.45788677843614, 45.45788677843614, 45.45788677843614, 45.45788677843614, 35.70716430823647, 39.397120152053745, 29.70172080167907, 50.69389629710636, 35.541391651674196, 49.94624567930302, 10.343008512853434, 45.57936321396702, 40.612731035643016, 42.15874045409357, 38.05475025526226, 52.96582678838717, 18.36846178287944, 47.2658486303541, 36.241106091712915, 26.075918843976375, 49.45048346620857, 33.99993671343665, 44.324326274892194, 58.3645607209299, 32.366892036489084, 38.814810098973005, 51.3627104680127, 12.70353601448478, 6.506201156796367, 38.99395387008953, 30.07680232515575, 32.80674825289318, 0.0, 57.1453787994173, 12.265245289366927, 22.726452633945687, 51.49847526393708, 45.039642969161804, 21.41599973012439, 45.45788677843614, 45.45788677843614, 45.45788677843614, 45.45788677843614, 45.45788677843614, 45.45788677843614, 45.45788677843614, 45.45788677843614, 45.45788677843614, 45.45788677843614, 45.45788677843614, 45.45788677843614, 45.45788677843614, 45.45788677843614, 45.45788677843614], [50.859615713918885, 58.88934593856882, 24.152055728726708, 48.1073295374886, 50.84448223212375, 46.07052215019562, 52.48093041811467, 26.469171265060815, 57.1453787994173, 0.0, 50.54433214266201, 35.09697480315664, 6.305449422767108, 44.892219626594496, 47.188206551777284, 12.383805749493424, 12.383805749493424, 12.383805749493424, 12.383805749493424, 12.383805749493424, 12.383805749493424, 12.383805749493424, 12.383805749493424, 12.383805749493424, 12.383805749493424, 12.383805749493424, 12.383805749493424, 12.383805749493424, 12.383805749493424, 12.383805749493424, 59.175678322089205, 30.059639062251364, 31.422131068307863, 8.366133272553784, 50.94448757065306, 9.407070514109055, 46.9498634837185, 19.25979738105648, 24.671712663356455, 22.96474695781059, 19.17368562668124, 27.167067847923615, 44.12052480436217, 23.136592311111805, 28.09778162479993, 33.99886512292339, 19.043324088654416, 29.68783117126848, 18.262467391151247, 20.664316080864005, 50.859615713918885, 58.88934593856882, 24.152055728726708, 48.1073295374886, 50.84448223212375, 46.07052215019562, 52.48093041811467, 26.469171265060815, 57.1453787994173, 0.0, 50.54433214266201, 35.09697480315664, 6.305449422767108, 44.892219626594496, 47.188206551777284, 12.383805749493424, 12.383805749493424, 12.383805749493424, 12.383805749493424, 12.383805749493424, 12.383805749493424, 12.383805749493424, 12.383805749493424, 12.383805749493424, 12.383805749493424, 12.383805749493424, 12.383805749493424, 12.383805749493424, 12.383805749493424, 12.383805749493424], [39.04336808988999, 46.93668150036829, 50.0700193040548, 2.6711187561973966, 11.271708025001194, 43.87209443495511, 37.39984110197159, 24.393889585548536, 12.265245289366927, 50.54433214266201, 0.0, 20.347540123034655, 44.45051070134242, 49.179172222869774, 27.192907645244777, 38.25319460827142, 38.25319460827142, 38.25319460827142, 38.25319460827142, 38.25319460827142, 38.25319460827142, 38.25319460827142, 38.25319460827142, 38.25319460827142, 38.25319460827142, 38.25319460827142, 38.25319460827142, 38.25319460827142, 38.25319460827142, 38.25319460827142, 44.23519170801215, 39.53860379360466, 28.734320364494554, 45.35372073327536, 41.995285714691065, 42.281415576445575, 8.533355877387345, 36.18109602700332, 30.63643743711049, 40.21172493496872, 32.45928240881973, 52.3220231352823, 7.140135289810204, 45.72235471022656, 35.31655947887766, 16.879531341066883, 46.90264523298819, 23.83814970886348, 35.34836535931769, 55.94897404367679, 39.04336808988999, 46.93668150036829, 50.0700193040548, 2.6711187561973966, 11.271708025001194, 43.87209443495511, 37.39984110197159, 24.393889585548536, 12.265245289366927, 50.54433214266201, 0.0, 20.347540123034655, 44.45051070134242, 49.179172222869774, 27.192907645244777, 38.25319460827142, 38.25319460827142, 38.25319460827142, 38.25319460827142, 38.25319460827142, 38.25319460827142, 38.25319460827142, 38.25319460827142, 38.25319460827142, 38.25319460827142, 38.25319460827142, 38.25319460827142, 38.25319460827142, 38.25319460827142, 38.25319460827142], [25.361315593176517, 34.55455632051962, 29.83333622527573, 17.71296501544799, 16.23009461874988, 26.97126289855009, 25.138878816902785, 15.440214792913237, 22.726452633945687, 35.09697480315664, 20.347540123034655, 0.0, 29.93877217041379, 31.071745649956455, 15.632339041729574, 24.33531367461551, 24.33531367461551, 24.33531367461551, 24.33531367461551, 24.33531367461551, 24.33531367461551, 24.33531367461551, 24.33531367461551, 24.33531367461551, 24.33531367461551, 24.33531367461551, 24.33531367461551, 24.33531367461551, 24.33531367461551, 24.33531367461551, 32.98787751111292, 19.2968409830645, 8.435318838819535, 28.14035126707463, 27.482408553953736, 29.071451798646297, 13.449055481480636, 27.74269302665947, 24.79959490972906, 20.095452006570344, 15.970242394788535, 31.991320727182394, 17.446871237705068, 25.523060672897266, 14.96905314935779, 13.647379549352626, 27.123003196467216, 20.271677112726476, 25.82587149738306, 36.1602631740543, 25.361315593176517, 34.55455632051962, 29.83333622527573, 17.71296501544799, 16.23009461874988, 26.97126289855009, 25.138878816902785, 15.440214792913237, 22.726452633945687, 35.09697480315664, 20.347540123034655, 0.0, 29.93877217041379, 31.071745649956455, 15.632339041729574, 24.33531367461551, 24.33531367461551, 24.33531367461551, 24.33531367461551, 24.33531367461551, 24.33531367461551, 24.33531367461551, 24.33531367461551, 24.33531367461551, 24.33531367461551, 24.33531367461551, 24.33531367461551, 24.33531367461551, 24.33531367461551, 24.33531367461551], [47.94074351046699, 56.413254895552114, 24.850560065116838, 42.055283884179886, 45.300062077148645, 44.066813919702405, 49.277894132765546, 20.239747288721308, 51.49847526393708, 6.305449422767108, 44.45051070134242, 29.93877217041379, 0.0, 43.756717763680435, 43.04896191314292, 6.197322388526588, 6.197322388526588, 6.197322388526588, 6.197322388526588, 6.197322388526588, 6.197322388526588, 6.197322388526588, 6.197322388526588, 6.197322388526588, 6.197322388526588, 6.197322388526588, 6.197322388526588, 6.197322388526588, 6.197322388526588, 6.197322388526588, 56.35635753241544, 28.022841672467983, 27.343880675783193, 7.735868367387743, 48.39077092274415, 3.49164320697961, 41.22186851641654, 13.504086841099692, 18.579716115752834, 21.067925324464756, 14.020727277181164, 28.13202692831943, 37.930173956165824, 22.75052382118317, 25.157940990043397, 27.795392653450275, 19.214889497026093, 23.394860033870827, 12.21945691784614, 23.39598923659639, 47.94074351046699, 56.413254895552114, 24.850560065116838, 42.055283884179886, 45.300062077148645, 44.066813919702405, 49.277894132765546, 20.239747288721308, 51.49847526393708, 6.305449422767108, 44.45051070134242, 29.93877217041379, 0.0, 43.756717763680435, 43.04896191314292, 6.197322388526588, 6.197322388526588, 6.197322388526588, 6.197322388526588, 6.197322388526588, 6.197322388526588, 6.197322388526588, 6.197322388526588, 6.197322388526588, 6.197322388526588, 6.197322388526588, 6.197322388526588, 6.197322388526588, 6.197322388526588, 6.197322388526588], [14.887379796537864, 17.440174221097834, 22.1019685381127, 46.883659248658994, 40.023128807721996, 6.397852467020578, 17.865391967978088, 42.66478874917994, 45.039642969161804, 44.892219626594496, 49.179172222869774, 31.071745649956455, 43.756717763680435, 0.0, 23.64480017432793, 41.81515002888189, 41.81515002888189, 41.81515002888189, 41.81515002888189, 41.81515002888189, 41.81515002888189, 41.81515002888189, 41.81515002888189, 41.81515002888189, 41.81515002888189, 41.81515002888189, 41.81515002888189, 41.81515002888189, 41.81515002888189, 41.81515002888189, 19.600206167142883, 16.22785733613686, 23.902239738677967, 36.82468765285418, 12.270765155704666, 45.47847818375555, 40.72554355834008, 50.537454726291465, 50.6812532529724, 22.749880470040193, 34.55203229795641, 20.403094221020545, 48.146716780636744, 21.820985104920297, 20.581552900735847, 44.10477974984302, 26.055223541099707, 48.792510144022, 48.203930830641305, 29.58762315257932, 14.887379796537864, 17.440174221097834, 22.1019685381127, 46.883659248658994, 40.023128807721996, 6.397852467020578, 17.865391967978088, 42.66478874917994, 45.039642969161804, 44.892219626594496, 49.179172222869774, 31.071745649956455, 43.756717763680435, 0.0, 23.64480017432793, 41.81515002888189, 41.81515002888189, 41.81515002888189, 41.81515002888189, 41.81515002888189, 41.81515002888189, 41.81515002888189, 41.81515002888189, 41.81515002888189, 41.81515002888189, 41.81515002888189, 41.81515002888189, 41.81515002888189, 41.81515002888189, 41.81515002888189], [11.85591528858213, 20.23017968173886, 33.78643078553887, 25.32597957062588, 16.83571530284318, 17.58544142826498, 10.490883563656656, 31.06742076810644, 21.41599973012439, 47.188206551777284, 27.192907645244777, 15.632339041729574, 43.04896191314292, 23.64480017432793, 0.0, 38.226711261021585, 38.226711261021585, 38.226711261021585, 38.226711261021585, 38.226711261021585, 38.226711261021585, 38.226711261021585, 38.226711261021585, 38.226711261021585, 38.226711261021585, 38.226711261021585, 38.226711261021585, 38.226711261021585, 38.226711261021585, 38.226711261021585, 18.042856509271733, 21.295962305906638, 15.77656101292469, 39.202198713114996, 14.816463274057275, 42.945405164985594, 18.740154237994027, 43.08973213482889, 40.42500185524494, 26.50094920688172, 29.343173273597436, 34.52734680470248, 28.25982350049536, 30.380975928011743, 20.18684467110494, 28.457938378419, 33.706398046618226, 35.74706972150758, 41.05294388584839, 41.69200043298108, 11.85591528858213, 20.23017968173886, 33.78643078553887, 25.32597957062588, 16.83571530284318, 17.58544142826498, 10.490883563656656, 31.06742076810644, 21.41599973012439, 47.188206551777284, 27.192907645244777, 15.632339041729574, 43.04896191314292, 23.64480017432793, 0.0, 38.226711261021585, 38.226711261021585, 38.226711261021585, 38.226711261021585, 38.226711261021585, 38.226711261021585, 38.226711261021585, 38.226711261021585, 38.226711261021585, 38.226711261021585, 38.226711261021585, 38.226711261021585, 38.226711261021585, 38.226711261021585, 38.226711261021585], [44.20346434357226, 53.00553020712038, 25.383446700140382, 35.86094785066496, 39.32966050993431, 41.26804344579189, 45.25802797229616, 14.085379510090462, 45.45788677843614, 12.383805749493424, 38.25319460827142, 24.33531367461551, 6.197322388526588, 41.81515002888189, 38.226711261021585, 0.0, 0.0, 0.0, 0.0, 0.0, 0.0, 0.0, 0.0, 0.0, 0.0, 0.0, 0.0, 0.0, 0.0, 0.0, 52.62784112709772, 25.63371775104448, 22.842325485524615, 10.066898435476105, 44.99604394107608, 4.756651884845599, 35.1502834598371, 10.11056788546178, 13.809499105104209, 19.252537118916656, 8.893920297498433, 28.742701606911705, 31.750758937320075, 22.36483612412567, 21.95070156239441, 21.621531886946194, 19.689805569593705, 17.692955479281068, 8.094375296900783, 25.89948986838989, 44.20346434357226, 53.00553020712038, 25.383446700140382, 35.86094785066496, 39.32966050993431, 41.26804344579189, 45.25802797229616, 14.085379510090462, 45.45788677843614, 12.383805749493424, 38.25319460827142, 24.33531367461551, 6.197322388526588, 41.81515002888189, 38.226711261021585, 0.0, 0.0, 0.0, 0.0, 0.0, 0.0, 0.0, 0.0, 0.0, 0.0, 0.0, 0.0, 0.0, 0.0, 0.0], [44.20346434357226, 53.00553020712038, 25.383446700140382, 35.86094785066496, 39.32966050993431, 41.26804344579189, 45.25802797229616, 14.085379510090462, 45.45788677843614, 12.383805749493424, 38.25319460827142, 24.33531367461551, 6.197322388526588, 41.81515002888189, 38.226711261021585, 0.0, 0.0, 0.0, 0.0, 0.0, 0.0, 0.0, 0.0, 0.0, 0.0, 0.0, 0.0, 0.0, 0.0, 0.0, 52.62784112709772, 25.63371775104448, 22.842325485524615, 10.066898435476105, 44.99604394107608, 4.756651884845599, 35.1502834598371, 10.11056788546178, 13.809499105104209, 19.252537118916656, 8.893920297498433, 28.742701606911705, 31.750758937320075, 22.36483612412567, 21.95070156239441, 21.621531886946194, 19.689805569593705, 17.692955479281068, 8.094375296900783, 25.89948986838989, 44.20346434357226, 53.00553020712038, 25.383446700140382, 35.86094785066496, 39.32966050993431, 41.26804344579189, 45.25802797229616, 14.085379510090462, 45.45788677843614, 12.383805749493424, 38.25319460827142, 24.33531367461551, 6.197322388526588, 41.81515002888189, 38.226711261021585, 0.0, 0.0, 0.0, 0.0, 0.0, 0.0, 0.0, 0.0, 0.0, 0.0, 0.0, 0.0, 0.0, 0.0, 0.0], [44.20346434357226, 53.00553020712038, 25.383446700140382, 35.86094785066496, 39.32966050993431, 41.26804344579189, 45.25802797229616, 14.085379510090462, 45.45788677843614, 12.383805749493424, 38.25319460827142, 24.33531367461551, 6.197322388526588, 41.81515002888189, 38.226711261021585, 0.0, 0.0, 0.0, 0.0, 0.0, 0.0, 0.0, 0.0, 0.0, 0.0, 0.0, 0.0, 0.0, 0.0, 0.0, 52.62784112709772, 25.63371775104448, 22.842325485524615, 10.066898435476105, 44.99604394107608, 4.756651884845599, 35.1502834598371, 10.11056788546178, 13.809499105104209, 19.252537118916656, 8.893920297498433, 28.742701606911705, 31.750758937320075, 22.36483612412567, 21.95070156239441, 21.621531886946194, 19.689805569593705, 17.692955479281068, 8.094375296900783, 25.89948986838989, 44.20346434357226, 53.00553020712038, 25.383446700140382, 35.86094785066496, 39.32966050993431, 41.26804344579189, 45.25802797229616, 14.085379510090462, 45.45788677843614, 12.383805749493424, 38.25319460827142, 24.33531367461551, 6.197322388526588, 41.81515002888189, 38.226711261021585, 0.0, 0.0, 0.0, 0.0, 0.0, 0.0, 0.0, 0.0, 0.0, 0.0, 0.0, 0.0, 0.0, 0.0, 0.0], [44.20346434357226, 53.00553020712038, 25.383446700140382, 35.86094785066496, 39.32966050993431, 41.26804344579189, 45.25802797229616, 14.085379510090462, 45.45788677843614, 12.383805749493424, 38.25319460827142, 24.33531367461551, 6.197322388526588, 41.81515002888189, 38.226711261021585, 0.0, 0.0, 0.0, 0.0, 0.0, 0.0, 0.0, 0.0, 0.0, 0.0, 0.0, 0.0, 0.0, 0.0, 0.0, 52.62784112709772, 25.63371775104448, 22.842325485524615, 10.066898435476105, 44.99604394107608, 4.756651884845599, 35.1502834598371, 10.11056788546178, 13.809499105104209, 19.252537118916656, 8.893920297498433, 28.742701606911705, 31.750758937320075, 22.36483612412567, 21.95070156239441, 21.621531886946194, 19.689805569593705, 17.692955479281068, 8.094375296900783, 25.89948986838989, 44.20346434357226, 53.00553020712038, 25.383446700140382, 35.86094785066496, 39.32966050993431, 41.26804344579189, 45.25802797229616, 14.085379510090462, 45.45788677843614, 12.383805749493424, 38.25319460827142, 24.33531367461551, 6.197322388526588, 41.81515002888189, 38.226711261021585, 0.0, 0.0, 0.0, 0.0, 0.0, 0.0, 0.0, 0.0, 0.0, 0.0, 0.0, 0.0, 0.0, 0.0, 0.0], [44.20346434357226, 53.00553020712038, 25.383446700140382, 35.86094785066496, 39.32966050993431, 41.26804344579189, 45.25802797229616, 14.085379510090462, 45.45788677843614, 12.383805749493424, 38.25319460827142, 24.33531367461551, 6.197322388526588, 41.81515002888189, 38.226711261021585, 0.0, 0.0, 0.0, 0.0, 0.0, 0.0, 0.0, 0.0, 0.0, 0.0, 0.0, 0.0, 0.0, 0.0, 0.0, 52.62784112709772, 25.63371775104448, 22.842325485524615, 10.066898435476105, 44.99604394107608, 4.756651884845599, 35.1502834598371, 10.11056788546178, 13.809499105104209, 19.252537118916656, 8.893920297498433, 28.742701606911705, 31.750758937320075, 22.36483612412567, 21.95070156239441, 21.621531886946194, 19.689805569593705, 17.692955479281068, 8.094375296900783, 25.89948986838989, 44.20346434357226, 53.00553020712038, 25.383446700140382, 35.86094785066496, 39.32966050993431, 41.26804344579189, 45.25802797229616, 14.085379510090462, 45.45788677843614, 12.383805749493424, 38.25319460827142, 24.33531367461551, 6.197322388526588, 41.81515002888189, 38.226711261021585, 0.0, 0.0, 0.0, 0.0, 0.0, 0.0, 0.0, 0.0, 0.0, 0.0, 0.0, 0.0, 0.0, 0.0, 0.0], [44.20346434357226, 53.00553020712038, 25.383446700140382, 35.86094785066496, 39.32966050993431, 41.26804344579189, 45.25802797229616, 14.085379510090462, 45.45788677843614, 12.383805749493424, 38.25319460827142, 24.33531367461551, 6.197322388526588, 41.81515002888189, 38.226711261021585, 0.0, 0.0, 0.0, 0.0, 0.0, 0.0, 0.0, 0.0, 0.0, 0.0, 0.0, 0.0, 0.0, 0.0, 0.0, 52.62784112709772, 25.63371775104448, 22.842325485524615, 10.066898435476105, 44.99604394107608, 4.756651884845599, 35.1502834598371, 10.11056788546178, 13.809499105104209, 19.252537118916656, 8.893920297498433, 28.742701606911705, 31.750758937320075, 22.36483612412567, 21.95070156239441, 21.621531886946194, 19.689805569593705, 17.692955479281068, 8.094375296900783, 25.89948986838989, 44.20346434357226, 53.00553020712038, 25.383446700140382, 35.86094785066496, 39.32966050993431, 41.26804344579189, 45.25802797229616, 14.085379510090462, 45.45788677843614, 12.383805749493424, 38.25319460827142, 24.33531367461551, 6.197322388526588, 41.81515002888189, 38.226711261021585, 0.0, 0.0, 0.0, 0.0, 0.0, 0.0, 0.0, 0.0, 0.0, 0.0, 0.0, 0.0, 0.0, 0.0, 0.0], [44.20346434357226, 53.00553020712038, 25.383446700140382, 35.86094785066496, 39.32966050993431, 41.26804344579189, 45.25802797229616, 14.085379510090462, 45.45788677843614, 12.383805749493424, 38.25319460827142, 24.33531367461551, 6.197322388526588, 41.81515002888189, 38.226711261021585, 0.0, 0.0, 0.0, 0.0, 0.0, 0.0, 0.0, 0.0, 0.0, 0.0, 0.0, 0.0, 0.0, 0.0, 0.0, 52.62784112709772, 25.63371775104448, 22.842325485524615, 10.066898435476105, 44.99604394107608, 4.756651884845599, 35.1502834598371, 10.11056788546178, 13.809499105104209, 19.252537118916656, 8.893920297498433, 28.742701606911705, 31.750758937320075, 22.36483612412567, 21.95070156239441, 21.621531886946194, 19.689805569593705, 17.692955479281068, 8.094375296900783, 25.89948986838989, 44.20346434357226, 53.00553020712038, 25.383446700140382, 35.86094785066496, 39.32966050993431, 41.26804344579189, 45.25802797229616, 14.085379510090462, 45.45788677843614, 12.383805749493424, 38.25319460827142, 24.33531367461551, 6.197322388526588, 41.81515002888189, 38.226711261021585, 0.0, 0.0, 0.0, 0.0, 0.0, 0.0, 0.0, 0.0, 0.0, 0.0, 0.0, 0.0, 0.0, 0.0, 0.0], [44.20346434357226, 53.00553020712038, 25.383446700140382, 35.86094785066496, 39.32966050993431, 41.26804344579189, 45.25802797229616, 14.085379510090462, 45.45788677843614, 12.383805749493424, 38.25319460827142, 24.33531367461551, 6.197322388526588, 41.81515002888189, 38.226711261021585, 0.0, 0.0, 0.0, 0.0, 0.0, 0.0, 0.0, 0.0, 0.0, 0.0, 0.0, 0.0, 0.0, 0.0, 0.0, 52.62784112709772, 25.63371775104448, 22.842325485524615, 10.066898435476105, 44.99604394107608, 4.756651884845599, 35.1502834598371, 10.11056788546178, 13.809499105104209, 19.252537118916656, 8.893920297498433, 28.742701606911705, 31.750758937320075, 22.36483612412567, 21.95070156239441, 21.621531886946194, 19.689805569593705, 17.692955479281068, 8.094375296900783, 25.89948986838989, 44.20346434357226, 53.00553020712038, 25.383446700140382, 35.86094785066496, 39.32966050993431, 41.26804344579189, 45.25802797229616, 14.085379510090462, 45.45788677843614, 12.383805749493424, 38.25319460827142, 24.33531367461551, 6.197322388526588, 41.81515002888189, 38.226711261021585, 0.0, 0.0, 0.0, 0.0, 0.0, 0.0, 0.0, 0.0, 0.0, 0.0, 0.0, 0.0, 0.0, 0.0, 0.0], [44.20346434357226, 53.00553020712038, 25.383446700140382, 35.86094785066496, 39.32966050993431, 41.26804344579189, 45.25802797229616, 14.085379510090462, 45.45788677843614, 12.383805749493424, 38.25319460827142, 24.33531367461551, 6.197322388526588, 41.81515002888189, 38.226711261021585, 0.0, 0.0, 0.0, 0.0, 0.0, 0.0, 0.0, 0.0, 0.0, 0.0, 0.0, 0.0, 0.0, 0.0, 0.0, 52.62784112709772, 25.63371775104448, 22.842325485524615, 10.066898435476105, 44.99604394107608, 4.756651884845599, 35.1502834598371, 10.11056788546178, 13.809499105104209, 19.252537118916656, 8.893920297498433, 28.742701606911705, 31.750758937320075, 22.36483612412567, 21.95070156239441, 21.621531886946194, 19.689805569593705, 17.692955479281068, 8.094375296900783, 25.89948986838989, 44.20346434357226, 53.00553020712038, 25.383446700140382, 35.86094785066496, 39.32966050993431, 41.26804344579189, 45.25802797229616, 14.085379510090462, 45.45788677843614, 12.383805749493424, 38.25319460827142, 24.33531367461551, 6.197322388526588, 41.81515002888189, 38.226711261021585, 0.0, 0.0, 0.0, 0.0, 0.0, 0.0, 0.0, 0.0, 0.0, 0.0, 0.0, 0.0, 0.0, 0.0, 0.0], [44.20346434357226, 53.00553020712038, 25.383446700140382, 35.86094785066496, 39.32966050993431, 41.26804344579189, 45.25802797229616, 14.085379510090462, 45.45788677843614, 12.383805749493424, 38.25319460827142, 24.33531367461551, 6.197322388526588, 41.81515002888189, 38.226711261021585, 0.0, 0.0, 0.0, 0.0, 0.0, 0.0, 0.0, 0.0, 0.0, 0.0, 0.0, 0.0, 0.0, 0.0, 0.0, 52.62784112709772, 25.63371775104448, 22.842325485524615, 10.066898435476105, 44.99604394107608, 4.756651884845599, 35.1502834598371, 10.11056788546178, 13.809499105104209, 19.252537118916656, 8.893920297498433, 28.742701606911705, 31.750758937320075, 22.36483612412567, 21.95070156239441, 21.621531886946194, 19.689805569593705, 17.692955479281068, 8.094375296900783, 25.89948986838989, 44.20346434357226, 53.00553020712038, 25.383446700140382, 35.86094785066496, 39.32966050993431, 41.26804344579189, 45.25802797229616, 14.085379510090462, 45.45788677843614, 12.383805749493424, 38.25319460827142, 24.33531367461551, 6.197322388526588, 41.81515002888189, 38.226711261021585, 0.0, 0.0, 0.0, 0.0, 0.0, 0.0, 0.0, 0.0, 0.0, 0.0, 0.0, 0.0, 0.0, 0.0, 0.0], [44.20346434357226, 53.00553020712038, 25.383446700140382, 35.86094785066496, 39.32966050993431, 41.26804344579189, 45.25802797229616, 14.085379510090462, 45.45788677843614, 12.383805749493424, 38.25319460827142, 24.33531367461551, 6.197322388526588, 41.81515002888189, 38.226711261021585, 0.0, 0.0, 0.0, 0.0, 0.0, 0.0, 0.0, 0.0, 0.0, 0.0, 0.0, 0.0, 0.0, 0.0, 0.0, 52.62784112709772, 25.63371775104448, 22.842325485524615, 10.066898435476105, 44.99604394107608, 4.756651884845599, 35.1502834598371, 10.11056788546178, 13.809499105104209, 19.252537118916656, 8.893920297498433, 28.742701606911705, 31.750758937320075, 22.36483612412567, 21.95070156239441, 21.621531886946194, 19.689805569593705, 17.692955479281068, 8.094375296900783, 25.89948986838989, 44.20346434357226, 53.00553020712038, 25.383446700140382, 35.86094785066496, 39.32966050993431, 41.26804344579189, 45.25802797229616, 14.085379510090462, 45.45788677843614, 12.383805749493424, 38.25319460827142, 24.33531367461551, 6.197322388526588, 41.81515002888189, 38.226711261021585, 0.0, 0.0, 0.0, 0.0, 0.0, 0.0, 0.0, 0.0, 0.0, 0.0, 0.0, 0.0, 0.0, 0.0, 0.0], [44.20346434357226, 53.00553020712038, 25.383446700140382, 35.86094785066496, 39.32966050993431, 41.26804344579189, 45.25802797229616, 14.085379510090462, 45.45788677843614, 12.383805749493424, 38.25319460827142, 24.33531367461551, 6.197322388526588, 41.81515002888189, 38.226711261021585, 0.0, 0.0, 0.0, 0.0, 0.0, 0.0, 0.0, 0.0, 0.0, 0.0, 0.0, 0.0, 0.0, 0.0, 0.0, 52.62784112709772, 25.63371775104448, 22.842325485524615, 10.066898435476105, 44.99604394107608, 4.756651884845599, 35.1502834598371, 10.11056788546178, 13.809499105104209, 19.252537118916656, 8.893920297498433, 28.742701606911705, 31.750758937320075, 22.36483612412567, 21.95070156239441, 21.621531886946194, 19.689805569593705, 17.692955479281068, 8.094375296900783, 25.89948986838989, 44.20346434357226, 53.00553020712038, 25.383446700140382, 35.86094785066496, 39.32966050993431, 41.26804344579189, 45.25802797229616, 14.085379510090462, 45.45788677843614, 12.383805749493424, 38.25319460827142, 24.33531367461551, 6.197322388526588, 41.81515002888189, 38.226711261021585, 0.0, 0.0, 0.0, 0.0, 0.0, 0.0, 0.0, 0.0, 0.0, 0.0, 0.0, 0.0, 0.0, 0.0, 0.0], [44.20346434357226, 53.00553020712038, 25.383446700140382, 35.86094785066496, 39.32966050993431, 41.2680