{"num_workers": 30, "num_roles": 5, "num_nodes": 80, "w": [[60, 60], [30, 30], [420, 420], [30, 30], [360, 360], [180, 180], [30, 30], [90, 90], [30, 30], [30, 30], [210, 210], [30, 30], [300, 300], [120, 120], [30, 30], [0, 0], [0, 0], [0, 0], [0, 0], [0, 0], [0, 0], [0, 0], [0, 0], [0, 0], [0, 0], [0, 0], [0, 0], [0, 0], [0, 0], [0, 0], [60, 450], [150, 390], [180, 420], [30, 360], [180, 330], [60, 120], [270, 420], [60, 210], [90, 390], [60, 390], [90, 360], [30, 330], [90, 360], [60, 330], [150, 420], [30, 420], [60, 240], [330, 450], [60, 450], [120, 390], [450, 450], [90, 90], [480, 480], [450, 450], [420, 420], [300, 300], [420, 420], [150, 150], [390, 390], [420, 420], [330, 330], [270, 270], [480, 480], [420, 420], [450, 450], [480, 480], [480, 480], [480, 480], [480, 480], [480, 480], [480, 480], [480, 480], [480, 480], [480, 480], [480, 480], [480, 480], [480, 480], [480, 480], [480, 480], [480, 480]], "p": [0, 0, 0, 0, 0, 0, 0, 0, 0, 0, 0, 0, 0, 0, 0, 0, 0, 0, 0, 0, 0, 0, 0, 0, 0, 0, 0, 0, 0, 0, 72.9457658769673, 47.44235351760048, 21.38914263362969, 29.082172211405215, 72.35618682487191, 63.507497992577285, 28.613028618875624, 28.647926425259733, 31.057953087883877, 17.694589512256215, 58.36110967343382, 57.9143092500449, 23.240230091768456, 22.908991541180797, 31.464262405834194, 30.727807718916544, 19.24888296179381, 37.97151419995109, 49.234987299538055, 36.813198726498314, 0, 0, 0, 0, 0, 0, 0, 0, 0, 0, 0, 0, 0, 0, 0, 0, 0, 0, 0, 0, 0, 0, 0, 0, 0, 0, 0, 0, 0, 0], "e": [[0, 1, 0, 1, 0], [0, 1, 0, 1, 0], [0, 1, 1, 0, 0], [0, 1, 0, 0, 1], [1, 1, 0, 0, 0], [1, 1, 0, 0, 0], [0, 0, 1, 0, 0], [0, 0, 0, 0, 1], [0, 0, 0, 1, 0], [1, 0, 0, 0, 0], [0, 0, 0, 0, 1], [1, 0, 0, 0, 0], [0, 0, 0, 0, 1], [0, 0, 1, 0, 0], [0, 0, 0, 0, 1], [0, 0, 0, 1, 0], [0, 0, 0, 0, 1], [0, 1, 0, 0, 0], [1, 0, 0, 0, 0], [1, 0, 0, 0, 0], [0, 0, 1, 0, 0], [0, 1, 0, 0, 0], [1, 0, 0, 0, 0], [0, 0, 1, 0, 0], [1, 0, 0, 0, 0], [0, 0, 1, 0, 0], [0, 1, 0, 0, 0], [0, 0, 0, 1, 0], [0, 0, 0, 1, 0], [1, 0, 0, 0, 0]], "d": [[1, 0, 1, 0, 0, 0, 0, 1, 0, 0, 0, 1, 1, 1, 1, 0, 0, 0, 0, 1], [1, 0, 1, 0, 1, 0, 0, 1, 1, 1, 0, 0, 0, 1, 0, 1, 1, 0, 0, 0], [1, 1, 1, 1, 2, 1, 1, 1, 2, 2, 1, 1, 1, 1, 1, 2, 2, 1, 1, 1], [1, 0, 1, 0, 0, 0, 0, 1, 0, 0, 0, 1, 0, 1, 1, 0, 0, 0, 0, 0], [0, 2, 0, 2, 0, 2, 2, 0, 0, 0, 2, 1, 3, 0, 1, 0, 0, 2, 2, 3]], "r": [4143, 2486, 2345, 3519, 3791, 1920, 2095, 4280, 3510, 4781, 2449, 3374, 3327, 1173, 4375, 4700, 3927, 1779, 1005, 3897], "g": [[0, 0, 0, 0, 0, 0, 0, 0, 0, 0, 0, 0, 0, 0, 0, 0, 0, 0, 0, 0], [0, 0, 0, 0, 0, 0, 0, 0, 0, 0, 0, 0, 0, 0, 0, 0, 0, 0, 0, 0], [0, 0, 0, 0, 0, 0, 0, 0, 0, 0, 0, 0, 0, 0, 0, 0, 0, 0, 0, 0], [0, 0, 0, 0, 0, 0, 0, 0, 0, 0, 0, 0, 0, 0, 0, 0, 0, 0, 0, 0], [0, 0, 0, 0, 0, 0, 0, 0, 0, 0, 0, 0, 0, 0, 0, 0, 0, 0, 0, 0], [0, 0, 0, 0, 0, 0, 0, 0, 0, 0, 0, 0, 0, 0, 0, 0, 0, 0, 0, 0], [0, 0, 0, 0, 0, 0, 0, 0, 0, 0, 0, 0, 0, 0, 0, 0, 0, 0, 0, 0], [0, 0, 0, 0, 0, 0, 0, 0, 0, 0, 0, 0, 0, 0, 0, 0, 0, 0, 0, 0], [0, 0, 0, 0, 0, 0, 0, 0, 0, 0, 0, 0, 0, 0, 0, 0, 0, 0, 0, 0], [0, 0, 0, 0, 0, 0, 0, 0, 0, 0, 0, 0, 0, 0, 0, 0, 0, 0, 0, 0], [0, 0, 0, 0, 0, 0, 0, 0, 0, 0, 0, 0, 0, 0, 0, 0, 0, 0, 0, 0], [0, 0, 0, 0, 0, 0, 0, 0, 0, 0, 0, 0, 0, 0, 0, 0, 0, 0, 0, 0], [0, 0, 0, 0, 0, 0, 0, 0, 0, 0, 0, 0, 0, 0, 0, 0, 0, 0, 0, 0], [0, 0, 0, 0, 0, 0, 0, 0, 0, 0, 0, 0, 0, 0, 0, 0, 0, 0, 0, 0], [0, 0, 0, 0, 0, 0, 0, 0, 0, 0, 0, 0, 0, 0, 0, 0, 0, 0, 0, 0], [0, 0, 0, 0, 0, 0, 0, 0, 0, 0, 0, 0, 0, 0, 0, 0, 0, 0, 0, 0], [0, 0, 0, 0, 0, 0, 0, 0, 0, 0, 0, 0, 0, 0, 0, 0, 0, 0, 0, 0], [0, 0, 0, 0, 0, 0, 0, 0, 0, 0, 0, 0, 0, 0, 0, 0, 0, 0, 0, 0], [0, 0, 0, 0, 0, 0, 0, 0, 0, 0, 0, 0, 0, 0, 0, 0, 0, 0, 0, 0], [0, 0, 0, 0, 0, 0, 0, 0, 0, 0, 0, 0, 0, 0, 0, 0, 0, 0, 0, 0]], "t": [[0.0, 14.305474777458693, 42.12004823093515, 11.386416525853287, 8.827012137808014, 2.8163763774983077, 17.255061807517784, 4.247490773741631, 34.82106725412076, 24.146523641002176, 25.267988947573574, 34.19335967691421, 12.648852328982812, 29.1630218031806, 23.439823855033264, 32.02350944556888, 32.02350944556888, 32.02350944556888, 32.02350944556888, 32.02350944556888, 32.02350944556888, 32.02350944556888, 32.02350944556888, 32.02350944556888, 32.02350944556888, 32.02350944556888, 32.02350944556888, 32.02350944556888, 32.02350944556888, 32.02350944556888, 13.120592794101281, 30.817327641519345, 16.530103256159506, 27.795045352700352, 21.191252248860835, 19.31704421082093, 32.69811086997692, 26.515319760685966, 14.464271687725262, 9.807962315396397, 24.267770760487764, 26.625668440035838, 13.191814508380842, 33.756815398631495, 23.688475793491563, 26.68068360405017, 23.481363343564635, 16.30552274077243, 28.576691246024946, 7.18295745610692, 0.0, 14.305474777458693, 42.12004823093515, 11.386416525853287, 8.827012137808014, 2.8163763774983077, 17.255061807517784, 4.247490773741631, 34.82106725412076, 24.146523641002176, 25.267988947573574, 34.19335967691421, 12.648852328982812, 29.1630218031806, 23.439823855033264, 32.02350944556888, 32.02350944556888, 32.02350944556888, 32.02350944556888, 32.02350944556888, 32.02350944556888, 32.02350944556888, 32.02350944556888, 32.02350944556888, 32.02350944556888, 32.02350944556888, 32.02350944556888, 32.02350944556888, 32.02350944556888, 32.02350944556888], [14.305474777458693, 0.0, 53.3807034703871, 25.27430206597146, 5.503138251898124, 17.09858983669407, 18.016498693496317, 12.24574531596595, 45.51023742632387, 37.127880452648434, 39.57178484505594, 42.872822559074805, 1.6633729236270165, 42.507305579183985, 31.084737609907748, 31.24352910930871, 31.24352910930871, 31.24352910930871, 31.24352910930871, 31.24352910930871, 31.24352910930871, 31.24352910930871, 31.24352910930871, 31.24352910930871, 31.24352910930871, 31.24352910930871, 31.24352910930871, 31.24352910930871, 31.24352910930871, 31.24352910930871, 5.2085950815006825, 44.44209783751936, 30.75919809702352, 37.28196058593366, 34.350871135043796, 32.190710767802045, 45.66321516657725, 40.655235830231824, 21.480046177084027, 23.94039248252124, 28.548453528623014, 27.36454806895106, 11.174037538948776, 46.206460338803055, 33.24546802330237, 36.292264953901736, 37.52851086302168, 14.774866004890496, 25.3183006384829, 19.218503889990668, 14.305474777458693, 0.0, 53.3807034703871, 25.27430206597146, 5.503138251898124, 17.09858983669407, 18.016498693496317, 12.24574531596595, 45.51023742632387, 37.127880452648434, 39.57178484505594, 42.872822559074805, 1.6633729236270165, 42.507305579183985, 31.084737609907748, 31.24352910930871, 31.24352910930871, 31.24352910930871, 31.24352910930871, 31.24352910930871, 31.24352910930871, 31.24352910930871, 31.24352910930871, 31.24352910930871, 31.24352910930871, 31.24352910930871, 31.24352910930871, 31.24352910930871, 31.24352910930871, 31.24352910930871], [42.12004823093515, 53.3807034703871, 0.0, 38.622452530940556, 49.11753891905165, 39.866002051471504, 58.20235355341832, 46.31453095748819, 8.093647781420614, 42.76985321550897, 30.0505648072529, 14.241899331292155, 51.920753452684124, 41.978530258648625, 24.02481360152193, 39.346439315422145, 39.346439315422145, 39.346439315422145, 39.346439315422145, 39.346439315422145, 39.346439315422145, 39.346439315422145, 39.346439315422145, 39.346439315422145, 39.346439315422145, 39.346439315422145, 39.346439315422145, 39.346439315422145, 39.346439315422145, 39.346439315422145, 54.4806301787329, 17.94281313986149, 34.44749295232768, 16.881905331806813, 22.152665213050074, 23.315890292770035, 45.44593702690224, 24.535963115298056, 32.3331151140806, 33.955444408956794, 30.080324925725435, 36.327179108002895, 43.81218573451893, 10.133994370214582, 20.470391080465998, 17.63673069450281, 35.556923883540314, 58.09800428775555, 43.89148030628575, 43.980751160390405, 42.12004823093515, 53.3807034703871, 0.0, 38.622452530940556, 49.11753891905165, 39.866002051471504, 58.20235355341832, 46.31453095748819, 8.093647781420614, 42.76985321550897, 30.0505648072529, 14.241899331292155, 51.920753452684124, 41.978530258648625, 24.02481360152193, 39.346439315422145, 39.346439315422145, 39.346439315422145, 39.346439315422145, 39.346439315422145, 39.346439315422145, 39.346439315422145, 39.346439315422145, 39.346439315422145, 39.346439315422145, 39.346439315422145, 39.346439315422145, 39.346439315422145, 39.346439315422145, 39.346439315422145], [11.386416525853287, 25.27430206597146, 38.622452530940556, 0.0, 19.797451498953244, 9.023576493954149, 20.72024265141394, 13.200337452169668, 32.68415795399568, 13.109289017803054, 15.048828598428821, 34.59968893106976, 23.6642948504457, 17.84448533496932, 26.480940668158752, 39.915141369399336, 39.915141369399336, 39.915141369399336, 39.915141369399336, 39.915141369399336, 39.915141369399336, 39.915141369399336, 39.915141369399336, 39.915141369399336, 39.915141369399336, 39.915141369399336, 39.915141369399336, 39.915141369399336, 39.915141369399336, 39.915141369399336, 22.875491892965712, 23.662856918128583, 5.976660851354777, 28.06266961163546, 16.504539450684803, 15.782397710514106, 21.52742514150568, 17.851299772507957, 20.489868809723564, 6.515901960545889, 29.983389980526, 34.22876179095207, 23.90698801286551, 28.942689276565833, 24.581261572921267, 26.96919231177914, 12.25872743375952, 21.727971161324586, 37.86799526919903, 6.9673612738289865, 11.386416525853287, 25.27430206597146, 38.622452530940556, 0.0, 19.797451498953244, 9.023576493954149, 20.72024265141394, 13.200337452169668, 32.68415795399568, 13.109289017803054, 15.048828598428821, 34.59968893106976, 23.6642948504457, 17.84448533496932, 26.480940668158752, 39.915141369399336, 39.915141369399336, 39.915141369399336, 39.915141369399336, 39.915141369399336, 39.915141369399336, 39.915141369399336, 39.915141369399336, 39.915141369399336, 39.915141369399336, 39.915141369399336, 39.915141369399336, 39.915141369399336, 39.915141369399336, 39.915141369399336], [8.827012137808014, 5.503138251898124, 49.11753891905165, 19.797451498953244, 0.0, 11.633888674648194, 15.903057046611861, 6.953166074084535, 41.41286583627037, 31.857145628298195, 34.08096969188655, 39.469734949708915, 3.869749925895356, 37.16729337719773, 27.86232506744677, 31.17726512692345, 31.17726512692345, 31.17726512692345, 31.17726512692345, 31.17726512692345, 31.17726512692345, 31.17726512692345, 31.17726512692345, 31.17726512692345, 31.17726512692345, 31.17726512692345, 31.17726512692345, 31.17726512692345, 31.17726512692345, 31.17726512692345, 5.53508571546032, 39.27744439636099, 25.256065787679642, 33.530643464857775, 29.32518623676791, 27.248128725662387, 40.42087332658638, 35.27511516493605, 18.115617421843204, 18.544236268499507, 26.455421967922693, 26.5809246106576, 10.172492042925256, 41.48194588731218, 29.41197433543112, 32.48503447547393, 32.04383519055064, 13.308234871393637, 26.093015335064408, 13.940073432606479, 8.827012137808014, 5.503138251898124, 49.11753891905165, 19.797451498953244, 0.0, 11.633888674648194, 15.903057046611861, 6.953166074084535, 41.41286583627037, 31.857145628298195, 34.08096969188655, 39.469734949708915, 3.869749925895356, 37.16729337719773, 27.86232506744677, 31.17726512692345, 31.17726512692345, 31.17726512692345, 31.17726512692345, 31.17726512692345, 31.17726512692345, 31.17726512692345, 31.17726512692345, 31.17726512692345, 31.17726512692345, 31.17726512692345, 31.17726512692345, 31.17726512692345, 31.17726512692345, 31.17726512692345], [2.8163763774983077, 17.09858983669407, 39.866002051471504, 9.023576493954149, 11.633888674648194, 0.0, 18.78932958954038, 6.545056947160812, 32.744529226139484, 22.03889183361342, 22.4919856490918, 32.601404778511004, 15.438715046112751, 26.86766140960849, 22.325638463908742, 32.536863292642515, 32.536863292642515, 32.536863292642515, 32.536863292642515, 32.536863292642515, 32.536863292642515, 32.536863292642515, 32.536863292642515, 32.536863292642515, 32.536863292642515, 32.536863292642515, 32.536863292642515, 32.536863292642515, 32.536863292642515, 32.536863292642515, 15.874894912093161, 28.084854561441837, 13.8470221526124, 26.10131558254573, 18.603911113961267, 16.82838987300855, 30.525519959255707, 23.702600036056698, 14.01905692583566, 7.012645588288434, 23.948270211074032, 26.989678669659185, 14.957275644490798, 31.272805561102878, 22.06151245421215, 24.975205916218435, 20.89429570941234, 18.270210562094118, 29.64291823229309, 6.497306431191826, 2.8163763774983077, 17.09858983669407, 39.866002051471504, 9.023576493954149, 11.633888674648194, 0.0, 18.78932958954038, 6.545056947160812, 32.744529226139484, 22.03889183361342, 22.4919856490918, 32.601404778511004, 15.438715046112751, 26.86766140960849, 22.325638463908742, 32.536863292642515, 32.536863292642515, 32.536863292642515, 32.536863292642515, 32.536863292642515, 32.536863292642515, 32.536863292642515, 32.536863292642515, 32.536863292642515, 32.536863292642515, 32.536863292642515, 32.536863292642515, 32.536863292642515, 32.536863292642515, 32.536863292642515], [17.255061807517784, 18.016498693496317, 58.20235355341832, 20.72024265141394, 15.903057046611861, 18.78932958954038, 0.0, 13.21487341204993, 51.38090589467801, 27.100199301739316, 35.13669015733748, 51.3573739158738, 17.466293615128308, 32.67063841195229, 40.68415332216737, 46.94132989813948, 46.94132989813948, 46.94132989813948, 46.94132989813948, 46.94132989813948, 46.94132989813948, 46.94132989813948, 46.94132989813948, 46.94132989813948, 46.94132989813948, 46.94132989813948, 46.94132989813948, 46.94132989813948, 46.94132989813948, 46.94132989813948, 12.818630726424873, 44.34508134225446, 26.448029830860822, 44.88294413828189, 36.251779271926296, 34.890749728511885, 34.57136544279241, 38.53228366965119, 31.46725941301503, 24.25932800333339, 40.949902087389454, 42.0952715862262, 25.996993852330423, 49.036774464756306, 40.8218039918671, 43.75833057055949, 30.852451807958325, 3.5260876443948574, 41.9957696057728, 14.331395887337784, 17.255061807517784, 18.016498693496317, 58.20235355341832, 20.72024265141394, 15.903057046611861, 18.78932958954038, 0.0, 13.21487341204993, 51.38090589467801, 27.100199301739316, 35.13669015733748, 51.3573739158738, 17.466293615128308, 32.67063841195229, 40.68415332216737, 46.94132989813948, 46.94132989813948, 46.94132989813948, 46.94132989813948, 46.94132989813948, 46.94132989813948, 46.94132989813948, 46.94132989813948, 46.94132989813948, 46.94132989813948, 46.94132989813948, 46.94132989813948, 46.94132989813948, 46.94132989813948, 46.94132989813948], [4.247490773741631, 12.24574531596595, 46.31453095748819, 13.200337452169668, 6.953166074084535, 6.545056947160812, 13.21487341204993, 0.0, 39.05804203572494, 24.917554397163237, 27.95809734764906, 38.3999965108709, 10.709316621152617, 30.26524059538604, 27.504547369640633, 34.753602581114784, 34.753602581114784, 34.753602581114784, 34.753602581114784, 34.753602581114784, 34.753602581114784, 34.753602581114784, 34.753602581114784, 34.753602581114784, 34.753602581114784, 34.753602581114784, 34.753602581114784, 34.753602581114784, 34.753602581114784, 34.753602581114784, 9.775991070302224, 34.4996576031049, 18.938339192479813, 32.02559787335797, 25.144420156311046, 23.36830781789502, 33.47498406497691, 29.78908215223593, 18.261711870613283, 13.369848299441408, 27.85419443950676, 29.57378099181327, 14.60861692762482, 37.81488035754428, 27.911339646811776, 30.913636767298144, 25.439297801111742, 12.07224775906827, 30.647484430579638, 6.994309656116839, 4.247490773741631, 12.24574531596595, 46.31453095748819, 13.200337452169668, 6.953166074084535, 6.545056947160812, 13.21487341204993, 0.0, 39.05804203572494, 24.917554397163237, 27.95809734764906, 38.3999965108709, 10.709316621152617, 30.26524059538604, 27.504547369640633, 34.753602581114784, 34.753602581114784, 34.753602581114784, 34.753602581114784, 34.753602581114784, 34.753602581114784, 34.753602581114784, 34.753602581114784, 34.753602581114784, 34.753602581114784, 34.753602581114784, 34.753602581114784, 34.753602581114784, 34.753602581114784, 34.753602581114784], [34.82106725412076, 45.51023742632387, 8.093647781420614, 32.68415795399568, 41.41286583627037, 32.744529226139484, 51.38090589467801, 39.05804203572494, 0.0, 38.84741770569082, 26.859242488796855, 7.660068571733392, 44.0835451122047, 39.07060790021657, 15.960541077388674, 32.054510528462444, 32.054510528462444, 32.054510528462444, 32.054510528462444, 32.054510528462444, 32.054510528462444, 32.054510528462444, 32.054510528462444, 32.054510528462444, 32.054510528462444, 32.054510528462444, 32.054510528462444, 32.054510528462444, 32.054510528462444, 32.054510528462444, 46.842040397906814, 16.098212581343947, 29.320894039185553, 8.798836217530864, 16.365009708195366, 16.92061581862369, 42.901237296417364, 21.525930286111738, 24.309106914425193, 27.369317867974292, 22.201158522668493, 28.61909769799398, 35.76574970512837, 8.388020390655704, 12.413749860461468, 9.544126618107327, 31.877155639707674, 51.01001297736148, 36.1629894951697, 37.395365076922275, 34.82106725412076, 45.51023742632387, 8.093647781420614, 32.68415795399568, 41.41286583627037, 32.744529226139484, 51.38090589467801, 39.05804203572494, 0.0, 38.84741770569082, 26.859242488796855, 7.660068571733392, 44.0835451122047, 39.07060790021657, 15.960541077388674, 32.054510528462444, 32.054510528462444, 32.054510528462444, 32.054510528462444, 32.054510528462444, 32.054510528462444, 32.054510528462444, 32.054510528462444, 32.054510528462444, 32.054510528462444, 32.054510528462444, 32.054510528462444, 32.054510528462444, 32.054510528462444, 32.054510528462444], [24.146523641002176, 37.127880452648434, 42.76985321550897, 13.109289017803054, 31.857145628298195, 22.03889183361342, 27.100199301739316, 24.917554397163237, 38.84741770569082, 0.0, 12.887540368838877, 42.84443733684032, 35.62167876364163, 5.627625706538205, 37.18697310163156, 52.3971508534845, 52.3971508534845, 52.3971508534845, 52.3971508534845, 52.3971508534845, 52.3971508534845, 52.3971508534845, 52.3971508534845, 52.3971508534845, 52.3971508534845, 52.3971508534845, 52.3971508534845, 52.3971508534845, 52.3971508534845, 52.3971508534845, 33.770013183632, 25.099647514314913, 11.055078091326598, 36.80578116670208, 23.15054892760076, 23.76067421663921, 8.57767965178832, 18.30837375718157, 32.91472303053055, 18.588760325443246, 41.812439195798184, 46.696727317729035, 36.98462583110604, 32.65133953752771, 34.168527289336645, 35.849941884697564, 7.235026894543862, 29.48859397577217, 50.81222067390419, 17.92339256077471, 24.146523641002176, 37.127880452648434, 42.76985321550897, 13.109289017803054, 31.857145628298195, 22.03889183361342, 27.100199301739316, 24.917554397163237, 38.84741770569082, 0.0, 12.887540368838877, 42.84443733684032, 35.62167876364163, 5.627625706538205, 37.18697310163156, 52.3971508534845, 52.3971508534845, 52.3971508534845, 52.3971508534845, 52.3971508534845, 52.3971508534845, 52.3971508534845, 52.3971508534845, 52.3971508534845, 52.3971508534845, 52.3971508534845, 52.3971508534845, 52.3971508534845, 52.3971508534845, 52.3971508534845], [25.267988947573574, 39.57178484505594, 30.0505648072529, 15.048828598428821, 34.08096969188655, 22.4919856490918, 35.13669015733748, 27.95809734764906, 26.859242488796855, 12.887540368838877, 0.0, 31.889859064222044, 37.916568567530405, 12.21155453240341, 28.89145575944501, 46.28539379422827, 46.28539379422827, 46.28539379422827, 46.28539379422827, 46.28539379422827, 46.28539379422827, 46.28539379422827, 46.28539379422827, 46.28539379422827, 46.28539379422827, 46.28539379422827, 46.28539379422827, 46.28539379422827, 46.28539379422827, 46.28539379422827, 37.72937036957035, 12.23351624134355, 9.0862043585659, 26.55505659415568, 12.975118473105393, 14.575966800207198, 16.09616854074739, 5.517850613899809, 27.886718151709147, 16.002647594144516, 34.82856805930187, 40.78649958808664, 35.639636959609774, 20.002529634047114, 24.899347334209896, 25.784442085672804, 5.686282926795481, 36.55775777406193, 46.380389877383124, 22.01148425641254, 25.267988947573574, 39.57178484505594, 30.0505648072529, 15.048828598428821, 34.08096969188655, 22.4919856490918, 35.13669015733748, 27.95809734764906, 26.859242488796855, 12.887540368838877, 0.0, 31.889859064222044, 37.916568567530405, 12.21155453240341, 28.89145575944501, 46.28539379422827, 46.28539379422827, 46.28539379422827, 46.28539379422827, 46.28539379422827, 46.28539379422827, 46.28539379422827, 46.28539379422827, 46.28539379422827, 46.28539379422827, 46.28539379422827, 46.28539379422827, 46.28539379422827, 46.28539379422827, 46.28539379422827], [34.19335967691421, 42.872822559074805, 14.241899331292155, 34.59968893106976, 39.469734949708915, 32.601404778511004, 51.3573739158738, 38.3999965108709, 7.660068571733392, 42.84443733684032, 31.889859064222044, 0.0, 41.6072750745877, 43.917185303205535, 11.808127807372454, 25.11262682229031, 25.11262682229031, 25.11262682229031, 25.11262682229031, 25.11262682229031, 25.11262682229031, 25.11262682229031, 25.11262682229031, 25.11262682229031, 25.11262682229031, 25.11262682229031, 25.11262682229031, 25.11262682229031, 25.11262682229031, 25.11262682229031, 45.00330114027205, 22.585766689838223, 32.424184143029706, 6.590393355807589, 19.694751613649807, 19.310477680914918, 47.93884811039305, 26.970549270291034, 21.437253369128758, 28.528232176675193, 16.542577291796842, 22.364141643770644, 32.30123235681711, 15.661573359250095, 10.539916134923462, 7.71454667314115, 36.30852981271908, 50.466361061562154, 29.904577709903425, 38.124673885404626, 34.19335967691421, 42.872822559074805, 14.241899331292155, 34.59968893106976, 39.469734949708915, 32.601404778511004, 51.3573739158738, 38.3999965108709, 7.660068571733392, 42.84443733684032, 31.889859064222044, 0.0, 41.6072750745877, 43.917185303205535, 11.808127807372454, 25.11262682229031, 25.11262682229031, 25.11262682229031, 25.11262682229031, 25.11262682229031, 25.11262682229031, 25.11262682229031, 25.11262682229031, 25.11262682229031, 25.11262682229031, 25.11262682229031, 25.11262682229031, 25.11262682229031, 25.11262682229031, 25.11262682229031], [12.648852328982812, 1.6633729236270165, 51.920753452684124, 23.6642948504457, 3.869749925895356, 15.438715046112751, 17.466293615128308, 10.709316621152617, 44.0835451122047, 35.62167876364163, 37.916568567530405, 41.6072750745877, 0.0, 40.9717579516851, 29.845666776433287, 30.858868942193716, 30.858868942193716, 30.858868942193716, 30.858868942193716, 30.858868942193716, 30.858868942193716, 30.858868942193716, 30.858868942193716, 30.858868942193716, 30.858868942193716, 30.858868942193716, 30.858868942193716, 30.858868942193716, 30.858868942193716, 30.858868942193716, 4.932748859817493, 42.80404917368534, 29.11839280588342, 35.92748338439357, 32.732160446044304, 30.58490614728579, 44.1708279981004, 38.9931163282532, 20.178879280662564, 22.277205586574375, 27.587093627351795, 26.756958211506166, 10.337470997077645, 44.64639159379619, 31.86699378789075, 34.923716114871496, 35.91285659940401, 14.3780075107806, 25.165390088851318, 17.699760310992964, 12.648852328982812, 1.6633729236270165, 51.920753452684124, 23.6642948504457, 3.869749925895356, 15.438715046112751, 17.466293615128308, 10.709316621152617, 44.0835451122047, 35.62167876364163, 37.916568567530405, 41.6072750745877, 0.0, 40.9717579516851, 29.845666776433287, 30.858868942193716, 30.858868942193716, 30.858868942193716, 30.858868942193716, 30.858868942193716, 30.858868942193716, 30.858868942193716, 30.858868942193716, 30.858868942193716, 30.858868942193716, 30.858868942193716, 30.858868942193716, 30.858868942193716, 30.858868942193716, 30.858868942193716], [29.1630218031806, 42.507305579183985, 41.978530258648625, 17.84448533496932, 37.16729337719773, 26.86766140960849, 32.67063841195229, 30.26524059538604, 39.07060790021657, 5.627625706538205, 12.21155453240341, 43.917185303205535, 40.9717579516851, 0.0, 39.66010693726006, 55.86754757307267, 55.86754757307267, 55.86754757307267, 55.86754757307267, 55.86754757307267, 55.86754757307267, 55.86754757307267, 55.86754757307267, 55.86754757307267, 55.86754757307267, 55.86754757307267, 55.86754757307267, 55.86754757307267, 55.86754757307267, 55.86754757307267, 39.294426086163995, 24.03576155868643, 14.312972567821634, 38.29184975417341, 24.480256376853504, 25.58610732994121, 4.181748618108481, 17.63348677451697, 36.55186479905369, 22.506184680607202, 44.87650365107243, 50.198670049949136, 41.6866206181545, 32.0593628841907, 36.152613361817984, 37.43387700038641, 7.853728725593735, 35.106249715719876, 54.82485844571549, 23.29278861199016, 29.1630218031806, 42.507305579183985, 41.978530258648625, 17.84448533496932, 37.16729337719773, 26.86766140960849, 32.67063841195229, 30.26524059538604, 39.07060790021657, 5.627625706538205, 12.21155453240341, 43.917185303205535, 40.9717579516851, 0.0, 39.66010693726006, 55.86754757307267, 55.86754757307267, 55.86754757307267, 55.86754757307267, 55.86754757307267, 55.86754757307267, 55.86754757307267, 55.86754757307267, 55.86754757307267, 55.86754757307267, 55.86754757307267, 55.86754757307267, 55.86754757307267, 55.86754757307267, 55.86754757307267], [23.439823855033264, 31.084737609907748, 24.02481360152193, 26.480940668158752, 27.86232506744677, 22.325638463908742, 40.68415332216737, 27.504547369640633, 15.960541077388674, 37.18697310163156, 28.89145575944501, 11.808127807372454, 29.845666776433287, 39.66010693726006, 0.0, 18.39288209722102, 18.39288209722102, 18.39288209722102, 18.39288209722102, 18.39288209722102, 18.39288209722102, 18.39288209722102, 18.39288209722102, 18.39288209722102, 18.39288209722102, 18.39288209722102, 18.39288209722102, 18.39288209722102, 18.39288209722102, 18.39288209722102, 33.39364933015543, 23.934724468204028, 26.14100267146106, 7.172871920137805, 16.05276147668064, 14.321821640298111, 43.84060884454864, 25.393141977598457, 9.747398516207197, 19.976460229865896, 6.966357215719517, 13.700798606712231, 20.514256038466968, 20.42691590902068, 4.774276137396443, 6.603217060244802, 31.81323493937803, 39.44701185571423, 20.93220210047272, 28.44436594241369, 23.439823855033264, 31.084737609907748, 24.02481360152193, 26.480940668158752, 27.86232506744677, 22.325638463908742, 40.68415332216737, 27.504547369640633, 15.960541077388674, 37.18697310163156, 28.89145575944501, 11.808127807372454, 29.845666776433287, 39.66010693726006, 0.0, 18.39288209722102, 18.39288209722102, 18.39288209722102, 18.39288209722102, 18.39288209722102, 18.39288209722102, 18.39288209722102, 18.39288209722102, 18.39288209722102, 18.39288209722102, 18.39288209722102, 18.39288209722102, 18.39288209722102, 18.39288209722102, 18.39288209722102], [32.02350944556888, 31.24352910930871, 39.346439315422145, 39.915141369399336, 31.17726512692345, 32.536863292642515, 46.94132989813948, 34.753602581114784, 32.054510528462444, 52.3971508534845, 46.28539379422827, 25.11262682229031, 30.858868942193716, 55.86754757307267, 18.39288209722102, 0.0, 0.0, 0.0, 0.0, 0.0, 0.0, 0.0, 0.0, 0.0, 0.0, 0.0, 0.0, 0.0, 0.0, 0.0, 35.69886956776089, 42.327416069309194, 41.62261354542089, 24.334739766018643, 33.964747215541806, 31.925655235517098, 60.0, 43.41255207833394, 19.494129432991617, 33.83551240176762, 11.62270979251524, 5.701677297064009, 21.00485755420909, 38.25529475989805, 23.14382923754522, 24.25722393119399, 48.23841519208276, 44.48548538413525, 7.0286308627333245, 38.9401791153273, 32.02350944556888, 31.24352910930871, 39.346439315422145, 39.915141369399336, 31.17726512692345, 32.536863292642515, 46.94132989813948, 34.753602581114784, 32.054510528462444, 52.3971508534845, 46.28539379422827, 25.11262682229031, 30.858868942193716, 55.86754757307267, 18.39288209722102, 0.0, 0.0, 0.0, 0.0, 0.0, 0.0, 0.0, 0.0, 0.0, 0.0, 0.0, 0.0, 0.0, 0.0, 0.0], [32.02350944556888, 31.24352910930871, 39.346439315422145, 39.915141369399336, 31.17726512692345, 32.536863292642515, 46.94132989813948, 34.753602581114784, 32.054510528462444, 52.3971508534845, 46.28539379422827, 25.11262682229031, 30.858868942193716, 55.86754757307267, 18.39288209722102, 0.0, 0.0, 0.0, 0.0, 0.0, 0.0, 0.0, 0.0, 0.0, 0.0, 0.0, 0.0, 0.0, 0.0, 0.0, 35.69886956776089, 42.327416069309194, 41.62261354542089, 24.334739766018643, 33.964747215541806, 31.925655235517098, 60.0, 43.41255207833394, 19.494129432991617, 33.83551240176762, 11.62270979251524, 5.701677297064009, 21.00485755420909, 38.25529475989805, 23.14382923754522, 24.25722393119399, 48.23841519208276, 44.48548538413525, 7.0286308627333245, 38.9401791153273, 32.02350944556888, 31.24352910930871, 39.346439315422145, 39.915141369399336, 31.17726512692345, 32.536863292642515, 46.94132989813948, 34.753602581114784, 32.054510528462444, 52.3971508534845, 46.28539379422827, 25.11262682229031, 30.858868942193716, 55.86754757307267, 18.39288209722102, 0.0, 0.0, 0.0, 0.0, 0.0, 0.0, 0.0, 0.0, 0.0, 0.0, 0.0, 0.0, 0.0, 0.0, 0.0], [32.02350944556888, 31.24352910930871, 39.346439315422145, 39.915141369399336, 31.17726512692345, 32.536863292642515, 46.94132989813948, 34.753602581114784, 32.054510528462444, 52.3971508534845, 46.28539379422827, 25.11262682229031, 30.858868942193716, 55.86754757307267, 18.39288209722102, 0.0, 0.0, 0.0, 0.0, 0.0, 0.0, 0.0, 0.0, 0.0, 0.0, 0.0, 0.0, 0.0, 0.0, 0.0, 35.69886956776089, 42.327416069309194, 41.62261354542089, 24.334739766018643, 33.964747215541806, 31.925655235517098, 60.0, 43.41255207833394, 19.494129432991617, 33.83551240176762, 11.62270979251524, 5.701677297064009, 21.00485755420909, 38.25529475989805, 23.14382923754522, 24.25722393119399, 48.23841519208276, 44.48548538413525, 7.0286308627333245, 38.9401791153273, 32.02350944556888, 31.24352910930871, 39.346439315422145, 39.915141369399336, 31.17726512692345, 32.536863292642515, 46.94132989813948, 34.753602581114784, 32.054510528462444, 52.3971508534845, 46.28539379422827, 25.11262682229031, 30.858868942193716, 55.86754757307267, 18.39288209722102, 0.0, 0.0, 0.0, 0.0, 0.0, 0.0, 0.0, 0.0, 0.0, 0.0, 0.0, 0.0, 0.0, 0.0, 0.0], [32.02350944556888, 31.24352910930871, 39.346439315422145, 39.915141369399336, 31.17726512692345, 32.536863292642515, 46.94132989813948, 34.753602581114784, 32.054510528462444, 52.3971508534845, 46.28539379422827, 25.11262682229031, 30.858868942193716, 55.86754757307267, 18.39288209722102, 0.0, 0.0, 0.0, 0.0, 0.0, 0.0, 0.0, 0.0, 0.0, 0.0, 0.0, 0.0, 0.0, 0.0, 0.0, 35.69886956776089, 42.327416069309194, 41.62261354542089, 24.334739766018643, 33.964747215541806, 31.925655235517098, 60.0, 43.41255207833394, 19.494129432991617, 33.83551240176762, 11.62270979251524, 5.701677297064009, 21.00485755420909, 38.25529475989805, 23.14382923754522, 24.25722393119399, 48.23841519208276, 44.48548538413525, 7.0286308627333245, 38.9401791153273, 32.02350944556888, 31.24352910930871, 39.346439315422145, 39.915141369399336, 31.17726512692345, 32.536863292642515, 46.94132989813948, 34.753602581114784, 32.054510528462444, 52.3971508534845, 46.28539379422827, 25.11262682229031, 30.858868942193716, 55.86754757307267, 18.39288209722102, 0.0, 0.0, 0.0, 0.0, 0.0, 0.0, 0.0, 0.0, 0.0, 0.0, 0.0, 0.0, 0.0, 0.0, 0.0], [32.02350944556888, 31.24352910930871, 39.346439315422145, 39.915141369399336, 31.17726512692345, 32.536863292642515, 46.94132989813948, 34.753602581114784, 32.054510528462444, 52.3971508534845, 46.28539379422827, 25.11262682229031, 30.858868942193716, 55.86754757307267, 18.39288209722102, 0.0, 0.0, 0.0, 0.0, 0.0, 0.0, 0.0, 0.0, 0.0, 0.0, 0.0, 0.0, 0.0, 0.0, 0.0, 35.69886956776089, 42.327416069309194, 41.62261354542089, 24.334739766018643, 33.964747215541806, 31.925655235517098, 60.0, 43.41255207833394, 19.494129432991617, 33.83551240176762, 11.62270979251524, 5.701677297064009, 21.00485755420909, 38.25529475989805, 23.14382923754522, 24.25722393119399, 48.23841519208276, 44.48548538413525, 7.0286308627333245, 38.9401791153273, 32.02350944556888, 31.24352910930871, 39.346439315422145, 39.915141369399336, 31.17726512692345, 32.536863292642515, 46.94132989813948, 34.753602581114784, 32.054510528462444, 52.3971508534845, 46.28539379422827, 25.11262682229031, 30.858868942193716, 55.86754757307267, 18.39288209722102, 0.0, 0.0, 0.0, 0.0, 0.0, 0.0, 0.0, 0.0, 0.0, 0.0, 0.0, 0.0, 0.0, 0.0, 0.0], [32.02350944556888, 31.24352910930871, 39.346439315422145, 39.915141369399336, 31.17726512692345, 32.536863292642515, 46.94132989813948, 34.753602581114784, 32.054510528462444, 52.3971508534845, 46.28539379422827, 25.11262682229031, 30.858868942193716, 55.86754757307267, 18.39288209722102, 0.0, 0.0, 0.0, 0.0, 0.0, 0.0, 0.0, 0.0, 0.0, 0.0, 0.0, 0.0, 0.0, 0.0, 0.0, 35.69886956776089, 42.327416069309194, 41.62261354542089, 24.334739766018643, 33.964747215541806, 31.925655235517098, 60.0, 43.41255207833394, 19.494129432991617, 33.83551240176762, 11.62270979251524, 5.701677297064009, 21.00485755420909, 38.25529475989805, 23.14382923754522, 24.25722393119399, 48.23841519208276, 44.48548538413525, 7.0286308627333245, 38.9401791153273, 32.02350944556888, 31.24352910930871, 39.346439315422145, 39.915141369399336, 31.17726512692345, 32.536863292642515, 46.94132989813948, 34.753602581114784, 32.054510528462444, 52.3971508534845, 46.28539379422827, 25.11262682229031, 30.858868942193716, 55.86754757307267, 18.39288209722102, 0.0, 0.0, 0.0, 0.0, 0.0, 0.0, 0.0, 0.0, 0.0, 0.0, 0.0, 0.0, 0.0, 0.0, 0.0], [32.02350944556888, 31.24352910930871, 39.346439315422145, 39.915141369399336, 31.17726512692345, 32.536863292642515, 46.94132989813948, 34.753602581114784, 32.054510528462444, 52.3971508534845, 46.28539379422827, 25.11262682229031, 30.858868942193716, 55.86754757307267, 18.39288209722102, 0.0, 0.0, 0.0, 0.0, 0.0, 0.0, 0.0, 0.0, 0.0, 0.0, 0.0, 0.0, 0.0, 0.0, 0.0, 35.69886956776089, 42.327416069309194, 41.62261354542089, 24.334739766018643, 33.964747215541806, 31.925655235517098, 60.0, 43.41255207833394, 19.494129432991617, 33.83551240176762, 11.62270979251524, 5.701677297064009, 21.00485755420909, 38.25529475989805, 23.14382923754522, 24.25722393119399, 48.23841519208276, 44.48548538413525, 7.0286308627333245, 38.9401791153273, 32.02350944556888, 31.24352910930871, 39.346439315422145, 39.915141369399336, 31.17726512692345, 32.536863292642515, 46.94132989813948, 34.753602581114784, 32.054510528462444, 52.3971508534845, 46.28539379422827, 25.11262682229031, 30.858868942193716, 55.86754757307267, 18.39288209722102, 0.0, 0.0, 0.0, 0.0, 0.0, 0.0, 0.0, 0.0, 0.0, 0.0, 0.0, 0.0, 0.0, 0.0, 0.0], [32.02350944556888, 31.24352910930871, 39.346439315422145, 39.915141369399336, 31.17726512692345, 32.536863292642515, 46.94132989813948, 34.753602581114784, 32.054510528462444, 52.3971508534845, 46.28539379422827, 25.11262682229031, 30.858868942193716, 55.86754757307267, 18.39288209722102, 0.0, 0.0, 0.0, 0.0, 0.0, 0.0, 0.0, 0.0, 0.0, 0.0, 0.0, 0.0, 0.0, 0.0, 0.0, 35.69886956776089, 42.327416069309194, 41.62261354542089, 24.334739766018643, 33.964747215541806, 31.925655235517098, 60.0, 43.41255207833394, 19.494129432991617, 33.83551240176762, 11.62270979251524, 5.701677297064009, 21.00485755420909, 38.25529475989805, 23.14382923754522, 24.25722393119399, 48.23841519208276, 44.48548538413525, 7.0286308627333245, 38.9401791153273, 32.02350944556888, 31.24352910930871, 39.346439315422145, 39.915141369399336, 31.17726512692345, 32.536863292642515, 46.94132989813948, 34.753602581114784, 32.054510528462444, 52.3971508534845, 46.28539379422827, 25.11262682229031, 30.858868942193716, 55.86754757307267, 18.39288209722102, 0.0, 0.0, 0.0, 0.0, 0.0, 0.0, 0.0, 0.0, 0.0, 0.0, 0.0, 0.0, 0.0, 0.0, 0.0], [32.02350944556888, 31.24352910930871, 39.346439315422145, 39.915141369399336, 31.17726512692345, 32.536863292642515, 46.94132989813948, 34.753602581114784, 32.054510528462444, 52.3971508534845, 46.28539379422827, 25.11262682229031, 30.858868942193716, 55.86754757307267, 18.39288209722102, 0.0, 0.0, 0.0, 0.0, 0.0, 0.0, 0.0, 0.0, 0.0, 0.0, 0.0, 0.0, 0.0, 0.0, 0.0, 35.69886956776089, 42.327416069309194, 41.62261354542089, 24.334739766018643, 33.964747215541806, 31.925655235517098, 60.0, 43.41255207833394, 19.494129432991617, 33.83551240176762, 11.62270979251524, 5.701677297064009, 21.00485755420909, 38.25529475989805, 23.14382923754522, 24.25722393119399, 48.23841519208276, 44.48548538413525, 7.0286308627333245, 38.9401791153273, 32.02350944556888, 31.24352910930871, 39.346439315422145, 39.915141369399336, 31.17726512692345, 32.536863292642515, 46.94132989813948, 34.753602581114784, 32.054510528462444, 52.3971508534845, 46.28539379422827, 25.11262682229031, 30.858868942193716, 55.86754757307267, 18.39288209722102, 0.0, 0.0, 0.0, 0.0, 0.0, 0.0, 0.0, 0.0, 0.0, 0.0, 0.0, 0.0, 0.0, 0.0, 0.0], [32.02350944556888, 31.24352910930871, 39.346439315422145, 39.915141369399336, 31.17726512692345, 32.536863292642515, 46.94132989813948, 34.753602581114784, 32.054510528462444, 52.3971508534845, 46.28539379422827, 25.11262682229031, 30.858868942193716, 55.86754757307267, 18.39288209722102, 0.0, 0.0, 0.0, 0.0, 0.0, 0.0, 0.0, 0.0, 0.0, 0.0, 0.0, 0.0, 0.0, 0.0, 0.0, 35.69886956776089, 42.327416069309194, 41.62261354542089, 24.334739766018643, 33.964747215541806, 31.925655235517098, 60.0, 43.41255207833394, 19.494129432991617, 33.83551240176762, 11.62270979251524, 5.701677297064009, 21.00485755420909, 38.25529475989805, 23.14382923754522, 24.25722393119399, 48.23841519208276, 44.48548538413525, 7.0286308627333245, 38.9401791153273, 32.02350944556888, 31.24352910930871, 39.346439315422145, 39.915141369399336, 31.17726512692345, 32.536863292642515, 46.94132989813948, 34.753602581114784, 32.054510528462444, 52.3971508534845, 46.28539379422827, 25.11262682229031, 30.858868942193716, 55.86754757307267, 18.39288209722102, 0.0, 0.0, 0.0, 0.0, 0.0, 0.0, 0.0, 0.0, 0.0, 0.0, 0.0, 0.0, 0.0, 0.0, 0.0], [32.02350944556888, 31.24352910930871, 39.346439315422145, 39.915141369399336, 31.17726512692345, 32.536863292642515, 46.94132989813948, 34.753602581114784, 32.054510528462444, 52.3971508534845, 46.28539379422827, 25.11262682229031, 30.858868942193716, 55.86754757307267, 18.39288209722102, 0.0, 0.0, 0.0, 0.0, 0.0, 0.0, 0.0, 0.0, 0.0, 0.0, 0.0, 0.0, 0.0, 0.0, 0.0, 35.69886956776089, 42.327416069309194, 41.62261354542089, 24.334739766018643, 33.964747215541806, 31.925655235517098, 60.0, 43.41255207833394, 19.494129432991617, 33.83551240176762, 11.62270979251524, 5.701677297064009, 21.00485755420909, 38.25529475989805, 23.14382923754522, 24.25722393119399, 48.23841519208276, 44.48548538413525, 7.0286308627333245, 38.9401791153273, 32.02350944556888, 31.24352910930871, 39.346439315422145, 39.915141369399336, 31.17726512692345, 32.536863292642515, 46.94132989813948, 34.753602581114784, 32.054510528462444, 52.3971508534845, 46.28539379422827, 25.11262682229031, 30.858868942193716, 55.86754757307267, 18.39288209722102, 0.0, 0.0, 0.0, 0.0, 0.0, 0.0, 0.0, 0.0, 0.0, 0.0, 0.0, 0.0, 0.0, 0.0, 0.0], [32.02350944556888, 31.24352910930871, 39.346439315422145, 39.915141369399336, 31.17726512692345, 32.536863292642515, 46.94132989813948, 34.753602581114784, 32.054510528462444, 52.3971508534845, 46.28539379422827, 25.11262682229031, 30.858868942193716, 55.86754757307267, 18.39288209722102, 0.0, 0.0, 0.0, 0.0, 0.0, 0.0, 0.0, 0.0, 0.0, 0.0, 0.0, 0.0, 0.0, 0.0, 0.0, 35.69886956776089, 42.327416069309194, 41.62261354542089, 24.334739766018643, 33.964747215541806, 31.925655235517098, 60.0, 43.41255207833394, 19.494129432991617, 33.83551240176762, 11.62270979251524, 5.701677297064009, 21.00485755420909, 38.25529475989805, 23.14382923754522, 24.25722393119399, 48.23841519208276, 44.48548538413525, 7.0286308627333245, 38.9401791153273, 32.02350944556888, 31.24352910930871, 39.346439315422145, 39.915141369399336, 31.17726512692345, 32.536863292642515, 46.94132989813948, 34.753602581114784, 32.054510528462444, 52.3971508534845, 46.28539379422827, 25.11262682229031, 30.858868942193716, 55.86754757307267, 18.39288209722102, 0.0, 0.0, 0.0, 0.0, 0.0, 0.0, 0.0, 0.0, 0.0, 0.0, 0.0, 0.0, 0.0, 0.0, 0.0], [32.02350944556888, 31.24352910930871, 39.346439315422145, 39.915141369399336, 31.17726512692345, 32.536863292642515, 46.94132989813948, 34.753602581114784, 32.054510528462444, 52.3971508534845, 46.285393794228