{"num_workers": 15, "num_roles": 3, "num_nodes": 40, "w": [[90, 90], [270, 270], [30, 30], [90, 90], [270, 270], [90, 90], [150, 150], [390, 390], [0, 0], [0, 0], [0, 0], [0, 0], [0, 0], [0, 0], [0, 0], [270, 390], [120, 450], [270, 360], [120, 420], [210, 390], [300, 360], [120, 240], [120, 240], [270, 360], [120, 420], [210, 210], [360, 360], [330, 330], [330, 330], [450, 450], [330, 330], [450, 450], [420, 420], [480, 480], [480, 480], [480, 480], [480, 480], [480, 480], [480, 480], [480, 480]], "p": [0, 0, 0, 0, 0, 0, 0, 0, 0, 0, 0, 0, 0, 0, 0, 17.27735576128496, 33.73456206721248, 56.23901957745842, 62.888864578072585, 31.373962924713823, 61.753688160721374, 40.100379100585386, 20.050189550292693, 28.11950978872921, 31.444432289036293, 0, 0, 0, 0, 0, 0, 0, 0, 0, 0, 0, 0, 0, 0, 0], "e": [[0, 1, 1], [1, 1, 0], [1, 1, 0], [1, 0, 1], [1, 1, 0], [1, 1, 0], [1, 1, 0], [0, 1, 0], [0, 1, 1], [0, 1, 1], [0, 1, 0], [0, 0, 1], [0, 1, 0], [0, 0, 1], [0, 1, 0]], "d": [[1, 2, 1, 1, 2, 0, 0, 0, 2, 2], [1, 0, 1, 1, 0, 0, 0, 0, 2, 2], [1, 1, 0, 0, 1, 2, 2, 4, 0, 0]], "r": [4453, 4478, 4875, 4244, 1203, 4681, 2754, 2754, 4875, 4244], "g": [[0, 0, 0, 0, 0, 0, 0, 0, 0, 0], [0, 0, 0, 0, 0, 0, 0, 0, 0, 0], [0, 0, 0, 0, 0, 0, 0, 0, 1, 0], [0, 0, 0, 0, 0, 0, 0, 0, 0, 1], [0, 0, 0, 0, 0, 0, 0, 0, 0, 0], [0, 0, 0, 0, 0, 0, 0, 0, 0, 0], [0, 0, 0, 0, 0, 0, 0, 1, 0, 0], [0, 0, 0, 0, 0, 0, 1, 0, 0, 0], [0, 0, 1, 0, 0, 0, 0, 0, 0, 0], [0, 0, 0, 1, 0, 0, 0, 0, 0, 0]], "t": [[0.0, 5.583636795208217, 13.66322754307303, 24.47395351554114, 16.422002272235904, 26.202247309710337, 18.0037113043863, 18.10523778982636, 5.771261936984827, 5.771261936984827, 5.771261936984827, 5.771261936984827, 5.771261936984827, 5.771261936984827, 5.771261936984827, 22.57608306622588, 16.025959879842382, 3.9184149727282778, 15.594191911231661, 14.327759482725202, 23.273519260161596, 21.442711487612637, 21.442711487612637, 3.9184149727282778, 15.594191911231661, 0.0, 5.583636795208217, 13.66322754307303, 24.47395351554114, 16.422002272235904, 26.202247309710337, 18.0037113043863, 18.10523778982636, 5.771261936984827, 5.771261936984827, 5.771261936984827, 5.771261936984827, 5.771261936984827, 5.771261936984827, 5.771261936984827], [5.583636795208217, 0.0, 10.264756944612433, 25.56308809114434, 13.879750806557563, 27.135421106521434, 21.300281624237265, 16.199363095665365, 11.318436005369998, 11.318436005369998, 11.318436005369998, 11.318436005369998, 11.318436005369998, 11.318436005369998, 11.318436005369998, 24.28101959194778, 19.413242421647972, 9.419241816059632, 12.151324703092206, 13.737530252920198, 27.908422400494935, 20.31584604507853, 20.31584604507853, 9.419241816059632, 12.151324703092206, 5.583636795208217, 0.0, 10.264756944612433, 25.56308809114434, 13.879750806557563, 27.135421106521434, 21.300281624237265, 16.199363095665365, 11.318436005369998, 11.318436005369998, 11.318436005369998, 11.318436005369998, 11.318436005369998, 11.318436005369998, 11.318436005369998], [13.66322754307303, 10.264756944612433, 0.0, 19.43085428576118, 4.0459668225168235, 20.59229883560816, 19.96192314065375, 6.827388059923234, 17.825954445491117, 17.825954445491117, 17.825954445491117, 17.825954445491117, 17.825954445491117, 17.825954445491117, 17.825954445491117, 19.373064978738658, 18.62881224103855, 16.092608602969918, 1.94218023865719, 7.305870948414043, 28.951686039431557, 11.453944988530134, 11.453944988530134, 16.092608602969918, 1.94218023865719, 13.66322754307303, 10.264756944612433, 0.0, 19.43085428576118, 4.0459668225168235, 20.59229883560816, 19.96192314065375, 6.827388059923234, 17.825954445491117, 17.825954445491117, 17.825954445491117, 17.825954445491117, 17.825954445491117, 17.825954445491117, 17.825954445491117], [24.47395351554114, 25.56308809114434, 19.43085428576118, 0.0, 16.202587695587543, 1.8145691198467626, 10.98210754934145, 13.67852576244623, 23.739204524164315, 23.739204524164315, 23.739204524164315, 23.739204524164315, 23.739204524164315, 23.739204524164315, 23.739204524164315, 3.1875802045035257, 12.00647842687546, 23.406601136366888, 19.1778829678221, 12.457495112761626, 19.28122916788397, 9.983053071838766, 9.983053071838766, 23.406601136366888, 19.1778829678221, 24.47395351554114, 25.56308809114434, 19.43085428576118, 0.0, 16.202587695587543, 1.8145691198467626, 10.98210754934145, 13.67852576244623, 23.739204524164315, 23.739204524164315, 23.739204524164315, 23.739204524164315, 23.739204524164315, 23.739204524164315, 23.739204524164315], [16.422002272235904, 13.879750806557563, 4.0459668225168235, 16.202587695587543, 0.0, 17.1790145100513, 18.661243983474606, 2.8469820583419554, 19.722308282828017, 19.722308282828017, 19.722308282828017, 19.722308282828017, 19.722308282828017, 19.722308282828017, 19.722308282828017, 16.62928275417397, 17.65980199427538, 18.185178066780114, 3.048855330779443, 5.430913826730231, 28.156238675768773, 7.504232319162437, 7.504232319162437, 18.185178066780114, 3.048855330779443, 16.422002272235904, 13.879750806557563, 4.0459668225168235, 16.202587695587543, 0.0, 17.1790145100513, 18.661243983474606, 2.8469820583419554, 19.722308282828017, 19.722308282828017, 19.722308282828017, 19.722308282828017, 19.722308282828017, 19.722308282828017, 19.722308282828017], [26.202247309710337, 27.135421106521434, 20.59229883560816, 1.8145691198467626, 17.1790145100513, 0.0, 12.658374601214653, 14.53380975490293, 25.548017296297097, 25.548017296297097, 25.548017296297097, 25.548017296297097, 25.548017296297097, 25.548017296297097, 25.548017296297097, 4.822975985753845, 13.761474924427116, 25.198833222044204, 20.199511188712833, 13.81645087309111, 20.613024530614506, 10.478362091724554, 10.478362091724554, 25.198833222044204, 20.199511188712833, 26.202247309710337, 27.135421106521434, 20.59229883560816, 1.8145691198467626, 17.1790145100513, 0.0, 12.658374601214653, 14.53380975490293, 25.548017296297097, 25.548017296297097, 25.548017296297097, 25.548017296297097, 25.548017296297097, 25.548017296297097, 25.548017296297097], [18.0037113043863, 21.300281624237265, 19.96192314065375, 10.98210754934145, 18.661243983474606, 12.658374601214653, 0.0, 17.45836260698857, 15.103452012705713, 15.103452012705713, 15.103452012705713, 15.103452012705713, 15.103452012705713, 15.103452012705713, 15.103452012705713, 7.835561045267111, 1.9826956271350493, 15.500997716096332, 20.767871732872038, 13.241673961599034, 9.758578097821596, 16.46203489267392, 16.46203489267392, 15.500997716096332, 20.767871732872038, 18.0037113043863, 21.300281624237265, 19.96192314065375, 10.98210754934145, 18.661243983474606, 12.658374601214653, 0.0, 17.45836260698857, 15.103452012705713, 15.103452012705713, 15.103452012705713, 15.103452012705713, 15.103452012705713, 15.103452012705713, 15.103452012705713], [18.10523778982636, 16.199363095665365, 6.827388059923234, 13.67852576244623, 2.8469820583419554, 14.53380975490293, 17.45836260698857, 0.0, 20.74401236989452, 20.74401236989452, 20.74401236989452, 20.74401236989452, 20.74401236989452, 20.74401236989452, 20.74401236989452, 14.429151122254147, 16.72373187878656, 19.37594364940533, 5.866785249114006, 4.908201192768656, 27.15201578559279, 4.657456618323178, 4.657456618323178, 19.37594364940533, 5.866785249114006, 18.10523778982636, 16.199363095665365, 6.827388059923234, 13.67852576244623, 2.8469820583419554, 14.53380975490293, 17.45836260698857, 0.0, 20.74401236989452, 20.74401236989452, 20.74401236989452, 20.74401236989452, 20.74401236989452, 20.74401236989452, 20.74401236989452], [5.771261936984827, 11.318436005369998, 17.825954445491117, 23.739204524164315, 19.722308282828017, 25.548017296297097, 15.103452012705713, 20.74401236989452, 0.0, 0.0, 0.0, 0.0, 0.0, 0.0, 0.0, 21.271202649089023, 13.184460353662613, 1.9227334820935784, 19.648146337970072, 16.189631084874154, 18.400669980138147, 23.14248891888622, 23.14248891888622, 1.9227334820935784, 19.648146337970072, 5.771261936984827, 11.318436005369998, 17.825954445491117, 23.739204524164315, 19.722308282828017, 25.548017296297097, 15.103452012705713, 20.74401236989452, 0.0, 0.0, 0.0, 0.0, 0.0, 0.0, 0.0], [5.771261936984827, 11.318436005369998, 17.825954445491117, 23.739204524164315, 19.722308282828017, 25.548017296297097, 15.103452012705713, 20.74401236989452, 0.0, 0.0, 0.0, 0.0, 0.0, 0.0, 0.0, 21.271202649089023, 13.184460353662613, 1.9227334820935784, 19.648146337970072, 16.189631084874154, 18.400669980138147, 23.14248891888622, 23.14248891888622, 1.9227334820935784, 19.648146337970072, 5.771261936984827, 11.318436005369998, 17.825954445491117, 23.739204524164315, 19.722308282828017, 25.548017296297097, 15.103452012705713, 20.74401236989452, 0.0, 0.0, 0.0, 0.0, 0.0, 0.0, 0.0], [5.771261936984827, 11.318436005369998, 17.825954445491117, 23.739204524164315, 19.722308282828017, 25.548017296297097, 15.103452012705713, 20.74401236989452, 0.0, 0.0, 0.0, 0.0, 0.0, 0.0, 0.0, 21.271202649089023, 13.184460353662613, 1.9227334820935784, 19.648146337970072, 16.189631084874154, 18.400669980138147, 23.14248891888622, 23.14248891888622, 1.9227334820935784, 19.648146337970072, 5.771261936984827, 11.318436005369998, 17.825954445491117, 23.739204524164315, 19.722308282828017, 25.548017296297097, 15.103452012705713, 20.74401236989452, 0.0, 0.0, 0.0, 0.0, 0.0, 0.0, 0.0], [5.771261936984827, 11.318436005369998, 17.825954445491117, 23.739204524164315, 19.722308282828017, 25.548017296297097, 15.103452012705713, 20.74401236989452, 0.0, 0.0, 0.0, 0.0, 0.0, 0.0, 0.0, 21.271202649089023, 13.184460353662613, 1.9227334820935784, 19.648146337970072, 16.189631084874154, 18.400669980138147, 23.14248891888622, 23.14248891888622, 1.9227334820935784, 19.648146337970072, 5.771261936984827, 11.318436005369998, 17.825954445491117, 23.739204524164315, 19.722308282828017, 25.548017296297097, 15.103452012705713, 20.74401236989452, 0.0, 0.0, 0.0, 0.0, 0.0, 0.0, 0.0], [5.771261936984827, 11.318436005369998, 17.825954445491117, 23.739204524164315, 19.722308282828017, 25.548017296297097, 15.103452012705713, 20.74401236989452, 0.0, 0.0, 0.0, 0.0, 0.0, 0.0, 0.0, 21.271202649089023, 13.184460353662613, 1.9227334820935784, 19.648146337970072, 16.189631084874154, 18.400669980138147, 23.14248891888622, 23.14248891888622, 1.9227334820935784, 19.648146337970072, 5.771261936984827, 11.318436005369998, 17.825954445491117, 23.739204524164315, 19.722308282828017, 25.548017296297097, 15.103452012705713, 20.74401236989452, 0.0, 0.0, 0.0, 0.0, 0.0, 0.0, 0.0], [5.771261936984827, 11.318436005369998, 17.825954445491117, 23.739204524164315, 19.722308282828017, 25.548017296297097, 15.103452012705713, 20.74401236989452, 0.0, 0.0, 0.0, 0.0, 0.0, 0.0, 0.0, 21.271202649089023, 13.184460353662613, 1.9227334820935784, 19.648146337970072, 16.189631084874154, 18.400669980138147, 23.14248891888622, 23.14248891888622, 1.9227334820935784, 19.648146337970072, 5.771261936984827, 11.318436005369998, 17.825954445491117, 23.739204524164315, 19.722308282828017, 25.548017296297097, 15.103452012705713, 20.74401236989452, 0.0, 0.0, 0.0, 0.0, 0.0, 0.0, 0.0], [5.771261936984827, 11.318436005369998, 17.825954445491117, 23.739204524164315, 19.722308282828017, 25.548017296297097, 15.103452012705713, 20.74401236989452, 0.0, 0.0, 0.0, 0.0, 0.0, 0.0, 0.0, 21.271202649089023, 13.184460353662613, 1.9227334820935784, 19.648146337970072, 16.189631084874154, 18.400669980138147, 23.14248891888622, 23.14248891888622, 1.9227334820935784, 19.648146337970072, 5.771261936984827, 11.318436005369998, 17.825954445491117, 23.739204524164315, 19.722308282828017, 25.548017296297097, 15.103452012705713, 20.74401236989452, 0.0, 0.0, 0.0, 0.0, 0.0, 0.0, 0.0], [22.57608306622588, 24.28101959194778, 19.373064978738658, 3.1875802045035257, 16.62928275417397, 4.822975985753845, 7.835561045267111, 14.429151122254147, 21.271202649089023, 21.271202649089023, 21.271202649089023, 21.271202649089023, 21.271202649089023, 21.271202649089023, 21.271202649089023, 0.0, 8.990377402933078, 21.11957488035889, 19.43941337678208, 12.101081179773306, 16.184760024657116, 11.522733067047405, 11.522733067047405, 21.11957488035889, 19.43941337678208, 22.57608306622588, 24.28101959194778, 19.373064978738658, 3.1875802045035257, 16.62928275417397, 4.822975985753845, 7.835561045267111, 14.429151122254147, 21.271202649089023, 21.271202649089023, 21.271202649089023, 21.271202649089023, 21.271202649089023, 21.271202649089023, 21.271202649089023], [16.025959879842382, 19.413242421647972, 18.62881224103855, 12.00647842687546, 17.65980199427538, 13.761474924427116, 1.9826956271350493, 16.72373187878656, 13.184460353662613, 13.184460353662613, 13.184460353662613, 13.184460353662613, 13.184460353662613, 13.184460353662613, 13.184460353662613, 8.990377402933078, 0.0, 13.533074436856532, 19.568907138553037, 12.235115158026144, 10.496819597385727, 16.256992189489125, 16.256992189489125, 13.533074436856532, 19.568907138553037, 16.025959879842382, 19.413242421647972, 18.62881224103855, 12.00647842687546, 17.65980199427538, 13.761474924427116, 1.9826956271350493, 16.72373187878656, 13.184460353662613, 13.184460353662613, 13.184460353662613, 13.184460353662613, 13.184460353662613, 13.184460353662613, 13.184460353662613], [3.9184149727282778, 9.419241816059632, 16.092608602969918, 23.406601136366888, 18.185178066780114, 25.198833222044204, 15.500997716096332, 19.37594364940533, 1.9227334820935784, 1.9227334820935784, 1.9227334820935784, 1.9227334820935784, 1.9227334820935784, 1.9227334820935784, 1.9227334820935784, 21.11957488035889, 13.533074436856532, 0.0, 17.94516372654788, 14.984025954423931, 19.700500751635698, 22.0444886920714, 22.0444886920714, 0.0, 17.94516372654788, 3.9184149727282778, 9.419241816059632, 16.092608602969918, 23.406601136366888, 18.185178066780114, 25.198833222044204, 15.500997716096332, 19.37594364940533, 1.9227334820935784, 1.9227334820935784, 1.9227334820935784, 1.9227334820935784, 1.9227334820935784, 1.9227334820935784, 1.9227334820935784], [15.594191911231661, 12.151324703092206, 1.94218023865719, 19.1778829678221, 3.048855330779443, 20.199511188712833, 20.767871732872038, 5.866785249114006, 19.648146337970072, 19.648146337970072, 19.648146337970072, 19.648146337970072, 19.648146337970072, 19.648146337970072, 19.648146337970072, 19.43941337678208, 19.568907138553037, 17.94516372654788, 0.0, 7.671677241825478, 30.0, 10.506150484753737, 10.506150484753737, 17.94516372654788, 0.0, 15.594191911231661, 12.151324703092206, 1.94218023865719, 19.1778829678221, 3.048855330779443, 20.199511188712833, 20.767871732872038, 5.866785249114006, 19.648146337970072, 19.648146337970072, 19.648146337970072, 19.648146337970072, 19.648146337970072, 19.648146337970072, 19.648146337970072], [14.327759482725202, 13.737530252920198, 7.305870948414043, 12.457495112761626, 5.430913826730231, 13.81645087309111, 13.241673961599034, 4.908201192768656, 16.189631084874154, 16.189631084874154, 16.189631084874154, 16.189631084874154, 16.189631084874154, 16.189631084874154, 16.189631084874154, 12.101081179773306, 12.235115158026144, 14.984025954423931, 7.671677241825478, 0.0, 22.731800167719758, 7.134128187982008, 7.134128187982008, 14.984025954423931, 7.671677241825478, 14.327759482725202, 13.737530252920198, 7.305870948414043, 12.457495112761626, 5.430913826730231, 13.81645087309111, 13.241673961599034, 4.908201192768656, 16.189631084874154, 16.189631084874154, 16.189631084874154, 16.189631084874154, 16.189631084874154, 16.189631084874154, 16.189631084874154], [23.273519260161596, 27.908422400494935, 28.951686039431557, 19.28122916788397, 28.156238675768773, 20.613024530614506, 9.758578097821596, 27.15201578559279, 18.400669980138147, 18.400669980138147, 18.400669980138147, 18.400669980138147, 18.400669980138147, 18.400669980138147, 18.400669980138147, 16.184760024657116, 10.496819597385727, 19.700500751635698, 30.0, 22.731800167719758, 0.0, 26.172678191119314, 26.172678191119314, 19.700500751635698, 30.0, 23.273519260161596, 27.908422400494935, 28.951686039431557, 19.28122916788397, 28.156238675768773, 20.613024530614506, 9.758578097821596, 27.15201578559279, 18.400669980138147, 18.400669980138147, 18.400669980138147, 18.400669980138147, 18.400669980138147, 18.400669980138147, 18.400669980138147], [21.442711487612637, 20.31584604507853, 11.453944988530134, 9.983053071838766, 7.504232319162437, 10.478362091724554, 16.46203489267392, 4.657456618323178, 23.14248891888622, 23.14248891888622, 23.14248891888622, 23.14248891888622, 23.14248891888622, 23.14248891888622, 23.14248891888622, 11.522733067047405, 16.256992189489125, 22.0444886920714, 10.506150484753737, 7.134128187982008, 26.172678191119314, 0.0, 0.0, 22.0444886920714, 10.506150484753737, 21.442711487612637, 20.31584604507853, 11.453944988530134, 9.983053071838766, 7.504232319162437, 10.478362091724554, 16.46203489267392, 4.657456618323178, 23.14248891888622, 23.14248891888622, 23.14248891888622, 23.14248891888622, 23.14248891888622, 23.14248891888622, 23.14248891888622], [21.442711487612637, 20.31584604507853, 11.453944988530134, 9.983053071838766, 7.504232319162437, 10.478362091724554, 16.46203489267392, 4.657456618323178, 23.14248891888622, 23.14248891888622, 23.14248891888622, 23.14248891888622, 23.14248891888622, 23.14248891888622, 23.14248891888622, 11.522733067047405, 16.256992189489125, 22.0444886920714, 10.506150484753737, 7.134128187982008, 26.172678191119314, 0.0, 0.0, 22.0444886920714, 10.506150484753737, 21.442711487612637, 20.31584604507853, 11.453944988530134, 9.983053071838766, 7.504232319162437, 10.478362091724554, 16.46203489267392, 4.657456618323178, 23.14248891888622, 23.14248891888622, 23.14248891888622, 23.14248891888622, 23.14248891888622, 23.14248891888622, 23.14248891888622], [3.9184149727282778, 9.419241816059632, 16.092608602969918, 23.406601136366888, 18.185178066780114, 25.198833222044204, 15.500997716096332, 19.37594364940533, 1.9227334820935784, 1.9227334820935784, 1.9227334820935784, 1.9227334820935784, 1.9227334820935784, 1.9227334820935784, 1.9227334820935784, 21.11957488035889, 13.533074436856532, 0.0, 17.94516372654788, 14.984025954423931, 19.700500751635698, 22.0444886920714, 22.0444886920714, 0.0, 17.94516372654788, 3.9184149727282778, 9.419241816059632, 16.092608602969918, 23.406601136366888, 18.185178066780114, 25.198833222044204, 15.500997716096332, 19.37594364940533, 1.9227334820935784, 1.9227334820935784, 1.9227334820935784, 1.9227334820935784, 1.9227334820935784, 1.9227334820935784, 1.9227334820935784], [15.594191911231661, 12.151324703092206, 1.94218023865719, 19.1778829678221, 3.048855330779443, 20.199511188712833, 20.767871732872038, 5.866785249114006, 19.648146337970072, 19.648146337970072, 19.648146337970072, 19.648146337970072, 19.648146337970072, 19.648146337970072, 19.648146337970072, 19.43941337678208, 19.568907138553037, 17.94516372654788, 0.0, 7.671677241825478, 30.0, 10.506150484753737, 10.506150484753737, 17.94516372654788, 0.0, 15.594191911231661, 12.151324703092206, 1.94218023865719, 19.1778829678221, 3.048855330779443, 20.199511188712833, 20.767871732872038, 5.866785249114006, 19.648146337970072, 19.648146337970072, 19.648146337970072, 19.648146337970072, 19.648146337970072, 19.648146337970072, 19.648146337970072], [0.0, 5.583636795208217, 13.66322754307303, 24.47395351554114, 16.422002272235904, 26.202247309710337, 18.0037113043863, 18.10523778982636, 5.771261936984827, 5.771261936984827, 5.771261936984827, 5.771261936984827, 5.771261936984827, 5.771261936984827, 5.771261936984827, 22.57608306622588, 16.025959879842382, 3.9184149727282778, 15.594191911231661, 14.327759482725202, 23.273519260161596, 21.442711487612637, 21.442711487612637, 3.9184149727282778, 15.594191911231661, 0.0, 5.583636795208217, 13.66322754307303, 24.47395351554114, 16.422002272235904, 26.202247309710337, 18.0037113043863, 18.10523778982636, 5.771261936984827, 5.771261936984827, 5.771261936984827, 5.771261936984827, 5.771261936984827, 5.771261936984827, 5.771261936984827], [5.583636795208217, 0.0, 10.264756944612433, 25.56308809114434, 13.879750806557563, 27.135421106521434, 21.300281624237265, 16.199363095665365, 11.318436005369998, 11.318436005369998, 11.318436005369998, 11.318436005369998, 11.318436005369998, 11.318436005369998, 11.318436005369998, 24.28101959194778, 19.413242421647972, 9.419241816059632, 12.151324703092206, 13.737530252920198, 27.908422400494935, 20.31584604507853, 20.31584604507853, 9.419241816059632, 12.151324703092206, 5.583636795208217, 0.0, 10.264756944612433, 25.56308809114434, 13.879750806557563, 27.135421106521434, 21.300281624237265, 16.199363095665365, 11.318436005369998, 11.318436005369998, 11.318436005369998, 11.318436005369998, 11.318436005369998, 11.318436005369998, 11.318436005369998], [13.66322754307303, 10.264756944612433, 0.0, 19.43085428576118, 4.0459668225168235, 20.59229883560816, 19.96192314065375, 6.827388059923234, 17.825954445491117, 17.825954445491117, 17.825954445491117, 17.825954445491117, 17.825954445491117, 17.825954445491117, 17.825954445491117, 19.373064978738658, 18.62881224103855, 16.092608602969918, 1.94218023865719, 7.305870948414043, 28.951686039431557, 11.453944988530134, 11.453944988530134, 16.092608602969918, 1.94218023865719, 13.66322754307303, 10.264756944612433, 0.0, 19.43085428576118, 4.0459668225168235, 20.59229883560816, 19.96192314065375, 6.827388059923234, 17.825954445491117, 17.825954445491117, 17.825954445491117, 17.825954445491117, 17.825954445491117, 17.825954445491117, 17.825954445491117], [24.47395351554114, 25.56308809114434, 19.43085428576118, 0.0, 16.202587695587543, 1.8145691198467626, 10.98210754934145, 13.67852576244623, 23.739204524164315, 23.739204524164315, 23.739204524164315, 23.739204524164315, 23.739204524164315, 23.739204524164315, 23.739204524164315, 3.1875802045035257, 12.00647842687546, 23.406601136366888, 19.1778829678221, 12.457495112761626, 19.28122916788397, 9.983053071838766, 9.983053071838766, 23.406601136366888, 19.1778829678221, 24.47395351554114, 25.56308809114434, 19.43085428576118, 0.0, 16.202587695587543, 1.8145691198467626, 10.98210754934145, 13.67852576244623, 23.739204524164315, 23.739204524164315, 23.739204524164315, 23.739204524164315, 23.739204524164315, 23.739204524164315, 23.739204524164315], [16.422002272235904, 13.879750806557563, 4.0459668225168235, 16.202587695587543, 0.0, 17.1790145100513, 18.661243983474606, 2.8469820583419554, 19.722308282828017, 19.722308282828017, 19.722308282828017, 19.722308282828017, 19.722308282828017, 19.722308282828017, 19.722308282828017, 16.62928275417397, 17.65980199427538, 18.185178066780114, 3.048855330779443, 5.430913826730231, 28.156238675768773, 7.504232319162437, 7.504232319162437, 18.185178066780114, 3.048855330779443, 16.422002272235904, 13.879750806557563, 4.0459668225168235, 16.202587695587543, 0.0, 17.1790145100513, 18.661243983474606, 2.8469820583419554, 19.722308282828017, 19.722308282828017, 19.722308282828017, 19.722308282828017, 19.722308282828017, 19.722308282828017, 19.722308282828017], [26.202247309710337, 27.135421106521434, 20.59229883560816, 1.8145691198467626, 17.1790145100513, 0.0, 12.658374601214653, 14.53380975490293, 25.548017296297097, 25.548017296297097, 25.548017296297097, 25.548017296297097, 25.548017296297097, 25.548017296297097, 25.548017296297097, 4.822975985753845, 13.761474924427116, 25.198833222044204, 20.199511188712833, 13.81645087309111, 20.613024530614506, 10.478362091724554, 10.478362091724554, 25.198833222044204, 20.199511188712833, 26.202247309710337, 27.135421106521434, 20.59229883560816, 1.8145691198467626, 17.1790145100513, 0.0, 12.658374601214653, 14.53380975490293, 25.548017296297097, 25.548017296297097, 25.548017296297097, 25.548017296297097, 25.548017296297097, 25.548017296297097, 25.548017296297097], [18.0037113043863, 21.300281624237265, 19.96192314065375, 10.98210754934145, 18.661243983474606, 12.658374601214653, 0.0, 17.45836260698857, 15.103452012705713, 15.103452012705713, 15.103452012705713, 15.103452012705713, 15.103452012705713, 15.103452012705713, 15.103452012705713, 7.835561045267111, 1.9826956271350493, 15.500997716096332, 20.767871732872038, 13.241673961599034, 9.758578097821596, 16.46203489267392, 16.46203489267392, 15.500997716096332, 20.767871732872038, 18.0037113043863, 21.300281624237265, 19.96192314065375, 10.98210754934145, 18.661243983474606, 12.658374601214653, 0.0, 17.45836260698857, 15.103452012705713, 15.103452012705713, 15.103452012705713, 15.103452012705713, 15.103452012705713, 15.103452012705713, 15.103452012705713], [18.10523778982636, 16.199363095665365, 6.827388059923234, 13.67852576244623, 2.8469820583419554, 14.53380975490293, 17.45836260698857, 0.0, 20.74401236989452, 20.74401236989452, 20.74401236989452, 20.74401236989452, 20.74401236989452, 20.74401236989452, 20.74401236989452, 14.429151122254147, 16.72373187878656, 19.37594364940533, 5.866785249114006, 4.908201192768656, 27.15201578559279, 4.657456618323178, 4.657456618323178, 19.37594364940533, 5.866785249114006, 18.10523778982636, 16.199363095665365, 6.827388059923234, 13.67852576244623, 2.8469820583419554, 14.53380975490293, 17.45836260698857, 0.0, 20.74401236989452, 20.74401236989452, 20.74401236989452, 20.74401236989452, 20.74401236989452, 20.74401236989452, 20.74401236989452], [5.771261936984827, 11.318436005369998, 17.825954445491117, 23.739204524164315, 19.722308282828017, 25.548017296297097, 15.103452012705713, 20.74401236989452, 0.0, 0.0, 0.0, 0.0, 0.0, 0.0, 0.0, 21.271202649089023, 13.184460353662613, 1.9227334820935784, 19.648146337970072, 16.189631084874154, 18.400669980138147, 23.14248891888622, 23.14248891888622, 1.9227334820935784, 19.648146337970072, 5.771261936984827, 11.318436005369998, 17.825954445491117, 23.739204524164315, 19.722308282828017, 25.548017296297097, 15.103452012705713, 20.74401236989452, 0.0, 0.0, 0.0, 0.0, 0.0, 0.0, 0.0], [5.771261936984827, 11.318436005369998, 17.825954445491117, 23.739204524164315, 19.722308282828017, 25.548017296297097, 15.103452012705713, 20.74401236989452, 0.0, 0.0, 0.0, 0.0, 0.0, 0.0, 0.0, 21.271202649089023, 13.184460353662613, 1.9227334820935784, 19.648146337970072, 16.189631084874154, 18.400669980138147, 23.14248891888622, 23.14248891888622, 1.9227334820935784, 19.648146337970072, 5.771261936984827, 11.318436005369998, 17.825954445491117, 23.739204524164315, 19.722308282828017, 25.548017296297097, 15.103452012705713, 20.74401236989452, 0.0, 0.0, 0.0, 0.0, 0.0, 0.0, 0.0], [5.771261936984827, 11.318436005369998, 17.825954445491117, 23.739204524164315, 19.722308282828017, 25.548017296297097, 15.103452012705713, 20.74401236989452, 0.0, 0.0, 0.0, 0.0, 0.0, 0.0, 0.0, 21.271202649089023, 13.184460353662613, 1.9227334820935784, 19.648146337970072, 16.189631084874154, 18.400669980138147, 23.14248891888622, 23.14248891888622, 1.9227334820935784, 19.648146337970072, 5.771261936984827, 11.318436005369998, 17.825954445491117, 23.739204524164315, 19.722308282828017, 25.548017296297097, 15.103452012705713, 20.74401236989452, 0.0, 0.0, 0.0, 0.0, 0.0, 0.0, 0.0], [5.771261936984827, 11.318436005369998, 17.825954445491117, 23.739204524164315, 19.722308282828017, 25.548017296297097, 15.103452012705713, 20.74401236989452, 0.0, 0.0, 0.0, 0.0, 0.0, 0.0, 0.0, 21.271202649089023, 13.184460353662613, 1.9227334820935784, 19.648146337970072, 16.189631084874154, 18.400669980138147, 23.14248891888622, 23.14248891888622, 1.9227334820935784, 19.648146337970072, 5.771261936984827, 11.318436005369998, 17.825954445491117, 23.739204524164315, 19.722308282828017, 25.548017296297097, 15.103452012705713, 20.74401236989452, 0.0, 0.0, 0.0, 0.0, 0.0, 0.0, 0.0], [5.771261936984827, 11.318436005369998, 17.825954445491117, 23.739204524164315, 19.722308282828017, 25.548017296297097, 15.103452012705713, 20.74401236989452, 0.0, 0.0, 0.0, 0.0, 0.0, 0.0, 0.0, 21.271202649089023, 13.184460353662613, 1.9227334820935784, 19.648146337970072, 16.189631084874154, 18.400669980138147, 23.14248891888622, 23.14248891888622, 1.9227334820935784, 19.648146337970072, 5.771261936984827, 11.318436005369998, 17.825954445491117, 23.739204524164315, 19.722308282828017, 25.548017296297097, 15.103452012705713, 20.74401236989452, 0.0, 0.0, 0.0, 0.0, 0.0, 0.0, 0.0], [5.771261936984827, 11.318436005369998, 17.825954445491117, 23.739204524164315, 19.722308282828017, 25.548017296297097, 15.103452012705713, 20.74401236989452, 0.0, 0.0, 0.0, 0.0, 0.0, 0.0, 0.0, 21.271202649089023, 13.184460353662613, 1.9227334820935784, 19.648146337970072, 16.189631084874154, 18.400669980138147, 23.14248891888622, 23.14248891888622, 1.9227334820935784, 19.648146337970072, 5.771261936984827, 11.318436005369998, 17.825954445491117, 23.739204524164315, 19.722308282828017, 25.548017296297097, 15.103452012705713, 20.74401236989452, 0.0, 0.0, 0.0, 0.0, 0.0, 0.0, 0.0], [5.771261936984827, 11.318436005369998, 17.825954445491117, 23.739204524164315, 19.722308282828017, 25.548017296297097, 15.103452012705713, 20.74401236989452, 0.0, 0.0, 0.0, 0.0, 0.0, 0.0, 0.0, 21.271202649089023, 13.184460353662613, 1.9227334820935784, 19.648146337970072, 16.189631084874154, 18.400669980138147, 23.14248891888622, 23.14248891888622, 1.9227334820935784, 19.648146337970072, 5.771261936984827, 11.318436005369998, 17.825954445491117, 23.739204524164315, 19.722308282828017, 25.548017296297097, 15.103452012705713, 20.74401236989452, 0.0, 0.0, 0.0, 0.0, 0.0, 0.0, 0.0]], "M": 99999999.0}