{"num_workers": 15, "num_roles": 3, "num_nodes": 40, "w": [[60, 60], [240, 240], [30, 30], [90, 90], [0, 0], [60, 60], [90, 90], [90, 90], [0, 0], [0, 0], [0, 0], [0, 0], [0, 0], [0, 0], [0, 0], [90, 450], [30, 390], [330, 390], [120, 360], [150, 300], [150, 420], [90, 420], [30, 390], [90, 450], [330, 390], [390, 390], [300, 300], [450, 450], [360, 360], [450, 450], [210, 210], [210, 210], [120, 120], [480, 480], [480, 480], [480, 480], [480, 480], [480, 480], [480, 480], [480, 480]], "p": [0, 0, 0, 0, 0, 0, 0, 0, 0, 0, 0, 0, 0, 0, 0, 49.512084532383845, 58.64591729763227, 24.618002209035303, 73.12806600311333, 37.01102768624326, 29.01335746412915, 24.11422312718785, 29.322958648816137, 24.756042266191923, 12.309001104517652, 0, 0, 0, 0, 0, 0, 0, 0, 0, 0, 0, 0, 0, 0, 0], "e": [[0, 1, 1], [1, 0, 1], [1, 1, 0], [1, 0, 1], [1, 1, 0], [0, 1, 1], [0, 1, 1], [0, 1, 1], [1, 1, 0], [1, 0, 0], [0, 1, 0], [0, 1, 0], [0, 1, 0], [0, 1, 0], [0, 1, 0]], "d": [[0, 1, 0, 1, 0, 0, 0, 2, 0, 0], [0, 1, 0, 0, 1, 1, 0, 2, 0, 0], [1, 1, 3, 1, 1, 1, 3, 2, 2, 6]], "r": [4119, 525, 4240, 1835, 4206, 1161, 256, 525, 4119, 4240], "g": [[0, 0, 0, 0, 0, 0, 0, 0, 1, 0], [0, 0, 0, 0, 0, 0, 0, 1, 0, 0], [0, 0, 0, 0, 0, 0, 0, 0, 0, 1], [0, 0, 0, 0, 0, 0, 0, 0, 0, 0], [0, 0, 0, 0, 0, 0, 0, 0, 0, 0], [0, 0, 0, 0, 0, 0, 0, 0, 0, 0], [0, 0, 0, 0, 0, 0, 0, 0, 0, 0], [0, 1, 0, 0, 0, 0, 0, 0, 0, 0], [1, 0, 0, 0, 0, 0, 0, 0, 0, 0], [0, 0, 1, 0, 0, 0, 0, 0, 0, 0]], "t": [[0.0, 14.674192877690912, 24.596505420125588, 7.589179344687801, 13.890669101553874, 18.37745409922667, 6.919289635399384, 21.013965979891, 21.696024210430064, 21.696024210430064, 21.696024210430064, 21.696024210430064, 21.696024210430064, 21.696024210430064, 21.696024210430064, 23.865037153804828, 17.140980754726954, 3.060820681112223, 11.707810363234245, 12.792267207615975, 5.05028872713759, 8.21460276080093, 17.140980754726954, 23.865037153804828, 3.060820681112223, 0.0, 14.674192877690912, 24.596505420125588, 7.589179344687801, 13.890669101553874, 18.37745409922667, 6.919289635399384, 21.013965979891, 21.696024210430064, 21.696024210430064, 21.696024210430064, 21.696024210430064, 21.696024210430064, 21.696024210430064, 21.696024210430064], [14.674192877690912, 0.0, 10.377418848059802, 8.18148465594528, 18.101668762359246, 11.851850752699448, 12.695591340180721, 7.117577595841681, 11.589501334239067, 11.589501334239067, 11.589501334239067, 11.589501334239067, 11.589501334239067, 11.589501334239067, 11.589501334239067, 11.914498558009848, 3.828551016916176, 16.14231444526584, 17.056906919613063, 10.22427315567325, 15.016897181808744, 10.744698320760685, 3.828551016916176, 11.914498558009848, 16.14231444526584, 14.674192877690912, 0.0, 10.377418848059802, 8.18148465594528, 18.101668762359246, 11.851850752699448, 12.695591340180721, 7.117577595841681, 11.589501334239067, 11.589501334239067, 11.589501334239067, 11.589501334239067, 11.589501334239067, 11.589501334239067, 11.589501334239067], [24.596505420125588, 10.377418848059802, 0.0, 18.55722975928083, 23.61622943230595, 12.928001462023008, 23.04269347378643, 8.58071902731575, 15.738697465705766, 15.738697465705766, 15.738697465705766, 15.738697465705766, 15.738697465705766, 15.738697465705766, 15.738697465705766, 13.599994607294455, 10.260676320025224, 26.376738032039526, 27.03179047632567, 15.685321427983771, 25.387669367012112, 18.68536747682193, 10.260676320025224, 13.599994607294455, 26.376738032039526, 24.596505420125588, 10.377418848059802, 0.0, 18.55722975928083, 23.61622943230595, 12.928001462023008, 23.04269347378643, 8.58071902731575, 15.738697465705766, 15.738697465705766, 15.738697465705766, 15.738697465705766, 15.738697465705766, 15.738697465705766, 15.738697465705766], [7.589179344687801, 8.18148465594528, 18.55722975928083, 0.0, 17.046879944481162, 16.318878458310852, 4.704575468183072, 13.67285320194569, 14.208780092518497, 14.208780092518497, 14.208780092518497, 14.208780092518497, 14.208780092518497, 14.208780092518497, 14.208780092518497, 16.27762122057996, 9.833619284929778, 8.241548288640356, 9.938279190717157, 11.847579232660204, 6.838826448897584, 8.897062448338211, 9.833619284929778, 16.27762122057996, 8.241548288640356, 7.589179344687801, 8.18148465594528, 18.55722975928083, 0.0, 17.046879944481162, 16.318878458310852, 4.704575468183072, 13.67285320194569, 14.208780092518497, 14.208780092518497, 14.208780092518497, 14.208780092518497, 14.208780092518497, 14.208780092518497, 14.208780092518497], [13.890669101553874, 18.101668762359246, 23.61622943230595, 17.046879944481162, 0.0, 11.451113421958992, 19.612476760666915, 25.020864070459538, 29.246159089489918, 29.246159089489918, 29.246159089489918, 29.246159089489918, 29.246159089489918, 29.246159089489918, 29.246159089489918, 30.0, 21.909234473977154, 16.895372511836054, 25.14381438546416, 8.215905422688342, 18.77185088645304, 8.251344030800764, 21.909234473977154, 30.0, 16.895372511836054, 13.890669101553874, 18.101668762359246, 23.61622943230595, 17.046879944481162, 0.0, 11.451113421958992, 19.612476760666915, 25.020864070459538, 29.246159089489918, 29.246159089489918, 29.246159089489918, 29.246159089489918, 29.246159089489918, 29.246159089489918, 29.246159089489918], [18.37745409922667, 11.851850752699448, 12.928001462023008, 16.318878458310852, 11.451113421958992, 0.0, 20.723739292416937, 17.02207150160885, 23.15680511945338, 23.15680511945338, 23.15680511945338, 23.15680511945338, 23.15680511945338, 23.15680511945338, 23.15680511945338, 22.703737168207695, 15.244353848713569, 21.163521885462167, 26.24097930913956, 5.640183716213917, 21.620753591776037, 10.242352201924371, 15.244353848713569, 22.703737168207695, 21.163521885462167, 18.37745409922667, 11.851850752699448, 12.928001462023008, 16.318878458310852, 11.451113421958992, 0.0, 20.723739292416937, 17.02207150160885, 23.15680511945338, 23.15680511945338, 23.15680511945338, 23.15680511945338, 23.15680511945338, 23.15680511945338, 23.15680511945338], [6.919289635399384, 12.695591340180721, 23.04269347378643, 4.704575468183072, 19.612476760666915, 20.723739292416937, 0.0, 17.311990659936697, 16.071528591422787, 16.071528591422787, 16.071528591422787, 16.071528591422787, 16.071528591422787, 16.071528591422787, 16.071528591422787, 18.756619104871593, 13.668846853481808, 5.671732624701626, 5.706371756870337, 15.841271602715572, 3.1060286251229305, 12.101680097098596, 13.668846853481808, 18.756619104871593, 5.671732624701626, 6.919289635399384, 12.695591340180721, 23.04269347378643, 4.704575468183072, 19.612476760666915, 20.723739292416937, 0.0, 17.311990659936697, 16.071528591422787, 16.071528591422787, 16.071528591422787, 16.071528591422787, 16.071528591422787, 16.071528591422787, 16.071528591422787], [21.013965979891, 7.117577595841681, 8.58071902731575, 13.67285320194569, 25.020864070459538, 17.02207150160885, 17.311990659936697, 0.0, 7.218500924408945, 7.218500924408945, 7.218500924408945, 7.218500924408945, 7.218500924408945, 7.218500924408945, 7.218500924408945, 5.750554353462533, 3.8729917974363963, 21.90478677828861, 20.082739204438354, 16.917412767078194, 20.168813858808626, 17.862047760254583, 3.8729917974363963, 5.750554353462533, 21.90478677828861, 21.013965979891, 7.117577595841681, 8.58071902731575, 13.67285320194569, 25.020864070459538, 17.02207150160885, 17.311990659936697, 0.0, 7.218500924408945, 7.218500924408945, 7.218500924408945, 7.218500924408945, 7.218500924408945, 7.218500924408945, 7.218500924408945], [21.696024210430064, 11.589501334239067, 15.738697465705766, 14.208780092518497, 29.246159089489918, 23.15680511945338, 16.071528591422787, 7.218500924408945, 0.0, 0.0, 0.0, 0.0, 0.0, 0.0, 0.0, 3.3923865449193067, 7.923348112809215, 21.569905379603327, 16.719229389326774, 21.722213312348416, 19.1774827846108, 21.25696590044373, 7.923348112809215, 3.3923865449193067, 21.569905379603327, 21.696024210430064, 11.589501334239067, 15.738697465705766, 14.208780092518497, 29.246159089489918, 23.15680511945338, 16.071528591422787, 7.218500924408945, 0.0, 0.0, 0.0, 0.0, 0.0, 0.0, 0.0], [21.696024210430064, 11.589501334239067, 15.738697465705766, 14.208780092518497, 29.246159089489918, 23.15680511945338, 16.071528591422787, 7.218500924408945, 0.0, 0.0, 0.0, 0.0, 0.0, 0.0, 0.0, 3.3923865449193067, 7.923348112809215, 21.569905379603327, 16.719229389326774, 21.722213312348416, 19.1774827846108, 21.25696590044373, 7.923348112809215, 3.3923865449193067, 21.569905379603327, 21.696024210430064, 11.589501334239067, 15.738697465705766, 14.208780092518497, 29.246159089489918, 23.15680511945338, 16.071528591422787, 7.218500924408945, 0.0, 0.0, 0.0, 0.0, 0.0, 0.0, 0.0], [21.696024210430064, 11.589501334239067, 15.738697465705766, 14.208780092518497, 29.246159089489918, 23.15680511945338, 16.071528591422787, 7.218500924408945, 0.0, 0.0, 0.0, 0.0, 0.0, 0.0, 0.0, 3.3923865449193067, 7.923348112809215, 21.569905379603327, 16.719229389326774, 21.722213312348416, 19.1774827846108, 21.25696590044373, 7.923348112809215, 3.3923865449193067, 21.569905379603327, 21.696024210430064, 11.589501334239067, 15.738697465705766, 14.208780092518497, 29.246159089489918, 23.15680511945338, 16.071528591422787, 7.218500924408945, 0.0, 0.0, 0.0, 0.0, 0.0, 0.0, 0.0], [21.696024210430064, 11.589501334239067, 15.738697465705766, 14.208780092518497, 29.246159089489918, 23.15680511945338, 16.071528591422787, 7.218500924408945, 0.0, 0.0, 0.0, 0.0, 0.0, 0.0, 0.0, 3.3923865449193067, 7.923348112809215, 21.569905379603327, 16.719229389326774, 21.722213312348416, 19.1774827846108, 21.25696590044373, 7.923348112809215, 3.3923865449193067, 21.569905379603327, 21.696024210430064, 11.589501334239067, 15.738697465705766, 14.208780092518497, 29.246159089489918, 23.15680511945338, 16.071528591422787, 7.218500924408945, 0.0, 0.0, 0.0, 0.0, 0.0, 0.0, 0.0], [21.696024210430064, 11.589501334239067, 15.738697465705766, 14.208780092518497, 29.246159089489918, 23.15680511945338, 16.071528591422787, 7.218500924408945, 0.0, 0.0, 0.0, 0.0, 0.0, 0.0, 0.0, 3.3923865449193067, 7.923348112809215, 21.569905379603327, 16.719229389326774, 21.722213312348416, 19.1774827846108, 21.25696590044373, 7.923348112809215, 3.3923865449193067, 21.569905379603327, 21.696024210430064, 11.589501334239067, 15.738697465705766, 14.208780092518497, 29.246159089489918, 23.15680511945338, 16.071528591422787, 7.218500924408945, 0.0, 0.0, 0.0, 0.0, 0.0, 0.0, 0.0], [21.696024210430064, 11.589501334239067, 15.738697465705766, 14.208780092518497, 29.246159089489918, 23.15680511945338, 16.071528591422787, 7.218500924408945, 0.0, 0.0, 0.0, 0.0, 0.0, 0.0, 0.0, 3.3923865449193067, 7.923348112809215, 21.569905379603327, 16.719229389326774, 21.722213312348416, 19.1774827846108, 21.25696590044373, 7.923348112809215, 3.3923865449193067, 21.569905379603327, 21.696024210430064, 11.589501334239067, 15.738697465705766, 14.208780092518497, 29.246159089489918, 23.15680511945338, 16.071528591422787, 7.218500924408945, 0.0, 0.0, 0.0, 0.0, 0.0, 0.0, 0.0], [21.696024210430064, 11.589501334239067, 15.738697465705766, 14.208780092518497, 29.246159089489918, 23.15680511945338, 16.071528591422787, 7.218500924408945, 0.0, 0.0, 0.0, 0.0, 0.0, 0.0, 0.0, 3.3923865449193067, 7.923348112809215, 21.569905379603327, 16.719229389326774, 21.722213312348416, 19.1774827846108, 21.25696590044373, 7.923348112809215, 3.3923865449193067, 21.569905379603327, 21.696024210430064, 11.589501334239067, 15.738697465705766, 14.208780092518497, 29.246159089489918, 23.15680511945338, 16.071528591422787, 7.218500924408945, 0.0, 0.0, 0.0, 0.0, 0.0, 0.0, 0.0], [23.865037153804828, 11.914498558009848, 13.599994607294455, 16.27762122057996, 30.0, 22.703737168207695, 18.756619104871593, 5.750554353462533, 3.3923865449193067, 3.3923865449193067, 3.3923865449193067, 3.3923865449193067, 3.3923865449193067, 3.3923865449193067, 3.3923865449193067, 0.0, 8.092494824747076, 24.06913166126894, 19.917824771038333, 22.10862491756905, 21.841159987827538, 22.341416247409875, 8.092494824747076, 0.0, 24.06913166126894, 23.865037153804828, 11.914498558009848, 13.599994607294455, 16.27762122057996, 30.0, 22.703737168207695, 18.756619104871593, 5.750554353462533, 3.3923865449193067, 3.3923865449193067, 3.3923865449193067, 3.3923865449193067, 3.3923865449193067, 3.3923865449193067, 3.3923865449193067], [17.140980754726954, 3.828551016916176, 10.260676320025224, 9.833619284929778, 21.909234473977154, 15.244353848713569, 13.668846853481808, 3.8729917974363963, 7.923348112809215, 7.923348112809215, 7.923348112809215, 7.923348112809215, 7.923348112809215, 7.923348112809215, 7.923348112809215, 8.092494824747076, 0.0, 18.074508360600884, 16.962268979051554, 14.048379017635412, 16.433525666147684, 14.366215346304132, 0.0, 8.092494824747076, 18.074508360600884, 17.140980754726954, 3.828551016916176, 10.260676320025224, 9.833619284929778, 21.909234473977154, 15.244353848713569, 13.668846853481808, 3.8729917974363963, 7.923348112809215, 7.923348112809215, 7.923348112809215, 7.923348112809215, 7.923348112809215, 7.923348112809215, 7.923348112809215], [3.060820681112223, 16.14231444526584, 26.376738032039526, 8.241548288640356, 16.895372511836054, 21.163521885462167, 5.671732624701626, 21.90478677828861, 21.569905379603327, 21.569905379603327, 21.569905379603327, 21.569905379603327, 21.569905379603327, 21.569905379603327, 21.569905379603327, 24.06913166126894, 18.074508360600884, 0.0, 9.322745753547284, 15.648078991054776, 2.8212149942363283, 11.13432482021209, 18.074508360600884, 24.06913166126894, 0.0, 3.060820681112223, 16.14231444526584, 26.376738032039526, 8.241548288640356, 16.895372511836054, 21.163521885462167, 5.671732624701626, 21.90478677828861, 21.569905379603327, 21.569905379603327, 21.569905379603327, 21.569905379603327, 21.569905379603327, 21.569905379603327, 21.569905379603327], [11.707810363234245, 17.056906919613063, 27.03179047632567, 9.938279190717157, 25.14381438546416, 26.24097930913956, 5.706371756870337, 20.082739204438354, 16.719229389326774, 16.719229389326774, 16.719229389326774, 16.719229389326774, 16.719229389326774, 16.719229389326774, 16.719229389326774, 19.917824771038333, 16.962268979051554, 9.322745753547284, 0.0, 21.509288611564905, 6.68327119933687, 17.801155853976706, 16.962268979051554, 19.917824771038333, 9.322745753547284, 11.707810363234245, 17.056906919613063, 27.03179047632567, 9.938279190717157, 25.14381438546416, 26.24097930913956, 5.706371756870337, 20.082739204438354, 16.719229389326774, 16.719229389326774, 16.719229389326774, 16.719229389326774, 16.719229389326774, 16.719229389326774, 16.719229389326774], [12.792267207615975, 10.22427315567325, 15.685321427983771, 11.847579232660204, 8.215905422688342, 5.640183716213917, 15.841271602715572, 16.917412767078194, 21.722213312348416, 21.722213312348416, 21.722213312348416, 21.722213312348416, 21.722213312348416, 21.722213312348416, 21.722213312348416, 22.10862491756905, 14.048379017635412, 15.648078991054776, 21.509288611564905, 0.0, 16.34246357083026, 4.609134134483526, 14.048379017635412, 22.10862491756905, 15.648078991054776, 12.792267207615975, 10.22427315567325, 15.685321427983771, 11.847579232660204, 8.215905422688342, 5.640183716213917, 15.841271602715572, 16.917412767078194, 21.722213312348416, 21.722213312348416, 21.722213312348416, 21.722213312348416, 21.722213312348416, 21.722213312348416, 21.722213312348416], [5.05028872713759, 15.016897181808744, 25.387669367012112, 6.838826448897584, 18.77185088645304, 21.620753591776037, 3.1060286251229305, 20.168813858808626, 19.1774827846108, 19.1774827846108, 19.1774827846108, 19.1774827846108, 19.1774827846108, 19.1774827846108, 19.1774827846108, 21.841159987827538, 16.433525666147684, 2.8212149942363283, 6.68327119933687, 16.34246357083026, 0.0, 12.10077046835881, 16.433525666147684, 21.841159987827538, 2.8212149942363283, 5.05028872713759, 15.016897181808744, 25.387669367012112, 6.838826448897584, 18.77185088645304, 21.620753591776037, 3.1060286251229305, 20.168813858808626, 19.1774827846108, 19.1774827846108, 19.1774827846108, 19.1774827846108, 19.1774827846108, 19.1774827846108, 19.1774827846108], [8.21460276080093, 10.744698320760685, 18.68536747682193, 8.897062448338211, 8.251344030800764, 10.242352201924371, 12.101680097098596, 17.862047760254583, 21.25696590044373, 21.25696590044373, 21.25696590044373, 21.25696590044373, 21.25696590044373, 21.25696590044373, 21.25696590044373, 22.341416247409875, 14.366215346304132, 11.13432482021209, 17.801155853976706, 4.609134134483526, 12.10077046835881, 0.0, 14.366215346304132, 22.341416247409875, 11.13432482021209, 8.21460276080093, 10.744698320760685, 18.68536747682193, 8.897062448338211, 8.251344030800764, 10.242352201924371, 12.101680097098596, 17.862047760254583, 21.25696590044373, 21.25696590044373, 21.25696590044373, 21.25696590044373, 21.25696590044373, 21.25696590044373, 21.25696590044373], [17.140980754726954, 3.828551016916176, 10.260676320025224, 9.833619284929778, 21.909234473977154, 15.244353848713569, 13.668846853481808, 3.8729917974363963, 7.923348112809215, 7.923348112809215, 7.923348112809215, 7.923348112809215, 7.923348112809215, 7.923348112809215, 7.923348112809215, 8.092494824747076, 0.0, 18.074508360600884, 16.962268979051554, 14.048379017635412, 16.433525666147684, 14.366215346304132, 0.0, 8.092494824747076, 18.074508360600884, 17.140980754726954, 3.828551016916176, 10.260676320025224, 9.833619284929778, 21.909234473977154, 15.244353848713569, 13.668846853481808, 3.8729917974363963, 7.923348112809215, 7.923348112809215, 7.923348112809215, 7.923348112809215, 7.923348112809215, 7.923348112809215, 7.923348112809215], [23.865037153804828, 11.914498558009848, 13.599994607294455, 16.27762122057996, 30.0, 22.703737168207695, 18.756619104871593, 5.750554353462533, 3.3923865449193067, 3.3923865449193067, 3.3923865449193067, 3.3923865449193067, 3.3923865449193067, 3.3923865449193067, 3.3923865449193067, 0.0, 8.092494824747076, 24.06913166126894, 19.917824771038333, 22.10862491756905, 21.841159987827538, 22.341416247409875, 8.092494824747076, 0.0, 24.06913166126894, 23.865037153804828, 11.914498558009848, 13.599994607294455, 16.27762122057996, 30.0, 22.703737168207695, 18.756619104871593, 5.750554353462533, 3.3923865449193067, 3.3923865449193067, 3.3923865449193067, 3.3923865449193067, 3.3923865449193067, 3.3923865449193067, 3.3923865449193067], [3.060820681112223, 16.14231444526584, 26.376738032039526, 8.241548288640356, 16.895372511836054, 21.163521885462167, 5.671732624701626, 21.90478677828861, 21.569905379603327, 21.569905379603327, 21.569905379603327, 21.569905379603327, 21.569905379603327, 21.569905379603327, 21.569905379603327, 24.06913166126894, 18.074508360600884, 0.0, 9.322745753547284, 15.648078991054776, 2.8212149942363283, 11.13432482021209, 18.074508360600884, 24.06913166126894, 0.0, 3.060820681112223, 16.14231444526584, 26.376738032039526, 8.241548288640356, 16.895372511836054, 21.163521885462167, 5.671732624701626, 21.90478677828861, 21.569905379603327, 21.569905379603327, 21.569905379603327, 21.569905379603327, 21.569905379603327, 21.569905379603327, 21.569905379603327], [0.0, 14.674192877690912, 24.596505420125588, 7.589179344687801, 13.890669101553874, 18.37745409922667, 6.919289635399384, 21.013965979891, 21.696024210430064, 21.696024210430064, 21.696024210430064, 21.696024210430064, 21.696024210430064, 21.696024210430064, 21.696024210430064, 23.865037153804828, 17.140980754726954, 3.060820681112223, 11.707810363234245, 12.792267207615975, 5.05028872713759, 8.21460276080093, 17.140980754726954, 23.865037153804828, 3.060820681112223, 0.0, 14.674192877690912, 24.596505420125588, 7.589179344687801, 13.890669101553874, 18.37745409922667, 6.919289635399384, 21.013965979891, 21.696024210430064, 21.696024210430064, 21.696024210430064, 21.696024210430064, 21.696024210430064, 21.696024210430064, 21.696024210430064], [14.674192877690912, 0.0, 10.377418848059802, 8.18148465594528, 18.101668762359246, 11.851850752699448, 12.695591340180721, 7.117577595841681, 11.589501334239067, 11.589501334239067, 11.589501334239067, 11.589501334239067, 11.589501334239067, 11.589501334239067, 11.589501334239067, 11.914498558009848, 3.828551016916176, 16.14231444526584, 17.056906919613063, 10.22427315567325, 15.016897181808744, 10.744698320760685, 3.828551016916176, 11.914498558009848, 16.14231444526584, 14.674192877690912, 0.0, 10.377418848059802, 8.18148465594528, 18.101668762359246, 11.851850752699448, 12.695591340180721, 7.117577595841681, 11.589501334239067, 11.589501334239067, 11.589501334239067, 11.589501334239067, 11.589501334239067, 11.589501334239067, 11.589501334239067], [24.596505420125588, 10.377418848059802, 0.0, 18.55722975928083, 23.61622943230595, 12.928001462023008, 23.04269347378643, 8.58071902731575, 15.738697465705766, 15.738697465705766, 15.738697465705766, 15.738697465705766, 15.738697465705766, 15.738697465705766, 15.738697465705766, 13.599994607294455, 10.260676320025224, 26.376738032039526, 27.03179047632567, 15.685321427983771, 25.387669367012112, 18.68536747682193, 10.260676320025224, 13.599994607294455, 26.376738032039526, 24.596505420125588, 10.377418848059802, 0.0, 18.55722975928083, 23.61622943230595, 12.928001462023008, 23.04269347378643, 8.58071902731575, 15.738697465705766, 15.738697465705766, 15.738697465705766, 15.738697465705766, 15.738697465705766, 15.738697465705766, 15.738697465705766], [7.589179344687801, 8.18148465594528, 18.55722975928083, 0.0, 17.046879944481162, 16.318878458310852, 4.704575468183072, 13.67285320194569, 14.208780092518497, 14.208780092518497, 14.208780092518497, 14.208780092518497, 14.208780092518497, 14.208780092518497, 14.208780092518497, 16.27762122057996, 9.833619284929778, 8.241548288640356, 9.938279190717157, 11.847579232660204, 6.838826448897584, 8.897062448338211, 9.833619284929778, 16.27762122057996, 8.241548288640356, 7.589179344687801, 8.18148465594528, 18.55722975928083, 0.0, 17.046879944481162, 16.318878458310852, 4.704575468183072, 13.67285320194569, 14.208780092518497, 14.208780092518497, 14.208780092518497, 14.208780092518497, 14.208780092518497, 14.208780092518497, 14.208780092518497], [13.890669101553874, 18.101668762359246, 23.61622943230595, 17.046879944481162, 0.0, 11.451113421958992, 19.612476760666915, 25.020864070459538, 29.246159089489918, 29.246159089489918, 29.246159089489918, 29.246159089489918, 29.246159089489918, 29.246159089489918, 29.246159089489918, 30.0, 21.909234473977154, 16.895372511836054, 25.14381438546416, 8.215905422688342, 18.77185088645304, 8.251344030800764, 21.909234473977154, 30.0, 16.895372511836054, 13.890669101553874, 18.101668762359246, 23.61622943230595, 17.046879944481162, 0.0, 11.451113421958992, 19.612476760666915, 25.020864070459538, 29.246159089489918, 29.246159089489918, 29.246159089489918, 29.246159089489918, 29.246159089489918, 29.246159089489918, 29.246159089489918], [18.37745409922667, 11.851850752699448, 12.928001462023008, 16.318878458310852, 11.451113421958992, 0.0, 20.723739292416937, 17.02207150160885, 23.15680511945338, 23.15680511945338, 23.15680511945338, 23.15680511945338, 23.15680511945338, 23.15680511945338, 23.15680511945338, 22.703737168207695, 15.244353848713569, 21.163521885462167, 26.24097930913956, 5.640183716213917, 21.620753591776037, 10.242352201924371, 15.244353848713569, 22.703737168207695, 21.163521885462167, 18.37745409922667, 11.851850752699448, 12.928001462023008, 16.318878458310852, 11.451113421958992, 0.0, 20.723739292416937, 17.02207150160885, 23.15680511945338, 23.15680511945338, 23.15680511945338, 23.15680511945338, 23.15680511945338, 23.15680511945338, 23.15680511945338], [6.919289635399384, 12.695591340180721, 23.04269347378643, 4.704575468183072, 19.612476760666915, 20.723739292416937, 0.0, 17.311990659936697, 16.071528591422787, 16.071528591422787, 16.071528591422787, 16.071528591422787, 16.071528591422787, 16.071528591422787, 16.071528591422787, 18.756619104871593, 13.668846853481808, 5.671732624701626, 5.706371756870337, 15.841271602715572, 3.1060286251229305, 12.101680097098596, 13.668846853481808, 18.756619104871593, 5.671732624701626, 6.919289635399384, 12.695591340180721, 23.04269347378643, 4.704575468183072, 19.612476760666915, 20.723739292416937, 0.0, 17.311990659936697, 16.071528591422787, 16.071528591422787, 16.071528591422787, 16.071528591422787, 16.071528591422787, 16.071528591422787, 16.071528591422787], [21.013965979891, 7.117577595841681, 8.58071902731575, 13.67285320194569, 25.020864070459538, 17.02207150160885, 17.311990659936697, 0.0, 7.218500924408945, 7.218500924408945, 7.218500924408945, 7.218500924408945, 7.218500924408945, 7.218500924408945, 7.218500924408945, 5.750554353462533, 3.8729917974363963, 21.90478677828861, 20.082739204438354, 16.917412767078194, 20.168813858808626, 17.862047760254583, 3.8729917974363963, 5.750554353462533, 21.90478677828861, 21.013965979891, 7.117577595841681, 8.58071902731575, 13.67285320194569, 25.020864070459538, 17.02207150160885, 17.311990659936697, 0.0, 7.218500924408945, 7.218500924408945, 7.218500924408945, 7.218500924408945, 7.218500924408945, 7.218500924408945, 7.218500924408945], [21.696024210430064, 11.589501334239067, 15.738697465705766, 14.208780092518497, 29.246159089489918, 23.15680511945338, 16.071528591422787, 7.218500924408945, 0.0, 0.0, 0.0, 0.0, 0.0, 0.0, 0.0, 3.3923865449193067, 7.923348112809215, 21.569905379603327, 16.719229389326774, 21.722213312348416, 19.1774827846108, 21.25696590044373, 7.923348112809215, 3.3923865449193067, 21.569905379603327, 21.696024210430064, 11.589501334239067, 15.738697465705766, 14.208780092518497, 29.246159089489918, 23.15680511945338, 16.071528591422787, 7.218500924408945, 0.0, 0.0, 0.0, 0.0, 0.0, 0.0, 0.0], [21.696024210430064, 11.589501334239067, 15.738697465705766, 14.208780092518497, 29.246159089489918, 23.15680511945338, 16.071528591422787, 7.218500924408945, 0.0, 0.0, 0.0, 0.0, 0.0, 0.0, 0.0, 3.3923865449193067, 7.923348112809215, 21.569905379603327, 16.719229389326774, 21.722213312348416, 19.1774827846108, 21.25696590044373, 7.923348112809215, 3.3923865449193067, 21.569905379603327, 21.696024210430064, 11.589501334239067, 15.738697465705766, 14.208780092518497, 29.246159089489918, 23.15680511945338, 16.071528591422787, 7.218500924408945, 0.0, 0.0, 0.0, 0.0, 0.0, 0.0, 0.0], [21.696024210430064, 11.589501334239067, 15.738697465705766, 14.208780092518497, 29.246159089489918, 23.15680511945338, 16.071528591422787, 7.218500924408945, 0.0, 0.0, 0.0, 0.0, 0.0, 0.0, 0.0, 3.3923865449193067, 7.923348112809215, 21.569905379603327, 16.719229389326774, 21.722213312348416, 19.1774827846108, 21.25696590044373, 7.923348112809215, 3.3923865449193067, 21.569905379603327, 21.696024210430064, 11.589501334239067, 15.738697465705766, 14.208780092518497, 29.246159089489918, 23.15680511945338, 16.071528591422787, 7.218500924408945, 0.0, 0.0, 0.0, 0.0, 0.0, 0.0, 0.0], [21.696024210430064, 11.589501334239067, 15.738697465705766, 14.208780092518497, 29.246159089489918, 23.15680511945338, 16.071528591422787, 7.218500924408945, 0.0, 0.0, 0.0, 0.0, 0.0, 0.0, 0.0, 3.3923865449193067, 7.923348112809215, 21.569905379603327, 16.719229389326774, 21.722213312348416, 19.1774827846108, 21.25696590044373, 7.923348112809215, 3.3923865449193067, 21.569905379603327, 21.696024210430064, 11.589501334239067, 15.738697465705766, 14.208780092518497, 29.246159089489918, 23.15680511945338, 16.071528591422787, 7.218500924408945, 0.0, 0.0, 0.0, 0.0, 0.0, 0.0, 0.0], [21.696024210430064, 11.589501334239067, 15.738697465705766, 14.208780092518497, 29.246159089489918, 23.15680511945338, 16.071528591422787, 7.218500924408945, 0.0, 0.0, 0.0, 0.0, 0.0, 0.0, 0.0, 3.3923865449193067, 7.923348112809215, 21.569905379603327, 16.719229389326774, 21.722213312348416, 19.1774827846108, 21.25696590044373, 7.923348112809215, 3.3923865449193067, 21.569905379603327, 21.696024210430064, 11.589501334239067, 15.738697465705766, 14.208780092518497, 29.246159089489918, 23.15680511945338, 16.071528591422787, 7.218500924408945, 0.0, 0.0, 0.0, 0.0, 0.0, 0.0, 0.0], [21.696024210430064, 11.589501334239067, 15.738697465705766, 14.208780092518497, 29.246159089489918, 23.15680511945338, 16.071528591422787, 7.218500924408945, 0.0, 0.0, 0.0, 0.0, 0.0, 0.0, 0.0, 3.3923865449193067, 7.923348112809215, 21.569905379603327, 16.719229389326774, 21.722213312348416, 19.1774827846108, 21.25696590044373, 7.923348112809215, 3.3923865449193067, 21.569905379603327, 21.696024210430064, 11.589501334239067, 15.738697465705766, 14.208780092518497, 29.246159089489918, 23.15680511945338, 16.071528591422787, 7.218500924408945, 0.0, 0.0, 0.0, 0.0, 0.0, 0.0, 0.0], [21.696024210430064, 11.589501334239067, 15.738697465705766, 14.208780092518497, 29.246159089489918, 23.15680511945338, 16.071528591422787, 7.218500924408945, 0.0, 0.0, 0.0, 0.0, 0.0, 0.0, 0.0, 3.3923865449193067, 7.923348112809215, 21.569905379603327, 16.719229389326774, 21.722213312348416, 19.1774827846108, 21.25696590044373, 7.923348112809215, 3.3923865449193067, 21.569905379603327, 21.696024210430064, 11.589501334239067, 15.738697465705766, 14.208780092518497, 29.246159089489918, 23.15680511945338, 16.071528591422787, 7.218500924408945, 0.0, 0.0, 0.0, 0.0, 0.0, 0.0, 0.0]], "M": 99999999.0}