{"num_workers": 30, "num_roles": 5, "num_nodes": 80, "w": [[30, 30], [300, 300], [120, 120], [60, 60], [300, 300], [0, 0], [0, 0], [30, 30], [210, 210], [150, 150], [330, 330], [300, 300], [240, 240], [30, 30], [90, 90], [0, 0], [0, 0], [0, 0], [0, 0], [0, 0], [0, 0], [0, 0], [0, 0], [0, 0], [0, 0], [0, 0], [0, 0], [0, 0], [0, 0], [0, 0], [60, 390], [120, 330], [360, 420], [60, 360], [60, 240], [360, 420], [210, 330], [30, 330], [90, 390], [180, 360], [90, 390], [60, 390], [90, 390], [210, 360], [60, 360], [90, 450], [180, 240], [60, 150], [60, 360], [150, 420], [330, 330], [390, 390], [450, 450], [420, 420], [360, 360], [360, 360], [450, 450], [390, 390], [480, 480], [390, 390], [390, 390], [360, 360], [450, 450], [330, 330], [450, 450], [480, 480], [480, 480], [480, 480], [480, 480], [480, 480], [480, 480], [480, 480], [480, 480], [480, 480], [480, 480], [480, 480], [480, 480], [480, 480], [480, 480], [480, 480]], "p": [0, 0, 0, 0, 0, 0, 0, 0, 0, 0, 0, 0, 0, 0, 0, 0, 0, 0, 0, 0, 0, 0, 0, 0, 0, 0, 0, 0, 0, 0, 46.38614329369679, 56.31633256408828, 17.706642160667123, 22.390435108357316, 63.24628226543009, 20.132085213860222, 60.62663334022408, 37.1767334163097, 29.72255757229807, 67.57621836008417, 47.68625364160505, 33.30378129442961, 65.70583968607751, 62.813896974318766, 72.36222017170682, 35.74829707779357, 30.87945273687611, 59.89608444030458, 52.97124813072859, 71.2750175728409, 0, 0, 0, 0, 0, 0, 0, 0, 0, 0, 0, 0, 0, 0, 0, 0, 0, 0, 0, 0, 0, 0, 0, 0, 0, 0, 0, 0, 0, 0], "e": [[0, 0, 1, 0, 1], [1, 0, 0, 0, 1], [0, 1, 0, 1, 0], [1, 0, 0, 1, 0], [1, 0, 1, 0, 0], [1, 1, 0, 0, 0], [0, 0, 1, 0, 0], [1, 0, 0, 0, 0], [0, 0, 0, 0, 1], [0, 1, 0, 0, 0], [0, 1, 0, 0, 0], [1, 0, 0, 0, 0], [0, 0, 0, 0, 1], [0, 0, 1, 0, 0], [0, 1, 0, 0, 0], [0, 0, 1, 0, 0], [0, 1, 0, 0, 0], [0, 0, 0, 1, 0], [0, 1, 0, 0, 0], [0, 1, 0, 0, 0], [0, 1, 0, 0, 0], [0, 0, 0, 1, 0], [1, 0, 0, 0, 0], [0, 0, 0, 1, 0], [1, 0, 0, 0, 0], [0, 0, 1, 0, 0], [0, 0, 0, 1, 0], [0, 0, 0, 0, 1], [1, 0, 0, 0, 0], [0, 0, 0, 0, 1]], "d": [[1, 2, 0, 0, 2, 1, 0, 2, 0, 2, 2, 2, 2, 0, 0, 0, 0, 0, 0, 0], [0, 2, 1, 1, 2, 0, 1, 2, 1, 2, 2, 2, 2, 1, 1, 1, 1, 1, 1, 1], [2, 1, 2, 1, 1, 2, 1, 1, 1, 1, 1, 0, 1, 2, 2, 1, 2, 1, 1, 1], [0, 0, 1, 0, 0, 0, 0, 0, 0, 0, 0, 0, 0, 1, 1, 0, 1, 0, 0, 0], [2, 0, 1, 3, 0, 2, 3, 0, 3, 0, 0, 0, 0, 1, 1, 3, 1, 3, 3, 3]], "r": [1806, 1314, 1024, 4081, 2715, 2103, 1925, 387, 1011, 960, 3323, 1947, 1279, 2432, 4114, 2641, 4363, 4917, 3155, 2449], "g": [[0, 0, 0, 0, 0, 0, 0, 0, 0, 0, 0, 0, 0, 0, 0, 0, 0, 0, 0, 0], [0, 0, 0, 0, 0, 0, 0, 0, 0, 0, 0, 0, 0, 0, 0, 0, 0, 0, 0, 0], [0, 0, 0, 0, 0, 0, 0, 0, 0, 0, 0, 0, 0, 0, 0, 0, 0, 0, 0, 0], [0, 0, 0, 0, 0, 0, 0, 0, 0, 0, 0, 0, 0, 0, 0, 0, 0, 0, 0, 0], [0, 0, 0, 0, 0, 0, 0, 0, 0, 0, 0, 0, 0, 0, 0, 0, 0, 0, 0, 0], [0, 0, 0, 0, 0, 0, 0, 0, 0, 0, 0, 0, 0, 0, 0, 0, 0, 0, 0, 0], [0, 0, 0, 0, 0, 0, 0, 0, 0, 0, 0, 0, 0, 0, 0, 0, 0, 0, 0, 0], [0, 0, 0, 0, 0, 0, 0, 0, 0, 0, 0, 0, 0, 0, 0, 0, 0, 0, 0, 0], [0, 0, 0, 0, 0, 0, 0, 0, 0, 0, 0, 0, 0, 0, 0, 0, 0, 0, 0, 0], [0, 0, 0, 0, 0, 0, 0, 0, 0, 0, 0, 0, 0, 0, 0, 0, 0, 0, 0, 0], [0, 0, 0, 0, 0, 0, 0, 0, 0, 0, 0, 0, 0, 0, 0, 0, 0, 0, 0, 0], [0, 0, 0, 0, 0, 0, 0, 0, 0, 0, 0, 0, 0, 0, 0, 0, 0, 0, 0, 0], [0, 0, 0, 0, 0, 0, 0, 0, 0, 0, 0, 0, 0, 0, 0, 0, 0, 0, 0, 0], [0, 0, 0, 0, 0, 0, 0, 0, 0, 0, 0, 0, 0, 0, 0, 0, 0, 0, 0, 0], [0, 0, 0, 0, 0, 0, 0, 0, 0, 0, 0, 0, 0, 0, 0, 0, 0, 0, 0, 0], [0, 0, 0, 0, 0, 0, 0, 0, 0, 0, 0, 0, 0, 0, 0, 0, 0, 0, 0, 0], [0, 0, 0, 0, 0, 0, 0, 0, 0, 0, 0, 0, 0, 0, 0, 0, 0, 0, 0, 0], [0, 0, 0, 0, 0, 0, 0, 0, 0, 0, 0, 0, 0, 0, 0, 0, 0, 0, 0, 0], [0, 0, 0, 0, 0, 0, 0, 0, 0, 0, 0, 0, 0, 0, 0, 0, 0, 0, 0, 0], [0, 0, 0, 0, 0, 0, 0, 0, 0, 0, 0, 0, 0, 0, 0, 0, 0, 0, 0, 0]], "t": [[0.0, 6.182273888060912, 30.524425438036115, 24.730250330610147, 28.879701814842583, 18.89838464960527, 21.7927128719045, 28.555847445094923, 29.612983774807446, 27.011367631844376, 15.060108739507621, 22.232197429248817, 27.53122460503476, 25.76810755221764, 29.040496427986263, 28.43649283174625, 28.43649283174625, 28.43649283174625, 28.43649283174625, 28.43649283174625, 28.43649283174625, 28.43649283174625, 28.43649283174625, 28.43649283174625, 28.43649283174625, 28.43649283174625, 28.43649283174625, 28.43649283174625, 28.43649283174625, 28.43649283174625, 19.56455631986996, 26.4049876947926, 10.771435738465764, 19.659730233918175, 19.621860903041423, 4.482718176636239, 32.61260681756751, 6.964801341377363, 28.38544081605107, 28.171786466012033, 31.608627571293027, 18.397962132706777, 18.553213702898532, 21.665836408230682, 13.546889456775194, 17.267509483061595, 29.907331263740737, 27.111977552180523, 11.579362294379887, 28.573492974204918, 0.0, 6.182273888060912, 30.524425438036115, 24.730250330610147, 28.879701814842583, 18.89838464960527, 21.7927128719045, 28.555847445094923, 29.612983774807446, 27.011367631844376, 15.060108739507621, 22.232197429248817, 27.53122460503476, 25.76810755221764, 29.040496427986263, 28.43649283174625, 28.43649283174625, 28.43649283174625, 28.43649283174625, 28.43649283174625, 28.43649283174625, 28.43649283174625, 28.43649283174625, 28.43649283174625, 28.43649283174625, 28.43649283174625, 28.43649283174625, 28.43649283174625, 28.43649283174625, 28.43649283174625], [6.182273888060912, 0.0, 35.47345200790235, 20.0115306461116, 32.63241684116617, 12.843498774582221, 22.31563716332538, 34.47828718223045, 35.572859280188275, 27.3177453359608, 9.28353698916193, 20.702905192780644, 21.699793602294246, 19.59052097438566, 25.898579326272163, 22.332158207003754, 22.332158207003754, 22.332158207003754, 22.332158207003754, 22.332158207003754, 22.332158207003754, 22.332158207003754, 22.332158207003754, 22.332158207003754, 22.332158207003754, 22.332158207003754, 22.332158207003754, 22.332158207003754, 22.332158207003754, 22.332158207003754, 24.40692582499994, 31.828912477451, 10.8131019528157, 22.083629005575172, 25.801565168003044, 1.982439841277052, 29.2097659552767, 6.3892484108588405, 23.87117012382076, 33.503278180594876, 35.855442497843015, 12.598391314447339, 22.698673029625688, 27.211973062433742, 10.626411694758257, 11.090365017812012, 29.1122113202934, 25.3278038463677, 16.30221446433934, 22.571382356137427, 6.182273888060912, 0.0, 35.47345200790235, 20.0115306461116, 32.63241684116617, 12.843498774582221, 22.31563716332538, 34.47828718223045, 35.572859280188275, 27.3177453359608, 9.28353698916193, 20.702905192780644, 21.699793602294246, 19.59052097438566, 25.898579326272163, 22.332158207003754, 22.332158207003754, 22.332158207003754, 22.332158207003754, 22.332158207003754, 22.332158207003754, 22.332158207003754, 22.332158207003754, 22.332158207003754, 22.332158207003754, 22.332158207003754, 22.332158207003754, 22.332158207003754, 22.332158207003754, 22.332158207003754], [30.524425438036115, 35.47345200790235, 0.0, 43.82206233332126, 9.024228276416542, 47.77050972379293, 24.63782966743665, 11.339249327534322, 28.75272672182201, 26.101610569788274, 44.704379121607204, 51.26897981512512, 50.96775781950793, 53.21258003932248, 40.55676351871136, 56.66464583845193, 56.66464583845193, 56.66464583845193, 56.66464583845193, 56.66464583845193, 56.66464583845193, 56.66464583845193, 56.66464583845193, 56.66464583845193, 56.66464583845193, 56.66464583845193, 56.66464583845193, 56.66464583845193, 56.66464583845193, 56.66464583845193, 34.47115566230466, 33.59448646379558, 39.946825193169026, 18.24652240795557, 19.399725949624244, 34.5121229370918, 43.84129697000016, 30.354577406077524, 58.90466358426187, 35.22303994988833, 5.728479912208945, 43.42258002868742, 13.38655116730944, 10.0396536931892, 43.94740115075025, 45.35642703074612, 31.644386340733064, 56.08646305044265, 32.53672921914061, 53.01901078239452, 30.524425438036115, 35.47345200790235, 0.0, 43.82206233332126, 9.024228276416542, 47.77050972379293, 24.63782966743665, 11.339249327534322, 28.75272672182201, 26.101610569788274, 44.704379121607204, 51.26897981512512, 50.96775781950793, 53.21258003932248, 40.55676351871136, 56.66464583845193, 56.66464583845193, 56.66464583845193, 56.66464583845193, 56.66464583845193, 56.66464583845193, 56.66464583845193, 56.66464583845193, 56.66464583845193, 56.66464583845193, 56.66464583845193, 56.66464583845193, 56.66464583845193, 56.66464583845193, 56.66464583845193], [24.730250330610147, 20.0115306461116, 43.82206233332126, 0.0, 37.117530691899724, 17.525687684470824, 20.35047754770907, 47.56552198542638, 53.64707229314317, 22.34079285868756, 19.36766507385505, 36.82807755602489, 8.732027904310153, 16.18455448876611, 9.705805835708684, 19.97067810642797, 19.97067810642797, 19.97067810642797, 19.97067810642797, 19.97067810642797, 19.97067810642797, 19.97067810642797, 19.97067810642797, 19.97067810642797, 19.97067810642797, 19.97067810642797, 19.97067810642797, 19.97067810642797, 19.97067810642797, 19.97067810642797, 44.17762615003492, 51.109729905973886, 30.03161418434735, 25.686968774034245, 42.05937523975996, 21.887056148888117, 11.363358864390156, 18.483624179529155, 32.10391433654899, 52.89473487433172, 41.49355595280806, 9.403018861403718, 30.916175225182016, 39.165322585289125, 27.110827925560237, 15.159894654409404, 19.876069489755135, 40.37940831319838, 36.07859191575159, 11.307098610319619, 24.730250330610147, 20.0115306461116, 43.82206233332126, 0.0, 37.117530691899724, 17.525687684470824, 20.35047754770907, 47.56552198542638, 53.64707229314317, 22.34079285868756, 19.36766507385505, 36.82807755602489, 8.732027904310153, 16.18455448876611, 9.705805835708684, 19.97067810642797, 19.97067810642797, 19.97067810642797, 19.97067810642797, 19.97067810642797, 19.97067810642797, 19.97067810642797, 19.97067810642797, 19.97067810642797, 19.97067810642797, 19.97067810642797, 19.97067810642797, 19.97067810642797, 19.97067810642797, 19.97067810642797], [28.879701814842583, 32.63241684116617, 9.024228276416542, 37.117530691899724, 0.0, 43.87127893888097, 16.997689163875922, 19.17014921434014, 35.32393862957663, 17.522666704762802, 41.418561833742025, 50.903503184084265, 44.91435893721925, 48.40405904871984, 32.639763773234435, 52.09468498450552, 52.09468498450552, 52.09468498450552, 52.09468498450552, 52.09468498450552, 52.09468498450552, 52.09468498450552, 52.09468498450552, 52.09468498450552, 52.09468498450552, 52.09468498450552, 52.09468498450552, 52.09468498450552, 52.09468498450552, 52.09468498450552, 37.878018249985914, 38.82521972707138, 39.33180124771457, 11.762506737404117, 24.01031839454874, 32.144050689104894, 35.70931783820757, 26.676309898686, 56.50348134153238, 40.6311557220456, 4.503341019765461, 38.287956186043516, 10.385005613302965, 13.99083139926066, 42.33960961911221, 41.19853952526782, 22.968764370630943, 55.7997484664239, 34.04773432235222, 47.16389758321664, 28.879701814842583, 32.63241684116617, 9.024228276416542, 37.117530691899724, 0.0, 43.87127893888097, 16.997689163875922, 19.17014921434014, 35.32393862957663, 17.522666704762802, 41.418561833742025, 50.903503184084265, 44.91435893721925, 48.40405904871984, 32.639763773234435, 52.09468498450552, 52.09468498450552, 52.09468498450552, 52.09468498450552, 52.09468498450552, 52.09468498450552, 52.09468498450552, 52.09468498450552, 52.09468498450552, 52.09468498450552, 52.09468498450552, 52.09468498450552, 52.09468498450552, 52.09468498450552, 52.09468498450552], [18.89838464960527, 12.843498774582221, 47.77050972379293, 17.525687684470824, 43.87127893888097, 0.0, 30.384181110551932, 47.32047714437447, 47.28304612868063, 34.51396300970288, 4.301142351186053, 20.22055942561838, 13.621396604267646, 7.471123129823462, 26.698200156712918, 9.557754168698622, 9.557754168698622, 9.557754168698622, 9.557754168698622, 9.557754168698622, 9.557754168698622, 9.557754168698622, 9.557754168698622, 9.557754168698622, 9.557754168698622, 9.557754168698622, 9.557754168698622, 9.557754168698622, 9.557754168698622, 9.557754168698622, 34.37212743015094, 42.47214386616243, 17.194843744126903, 32.44737232438384, 38.43376196385412, 14.417814307548303, 28.85935360222476, 17.44518103414799, 15.004945745583028, 43.921265539780194, 47.519940745095376, 8.464037752029302, 34.59414703895679, 39.94765511236604, 12.161602841583525, 2.924585961682307, 34.32102804849525, 23.199866098110395, 26.791585815840545, 13.089148418247142, 18.89838464960527, 12.843498774582221, 47.77050972379293, 17.525687684470824, 43.87127893888097, 0.0, 30.384181110551932, 47.32047714437447, 47.28304612868063, 34.51396300970288, 4.301142351186053, 20.22055942561838, 13.621396604267646, 7.471123129823462, 26.698200156712918, 9.557754168698622, 9.557754168698622, 9.557754168698622, 9.557754168698622, 9.557754168698622, 9.557754168698622, 9.557754168698622, 9.557754168698622, 9.557754168698622, 9.557754168698622, 9.557754168698622, 9.557754168698622, 9.557754168698622, 9.557754168698622, 9.557754168698622], [21.7927128719045, 22.31563716332538, 24.63782966743665, 20.35047754770907, 16.997689163875922, 30.384181110551932, 0.0, 31.06853142069605, 42.38630159719051, 5.222606044471606, 29.13418670250354, 42.9455835905741, 28.556799174055435, 33.374419329784516, 15.92220675516139, 37.25701053884403, 37.25701053884403, 37.25701053884403, 37.25701053884403, 37.25701053884403, 37.25701053884403, 37.25701053884403, 37.25701053884403, 37.25701053884403, 37.25701053884403, 37.25701053884403, 37.25701053884403, 37.25701053884403, 37.25701053884403, 37.25701053884403, 38.48656209607851, 42.79943096419272, 32.14811819274998, 6.898092666660939, 29.66120011342044, 22.84456982140768, 19.2821717659368, 16.059264365604406, 44.695654414914905, 44.7451497490805, 21.470705247705116, 23.265426363806117, 13.67878024463627, 22.89972538936259, 32.93979891916596, 27.48285407071454, 9.273640737739802, 47.63070800596553, 31.76882603806185, 30.9546482806705, 21.7927128719045, 22.31563716332538, 24.63782966743665, 20.35047754770907, 16.997689163875922, 30.384181110551932, 0.0, 31.06853142069605, 42.38630159719051, 5.222606044471606, 29.13418670250354, 42.9455835905741, 28.556799174055435, 33.374419329784516, 15.92220675516139, 37.25701053884403, 37.25701053884403, 37.25701053884403, 37.25701053884403, 37.25701053884403, 37.25701053884403, 37.25701053884403, 37.25701053884403, 37.25701053884403, 37.25701053884403, 37.25701053884403, 37.25701053884403, 37.25701053884403, 37.25701053884403, 37.25701053884403], [28.555847445094923, 34.47828718223045, 11.339249327534322, 47.56552198542638, 19.17014921434014, 47.32047714437447, 31.06853142069605, 0.0, 17.664634881795198, 33.97901584637889, 43.608725365060195, 46.21141201182472, 53.41840237931526, 53.768637477958556, 46.475882548592395, 56.76209536218404, 56.76209536218404, 56.76209536218404, 56.76209536218404, 56.76209536218404, 56.76209536218404, 56.76209536218404, 56.76209536218404, 56.76209536218404, 56.76209536218404, 56.76209536218404, 56.76209536218404, 56.76209536218404, 56.76209536218404, 56.76209536218404, 25.997440139738057, 23.358124380547004, 35.792911139202964, 24.17089355588906, 11.216345026062328, 33.007652472339856, 50.06691975620835, 30.970080460386853, 56.05199817294753, 24.79313824797998, 16.936733309754555, 44.88707840170801, 17.473059939661173, 8.44388275430788, 40.75915035778289, 45.37830241151055, 39.48956971722515, 50.76213101667412, 26.413417130736068, 55.09675628067617, 28.555847445094923, 34.47828718223045, 11.339249327534322, 47.56552198542638, 19.17014921434014, 47.32047714437447, 31.06853142069605, 0.0, 17.664634881795198, 33.97901584637889, 43.608725365060195, 46.21141201182472, 53.41840237931526, 53.768637477958556, 46.475882548592395, 56.76209536218404, 56.76209536218404, 56.76209536218404, 56.76209536218404, 56.76209536218404, 56.76209536218404, 56.76209536218404, 56.76209536218404, 56.76209536218404, 56.76209536218404, 56.76209536218404, 56.76209536218404, 56.76209536218404, 56.76209536218404, 56.76209536218404], [29.612983774807446, 35.572859280188275, 28.75272672182201, 53.64707229314317, 35.32393862957663, 47.28304612868063, 42.38630159719051, 17.664634881795198, 0.0, 46.586974640457996, 43.02217718266318, 38.62869651295957, 57.14412198558831, 54.63496644154471, 55.604558460759804, 56.67469720474571, 56.67469720474571, 56.67469720474571, 56.67469720474571, 56.67469720474571, 56.67469720474571, 56.67469720474571, 56.67469720474571, 56.67469720474571, 56.67469720474571, 56.67469720474571, 56.67469720474571, 56.67469720474571, 56.67469720474571, 56.67469720474571, 15.02404782545918, 7.89191912278485, 31.394608816998822, 36.089569135550065, 12.727737204402631, 33.63504012286861, 59.35114758462922, 35.17723702582782, 51.31295832012081, 8.427720529339378, 34.04922127880519, 48.01077085466025, 29.55721340855563, 21.541373187487903, 37.16785005717848, 46.29477729096946, 51.609653871736214, 42.25947067465861, 20.77111388039878, 58.138820368809526, 29.612983774807446, 35.572859280188275, 28.75272672182201, 53.64707229314317, 35.32393862957663, 47.28304612868063, 42.38630159719051, 17.664634881795198, 0.0, 46.586974640457996, 43.02217718266318, 38.62869651295957, 57.14412198558831, 54.63496644154471, 55.604558460759804, 56.67469720474571, 56.67469720474571, 56.67469720474571, 56.67469720474571, 56.67469720474571, 56.67469720474571, 56.67469720474571, 56.67469720474571, 56.67469720474571, 56.67469720474571, 56.67469720474571, 56.67469720474571, 56.67469720474571, 56.67469720474571, 56.67469720474571], [27.011367631844376, 27.3177453359608, 26.101610569788274, 22.34079285868756, 17.522666704762802, 34.51396300970288, 5.222606044471606, 33.97901584637889, 46.586974640457996, 0.0, 33.646204621461834, 48.00234495673594, 30.96082912097683, 36.754470790447485, 15.6900631898994, 40.68154646052561, 40.68154646052561, 40.68154646052561, 40.68154646052561, 40.68154646052561, 40.68154646052561, 40.68154646052561, 40.68154646052561, 40.68154646052561, 40.68154646052561, 40.68154646052561, 40.68154646052561, 40.68154646052561, 40.68154646052561, 40.68154646052561, 43.48826577577027, 47.47845710963896, 37.31656146689872, 10.497789364659264, 33.88365568953243, 27.946165935443194, 18.40465910453234, 21.153970440405132, 49.12850362720135, 49.42336333850538, 21.973286900550953, 26.88848972683792, 17.19622587843253, 26.216849443416706, 37.915987306723764, 31.590097097303097, 5.57248271876079, 52.64416944306874, 36.91843171827042, 33.47625463442124, 27.011367631844376, 27.3177453359608, 26.101610569788274, 22.34079285868756, 17.522666704762802, 34.51396300970288, 5.222606044471606, 33.97901584637889, 46.586974640457996, 0.0, 33.646204621461834, 48.00234495673594, 30.96082912097683, 36.754470790447485, 15.6900631898994, 40.68154646052561, 40.68154646052561, 40.68154646052561, 40.68154646052561, 40.68154646052561, 40.68154646052561, 40.68154646052561, 40.68154646052561, 40.68154646052561, 40.68154646052561, 40.68154646052561, 40.68154646052561, 40.68154646052561, 40.68154646052561, 40.68154646052561], [15.060108739507621, 9.28353698916193, 44.704379121607204, 19.36766507385505, 41.418561833742025, 4.301142351186053, 29.13418670250354, 43.608725365060195, 43.02217718266318, 33.646204621461834, 0.0, 17.474550140676513, 17.079485573079122, 11.767049105639048, 27.82240220045232, 13.692797474831801, 13.692797474831801, 13.692797474831801, 13.692797474831801, 13.692797474831801, 13.692797474831801, 13.692797474831801, 13.692797474831801, 13.692797474831801, 13.692797474831801, 13.692797474831801, 13.692797474831801, 13.692797474831801, 13.692797474831801, 13.692797474831801, 30.079911613531568, 38.1712004958754, 12.991236421839538, 30.330087059537615, 34.41779814749601, 10.602102752127285, 30.400472892877268, 14.742629264454928, 15.572181820862905, 39.62378447372325, 44.85075510016606, 9.970693987119734, 31.758756406715023, 36.48122547446837, 8.326810436858745, 4.581541208935821, 34.14953462238336, 21.081151511947173, 22.493602616609554, 16.930845980956093, 15.060108739507621, 9.28353698916193, 44.704379121607204, 19.36766507385505, 41.418561833742025, 4.301142351186053, 29.13418670250354, 43.608725365060195, 43.02217718266318, 33.646204621461834, 0.0, 17.474550140676513, 17.079485573079122, 11.767049105639048, 27.82240220045232, 13.692797474831801, 13.692797474831801, 13.692797474831801, 13.692797474831801, 13.692797474831801, 13.692797474831801, 13.692797474831801, 13.692797474831801, 13.692797474831801, 13.692797474831801, 13.692797474831801, 13.692797474831801, 13.692797474831801, 13.692797474831801, 13.692797474831801], [22.232197429248817, 20.702905192780644, 51.26897981512512, 36.82807755602489, 50.903503184084265, 20.22055942561838, 42.9455835905741, 46.21141201182472, 38.62869651295957, 48.00234495673594, 17.474550140676513, 0.0, 33.82320961050619, 26.258771664149727, 44.931464155592295, 25.799783948809928, 25.799783948809928, 25.799783948809928, 25.799783948809928, 25.799783948809928, 25.799783948809928, 25.799783948809928, 25.799783948809928, 25.799783948809928, 25.799783948809928, 25.799783948809928, 25.799783948809928, 25.799783948809928, 25.799783948809928, 25.799783948809928, 23.60864208418042, 31.572602544045125, 11.572035614901008, 41.80975362923536, 35.149935022707254, 20.120883074712527, 47.71915484169418, 26.888286500337802, 14.061734128545252, 32.30144432339158, 53.251348572790214, 27.442151084150968, 40.51871847133086, 41.48578218003047, 10.29263428855649, 21.891662503153306, 49.71040245638386, 4.896544030734075, 19.855566394362228, 33.04616288360284, 22.232197429248817, 20.702905192780644, 51.26897981512512, 36.82807755602489, 50.903503184084265, 20.22055942561838, 42.9455835905741, 46.21141201182472, 38.62869651295957, 48.00234495673594, 17.474550140676513, 0.0, 33.82320961050619, 26.258771664149727, 44.931464155592295, 25.799783948809928, 25.799783948809928, 25.799783948809928, 25.799783948809928, 25.799783948809928, 25.799783948809928, 25.799783948809928, 25.799783948809928, 25.799783948809928, 25.799783948809928, 25.799783948809928, 25.799783948809928, 25.799783948809928, 25.799783948809928, 25.799783948809928], [27.53122460503476, 21.699793602294246, 50.96775781950793, 8.732027904310153, 44.91435893721925, 13.621396604267646, 28.556799174055435, 53.41840237931526, 57.14412198558831, 30.96082912097683, 17.079485573079122, 33.82320961050619, 0.0, 9.00163664997295, 17.96669710217727, 12.237782493854075, 12.237782493854075, 12.237782493854075, 12.237782493854075, 12.237782493854075, 12.237782493854075, 12.237782493854075, 12.237782493854075, 12.237782493854075, 12.237782493854075, 12.237782493854075, 12.237782493854075, 12.237782493854075, 12.237782493854075, 12.237782493854075, 45.86630219197043, 53.4982622864316, 29.71315900331802, 33.23294323354481, 46.52302491927096, 23.677976421026212, 18.631762639962705, 22.705463616115782, 26.165724265755617, 55.1384612243801, 49.17089303881272, 9.13552554046849, 37.70817817602058, 45.21768136950119, 25.40534261737494, 12.536087188848416, 28.600892658097536, 36.558744439186725, 37.84258139286857, 2.587000113993703, 27.53122460503476, 21.699793602294246, 50.96775781950793, 8.732027904310153, 44.91435893721925, 13.621396604267646, 28.556799174055435, 53.41840237931526, 57.14412198558831, 30.96082912097683, 17.079485573079122, 33.82320961050619, 0.0, 9.00163664997295, 17.96669710217727, 12.237782493854075, 12.237782493854075, 12.237782493854075, 12.237782493854075, 12.237782493854075, 12.237782493854075, 12.237782493854075, 12.237782493854075, 12.237782493854075, 12.237782493854075, 12.237782493854075, 12.237782493854075, 12.237782493854075, 12.237782493854075, 12.237782493854075], [25.76810755221764, 19.59052097438566, 53.21258003932248, 16.18455448876611, 48.40405904871984, 7.471123129823462, 33.374419329784516, 53.768637477958556, 54.63496644154471, 36.754470790447485, 11.767049105639048, 26.258771664149727, 9.00163664997295, 0.0, 25.88834172679496, 3.9323793442692194, 3.9323793442692194, 3.9323793442692194, 3.9323793442692194, 3.9323793442692194, 3.9323793442692194, 3.9323793442692194, 3.9323793442692194, 3.9323793442692194, 3.9323793442692194, 3.9323793442692194, 3.9323793442692194, 3.9323793442692194, 3.9323793442692194, 3.9323793442692194, 41.84324318026653, 49.93444340827335, 24.626459263747446, 36.68781494812288, 45.38996405528794, 21.354779224592836, 27.146819774465705, 23.05606604408139, 17.22850661564439, 51.390753321496575, 52.345826337916506, 10.179743322483256, 39.84761884004442, 46.067000410468914, 19.39579566554557, 8.50064292590718, 35.42120666021849, 28.398621699191768, 34.23526713227551, 7.287418246120993, 25.76810755221764, 19.59052097438566, 53.21258003932248, 16.18455448876611, 48.40405904871984, 7.471123129823462, 33.374419329784516, 53.768637477958556, 54.63496644154471, 36.754470790447485, 11.767049105639048, 26.258771664149727, 9.00163664997295, 0.0, 25.88834172679496, 3.9323793442692194, 3.9323793442692194, 3.9323793442692194, 3.9323793442692194, 3.9323793442692194, 3.9323793442692194, 3.9323793442692194, 3.9323793442692194, 3.9323793442692194, 3.9323793442692194, 3.9323793442692194, 3.9323793442692194, 3.9323793442692194, 3.9323793442692194, 3.9323793442692194], [29.040496427986263, 25.898579326272163, 40.55676351871136, 9.705805835708684, 32.639763773234435, 26.698200156712918, 15.92220675516139, 46.475882548592395, 55.604558460759804, 15.6900631898994, 27.82240220045232, 44.931464155592295, 17.96669710217727, 25.88834172679496, 0.0, 29.652947737805388, 29.652947737805388, 29.652947737805388, 29.652947737805388, 29.652947737805388, 29.652947737805388, 29.652947737805388, 29.652947737805388, 29.652947737805388, 29.652947737805388, 29.652947737805388, 29.652947737805388, 29.652947737805388, 29.652947737805388, 29.652947737805388, 48.41702285352583, 54.401613644093246, 36.641012631873195, 22.59991980786033, 43.204989010835796, 27.461046187278903, 3.7465951701637494, 22.095226828349393, 41.55028879842483, 56.292037182149535, 37.143069218033155, 18.25621760871736, 29.026383735986364, 38.09795850736825, 34.798356283916384, 24.07181813076248, 11.60377305818985, 48.8566855225025, 40.590873905646795, 20.534694894461396, 29.040496427986263, 25.898579326272163, 40.55676351871136, 9.705805835708684, 32.639763773234435, 26.698200156712918, 15.92220675516139, 46.475882548592395, 55.604558460759804, 15.6900631898994, 27.82240220045232, 44.931464155592295, 17.96669710217727, 25.88834172679496, 0.0, 29.652947737805388, 29.652947737805388, 29.652947737805388, 29.652947737805388, 29.652947737805388, 29.652947737805388, 29.652947737805388, 29.652947737805388, 29.652947737805388, 29.652947737805388, 29.652947737805388, 29.652947737805388, 29.652947737805388, 29.652947737805388, 29.652947737805388], [28.43649283174625, 22.332158207003754, 56.66464583845193, 19.97067810642797, 52.09468498450552, 9.557754168698622, 37.25701053884403, 56.76209536218404, 56.67469720474571, 40.68154646052561, 13.692797474831801, 25.799783948809928, 12.237782493854075, 3.9323793442692194, 29.652947737805388, 0.0, 0.0, 0.0, 0.0, 0.0, 0.0, 0.0, 0.0, 0.0, 0.0, 0.0, 0.0, 0.0, 0.0, 0.0, 43.34877554423544, 51.56989034489088, 25.927126806258592, 40.41456952491353, 47.991103057147534, 23.961376286355026, 30.738998689669586, 26.364291338860852, 14.985634398139691, 52.932443600867295, 55.97497130345578, 14.01141157481841, 43.33903726170824, 49.233958278074624, 20.35744600498339, 11.422564595057837, 39.33747278161213, 27.288958728932812, 36.03312813855875, 10.074529928855293, 28.43649283174625, 22.332158207003754, 56.66464583845193, 19.97067810642797, 52.09468498450552, 9.557754168698622, 37.25701053884403, 56.76209536218404, 56.67469720474571, 40.68154646052561, 13.692797474831801, 25.799783948809928, 12.237782493854075, 3.9323793442692194, 29.652947737805388, 0.0, 0.0, 0.0, 0.0, 0.0, 0.0, 0.0, 0.0, 0.0, 0.0, 0.0, 0.0, 0.0, 0.0, 0.0], [28.43649283174625, 22.332158207003754, 56.66464583845193, 19.97067810642797, 52.09468498450552, 9.557754168698622, 37.25701053884403, 56.76209536218404, 56.67469720474571, 40.68154646052561, 13.692797474831801, 25.799783948809928, 12.237782493854075, 3.9323793442692194, 29.652947737805388, 0.0, 0.0, 0.0, 0.0, 0.0, 0.0, 0.0, 0.0, 0.0, 0.0, 0.0, 0.0, 0.0, 0.0, 0.0, 43.34877554423544, 51.56989034489088, 25.927126806258592, 40.41456952491353, 47.991103057147534, 23.961376286355026, 30.738998689669586, 26.364291338860852, 14.985634398139691, 52.932443600867295, 55.97497130345578, 14.01141157481841, 43.33903726170824, 49.233958278074624, 20.35744600498339, 11.422564595057837, 39.33747278161213, 27.288958728932812, 36.03312813855875, 10.074529928855293, 28.43649283174625, 22.332158207003754, 56.66464583845193, 19.97067810642797, 52.09468498450552, 9.557754168698622, 37.25701053884403, 56.76209536218404, 56.67469720474571, 40.68154646052561, 13.692797474831801, 25.799783948809928, 12.237782493854075, 3.9323793442692194, 29.652947737805388, 0.0, 0.0, 0.0, 0.0, 0.0, 0.0, 0.0, 0.0, 0.0, 0.0, 0.0, 0.0, 0.0, 0.0, 0.0], [28.43649283174625, 22.332158207003754, 56.66464583845193, 19.97067810642797, 52.09468498450552, 9.557754168698622, 37.25701053884403, 56.76209536218404, 56.67469720474571, 40.68154646052561, 13.692797474831801, 25.799783948809928, 12.237782493854075, 3.9323793442692194, 29.652947737805388, 0.0, 0.0, 0.0, 0.0, 0.0, 0.0, 0.0, 0.0, 0.0, 0.0, 0.0, 0.0, 0.0, 0.0, 0.0, 43.34877554423544, 51.56989034489088, 25.927126806258592, 40.41456952491353, 47.991103057147534, 23.961376286355026, 30.738998689669586, 26.364291338860852, 14.985634398139691, 52.932443600867295, 55.97497130345578, 14.01141157481841, 43.33903726170824, 49.233958278074624, 20.35744600498339, 11.422564595057837, 39.33747278161213, 27.288958728932812, 36.03312813855875, 10.074529928855293, 28.43649283174625, 22.332158207003754, 56.66464583845193, 19.97067810642797, 52.09468498450552, 9.557754168698622, 37.25701053884403, 56.76209536218404, 56.67469720474571, 40.68154646052561, 13.692797474831801, 25.799783948809928, 12.237782493854075, 3.9323793442692194, 29.652947737805388, 0.0, 0.0, 0.0, 0.0, 0.0, 0.0, 0.0, 0.0, 0.0, 0.0, 0.0, 0.0, 0.0, 0.0, 0.0], [28.43649283174625, 22.332158207003754, 56.66464583845193, 19.97067810642797, 52.09468498450552, 9.557754168698622, 37.25701053884403, 56.76209536218404, 56.67469720474571, 40.68154646052561, 13.692797474831801, 25.799783948809928, 12.237782493854075, 3.9323793442692194, 29.652947737805388, 0.0, 0.0, 0.0, 0.0, 0.0, 0.0, 0.0, 0.0, 0.0, 0.0, 0.0, 0.0, 0.0, 0.0, 0.0, 43.34877554423544, 51.56989034489088, 25.927126806258592, 40.41456952491353, 47.991103057147534, 23.961376286355026, 30.738998689669586, 26.364291338860852, 14.985634398139691, 52.932443600867295, 55.97497130345578, 14.01141157481841, 43.33903726170824, 49.233958278074624, 20.35744600498339, 11.422564595057837, 39.33747278161213, 27.288958728932812, 36.03312813855875, 10.074529928855293, 28.43649283174625, 22.332158207003754, 56.66464583845193, 19.97067810642797, 52.09468498450552, 9.557754168698622, 37.25701053884403, 56.76209536218404, 56.67469720474571, 40.68154646052561, 13.692797474831801, 25.799783948809928, 12.237782493854075, 3.9323793442692194, 29.652947737805388, 0.0, 0.0, 0.0, 0.0, 0.0, 0.0, 0.0, 0.0, 0.0, 0.0, 0.0, 0.0, 0.0, 0.0, 0.0], [28.43649283174625, 22.332158207003754, 56.66464583845193, 19.97067810642797, 52.09468498450552, 9.557754168698622, 37.25701053884403, 56.76209536218404, 56.67469720474571, 40.68154646052561, 13.692797474831801, 25.799783948809928, 12.237782493854075, 3.9323793442692194, 29.652947737805388, 0.0, 0.0, 0.0, 0.0, 0.0, 0.0, 0.0, 0.0, 0.0, 0.0, 0.0, 0.0, 0.0, 0.0, 0.0, 43.34877554423544, 51.56989034489088, 25.927126806258592, 40.41456952491353, 47.991103057147534, 23.961376286355026, 30.738998689669586, 26.364291338860852, 14.985634398139691, 52.932443600867295, 55.97497130345578, 14.01141157481841, 43.33903726170824, 49.233958278074624, 20.35744600498339, 11.422564595057837, 39.33747278161213, 27.288958728932812, 36.03312813855875, 10.074529928855293, 28.43649283174625, 22.332158207003754, 56.66464583845193, 19.97067810642797, 52.09468498450552, 9.557754168698622, 37.25701053884403, 56.76209536218404, 56.67469720474571, 40.68154646052561, 13.692797474831801, 25.799783948809928, 12.237782493854075, 3.9323793442692194, 29.652947737805388, 0.0, 0.0, 0.0, 0.0, 0.0, 0.0, 0.0, 0.0, 0.0, 0.0, 0.0, 0.0, 0.0, 0.0, 0.0], [28.43649283174625, 22.332158207003754, 56.66464583845193, 19.97067810642797, 52.09468498450552, 9.557754168698622, 37.25701053884403, 56.76209536218404, 56.67469720474571, 40.68154646052561, 13.692797474831801, 25.799783948809928, 12.237782493854075, 3.9323793442692194, 29.652947737805388, 0.0, 0.0, 0.0, 0.0, 0.0, 0.0, 0.0, 0.0, 0.0, 0.0, 0.0, 0.0, 0.0, 0.0, 0.0, 43.34877554423544, 51.56989034489088, 25.927126806258592, 40.41456952491353, 47.991103057147534, 23.961376286355026, 30.738998689669586, 26.364291338860852, 14.985634398139691, 52.932443600867295, 55.97497130345578, 14.01141157481841, 43.33903726170824, 49.233958278074624, 20.35744600498339, 11.422564595057837, 39.33747278161213, 27.288958728932812, 36.03312813855875, 10.074529928855293, 28.43649283174625, 22.332158207003754, 56.66464583845193, 19.97067810642797, 52.09468498450552, 9.557754168698622, 37.25701053884403, 56.76209536218404, 56.67469720474571, 40.68154646052561, 13.692797474831801, 25.799783948809928, 12.237782493854075, 3.9323793442692194, 29.652947737805388, 0.0, 0.0, 0.0, 0.0, 0.0, 0.0, 0.0, 0.0, 0.0, 0.0, 0.0, 0.0, 0.0, 0.0, 0.0], [28.43649283174625, 22.332158207003754, 56.66464583845193, 19.97067810642797, 52.09468498450552, 9.557754168698622, 37.25701053884403, 56.76209536218404, 56.67469720474571, 40.68154646052561, 13.692797474831801, 25.799783948809928, 12.237782493854075, 3.9323793442692194, 29.652947737805388, 0.0, 0.0, 0.0, 0.0, 0.0, 0.0, 0.0, 0.0, 0.0, 0.0, 0.0, 0.0, 0.0, 0.0, 0.0, 43.34877554423544, 51.56989034489088, 25.927126806258592, 40.41456952491353, 47.991103057147534, 23.961376286355026, 30.738998689669586, 26.364291338860852, 14.985634398139691, 52.932443600867295, 55.97497130345578, 14.01141157481841, 43.33903726170824, 49.233958278074624, 20.35744600498339, 11.422564595057837, 39.33747278161213, 27.288958728932812, 36.03312813855875, 10.074529928855293, 28.43649283174625, 22.332158207003754, 56.66464583845193, 19.97067810642797, 52.09468498450552, 9.557754168698622, 37.25701053884403, 56.76209536218404, 56.67469720474571, 40.68154646052561, 13.692797474831801, 25.799783948809928, 12.237782493854075, 3.9323793442692194, 29.652947737805388, 0.0, 0.0, 0.0, 0.0, 0.0, 0.0, 0.0, 0.0, 0.0, 0.0, 0.0, 0.0, 0.0, 0.0, 0.0], [28.43649283174625, 22.332158207003754, 56.66464583845193, 19.97067810642797, 52.09468498450552, 9.557754168698622, 37.25701053884403, 56.76209536218404, 56.67469720474571, 40.68154646052561, 13.692797474831801, 25.799783948809928, 12.237782493854075, 3.9323793442692194, 29.652947737805388, 0.0, 0.0, 0.0, 0.0, 0.0, 0.0, 0.0, 0.0, 0.0, 0.0, 0.0, 0.0, 0.0, 0.0, 0.0, 43.34877554423544, 51.56989034489088, 25.927126806258592, 40.41456952491353, 47.991103057147534, 23.961376286355026, 30.738998689669586, 26.364291338860852, 14.985634398139691, 52.932443600867295, 55.97497130345578, 14.01141157481841, 43.33903726170824, 49.233958278074624, 20.35744600498339, 11.422564595057837, 39.33747278161213, 27.288958728932812, 36.03312813855875, 10.074529928855293, 28.43649283174625, 22.332158207003754, 56.66464583845193, 19.97067810642797, 52.09468498450552, 9.557754168698622, 37.25701053884403, 56.76209536218404, 56.67469720474571, 40.68154646052561, 13.692797474831801, 25.799783948809928, 12.237782493854075, 3.9323793442692194, 29.652947737805388, 0.0, 0.0, 0.0, 0.0, 0.0, 0.0, 0.0, 0.0, 0.0, 0.0, 0.0, 0.0, 0.0, 0.0, 0.0], [28.43649283174625, 22.332158207003754, 56.66464583845193, 19.97067810642797, 52.09468498450552, 9.557754168698622, 37.25701053884403, 56.76209536218404, 56.67469720474571, 40.68154646052561, 13.692797474831801, 25.799783948809928, 12.237782493854075, 3.9323793442692194, 29.652947737805388, 0.0, 0.0, 0.0, 0.0, 0.0, 0.0, 0.0, 0.0, 0.0, 0.0, 0.0, 0.0, 0.0, 0.0, 0.0, 43.34877554423544, 51.56989034489088, 25.927126806258592, 40.41456952491353, 47.991103057147534, 23.961376286355026, 30.738998689669586, 26.364291338860852, 14.985634398139691, 52.932443600867295, 55.97497130345578, 14.01141157481841, 43.33903726170824, 49.233958278074624, 20.35744600498339, 11.422564595057837, 39.33747278161213, 27.288958728932812, 36.03312813855875, 10.074529928855293, 28.43649283174625, 22.332158207003754, 56.66464583845193, 19.97067810642797, 52.09468498450552, 9.557754168698622, 37.25701053884403, 56.76209536218404, 56.67469720474571, 40.68154646052561, 13.692797474831801, 25.799783948809928, 12.237782493854075, 3.9323793442692194, 29.652947737805388, 0.0, 0.0, 0.0, 0.0, 0.0, 0.0, 0.0, 0.0, 0.0, 0.0, 0.0, 0.0, 0.0, 0.0, 0.0], [28.43649283174625, 22.332158207003754, 56.66464583845193, 19.97067810642797, 52.09468498450552, 9.557754168698622, 37.25701053884403, 56.76209536218404, 56.67469720474571, 40.68154646052561, 13.692797474831801, 25.799783948809928, 12.237782493854075, 3.9323793442692194, 29.652947737805388, 0.0, 0.0, 0.0, 0.0, 0.0, 0.0, 0.0, 0.0, 0.0, 0.0, 0.0, 0.0, 0.0, 0.0, 0.0, 43.34877554423544, 51.56989034489088, 25.927126806258592, 40.41456952491353, 47.991103057147534, 23.961376286355026, 30.738998689669586, 26.364291338860852, 14.985634398139691, 52.932443600867295, 55.97497130345578, 14.01141157481841, 43.33903726170824, 49.233958278074624, 20.35744600498339, 11.422564595057837, 39.33747278161213, 27.288958728932812, 36.03312813855875, 10.074529928855293, 28.43649283174625, 22.332158207003754, 56.66464583845193, 19.97067810642797, 52.09468498450552, 9.557754168698622, 37.25701053884403, 56.76209536218404, 56.67469720474571, 40.68154646052561, 13.692797474831801, 25.799783948809928, 12.237782493854075, 3.9323793442692194, 29.652947737805388, 0.0, 0.0, 0.0, 0.0, 0.0, 0.0, 0.0, 0.0, 0.0, 0.0, 0.0, 0.0, 0.0, 0.0, 0.0], [28.43649283174625, 22.332158207003754, 56.66464583845193, 19.97067810642797, 52.09468498450552, 9.557754168698622, 37.25701053884403, 56.76209536218404, 56.67469720474571, 40.68154646052561, 13.692797474831801, 25.799783948809928, 12.237782493854075, 3.9323793442692194, 29.652947737805388, 0.0, 0.0, 0.0, 0.0, 0.0, 0.0, 0.0, 0.0, 0.0, 0.0, 0.0, 0.0, 0.0, 0.0, 0.0, 43.34877554423544, 51.56989034489088, 25.927126806258592, 40.41456952491353, 47.991103057147534, 23.961376286355026, 30.738998689669586, 26.364291338860852, 14.985634398139691, 52.932443600867295, 55.97497130345578, 14.01141157481841, 43.33903726170824, 49.233958278074624, 20.35744600498339, 11.422564595057837, 39.33747278161213, 27.288958728932812, 36.03312813855875, 10.074529928855293, 28.43649283174625, 22.332158207003754, 56.66464583845193, 19.97067810642797, 52.09468498450552, 9.557754168698622, 37.25701053884403, 56.76209536218404, 56.67469720474571, 40.68154646052561, 13.692797474831801, 25.799783948809928, 12.237782493854075, 3.9323793442692194, 29.652947737805388, 0.0, 0.0, 0.0, 0.0, 0.0, 0.0, 0.0, 0.0, 0.0, 0.0, 0.0, 0.0, 0.0, 0.0, 0.0], [28.43649283174625, 22.332158207003754, 56.66464583845193, 19.97067810642797, 52.09468498450552, 9.557754168698622, 37.25701053884403, 56.76209536218404, 56.67469720474571, 40.68154646052561, 13.692797474831801, 25.799783948809928, 12.237782493854075, 3.9323793442692194, 29.652947737805388, 0.0, 0.0, 0.0, 0.0, 0.0, 0.0, 0.0, 0.0, 0.0, 0.0, 0.0, 0.0, 0.0, 0.0, 0.0, 43.34877554423544, 51.56989034489088, 25.927126806258592, 40.41456952491353, 47.991103057147534, 23.961376286355026, 30.738998689669586, 26.364291338860852, 14.985634398139691, 52.932443600867295, 55.97497130345578, 14.01141157481841, 43.33903726170824, 49.233958278074624, 20.35744600498339, 11.422564595057837, 39.33747278161213, 27.288958728932812, 36.03312813855875, 10.074529928855293, 28.43649283174625, 22.332158207003754, 56.66464583845193, 19.97067810642797, 52.09468498450552, 9.557754168698622, 37.25701053884403, 56.76209536218404, 56.67469720474571, 40.68154646052561, 13.692797474831801, 25.799783948809928, 12.237782493854075, 3.9323793442692194, 29.652947737805388, 0.0, 0.0, 0.0, 0.0, 0.0, 0.0, 0