{"num_workers": 30, "num_roles": 5, "num_nodes": 80, "w": [[60, 60], [30, 30], [0, 0], [120, 120], [30, 30], [150, 150], [30, 30], [180, 180], [60, 60], [210, 210], [90, 90], [270, 270], [30, 30], [90, 90], [180, 180], [90, 90], [0, 0], [0, 0], [30, 30], [300, 300], [30, 30], [60, 60], [240, 240], [90, 90], [60, 60], [30, 30], [120, 120], [180, 180], [30, 30], [30, 30], [300, 420], [180, 240], [120, 450], [60, 270], [210, 240], [210, 330], [120, 330], [120, 180], [30, 210], [60, 120], [120, 390], [240, 420], [180, 420], [180, 390], [180, 270], [60, 390], [180, 390], [150, 270], [180, 390], [120, 210], [450, 450], [360, 360], [450, 450], [420, 420], [90, 90], [180, 180], [420, 420], [330, 330], [480, 480], [390, 390], [180, 180], [450, 450], [450, 450], [300, 300], [300, 300], [240, 240], [450, 450], [270, 270], [390, 390], [420, 420], [420, 420], [480, 480], [330, 330], [330, 330], [480, 480], [300, 300], [390, 390], [330, 330], [90, 90], [330, 330]], "p": [0, 0, 0, 0, 0, 0, 0, 0, 0, 0, 0, 0, 0, 0, 0, 0, 0, 0, 0, 0, 0, 0, 0, 0, 0, 0, 0, 0, 0, 0, 64.30949783437072, 63.66023373029236, 62.36673740962874, 23.79641155655117, 62.048736877501355, 47.40433179247469, 36.74388140148557, 27.04981386653209, 62.981766222199205, 22.38333803430585, 50.867375638539365, 72.04870939612695, 24.54631776669877, 56.50135770737566, 20.81060600614847, 26.989639029528764, 67.39538173136987, 17.835587620883807, 31.339896335433593, 20.027292739440135, 0, 0, 0, 0, 0, 0, 0, 0, 0, 0, 0, 0, 0, 0, 0, 0, 0, 0, 0, 0, 0, 0, 0, 0, 0, 0, 0, 0, 0, 0], "e": [[1, 0, 0, 1, 0], [0, 1, 1, 0, 0], [1, 0, 0, 0, 1], [1, 0, 1, 0, 0], [1, 0, 0, 1, 0], [0, 1, 0, 0, 1], [0, 1, 0, 0, 0], [0, 1, 0, 0, 0], [0, 1, 0, 0, 0], [0, 0, 0, 1, 0], [1, 0, 0, 0, 0], [0, 1, 0, 0, 0], [0, 1, 0, 0, 0], [1, 0, 0, 0, 0], [0, 0, 0, 0, 1], [0, 0, 1, 0, 0], [1, 0, 0, 0, 0], [0, 0, 0, 0, 1], [0, 0, 1, 0, 0], [0, 1, 0, 0, 0], [0, 0, 0, 0, 1], [1, 0, 0, 0, 0], [0, 0, 0, 1, 0], [0, 0, 1, 0, 0], [0, 0, 0, 1, 0], [0, 0, 0, 0, 1], [0, 1, 0, 0, 0], [0, 0, 0, 1, 0], [1, 0, 0, 0, 0], [0, 0, 1, 0, 0]], "d": [[0, 0, 1, 1, 0, 0, 1, 0, 1, 0, 0, 1, 1, 0, 0, 1, 0, 0, 0, 0], [0, 2, 2, 2, 0, 1, 2, 1, 2, 0, 0, 2, 2, 2, 1, 2, 1, 0, 2, 0], [3, 0, 0, 0, 3, 2, 0, 2, 0, 3, 3, 0, 0, 0, 2, 0, 2, 3, 0, 3], [0, 0, 1, 1, 0, 0, 1, 0, 1, 0, 0, 1, 1, 0, 0, 1, 0, 0, 0, 0], [2, 2, 0, 0, 2, 2, 0, 2, 0, 2, 1, 0, 0, 2, 2, 0, 2, 2, 2, 1]], "r": [794, 1412, 488, 867, 4138, 314, 2614, 4305, 4138, 4172, 4114, 3961, 4235, 348, 4940, 1723, 4680, 817, 2166, 3867], "g": [[0, 0, 0, 0, 0, 0, 0, 0, 0, 0, 0, 0, 0, 0, 0, 0, 0, 0, 0, 0], [0, 0, 0, 0, 0, 0, 0, 0, 0, 0, 0, 0, 0, 0, 0, 0, 0, 0, 0, 0], [0, 0, 0, 0, 0, 0, 0, 0, 0, 0, 0, 0, 0, 0, 0, 0, 0, 0, 0, 0], [0, 0, 0, 0, 0, 0, 0, 0, 0, 0, 0, 0, 0, 0, 0, 0, 0, 0, 0, 0], [0, 0, 0, 0, 0, 0, 0, 0, 0, 0, 0, 0, 0, 0, 0, 0, 0, 0, 0, 0], [0, 0, 0, 0, 0, 0, 0, 0, 0, 0, 0, 0, 0, 0, 0, 0, 0, 0, 0, 0], [0, 0, 0, 0, 0, 0, 0, 0, 0, 0, 0, 0, 0, 0, 0, 0, 0, 0, 0, 0], [0, 0, 0, 0, 0, 0, 0, 0, 0, 0, 0, 0, 0, 0, 0, 0, 0, 0, 0, 0], [0, 0, 0, 0, 0, 0, 0, 0, 0, 0, 0, 0, 0, 0, 0, 0, 0, 0, 0, 0], [0, 0, 0, 0, 0, 0, 0, 0, 0, 0, 0, 0, 0, 0, 0, 0, 0, 0, 0, 0], [0, 0, 0, 0, 0, 0, 0, 0, 0, 0, 0, 0, 0, 0, 0, 0, 0, 0, 0, 0], [0, 0, 0, 0, 0, 0, 0, 0, 0, 0, 0, 0, 0, 0, 0, 0, 0, 0, 0, 0], [0, 0, 0, 0, 0, 0, 0, 0, 0, 0, 0, 0, 0, 0, 0, 0, 0, 0, 0, 0], [0, 0, 0, 0, 0, 0, 0, 0, 0, 0, 0, 0, 0, 0, 0, 0, 0, 0, 0, 0], [0, 0, 0, 0, 0, 0, 0, 0, 0, 0, 0, 0, 0, 0, 0, 0, 0, 0, 0, 0], [0, 0, 0, 0, 0, 0, 0, 0, 0, 0, 0, 0, 0, 0, 0, 0, 0, 0, 0, 0], [0, 0, 0, 0, 0, 0, 0, 0, 0, 0, 0, 0, 0, 0, 0, 0, 0, 0, 0, 0], [0, 0, 0, 0, 0, 0, 0, 0, 0, 0, 0, 0, 0, 0, 0, 0, 0, 0, 0, 0], [0, 0, 0, 0, 0, 0, 0, 0, 0, 0, 0, 0, 0, 0, 0, 0, 0, 0, 0, 0], [0, 0, 0, 0, 0, 0, 0, 0, 0, 0, 0, 0, 0, 0, 0, 0, 0, 0, 0, 0]], "t": [[0.0, 8.646727997558298, 7.268284952983487, 36.77505213002163, 7.272180556312866, 31.75840650780217, 52.23283303236776, 22.711576094536355, 24.666176892589196, 39.6783824060656, 24.62672440032212, 12.927991641129664, 28.51701634540925, 22.536079224256216, 24.70727719448401, 40.49942992595392, 26.351732071049188, 36.53287447596398, 30.54556969065994, 21.576534191607145, 23.847875749152212, 4.918484331209752, 34.6025771765588, 26.425514407781133, 35.58387240978492, 2.9299498948333995, 29.85320268160086, 39.1741145552893, 49.771126468925, 8.502637138832883, 36.383314587835486, 43.53129652135932, 39.427527208928005, 5.196314410992235, 37.01021644341988, 9.495785373661052, 31.858662654989136, 0.8933437915376364, 37.21492407523762, 30.523032577384072, 47.15835807676813, 41.6299565037959, 34.27368207561325, 57.10989659542387, 17.388512433608376, 45.924527070463064, 37.7854205629306, 47.65903734172368, 16.86810185473979, 24.12349332936096, 0.0, 8.646727997558298, 7.268284952983487, 36.77505213002163, 7.272180556312866, 31.75840650780217, 52.23283303236776, 22.711576094536355, 24.666176892589196, 39.6783824060656, 24.62672440032212, 12.927991641129664, 28.51701634540925, 22.536079224256216, 24.70727719448401, 40.49942992595392, 26.351732071049188, 36.53287447596398, 30.54556969065994, 21.576534191607145, 23.847875749152212, 4.918484331209752, 34.6025771765588, 26.425514407781133, 35.58387240978492, 2.9299498948333995, 29.85320268160086, 39.1741145552893, 49.771126468925, 8.502637138832883], [8.646727997558298, 0.0, 1.4466617935171038, 31.375839437741455, 3.0809802117051497, 23.944995438977525, 44.08968891979001, 17.637531230091565, 16.05277337975128, 31.032121716799924, 22.914893288229973, 9.993513479279613, 25.115614435435205, 18.292884956179854, 21.480231169293297, 32.2387370725154, 20.25002084200418, 28.448944063928213, 22.626212127157697, 13.070901827090978, 16.062506332723487, 3.9647351928890213, 28.182659351347198, 19.937807360772972, 26.93789712992703, 11.507126758613337, 25.289022436740403, 33.35139139077806, 42.349487438408936, 4.672976182122105, 27.814639587285992, 35.21661916139452, 30.965432298117072, 9.141421203932229, 28.377033029642046, 3.0759065513411437, 27.65746970919726, 8.984740672802332, 28.7262668189726, 24.44923242669759, 38.64113765685956, 33.08392521623114, 31.001898678152383, 49.34767673124599, 12.594117396552145, 37.28002344865693, 31.169202815989422, 39.344902928118564, 8.906514832326845, 21.602054295284336, 8.646727997558298, 0.0, 1.4466617935171038, 31.375839437741455, 3.0809802117051497, 23.944995438977525, 44.08968891979001, 17.637531230091565, 16.05277337975128, 31.032121716799924, 22.914893288229973, 9.993513479279613, 25.115614435435205, 18.292884956179854, 21.480231169293297, 32.2387370725154, 20.25002084200418, 28.448944063928213, 22.626212127157697, 13.070901827090978, 16.062506332723487, 3.9647351928890213, 28.182659351347198, 19.937807360772972, 26.93789712992703, 11.507126758613337, 25.289022436740403, 33.35139139077806, 42.349487438408936, 4.672976182122105], [7.268284952983487, 1.4466617935171038, 0.0, 31.81839762897382, 2.923545110807102, 25.35484709194487, 45.24435283314876, 17.92267591785166, 17.479634674648644, 32.4286400798896, 22.57901788190685, 9.629295459230233, 25.111936178474902, 18.400007427075103, 21.41250622886334, 33.427408027019126, 20.803449394250272, 29.883711403184286, 24.045131893454446, 14.347726996912423, 17.064443527172298, 2.5187166803393426, 28.850583119344442, 20.586825854273474, 28.324387551255054, 10.157755442955391, 25.523487621690638, 33.89454852043061, 43.295442249405994, 4.858931886289721, 29.13252242935045, 36.42621759813116, 32.231762534617175, 7.775483147051008, 29.791129985140262, 3.1700887677158383, 27.82963850891698, 7.657393106477959, 30.003760466432784, 25.019089197031523, 39.934110590393075, 34.522159542779015, 31.00678765213817, 50.391079959806945, 12.73491799265811, 38.66151413115133, 31.893467059979315, 40.55589231437248, 10.304986959582449, 21.400341667177553, 7.268284952983487, 1.4466617935171038, 0.0, 31.81839762897382, 2.923545110807102, 25.35484709194487, 45.24435283314876, 17.92267591785166, 17.479634674648644, 32.4286400798896, 22.57901788190685, 9.629295459230233, 25.111936178474902, 18.400007427075103, 21.41250622886334, 33.427408027019126, 20.803449394250272, 29.883711403184286, 24.045131893454446, 14.347726996912423, 17.064443527172298, 2.5187166803393426, 28.850583119344442, 20.586825854273474, 28.324387551255054, 10.157755442955391, 25.523487621690638, 33.89454852043061, 43.295442249405994, 4.858931886289721], [36.77505213002163, 31.375839437741455, 31.81839762897382, 0.0, 34.45197738493272, 38.383299688183925, 26.17766943759541, 14.0775705742449, 28.163429953197653, 30.241144042691975, 16.934793369570098, 23.91338676531183, 10.92629995989035, 14.424985955504882, 13.744505178521365, 20.708908971431995, 11.267765903453792, 38.90743993220227, 37.05927309637814, 23.763287539774424, 18.227630741729357, 32.813431991217925, 5.930284807440494, 11.991016936030832, 27.842632556692745, 39.305084310213026, 7.478460048197155, 3.149358044539979, 18.481211535028585, 35.9062006362099, 24.51437646026499, 22.809285504535715, 23.29868767689446, 32.50889773208044, 30.416897923824376, 28.650587624522295, 6.851474591368451, 37.58914876937501, 23.02624225801418, 7.35017703949416, 28.332371966702596, 35.66188126718192, 9.605597259663673, 26.67848278162309, 19.417635595382627, 32.57286058116978, 6.724398194775801, 25.15778332626835, 32.5282832797826, 15.418690419565413, 36.77505213002163, 31.375839437741455, 31.81839762897382, 0.0, 34.45197738493272, 38.383299688183925, 26.17766943759541, 14.0775705742449, 28.163429953197653, 30.241144042691975, 16.934793369570098, 23.91338676531183, 10.92629995989035, 14.424985955504882, 13.744505178521365, 20.708908971431995, 11.267765903453792, 38.90743993220227, 37.05927309637814, 23.763287539774424, 18.227630741729357, 32.813431991217925, 5.930284807440494, 11.991016936030832, 27.842632556692745, 39.305084310213026, 7.478460048197155, 3.149358044539979, 18.481211535028585, 35.9062006362099], [7.272180556312866, 3.0809802117051497, 2.923545110807102, 34.45197738493272, 0.0, 24.490661238896678, 46.71845122553975, 20.6715359059928, 17.7874591010708, 32.91287114409972, 25.496723226045464, 12.550432888241648, 28.001027847829153, 21.245317259531085, 24.316619054716732, 34.818815946392945, 23.330808949076324, 29.265155527792597, 23.273418579570773, 15.540829306318768, 18.953030034874974, 4.042483103081943, 31.247004898779757, 23.00908822778667, 28.894763393922386, 9.828238417262089, 28.307776522811018, 36.43196027801508, 45.25395421456838, 2.008361621421562, 30.068465617835216, 37.74771330208751, 33.367672871520945, 9.531350160804774, 30.14085033951847, 5.951798348410326, 30.64907959526761, 7.318999222560597, 31.10356872098653, 27.528976839437195, 40.95023502447973, 34.557161845197676, 33.89499278840885, 52.142052289892455, 15.558672638881358, 39.23251632706328, 34.21586430126927, 41.86663466027105, 9.622788922669695, 24.322761004383384, 7.272180556312866, 3.0809802117051497, 2.923545110807102, 34.45197738493272, 0.0, 24.490661238896678, 46.71845122553975, 20.6715359059928, 17.7874591010708, 32.91287114409972, 25.496723226045464, 12.550432888241648, 28.001027847829153, 21.245317259531085, 24.316619054716732, 34.818815946392945, 23.330808949076324, 29.265155527792597, 23.273418579570773, 15.540829306318768, 18.953030034874974, 4.042483103081943, 31.247004898779757, 23.00908822778667, 28.894763393922386, 9.828238417262089, 28.307776522811018, 36.43196027801508, 45.25395421456838, 2.008361621421562], [31.75840650780217, 23.944995438977525, 25.35484709194487, 38.383299688183925, 24.490661238896678, 0.0, 34.45082534371671, 30.777027288214875, 11.16589010540398, 15.302577277878303, 40.280599135549245, 30.440819652615932, 38.963085429457095, 32.86836497017816, 36.766161497513544, 24.411730300801842, 29.335395835091187, 5.220837645156429, 1.4971959887878914, 16.886992963039017, 21.502465925120795, 27.79821342051091, 32.66681202265681, 27.944307560814387, 13.629920610442, 34.165370024365394, 36.49017236890904, 38.40916633694568, 38.125475438976444, 23.4255546279221, 17.36890548493562, 25.85683973131529, 21.11228464274848, 33.067426211323166, 12.462317448654812, 25.30894116507396, 39.016805291368826, 31.735671730815373, 19.39246377437483, 31.65167817319461, 25.662441411867462, 13.26069639164187, 43.65402458065555, 41.80553302234327, 29.10738488803871, 20.775783816426536, 33.82890841343111, 28.949872811562983, 15.05355379043462, 38.0586748761844, 31.75840650780217, 23.944995438977525, 25.35484709194487, 38.383299688183925, 24.490661238896678, 0.0, 34.45082534371671, 30.777027288214875, 11.16589010540398, 15.302577277878303, 40.280599135549245, 30.440819652615932, 38.963085429457095, 32.86836497017816, 36.766161497513544, 24.411730300801842, 29.335395835091187, 5.220837645156429, 1.4971959887878914, 16.886992963039017, 21.502465925120795, 27.79821342051091, 32.66681202265681, 27.944307560814387, 13.629920610442, 34.165370024365394, 36.49017236890904, 38.40916633694568, 38.125475438976444, 23.4255546279221], [52.23283303236776, 44.08968891979001, 45.24435283314876, 26.17766943759541, 46.71845122553975, 34.45082534371671, 0.0, 33.518044897392635, 30.79461439302011, 19.2913631110541, 41.212070744134955, 41.91992610307418, 35.76064090913402, 35.36061454671753, 37.06496907792228, 11.933829114907855, 28.91384440539122, 31.366697570066666, 33.942955498957055, 31.204031604500152, 28.438488626500153, 47.345247784819236, 22.54339814598276, 27.98360600020703, 21.11731669536279, 55.15753025638847, 31.587621559318073, 23.416271336983723, 9.415336788762337, 47.1684569232952, 18.00942577595259, 9.230953217027777, 14.11294730069011, 49.86509157686675, 21.99136665906139, 42.73814933506706, 32.355678008960204, 52.781501682076254, 16.33688684105289, 26.243503989618766, 9.302551794479326, 23.353267364758807, 35.78102346572727, 7.64019458955989, 37.27967489215396, 15.651584920239229, 19.868976786796946, 5.516017553692207, 39.45905733448188, 39.056763085562224, 52.23283303236776, 44.08968891979001, 45.24435283314876, 26.17766943759541, 46.71845122553975, 34.45082534371671, 0.0, 33.518044897392635, 30.79461439302011, 19.2913631110541, 41.212070744134955, 41.91992610307418, 35.76064090913402, 35.36061454671753, 37.06496907792228, 11.933829114907855, 28.91384440539122, 31.366697570066666, 33.942955498957055, 31.204031604500152, 28.438488626500153, 47.345247784819236, 22.54339814598276, 27.98360600020703, 21.11731669536279, 55.15753025638847, 31.587621559318073, 23.416271336983723, 9.415336788762337, 47.1684569232952], [22.711576094536355, 17.637531230091565, 17.92267591785166, 14.0775705742449, 20.6715359059928, 30.777027288214875, 33.518044897392635, 0.0, 19.61136140128647, 28.62361912507313, 9.96266670716463, 9.942710420007636, 8.474335917945073, 2.313798008249222, 6.023080760967515, 23.508781854489015, 4.611618102420392, 33.06842254091292, 29.293140100671348, 13.944778789762033, 9.670030478314883, 18.76516072775261, 12.461422835058164, 5.627049398326682, 24.876586026810024, 25.28751957064638, 7.667872498138741, 16.49013153277688, 28.712534432322006, 22.277041205855046, 23.141463758720626, 26.54054134941416, 24.250048189262174, 18.6119626914659, 27.35950567694751, 14.759174048182913, 10.122176975697855, 23.518762008995132, 22.720309455006443, 8.19094322845384, 31.60992307146083, 33.10342994218947, 13.997994999116214, 36.702609602376526, 5.340422666289236, 33.32810132069438, 15.756694689441877, 30.264319674055756, 20.6925207285565, 7.563058190577769, 22.711576094536355, 17.637531230091565, 17.92267591785166, 14.0775705742449, 20.6715359059928, 30.777027288214875, 33.518044897392635, 0.0, 19.61136140128647, 28.62361912507313, 9.96266670716463, 9.942710420007636, 8.474335917945073, 2.313798008249222, 6.023080760967515, 23.508781854489015, 4.611618102420392, 33.06842254091292, 29.293140100671348, 13.944778789762033, 9.670030478314883, 18.76516072775261, 12.461422835058164, 5.627049398326682, 24.876586026810024, 25.28751957064638, 7.667872498138741, 16.49013153277688, 28.712534432322006, 22.277041205855046], [24.666176892589196, 16.05277337975128, 17.479634674648644, 28.163429953197653, 17.7874591010708, 11.16589010540398, 30.79461439302011, 19.61136140128647, 0.0, 15.135393695987153, 29.163916463613898, 20.155742408362983, 27.83372174172919, 21.708219136875073, 25.601826022296905, 19.061400328771583, 18.373424896154642, 13.988154754728829, 9.68219668505267, 5.76067796033758, 10.479842475458902, 19.982181151730245, 22.77601708891777, 17.047612804876128, 11.186401323468596, 27.460186838747582, 25.523446600648235, 28.6623420132217, 31.772969752185418, 17.573701852581433, 13.000307082801404, 21.56377284912919, 16.741223247544742, 24.523198963090895, 12.36159017638499, 16.33563456799254, 28.08860222968046, 24.919211475677727, 14.47598693592955, 21.08707032989994, 23.78747140166226, 17.092100609746915, 32.66737846601063, 37.24796717030187, 18.184769353235303, 21.478855779716564, 24.53758126922295, 25.4993394881525, 8.930699181121643, 26.916382707794433, 24.666176892589196, 16.05277337975128, 17.479634674648644, 28.163429953197653, 17.7874591010708, 11.16589010540398, 30.79461439302011, 19.61136140128647, 0.0, 15.135393695987153, 29.163916463613898, 20.155742408362983, 27.83372174172919, 21.708219136875073, 25.601826022296905, 19.061400328771583, 18.373424896154642, 13.988154754728829, 9.68219668505267, 5.76067796033758, 10.479842475458902, 19.982181151730245, 22.77601708891777, 17.047612804876128, 11.186401323468596, 27.460186838747582, 25.523446600648235, 28.6623420132217, 31.772969752185418, 17.573701852581433], [39.6783824060656, 31.032121716799924, 32.4286400798896, 30.241144042691975, 32.91287114409972, 15.302577277878303, 19.2913631110541, 28.62361912507313, 15.135393695987153, 0.0, 38.48447244825157, 33.12210646242916, 35.002658186050105, 30.9337882967505, 34.25161108932255, 11.051001287905386, 25.154910678182038, 12.13106389081105, 14.981178497062448, 18.622170088041603, 19.50481478801657, 34.89059313289483, 24.37756740164587, 23.67212516225672, 4.167554129319825, 42.515399545547915, 31.377129686423807, 29.113032752514506, 24.25790714618641, 32.692651784605005, 5.829808924752993, 11.385886849631008, 7.599078150774198, 39.007256265124205, 3.0735691796332634, 30.876484515902202, 33.43221631946505, 39.97802453739561, 7.231183002916874, 25.395844791948367, 10.359867494415203, 5.509589979583228, 38.0506217922632, 26.797158415914968, 29.711384886856223, 6.372919133624384, 24.118111177282984, 13.860407772092943, 23.890532542299084, 36.053686371031965, 39.6783824060656, 31.032121716799924, 32.4286400798896, 30.241144042691975, 32.91287114409972, 15.302577277878303, 19.2913631110541, 28.62361912507313, 15.135393695987153, 0.0, 38.48447244825157, 33.12210646242916, 35.002658186050105, 30.9337882967505, 34.25161108932255, 11.051001287905386, 25.154910678182038, 12.13106389081105, 14.981178497062448, 18.622170088041603, 19.50481478801657, 34.89059313289483, 24.37756740164587, 23.67212516225672, 4.167554129319825, 42.515399545547915, 31.377129686423807, 29.113032752514506, 24.25790714618641, 32.692651784605005], [24.62672440032212, 22.914893288229973, 22.57901788190685, 16.934793369570098, 25.496723226045464, 40.280599135549245, 41.212070744134955, 9.96266670716463, 29.163916463613898, 38.48447244825157, 0.0, 12.95336860791204, 6.012946907218228, 7.666355626167464, 4.334691890726795, 32.438186941829414, 13.508793618501686, 42.873747589885994, 38.784993288864094, 23.4073717627331, 19.602165513692807, 22.30200524434863, 18.7182303897034, 14.922374516019309, 34.805318086614456, 26.454196865130733, 9.849778726298577, 20.058592782833607, 34.833849722161226, 27.42662456576805, 32.89864181646374, 35.31902209429048, 33.64367222293691, 19.526720105124614, 37.30630772661641, 19.855086664698867, 10.152589672914514, 25.519547762796517, 32.30707456595052, 15.036690069308841, 40.64439022391313, 43.05146048835054, 10.38704034500904, 43.08027993855699, 11.543750545171976, 42.93444943158222, 21.693237440961525, 38.724280455347774, 28.560077276683405, 2.431164886183972, 24.62672440032212, 22.914893288229973, 22.57901788190685, 16.934793369570098, 25.496723226045464, 40.280599135549245, 41.212070744134955, 9.96266670716463, 29.163916463613898, 38.48447244825157, 0.0, 12.95336860791204, 6.012946907218228, 7.666355626167464, 4.334691890726795, 32.438186941829414, 13.508793618501686, 42.873747589885994, 38.784993288864094, 23.4073717627331, 19.602165513692807, 22.30200524434863, 18.7182303897034, 14.922374516019309, 34.805318086614456, 26.454196865130733, 9.849778726298577, 20.058592782833607, 34.833849722161226, 27.42662456576805], [12.927991641129664, 9.993513479279613, 9.629295459230233, 23.91338676531183, 12.550432888241648, 30.440819652615932, 41.91992610307418, 9.942710420007636, 20.155742408362983, 33.12210646242916, 12.95336860791204, 0.0, 15.817852629714112, 9.60811811979577, 12.030813740214771, 30.863502040734357, 14.018070333158345, 34.058963403514454, 28.973736840385683, 14.882445467825432, 14.158356301599067, 9.594708089584957, 22.241633176501722, 14.425048085020315, 28.99545185154053, 15.392535012124416, 16.925377562767093, 26.422171252443853, 38.132025680832434, 14.473313751609783, 28.499669293204068, 33.98087503826215, 30.683862485953476, 8.673863446956094, 31.07902289470575, 6.970938032202184, 18.967066733990446, 13.771238274161576, 28.725883088046473, 18.023904909594343, 38.45739596126905, 36.54384194082313, 21.67966099849933, 45.891430498402954, 4.838320344410463, 38.77203183467905, 25.51050517917556, 37.98703830953544, 16.742651859824146, 11.821375658682518, 12.927991641129664, 9.993513479279613, 9.629295459230233, 23.91338676531183, 12.550432888241648, 30.440819652615932, 41.91992610307418, 9.942710420007636, 20.155742408362983, 33.12210646242916, 12.95336860791204, 0.0, 15.817852629714112, 9.60811811979577, 12.030813740214771, 30.863502040734357, 14.018070333158345, 34.058963403514454, 28.973736840385683, 14.882445467825432, 14.158356301599067, 9.594708089584957, 22.241633176501722, 14.425048085020315, 28.99545185154053, 15.392535012124416, 16.925377562767093, 26.422171252443853, 38.132025680832434, 14.473313751609783], [28.51701634540925, 25.115614435435205, 25.111936178474902, 10.92629995989035, 28.001027847829153, 38.963085429457095, 35.76064090913402, 8.474335917945073, 27.83372174172919, 35.002658186050105, 6.012946907218228, 15.817852629714112, 0.0, 6.968137055870021, 3.810412119941245, 27.787262303475142, 10.02445891215633, 40.88854664991792, 37.49492316536353, 22.280481087247033, 17.505232702328108, 25.39692451631836, 13.231255725220311, 11.527514548696693, 31.641747039840055, 30.68877681309369, 4.181750251685131, 14.057534954376436, 28.996606123833683, 29.78262347198007, 29.235604879057444, 30.50747946149643, 29.414538885876343, 23.69145427351827, 34.22988090925833, 22.073261198368908, 4.153390234080485, 29.391688085387013, 28.355947573571104, 10.091267902777995, 35.96502303818923, 39.92782334617233, 5.894864612400535, 37.247244798998935, 12.586408564381884, 38.8702812306363, 15.999725668195623, 33.66342140534244, 29.0979251561489, 4.8200957772507085, 28.51701634540925, 25.115614435435205, 25.111936178474902, 10.92629995989035, 28.001027847829153, 38.963085429457095, 35.76064090913402, 8.474335917945073, 27.83372174172919, 35.002658186050105, 6.012946907218228, 15.817852629714112, 0.0, 6.968137055870021, 3.810412119941245, 27.787262303475142, 10.02445891215633, 40.88854664991792, 37.49492316536353, 22.280481087247033, 17.505232702328108, 25.39692451631836, 13.231255725220311, 11.527514548696693, 31.641747039840055, 30.68877681309369, 4.181750251685131, 14.057534954376436, 28.996606123833683, 29.78262347198007], [22.536079224256216, 18.292884956179854, 18.400007427075103, 14.424985955504882, 21.245317259531085, 32.86836497017816, 35.36061454671753, 2.313798008249222, 21.708219136875073, 30.9337882967505, 7.666355626167464, 9.60811811979577, 6.968137055870021, 0.0, 3.9205843229543675, 25.62282556456671, 6.528742595732447, 35.278502147978365, 31.378853974539783, 15.990577517491577, 11.938985273756106, 18.94278993204694, 13.729294209021717, 7.734005313200106, 27.190275022297712, 24.965486952548773, 7.318386078681592, 17.107043679366207, 30.14951578921845, 22.965634449383153, 25.4360295827666, 28.625352599469924, 26.472656908791247, 18.104342425053858, 29.671429281699492, 15.293913306991406, 9.456971518435111, 23.377525764367803, 24.982436794019645, 9.488892157261253, 33.76181694708209, 35.41493932327718, 12.775540893896277, 38.238064545480945, 5.699428592821725, 35.599800056964824, 17.007738904476156, 32.28164768207303, 22.19728386301804, 5.287970646398286, 22.536079224256216, 18.292884956179854, 18.400007427075103, 14.424985955504882, 21.245317259531085, 32.86836497017816, 35.36061454671753, 2.313798008249222, 21.708219136875073, 30.9337882967505, 7.666355626167464, 9.60811811979577, 6.968137055870021, 0.0, 3.9205843229543675, 25.62282556456671, 6.528742595732447, 35.278502147978365, 31.378853974539783, 15.990577517491577, 11.938985273756106, 18.94278993204694, 13.729294209021717, 7.734005313200106, 27.190275022297712, 24.965486952548773, 7.318386078681592, 17.107043679366207, 30.14951578921845, 22.965634449383153], [24.70727719448401, 21.480231169293297, 21.41250622886334, 13.744505178521365, 24.316619054716732, 36.766161497513544, 37.06496907792228, 6.023080760967515, 25.601826022296905, 34.25161108932255, 4.334691890726795, 12.030813740214771, 3.810412119941245, 3.9205843229543675, 0.0, 28.111868064315686, 9.191148774898526, 39.08904792892305, 35.278599581922165, 19.898473243469958, 15.665329146159904, 21.620854580017475, 14.690797761247447, 10.624229103284867, 30.634306208307265, 26.89369596288696, 6.288927125094876, 16.753818417311322, 31.015159108807705, 26.132383724531614, 28.625903785156797, 31.005702080314613, 29.313310376656894, 19.90009871585084, 33.16157797143428, 18.418647450517014, 7.488124376081094, 25.581551437738593, 27.996413628292697, 10.827102563060885, 36.3163068563186, 38.90459743032346, 9.648978607039535, 39.234137865677084, 9.105807952479115, 38.62032253425151, 17.78897472146419, 34.448996338858684, 25.98633320090952, 1.9983111810571699, 24.70727719448401, 21.480231169293297, 21.41250622886334, 13.744505178521365, 24.316619054716732, 36.766161497513544, 37.06496907792228, 6.023080760967515, 25.601826022296905, 34.25161108932255, 4.334691890726795, 12.030813740214771, 3.810412119941245, 3.9205843229543675, 0.0, 28.111868064315686, 9.191148774898526, 39.08904792892305, 35.278599581922165, 19.898473243469958, 15.665329146159904, 21.620854580017475, 14.690797761247447, 10.624229103284867, 30.634306208307265, 26.89369596288696, 6.288927125094876, 16.753818417311322, 31.015159108807705, 26.132383724531614], [40.49942992595392, 32.2387370725154, 33.427408027019126, 20.708908971431995, 34.818815946392945, 24.411730300801842, 11.933829114907855, 23.508781854489015, 19.061400328771583, 11.051001287905386, 32.438186941829414, 30.863502040734357, 27.787262303475142, 25.62282556456671, 28.111868064315686, 0.0, 19.126718761190002, 22.525093189025608, 23.61211838081623, 19.286936501936474, 16.92079802304954, 35.590815650769194, 15.298001641609458, 17.897928563012016, 10.837325986140268, 43.42910491299507, 23.72587859127521, 18.998675291610734, 13.723328782998067, 35.23909502163095, 7.046334666748371, 3.1173739891422145, 3.502588769396756, 38.42366097675036, 12.658511434669304, 31.026810418064922, 25.268157841861008, 41.015743422675875, 5.043672080016147, 17.696258046573877, 8.208781819152573, 16.460390225295978, 29.54848276121731, 18.205150936029863, 26.463859919049593, 11.89799508446412, 14.101370792393098, 7.187695675415646, 27.58251668522247, 30.0857049456063, 40.49942992595392, 32.2387370725154, 33.427408027019126, 20.708908971431995, 34.818815946392945, 24.411730300801842, 11.933829114907855, 23.508781854489015, 19.061400328771583, 11.051001287905386, 32.438186941829414, 30.863502040734357, 27.787262303475142, 25.62282556456671, 28.111868064315686, 0.0, 19.126718761190002, 22.525093189025608, 23.61211838081623, 19.286936501936474, 16.92079802304954, 35.590815650769194, 15.298001641609458, 17.897928563012016, 10.837325986140268, 43.42910491299507, 23.72587859127521, 18.998675291610734, 13.723328782998067, 35.23909502163095], [26.351732071049188, 20.25002084200418, 20.803449394250272, 11.267765903453792, 23.330808949076324, 29.335395835091187, 28.91384440539122, 4.611618102420392, 18.373424896154642, 25.154910678182038, 13.508793618501686, 14.018070333158345, 10.02445891215633, 6.528742595732447, 9.191148774898526, 19.126718761190002, 0.0, 30.96304696789739, 27.897878924249532, 13.218384674215372, 7.8953831070060705, 22.04245435970294, 8.26727275659338, 1.505049867779227, 21.67019656999252, 29.061498176683365, 7.158280647374012, 13.102038847617452, 24.22024431370205, 24.709669254687856, 19.47175032675374, 22.10959180241426, 20.146011351921274, 22.64059729441794, 24.243245470263094, 17.664057631499283, 9.715250150246582, 27.109551456368248, 18.805478768242224, 4.218414521302557, 27.29385462903835, 29.96114403078912, 14.319333571812786, 32.14678759653625, 9.186829828200988, 29.429315100429665, 11.50660512868261, 25.75315079870615, 21.45310873853002, 11.09701541421089, 26.351732071049188, 20.25002084200418, 20.803449394250272, 11.267765903453792, 23.330808949076324, 29.335395835091187, 28.91384440539122, 4.611618102420392, 18.373424896154642, 25.154910678182038, 13.508793618501686, 14.018070333158345, 10.02445891215633, 6.528742595732447, 9.191148774898526, 19.126718761190002, 0.0, 30.96304696789739, 27.897878924249532, 13.218384674215372, 7.8953831070060705, 22.04245435970294, 8.26727275659338, 1.505049867779227, 21.67019656999252, 29.061498176683365, 7.158280647374012, 13.102038847617452, 24.22024431370205, 24.709669254687856], [36.53287447596398, 28.448944063928213, 29.883711403184286, 38.90743993220227, 29.265155527792597, 5.220837645156429, 31.366697570066666, 33.06842254091292, 13.988154754728829, 12.13106389081105, 42.873747589885994, 34.058963403514454, 40.88854664991792, 35.278502147978365, 39.08904792892305, 22.525093189025608, 30.96304696789739, 0.0, 6.093050841198514, 19.659906996098318, 23.455283927957186, 32.37177136944416, 33.02208797680603, 29.495059149726917, 11.869149876765473, 39.03081358586202, 38.00562326077811, 38.508319528021524, 36.13761111302346, 28.329512756476678, 15.757126208441495, 23.398853431659788, 19.04724931182534, 37.482139397608535, 9.878150672092866, 29.508633142950586, 40.42688293888423, 36.56388843353896, 17.761153828233482, 32.67904928628497, 22.22879852069803, 8.733365106279297, 45.12934361703292, 38.91339515073577, 32.142416350977896, 16.694647188456003, 33.6878087337964, 25.978498148718877, 19.682388810526948, 40.55481885689759, 36.53287447596398, 28.448944063928213, 29.883711403184286, 38.90743993220227, 29.265155527792597, 5.220837645156429, 31.366697570066666, 33.06842254091292, 13.988154754728829, 12.13106389081105, 42.873747589885994, 34.058963403514454, 40.88854664991792, 35.278502147978365, 39.08904792892305, 22.525093189025608, 30.96304696789739, 0.0, 6.093050841198514, 19.659906996098318, 23.455283927957186, 32.37177136944416, 33.02208797680603, 29.495059149726917, 11.869149876765473, 39.03081358586202, 38.00562326077811, 38.508319528021524, 36.13761111302346, 28.329512756476678], [30.54556969065994, 22.626212127157697, 24.045131893454446, 37.05927309637814, 23.273418579570773, 1.4971959887878914, 33.942955498957055, 29.293140100671348, 9.68219668505267, 14.981178497062448, 38.784993288864094, 28.973736840385683, 37.49492316536353, 31.378853974539783, 35.278599581922165, 23.61211838081623, 27.897878924249532, 6.093050841198514, 0.0, 15.394539098009167, 20.050055753243278, 26.504975734911074, 31.377194004272077, 26.515883881913172, 12.938389051621476, 32.99850154087926, 35.054989205424945, 37.148007671125285, 37.29254714581254, 22.2759069623045, 16.569205467407443, 25.201084564611236, 20.38598127023067, 31.730909809212736, 12.03216535304336, 23.916975672726238, 37.58909314391115, 30.548512520525573, 18.57236323990978, 30.27335705274722, 25.313080508181862, 13.4879521559034, 42.21718232113152, 41.21615269112895, 27.611421782428252, 20.70840747356482, 32.61652879460621, 28.429261619636552, 13.762673180912437, 36.56534248297572, 30.54556969065994, 22.626212127157697, 24.045131893454446, 37.05927309637814, 23.273418579570773, 1.4971959887878914, 33.942955498957055, 29.293140100671348, 9.68219668505267, 14.981178497062448, 38.784993288864094, 28.973736840385683, 37.49492316536353, 31.378853974539783, 35.278599581922165, 23.61211838081623, 27.897878924249532, 6.093050841198514, 0.0, 15.394539098009167, 20.050055753243278, 26.504975734911074, 31.377194004272077, 26.515883881913172, 12.938389051621476, 32.99850154087926, 35.054989205424945, 37.148007671125285, 37.29254714581254, 22.2759069623045], [21.576534191607145, 13.070901827090978, 14.347726996912423, 23.763287539774424, 15.540829306318768, 16.886992963039017, 31.204031604500152, 13.944778789762033, 5.76067796033758, 18.622170088041603, 23.4073717627331, 14.882445467825432, 22.280481087247033, 15.990577517491577, 19.898473243469958, 19.286936501936474, 13.218384674215372, 19.659906996098318, 15.394539098009167, 0.0, 5.536103574886342, 16.672277015745845, 18.881182171225298, 12.04323794580964, 14.454658069134034, 24.490297149472273, 20.26258871143519, 24.725386191825756, 30.44155074015266, 15.979318043465643, 14.820645626923321, 22.207115906052003, 17.894541400479557, 20.41710822805164, 16.332321642753556, 12.374082366753964, 22.861653624723175, 22.00410997225154, 15.657959213122126, 16.458173487874753, 25.587142954777594, 21.686944793291786, 27.332360512438534, 36.87156142639827, 12.485655438871444, 24.638468910569532, 21.175223681738878, 26.32749821349854, 9.322596187643967, 21.172153599764243, 21.576534191607145, 13.070901827090978, 14.347726996912423, 23.763287539774424, 15.540829306318768, 16.886992963039017, 31.204031604500152, 13.944778789762033, 5.76067796033758, 18.622170088041603, 23.4073717627331, 14.882445467825432, 22.280481087247033, 15.990577517491577, 19.898473243469958, 19.286936501936474, 13.218384674215372, 19.659906996098318, 15.394539098009167, 0.0, 5.536103574886342, 16.672277015745845, 18.881182171225298, 12.04323794580964, 14.454658069134034, 24.490297149472273, 20.26258871143519, 24.725386191825756, 30.44155074015266, 15.979318043465643], [23.847875749152212, 16.062506332723487, 17.064443527172298, 18.227630741729357, 18.953030034874974, 21.502465925120795, 28.438488626500153, 9.670030478314883, 10.479842475458902, 19.50481478801657, 19.602165513692807, 14.158356301599067, 17.505232702328108, 11.938985273756106, 15.665329146159904, 16.92079802304954, 7.8953831070060705, 23.455283927957186, 20.050055753243278, 5.536103574886342, 0.0, 19.004654230387946, 13.45781295292109, 6.605004681472133, 15.547819057180345, 26.761772384029722, 15.043727346886902, 19.25400095684974, 26.301245827505472, 19.843050445865064, 14.468627562699153, 20.023129147538736, 16.52853479634772, 21.50662625629806, 17.922884131374204, 14.362108265019284, 17.610353091580865, 24.435621802226073, 14.576016471759182, 10.925815144292718, 24.315552416717047, 23.637360348393305, 22.191487863441495, 33.33153528274777, 10.259459781019066, 24.797642456244297, 15.946306485928908, 24.104324317184187, 14.553164239658733, 17.223682291793587, 23.847875749152212, 16.062506332723487, 17.064443527172298, 18.227630741729357, 18.953030034874974, 21.502465925120795, 28.438488626500153, 9.670030478314883, 10.479842475458902, 19.50481478801657, 19.602165513692807, 14.158356301599067, 17.505232702328108, 11.938985273756106, 15.665329146159904, 16.92079802304954, 7.8953831070060705, 23.455283927957186, 20.050055753243278, 5.536103574886342, 0.0, 19.004654230387946, 13.45781295292109, 6.605004681472133, 15.547819057180345, 26.761772384029722, 15.043727346886902, 19.25400095684974, 26.301245827505472, 19.843050445865064], [4.918484331209752, 3.9647351928890213, 2.5187166803393426, 32.813431991217925, 4.042483103081943, 27.79821342051091, 47.345247784819236, 18.76516072775261, 19.982181151730245, 34.89059313289483, 22.30200524434863, 9.594708089584957, 25.39692451631836, 18.94278993204694, 21.620854580017475, 35.590815650769194, 22.04245435970294, 32.37177136944416, 26.504975734911074, 16.672277015745845, 19.004654230387946, 0.0, 30.222238710244167, 21.976641972602962, 30.774160792498392, 7.846558020373711, 26.20847500246524, 35.04632087569178, 45.072609759581844, 5.983128816339372, 31.4877042324404, 38.61773059068019, 34.5106717291633, 5.546458508729467, 32.276360927248156, 4.650738845449458, 28.395143952984935, 5.4375316255554855, 32.30080215292286, 26.25391690138369, 42.24687441528528, 37.03540417148735, 31.269388234799244, 52.31458562373499, 13.443940771020616, 41.101721230220896, 33.34345719763364, 42.74609089253617, 12.74596323053427, 21.374711010357025, 4.918484331209752, 3.9647351928890213, 2.5187166803393426, 32.813431991217925, 4.042483103081943, 27.79821342051091, 47.345247784819236, 18.76516072775261, 19.982181151730245, 34.89059313289483, 22.30200524434863, 9.594708089584957, 25.39692451631836, 18.94278993204694, 21.620854580017475, 35.590815650769194, 22.04245435970294, 32.37177136944416, 26.504975734911074, 16.672277015745845, 19.004654230387946, 0.0, 30.222238710244167, 21.976641972602962, 30.774160792498392, 7.846558020373711, 26.20847500246524, 35.04632087569178, 45.072609759581844, 5.983128816339372], [34.6025771765588, 28.182659351347198, 28.850583119344442, 5.930284807440494, 31.247004898779757, 32.66681202265681, 22.54339814598276, 12.461422835058164, 22.77601708891777, 24.37756740164587, 18.7182303897034, 22.241633176501722, 13.231255725220311, 13.729294209021717, 14.690797761247447, 15.298001641609458, 8.26727275659338, 33.02208797680603, 31.377194004272077, 18.881182171225298, 13.45781295292109, 30.222238710244167, 0.0, 8.26480136152169, 21.91345655458264, 37.32547718193865, 9.051295517402535, 5.893773374598247, 16.449644793439386, 32.482611980342476, 18.619032902182074, 17.708118190585704, 17.616218853113676, 30.890022097147842, 24.490735664352634, 25.755423093586522, 10.117659787158011, 35.351195991789965, 17.18907797754268, 4.275941153164536, 23.248680518412844, 29.770498356335963, 14.2543600430182, 24.607843136834592, 17.429372854811316, 27.017027876650786, 3.2965530070841487, 20.565014525670808, 28.00887511360052, 16.653603780397816, 34.6025771765588, 28.182659351347198, 28.850583119344442, 5.930284807440494, 31.247004898779757, 32.66681202265681, 22.54339814598276, 12.461422835058164, 22.77601708891777, 24.37756740164587, 18.7182303897034, 22.241633176501722, 13.231255725220311, 13.729294209021717, 14.690797761247447, 15.298001641609458, 8.26727275659338, 33.02208797680603, 31.377194004272077, 18.881182171225298, 13.45781295292109, 30.222238710244167, 0.0, 8.26480136152169, 21.91345655458264, 37.32547718193865, 9.051295517402535, 5.893773374598247, 16.449644793439386, 32.482611980342476], [26.425514407781133, 19.937807360772972, 20.586825854273474, 11.991016936030832, 23.00908822778667, 27.944307560814387, 27.98360600020703, 5.627049398326682, 17.047612804876128, 23.67212516225672, 14.922374516019309, 14.425048085020315, 11.527514548696693, 7.734005313200106, 10.624229103284867, 17.897928563012016, 1.505049867779227, 29.495059149726917, 26.515883881913172, 12.04323794580964, 6.605004681472133, 21.976641972602962, 8.26480136152169, 0.0, 20.16900267360722, 29.191639782674947, 8.556286062784462, 13.528330085930005, 23.707151002222087, 24.29596329397235, 18.008034436521022, 20.918418513777716, 18.782820659567662, 22.942615473824958, 22.740050212323762, 17.491455922546283, 11.07323984404199, 27.15556118994793, 17.386530272576294, 4.6732241336215194, 26.027901870132204, 28.459849091400176, 15.719772016584148, 31.50836007265169, 9.599025615107466, 28.01542770456533, 11.371127776170077, 24.63958175866722, 20.549803817262333, 12.500054963123265, 26.425514407781133, 19.937807360772972, 20.5868258542734