{"num_workers": 15, "num_roles": 5, "num_nodes": 40, "w": [[60, 60], [0, 0], [90, 90], [0, 0], [180, 180], [60, 60], [240, 240], [150, 150], [60, 60], [180, 180], [90, 90], [90, 90], [30, 30], [240, 240], [60, 60], [60, 450], [330, 420], [120, 420], [270, 360], [90, 150], [210, 330], [60, 360], [30, 180], [150, 390], [180, 420], [300, 300], [150, 150], [330, 330], [450, 450], [450, 450], [150, 150], [270, 270], [450, 450], [360, 360], [330, 330], [450, 450], [240, 240], [450, 450], [270, 270], [450, 450]], "p": [0, 0, 0, 0, 0, 0, 0, 0, 0, 0, 0, 0, 0, 0, 0, 74.44028414750316, 43.32931812903552, 58.589885604506065, 67.18107337167478, 71.13159096944267, 66.32055405610662, 66.48452614404194, 71.70999082629294, 58.71184659739021, 35.21600195138744, 0, 0, 0, 0, 0, 0, 0, 0, 0, 0, 0, 0, 0, 0, 0], "e": [[1, 1, 0, 0, 0], [0, 1, 0, 0, 1], [0, 0, 1, 0, 0], [1, 0, 0, 0, 0], [0, 0, 0, 0, 1], [0, 0, 0, 1, 0], [0, 0, 0, 1, 0], [0, 1, 0, 0, 0], [0, 0, 0, 1, 0], [0, 1, 0, 0, 0], [0, 0, 0, 0, 1], [1, 0, 0, 0, 0], [0, 0, 1, 0, 0], [1, 0, 0, 0, 0], [0, 0, 1, 0, 0]], "d": [[2, 0, 0, 1, 1, 1, 0, 1, 1, 2], [1, 3, 0, 0, 0, 2, 0, 0, 0, 1], [1, 1, 3, 1, 1, 0, 3, 1, 1, 1], [1, 0, 0, 2, 2, 1, 0, 2, 2, 1], [0, 1, 0, 1, 1, 0, 0, 1, 1, 0]], "r": [1071, 2342, 736, 3089, 4049, 2690, 3749, 2804, 4872, 817], "g": [[0, 0, 0, 0, 0, 0, 0, 0, 0, 0], [0, 0, 0, 0, 0, 0, 0, 0, 0, 0], [0, 0, 0, 0, 0, 0, 0, 0, 0, 0], [0, 0, 0, 0, 0, 0, 0, 0, 0, 0], [0, 0, 0, 0, 0, 0, 0, 0, 0, 0], [0, 0, 0, 0, 0, 0, 0, 0, 0, 0], [0, 0, 0, 0, 0, 0, 0, 0, 0, 0], [0, 0, 0, 0, 0, 0, 0, 0, 0, 0], [0, 0, 0, 0, 0, 0, 0, 0, 0, 0], [0, 0, 0, 0, 0, 0, 0, 0, 0, 0]], "t": [[0.0, 17.624912229993033, 36.19085956714955, 40.30015168972849, 22.485333030121268, 29.91286699304163, 23.092683787951312, 12.32309862560106, 32.10639385319368, 25.427680720028544, 26.125656538774386, 28.76100196840625, 21.26765374077237, 46.87867168632843, 28.68124302067686, 19.732998960064467, 41.07890598948991, 13.12862779216496, 38.63721596600196, 21.053962618029264, 7.110439687694274, 12.945150983738136, 19.382131737766958, 45.151072828304166, 26.74741940798963, 0.0, 17.624912229993033, 36.19085956714955, 40.30015168972849, 22.485333030121268, 29.91286699304163, 23.092683787951312, 12.32309862560106, 32.10639385319368, 25.427680720028544, 26.125656538774386, 28.76100196840625, 21.26765374077237, 46.87867168632843, 28.68124302067686], [17.624912229993033, 0.0, 32.78200242336891, 35.125564256830906, 6.533124766785069, 17.683670345253997, 32.868007007098555, 10.319313808292318, 36.34839552571655, 8.846605581583727, 35.289804091938244, 19.481369850010413, 19.42743563606844, 42.75355741204206, 30.064516817254813, 10.112823498288355, 40.067788545906424, 26.25481051585794, 35.41305941650961, 21.18520975527958, 16.280607083938847, 16.092947164163963, 35.24925416091257, 42.60917190470381, 30.100412304589053, 17.624912229993033, 0.0, 32.78200242336891, 35.125564256830906, 6.533124766785069, 17.683670345253997, 32.868007007098555, 10.319313808292318, 36.34839552571655, 8.846605581583727, 35.289804091938244, 19.481369850010413, 19.42743563606844, 42.75355741204206, 30.064516817254813], [36.19085956714955, 32.78200242336891, 0.0, 4.985923295822526, 38.16416195023909, 19.464665106376458, 24.59697685025424, 40.135520447516505, 14.92049016205187, 38.86192102520418, 23.873620335394524, 14.897267627231336, 15.169040734561255, 10.712649644594594, 10.168195507156677, 22.669181693745298, 8.091536934333996, 49.31755506352883, 2.644373278619841, 15.145419531583467, 41.297654239941075, 45.02828048677467, 37.91632460591293, 9.830720665984817, 13.567761987045726, 36.19085956714955, 32.78200242336891, 0.0, 4.985923295822526, 38.16416195023909, 19.464665106376458, 24.59697685025424, 40.135520447516505, 14.92049016205187, 38.86192102520418, 23.873620335394524, 14.897267627231336, 15.169040734561255, 10.712649644594594, 10.168195507156677], [40.30015168972849, 35.125564256830906, 4.985923295822526, 0.0, 40.00701792214578, 19.89204033935262, 29.579151957208847, 43.23563426111373, 19.53449913568302, 40.353005448020404, 28.803194888845727, 16.046005029070972, 19.04559487745551, 7.690008538082186, 15.154118350370693, 25.133014621252215, 9.828536119623934, 53.41438301009003, 4.309793650797749, 19.43317276676867, 45.01722475772093, 48.376281975938475, 42.87424310502341, 8.86074835522091, 18.55324050801101, 40.30015168972849, 35.125564256830906, 4.985923295822526, 0.0, 40.00701792214578, 19.89204033935262, 29.579151957208847, 43.23563426111373, 19.53449913568302, 40.353005448020404, 28.803194888845727, 16.046005029070972, 19.04559487745551, 7.690008538082186, 15.154118350370693], [22.485333030121268, 6.533124766785069, 38.16416195023909, 40.00701792214578, 0.0, 21.092951317497178, 39.367552081395026, 12.040407261619379, 42.730100214801354, 2.9910928324707196, 41.814287754329136, 23.994605734578762, 25.625803047998932, 47.695108708214505, 36.28250779677817, 15.79960766710937, 45.735262124306544, 28.629364057165773, 40.754628109294266, 27.51583725382424, 19.289382604649877, 16.997500410159752, 41.03800233265049, 47.9232915919298, 36.49140976192095, 22.485333030121268, 6.533124766785069, 38.16416195023909, 40.00701792214578, 0.0, 21.092951317497178, 39.367552081395026, 12.040407261619379, 42.730100214801354, 2.9910928324707196, 41.814287754329136, 23.994605734578762, 25.625803047998932, 47.695108708214505, 36.28250779677817], [29.91286699304163, 17.683670345253997, 19.464665106376458, 19.89204033935262, 21.092951317497178, 0.0, 32.62180269950971, 27.566339451157297, 29.57110627832659, 20.9057874856391, 33.75924439883913, 4.958617362097222, 14.574116524196732, 27.470027655733784, 22.326104707187508, 10.197119025580562, 27.552431032162122, 41.686337998230954, 21.738984272959474, 16.98827093652089, 31.878950355689163, 33.298845298511125, 41.367738717444134, 28.499316416888583, 24.3531143258866, 29.91286699304163, 17.683670345253997, 19.464665106376458, 19.89204033935262, 21.092951317497178, 0.0, 32.62180269950971, 27.566339451157297, 29.57110627832659, 20.9057874856391, 33.75924439883913, 4.958617362097222, 14.574116524196732, 27.470027655733784, 22.326104707187508], [23.092683787951312, 32.868007007098555, 24.59697685025424, 29.579151957208847, 39.367552081395026, 32.62180269950971, 0.0, 33.654894509505525, 12.372821707850218, 41.647337301495725, 3.0625057394532047, 28.37858733666791, 18.06003032274869, 33.192352975573435, 14.44482932266849, 26.53582739513418, 24.954366880717494, 33.85994932702036, 25.93588065652993, 15.63373193797634, 30.17649134080431, 35.861164009865895, 14.137030000758102, 29.917643061050207, 11.040161203957092, 23.092683787951312, 32.868007007098555, 24.59697685025424, 29.579151957208847, 39.367552081395026, 32.62180269950971, 0.0, 33.654894509505525, 12.372821707850218, 41.647337301495725, 3.0625057394532047, 28.37858733666791, 18.06003032274869, 33.192352975573435, 14.44482932266849], [12.32309862560106, 10.319313808292318, 40.135520447516505, 43.23563426111373, 12.040407261619379, 27.566339451157297, 33.654894509505525, 0.0, 40.30393144896256, 14.979909291039949, 36.5206733305065, 28.532500920460436, 25.314800004362716, 50.62500342200711, 35.17821626096707, 18.47210943545937, 46.61213128747752, 16.62790479567283, 42.768573124779564, 26.293315349369678, 7.388803731714931, 5.786157413491865, 31.70489215756685, 49.85324469676674, 34.25138053335251, 12.32309862560106, 10.319313808292318, 40.135520447516505, 43.23563426111373, 12.040407261619379, 27.566339451157297, 33.654894509505525, 0.0, 40.30393144896256, 14.979909291039949, 36.5206733305065, 28.532500920460436, 25.314800004362716, 50.62500342200711, 35.17821626096707], [32.10639385319368, 36.34839552571655, 14.92049016205187, 19.53449913568302, 42.730100214801354, 29.57110627832659, 12.372821707850218, 40.30393144896256, 0.0, 44.36954073711074, 10.410204924079814, 24.65155919433847, 17.306497365534696, 21.528534395609256, 7.250353088766365, 27.43850828333153, 12.921266069021833, 44.32153142291935, 15.359435924551663, 15.22922969448884, 38.72771979875105, 43.81961340274227, 26.49475475961806, 17.91867216561189, 6.249232227474988, 32.10639385319368, 36.34839552571655, 14.92049016205187, 19.53449913568302, 42.730100214801354, 29.57110627832659, 12.372821707850218, 40.30393144896256, 0.0, 44.36954073711074, 10.410204924079814, 24.65155919433847, 17.306497365534696, 21.528534395609256, 7.250353088766365], [25.427680720028544, 8.846605581583727, 38.86192102520418, 40.353005448020404, 2.9910928324707196, 20.9057874856391, 41.647337301495725, 14.979909291039949, 44.36954073711074, 0.0, 44.003467126018506, 24.314581698063403, 27.11533316266662, 48.03507785982742, 37.723416876565125, 17.054296423893597, 46.610564503694214, 31.52292030423989, 41.40654315579184, 29.14586625270213, 22.263717091846104, 19.769730633354847, 43.832565180384165, 48.51843033281464, 38.16516162346077, 25.427680720028544, 8.846605581583727, 38.86192102520418, 40.353005448020404, 2.9910928324707196, 20.9057874856391, 41.647337301495725, 14.979909291039949, 44.36954073711074, 0.0, 44.003467126018506, 24.314581698063403, 27.11533316266662, 48.03507785982742, 37.723416876565125], [26.125656538774386, 35.289804091938244, 23.873620335394524, 28.803194888845727, 41.814287754329136, 33.75924439883913, 3.0625057394532047, 36.5206733305065, 10.410204924079814, 44.003467126018506, 0.0, 29.295457517554794, 19.357678829904827, 31.771794529478974, 13.946566568852566, 28.416107832145233, 23.28947789708592, 36.90172545834216, 24.933714330446346, 16.886458806228823, 33.198334272250605, 38.85438047213255, 16.334014102844556, 28.287238880792383, 10.651969525524244, 26.125656538774386, 35.289804091938244, 23.873620335394524, 28.803194888845727, 41.814287754329136, 33.75924439883913, 3.0625057394532047, 36.5206733305065, 10.410204924079814, 44.003467126018506, 0.0, 29.295457517554794, 19.357678829904827, 31.771794529478974, 13.946566568852566], [28.76100196840625, 19.481369850010413, 14.897267627231336, 16.046005029070972, 23.994605734578762, 4.958617362097222, 28.37858733666791, 28.532500920460436, 24.65155919433847, 24.314581698063403, 29.295457517554794, 0.0, 10.609545837666158, 23.7342948640586, 17.417526954288867, 10.085740792350562, 22.9300424437842, 41.23167269744805, 17.310967552081998, 12.857646957522004, 31.798070364801827, 34.06819940357024, 38.10531674214909, 24.297422746736, 19.57637094456844, 28.76100196840625, 19.481369850010413, 14.897267627231336, 16.046005029070972, 23.994605734578762, 4.958617362097222, 28.37858733666791, 28.532500920460436, 24.65155919433847, 24.314581698063403, 29.295457517554794, 0.0, 10.609545837666158, 23.7342948640586, 17.417526954288867], [21.26765374077237, 19.42743563606844, 15.169040734561255, 19.04559487745551, 25.625803047998932, 14.574116524196732, 18.06003032274869, 25.314800004362716, 17.306497365534696, 27.11533316266662, 19.357678829904827, 10.609545837666158, 0.0, 25.8703178425148, 10.657591323278174, 10.13211239919631, 21.300538099607277, 34.371561409822135, 17.734412731596514, 2.472649947091698, 26.12973130083035, 29.966887626350037, 27.61374037803408, 24.657760981659806, 11.200484404458981, 21.26765374077237, 19.42743563606844, 15.169040734561255, 19.04559487745551, 25.625803047998932, 14.574116524196732, 18.06003032274869, 25.314800004362716, 17.306497365534696, 27.11533316266662, 19.357678829904827, 10.609545837666158, 0.0, 25.8703178425148, 10.657591323278174], [46.87867168632843, 42.75355741204206, 10.712649644594594, 7.690008538082186, 47.695108708214505, 27.470027655733784, 33.192352975573435, 50.62500342200711, 21.528534395609256, 48.03507785982742, 31.771794529478974, 23.7342948640586, 25.8703178425148, 0.0, 19.554160520342947, 32.71394240716197, 8.759623910907825, 60.0, 8.250650589838505, 25.82471853580521, 51.99944390160622, 55.63394447204673, 47.12422103327531, 4.164804243898699, 22.690243522026684, 46.87867168632843, 42.75355741204206, 10.712649644594594, 7.690008538082186, 47.695108708214505, 27.470027655733784, 33.192352975573435, 50.62500342200711, 21.528534395609256, 48.03507785982742, 31.771794529478974, 23.7342948640586, 25.8703178425148, 0.0, 19.554160520342947], [28.68124302067686, 30.064516817254813, 10.168195507156677, 15.154118350370693, 36.28250779677817, 22.326104707187508, 14.44482932266849, 35.17821626096707, 7.250353088766365, 37.723416876565125, 13.946566568852566, 17.417526954288867, 10.657591323278174, 19.554160520342947, 0.0, 20.677811453105107, 12.496729143548743, 41.565341027110485, 11.725510793879808, 9.000764030774027, 34.70635345776921, 39.28763556976527, 27.835454656714084, 16.96469729696433, 3.404847973782517, 28.68124302067686, 30.064516817254813, 10.168195507156677, 15.154118350370693, 36.28250779677817, 22.326104707187508, 14.44482932266849, 35.17821626096707, 7.250353088766365, 37.723416876565125, 13.946566568852566, 17.417526954288867, 10.657591323278174, 19.554160520342947, 0.0], [19.732998960064467, 10.112823498288355, 22.669181693745298, 25.133014621252215, 15.79960766710937, 10.197119025580562, 26.53582739513418, 18.47210943545937, 27.43850828333153, 17.054296423893597, 28.416107832145233, 10.085740792350562, 10.13211239919631, 32.71394240716197, 20.677811453105107, 0.0, 30.01789387331517, 31.58209137123692, 25.300734623987495, 12.319775729463792, 21.908329279740258, 23.982523838194584, 32.757477743124824, 32.49673994271075, 21.305353031044216, 19.732998960064467, 10.112823498288355, 22.669181693745298, 25.133014621252215, 15.79960766710937, 10.197119025580562, 26.53582739513418, 18.47210943545937, 27.43850828333153, 17.054296423893597, 28.416107832145233, 10.085740792350562, 10.13211239919631, 32.71394240716197, 20.677811453105107], [41.07890598948991, 40.067788545906424, 8.091536934333996, 9.828536119623934, 45.735262124306544, 27.552431032162122, 24.954366880717494, 46.61213128747752, 12.921266069021833, 46.610564503694214, 23.28947789708592, 22.9300424437842, 21.300538099607277, 8.759623910907825, 12.496729143548743, 30.01789387331517, 0.0, 54.032951138106206, 6.105586865480275, 20.49807898554886, 46.867356213046534, 51.130126165820045, 39.04623300769867, 4.998978044633536, 15.135531145057682, 41.07890598948991, 40.067788545906424, 8.091536934333996, 9.828536119623934, 45.735262124306544, 27.552431032162122, 24.954366880717494, 46.61213128747752, 12.921266069021833, 46.610564503694214, 23.28947789708592, 22.9300424437842, 21.300538099607277, 8.759623910907825, 12.496729143548743], [13.12862779216496, 26.25481051585794, 49.31755506352883, 53.41438301009003, 28.629364057165773, 41.686337998230954, 33.85994932702036, 16.62790479567283, 44.32153142291935, 31.52292030423989, 36.90172545834216, 41.23167269744805, 34.371561409822135, 60.0, 41.565341027110485, 31.58209137123692, 54.032951138106206, 0.0, 51.75507714491147, 34.176618487925474, 10.025345281094008, 12.07892411763797, 25.05731460996207, 58.206360367697926, 39.38511515821239, 13.12862779216496, 26.25481051585794, 49.31755506352883, 53.41438301009003, 28.629364057165773, 41.686337998230954, 33.85994932702036, 16.62790479567283, 44.32153142291935, 31.52292030423989, 36.90172545834216, 41.23167269744805, 34.371561409822135, 60.0, 41.565341027110485], [38.63721596600196, 35.41305941650961, 2.644373278619841, 4.309793650797749, 40.754628109294266, 21.738984272959474, 25.93588065652993, 42.768573124779564, 15.359435924551663, 41.40654315579184, 24.933714330446346, 17.310967552081998, 17.734412731596514, 8.250650589838505, 11.725510793879808, 25.300734623987495, 6.105586865480275, 51.75507714491147, 0.0, 17.584903423988873, 43.848525172023884, 47.637378265184225, 39.553394228043494, 7.196165265296935, 15.041141200598126, 38.63721596600196, 35.41305941650961, 2.644373278619841, 4.309793650797749, 40.754628109294266, 21.738984272959474, 25.93588065652993, 42.768573124779564, 15.359435924551663, 41.40654315579184, 24.933714330446346, 17.310967552081998, 17.734412731596514, 8.250650589838505, 11.725510793879808], [21.053962618029264, 21.18520975527958, 15.145419531583467, 19.43317276676867, 27.51583725382424, 16.98827093652089, 15.63373193797634, 26.293315349369678, 15.22922969448884, 29.14586625270213, 16.886458806228823, 12.857646957522004, 2.472649947091698, 25.82471853580521, 9.000764030774027, 12.319775729463792, 20.49807898554886, 34.176618487925474, 17.584903423988873, 0.0, 26.43249570047703, 30.642854177715723, 25.69088235618664, 24.228305912726395, 9.022083617885299, 21.053962618029264, 21.18520975527958, 15.145419531583467, 19.43317276676867, 27.51583725382424, 16.98827093652089, 15.63373193797634, 26.293315349369678, 15.22922969448884, 29.14586625270213, 16.886458806228823, 12.857646957522004, 2.472649947091698, 25.82471853580521, 9.000764030774027], [7.110439687694274, 16.280607083938847, 41.297654239941075, 45.01722475772093, 19.289382604649877, 31.878950355689163, 30.17649134080431, 7.388803731714931, 38.72771979875105, 22.263717091846104, 33.198334272250605, 31.798070364801827, 26.12973130083035, 51.99944390160622, 34.70635345776921, 21.908329279740258, 46.867356213046534, 10.025345281094008, 43.848525172023884, 26.43249570047703, 0.0, 5.925078808667848, 25.69275369072447, 50.648110671677536, 33.10332120339049, 7.110439687694274, 16.280607083938847, 41.297654239941075, 45.01722475772093, 19.289382604649877, 31.878950355689163, 30.17649134080431, 7.388803731714931, 38.72771979875105, 22.263717091846104, 33.198334272250605, 31.798070364801827, 26.12973130083035, 51.99944390160622, 34.70635345776921], [12.945150983738136, 16.092947164163963, 45.02828048677467, 48.376281975938475, 16.997500410159752, 33.298845298511125, 35.861164009865895, 5.786157413491865, 43.81961340274227, 19.769730633354847, 38.85438047213255, 34.06819940357024, 29.966887626350037, 55.63394447204673, 39.28763556976527, 23.982523838194584, 51.130126165820045, 12.07892411763797, 47.637378265184225, 30.642854177715723, 5.925078808667848, 0.0, 31.54508954351129, 54.623461781643414, 37.98744741839726, 12.945150983738136, 16.092947164163963, 45.02828048677467, 48.376281975938475, 16.997500410159752, 33.298845298511125, 35.861164009865895, 5.786157413491865, 43.81961340274227, 19.769730633354847, 38.85438047213255, 34.06819940357024, 29.966887626350037, 55.63394447204673, 39.28763556976527], [19.382131737766958, 35.24925416091257, 37.91632460591293, 42.87424310502341, 41.03800233265049, 41.367738717444134, 14.137030000758102, 31.70489215756685, 26.49475475961806, 43.832565180384165, 16.334014102844556, 38.10531674214909, 27.61374037803408, 47.12422103327531, 27.835454656714084, 32.757477743124824, 39.04623300769867, 25.05731460996207, 39.553394228043494, 25.69088235618664, 25.69275369072447, 31.54508954351129, 0.0, 43.98339055200476, 24.521879972927643, 19.382131737766958, 35.24925416091257, 37.91632460591293, 42.87424310502341, 41.03800233265049, 41.367738717444134, 14.137030000758102, 31.70489215756685, 26.49475475961806, 43.832565180384165, 16.334014102844556, 38.10531674214909, 27.61374037803408, 47.12422103327531, 27.835454656714084], [45.151072828304166, 42.60917190470381, 9.830720665984817, 8.86074835522091, 47.9232915919298, 28.499316416888583, 29.917643061050207, 49.85324469676674, 17.91867216561189, 48.51843033281464, 28.287238880792383, 24.297422746736, 24.657760981659806, 4.164804243898699, 16.96469729696433, 32.49673994271075, 4.998978044633536, 58.206360367697926, 7.196165265296935, 24.228305912726395, 50.648110671677536, 54.623461781643414, 43.98339055200476, 0.0, 19.848233468409774, 45.151072828304166, 42.60917190470381, 9.830720665984817, 8.86074835522091, 47.9232915919298, 28.499316416888583, 29.917643061050207, 49.85324469676674, 17.91867216561189, 48.51843033281464, 28.287238880792383, 24.297422746736, 24.657760981659806, 4.164804243898699, 16.96469729696433], [26.74741940798963, 30.100412304589053, 13.567761987045726, 18.55324050801101, 36.49140976192095, 24.3531143258866, 11.040161203957092, 34.25138053335251, 6.249232227474988, 38.16516162346077, 10.651969525524244, 19.57637094456844, 11.200484404458981, 22.690243522026684, 3.404847973782517, 21.305353031044216, 15.135531145057682, 39.38511515821239, 15.041141200598126, 9.022083617885299, 33.10332120339049, 37.98744741839726, 24.521879972927643, 19.848233468409774, 0.0, 26.74741940798963, 30.100412304589053, 13.567761987045726, 18.55324050801101, 36.49140976192095, 24.3531143258866, 11.040161203957092, 34.25138053335251, 6.249232227474988, 38.16516162346077, 10.651969525524244, 19.57637094456844, 11.200484404458981, 22.690243522026684, 3.404847973782517], [0.0, 17.624912229993033, 36.19085956714955, 40.30015168972849, 22.485333030121268, 29.91286699304163, 23.092683787951312, 12.32309862560106, 32.10639385319368, 25.427680720028544, 26.125656538774386, 28.76100196840625, 21.26765374077237, 46.87867168632843, 28.68124302067686, 19.732998960064467, 41.07890598948991, 13.12862779216496, 38.63721596600196, 21.053962618029264, 7.110439687694274, 12.945150983738136, 19.382131737766958, 45.151072828304166, 26.74741940798963, 0.0, 17.624912229993033, 36.19085956714955, 40.30015168972849, 22.485333030121268, 29.91286699304163, 23.092683787951312, 12.32309862560106, 32.10639385319368, 25.427680720028544, 26.125656538774386, 28.76100196840625, 21.26765374077237, 46.87867168632843, 28.68124302067686], [17.624912229993033, 0.0, 32.78200242336891, 35.125564256830906, 6.533124766785069, 17.683670345253997, 32.868007007098555, 10.319313808292318, 36.34839552571655, 8.846605581583727, 35.289804091938244, 19.481369850010413, 19.42743563606844, 42.75355741204206, 30.064516817254813, 10.112823498288355, 40.067788545906424, 26.25481051585794, 35.41305941650961, 21.18520975527958, 16.280607083938847, 16.092947164163963, 35.24925416091257, 42.60917190470381, 30.100412304589053, 17.624912229993033, 0.0, 32.78200242336891, 35.125564256830906, 6.533124766785069, 17.683670345253997, 32.868007007098555, 10.319313808292318, 36.34839552571655, 8.846605581583727, 35.289804091938244, 19.481369850010413, 19.42743563606844, 42.75355741204206, 30.064516817254813], [36.19085956714955, 32.78200242336891, 0.0, 4.985923295822526, 38.16416195023909, 19.464665106376458, 24.59697685025424, 40.135520447516505, 14.92049016205187, 38.86192102520418, 23.873620335394524, 14.897267627231336, 15.169040734561255, 10.712649644594594, 10.168195507156677, 22.669181693745298, 8.091536934333996, 49.31755506352883, 2.644373278619841, 15.145419531583467, 41.297654239941075, 45.02828048677467, 37.91632460591293, 9.830720665984817, 13.567761987045726, 36.19085956714955, 32.78200242336891, 0.0, 4.985923295822526, 38.16416195023909, 19.464665106376458, 24.59697685025424, 40.135520447516505, 14.92049016205187, 38.86192102520418, 23.873620335394524, 14.897267627231336, 15.169040734561255, 10.712649644594594, 10.168195507156677], [40.30015168972849, 35.125564256830906, 4.985923295822526, 0.0, 40.00701792214578, 19.89204033935262, 29.579151957208847, 43.23563426111373, 19.53449913568302, 40.353005448020404, 28.803194888845727, 16.046005029070972, 19.04559487745551, 7.690008538082186, 15.154118350370693, 25.133014621252215, 9.828536119623934, 53.41438301009003, 4.309793650797749, 19.43317276676867, 45.01722475772093, 48.376281975938475, 42.87424310502341, 8.86074835522091, 18.55324050801101, 40.30015168972849, 35.125564256830906, 4.985923295822526, 0.0, 40.00701792214578, 19.89204033935262, 29.579151957208847, 43.23563426111373, 19.53449913568302, 40.353005448020404, 28.803194888845727, 16.046005029070972, 19.04559487745551, 7.690008538082186, 15.154118350370693], [22.485333030121268, 6.533124766785069, 38.16416195023909, 40.00701792214578, 0.0, 21.092951317497178, 39.367552081395026, 12.040407261619379, 42.730100214801354, 2.9910928324707196, 41.814287754329136, 23.994605734578762, 25.625803047998932, 47.695108708214505, 36.28250779677817, 15.79960766710937, 45.735262124306544, 28.629364057165773, 40.754628109294266, 27.51583725382424, 19.289382604649877, 16.997500410159752, 41.03800233265049, 47.9232915919298, 36.49140976192095, 22.485333030121268, 6.533124766785069, 38.16416195023909, 40.00701792214578, 0.0, 21.092951317497178, 39.367552081395026, 12.040407261619379, 42.730100214801354, 2.9910928324707196, 41.814287754329136, 23.994605734578762, 25.625803047998932, 47.695108708214505, 36.28250779677817], [29.91286699304163, 17.683670345253997, 19.464665106376458, 19.89204033935262, 21.092951317497178, 0.0, 32.62180269950971, 27.566339451157297, 29.57110627832659, 20.9057874856391, 33.75924439883913, 4.958617362097222, 14.574116524196732, 27.470027655733784, 22.326104707187508, 10.197119025580562, 27.552431032162122, 41.686337998230954, 21.738984272959474, 16.98827093652089, 31.878950355689163, 33.298845298511125, 41.367738717444134, 28.499316416888583, 24.3531143258866, 29.91286699304163, 17.683670345253997, 19.464665106376458, 19.89204033935262, 21.092951317497178, 0.0, 32.62180269950971, 27.566339451157297, 29.57110627832659, 20.9057874856391, 33.75924439883913, 4.958617362097222, 14.574116524196732, 27.470027655733784, 22.326104707187508], [23.092683787951312, 32.868007007098555, 24.59697685025424, 29.579151957208847, 39.367552081395026, 32.62180269950971, 0.0, 33.654894509505525, 12.372821707850218, 41.647337301495725, 3.0625057394532047, 28.37858733666791, 18.06003032274869, 33.192352975573435, 14.44482932266849, 26.53582739513418, 24.954366880717494, 33.85994932702036, 25.93588065652993, 15.63373193797634, 30.17649134080431, 35.861164009865895, 14.137030000758102, 29.917643061050207, 11.040161203957092, 23.092683787951312, 32.868007007098555, 24.59697685025424, 29.579151957208847, 39.367552081395026, 32.62180269950971, 0.0, 33.654894509505525, 12.372821707850218, 41.647337301495725, 3.0625057394532047, 28.37858733666791, 18.06003032274869, 33.192352975573435, 14.44482932266849], [12.32309862560106, 10.319313808292318, 40.135520447516505, 43.23563426111373, 12.040407261619379, 27.566339451157297, 33.654894509505525, 0.0, 40.30393144896256, 14.979909291039949, 36.5206733305065, 28.532500920460436, 25.314800004362716, 50.62500342200711, 35.17821626096707, 18.47210943545937, 46.61213128747752, 16.62790479567283, 42.768573124779564, 26.293315349369678, 7.388803731714931, 5.786157413491865, 31.70489215756685, 49.85324469676674, 34.25138053335251, 12.32309862560106, 10.319313808292318, 40.135520447516505, 43.23563426111373, 12.040407261619379, 27.566339451157297, 33.654894509505525, 0.0, 40.30393144896256, 14.979909291039949, 36.5206733305065, 28.532500920460436, 25.314800004362716, 50.62500342200711, 35.17821626096707], [32.10639385319368, 36.34839552571655, 14.92049016205187, 19.53449913568302, 42.730100214801354, 29.57110627832659, 12.372821707850218, 40.30393144896256, 0.0, 44.36954073711074, 10.410204924079814, 24.65155919433847, 17.306497365534696, 21.528534395609256, 7.250353088766365, 27.43850828333153, 12.921266069021833, 44.32153142291935, 15.359435924551663, 15.22922969448884, 38.72771979875105, 43.81961340274227, 26.49475475961806, 17.91867216561189, 6.249232227474988, 32.10639385319368, 36.34839552571655, 14.92049016205187, 19.53449913568302, 42.730100214801354, 29.57110627832659, 12.372821707850218, 40.30393144896256, 0.0, 44.36954073711074, 10.410204924079814, 24.65155919433847, 17.306497365534696, 21.528534395609256, 7.250353088766365], [25.427680720028544, 8.846605581583727, 38.86192102520418, 40.353005448020404, 2.9910928324707196, 20.9057874856391, 41.647337301495725, 14.979909291039949, 44.36954073711074, 0.0, 44.003467126018506, 24.314581698063403, 27.11533316266662, 48.03507785982742, 37.723416876565125, 17.054296423893597, 46.610564503694214, 31.52292030423989, 41.40654315579184, 29.14586625270213, 22.263717091846104, 19.769730633354847, 43.832565180384165, 48.51843033281464, 38.16516162346077, 25.427680720028544, 8.846605581583727, 38.86192102520418, 40.353005448020404, 2.9910928324707196, 20.9057874856391, 41.647337301495725, 14.979909291039949, 44.36954073711074, 0.0, 44.003467126018506, 24.314581698063403, 27.11533316266662, 48.03507785982742, 37.723416876565125], [26.125656538774386, 35.289804091938244, 23.873620335394524, 28.803194888845727, 41.814287754329136, 33.75924439883913, 3.0625057394532047, 36.5206733305065, 10.410204924079814, 44.003467126018506, 0.0, 29.295457517554794, 19.357678829904827, 31.771794529478974, 13.946566568852566, 28.416107832145233, 23.28947789708592, 36.90172545834216, 24.933714330446346, 16.886458806228823, 33.198334272250605, 38.85438047213255, 16.334014102844556, 28.287238880792383, 10.651969525524244, 26.125656538774386, 35.289804091938244, 23.873620335394524, 28.803194888845727, 41.814287754329136, 33.75924439883913, 3.0625057394532047, 36.5206733305065, 10.410204924079814, 44.003467126018506, 0.0, 29.295457517554794, 19.357678829904827, 31.771794529478974, 13.946566568852566], [28.76100196840625, 19.481369850010413, 14.897267627231336, 16.046005029070972, 23.994605734578762, 4.958617362097222, 28.37858733666791, 28.532500920460436, 24.65155919433847, 24.314581698063403, 29.295457517554794, 0.0, 10.609545837666158, 23.7342948640586, 17.417526954288867, 10.085740792350562, 22.9300424437842, 41.23167269744805, 17.310967552081998, 12.857646957522004, 31.798070364801827, 34.06819940357024, 38.10531674214909, 24.297422746736, 19.57637094456844, 28.76100196840625, 19.481369850010413, 14.897267627231336, 16.046005029070972, 23.994605734578762, 4.958617362097222, 28.37858733666791, 28.532500920460436, 24.65155919433847, 24.314581698063403, 29.295457517554794, 0.0, 10.609545837666158, 23.7342948640586, 17.417526954288867], [21.26765374077237, 19.42743563606844, 15.169040734561255, 19.04559487745551, 25.625803047998932, 14.574116524196732, 18.06003032274869, 25.314800004362716, 17.306497365534696, 27.11533316266662, 19.357678829904827, 10.609545837666158, 0.0, 25.8703178425148, 10.657591323278174, 10.13211239919631, 21.300538099607277, 34.371561409822135, 17.734412731596514, 2.472649947091698, 26.12973130083035, 29.966887626350037, 27.61374037803408, 24.657760981659806, 11.200484404458981, 21.26765374077237, 19.42743563606844, 15.169040734561255, 19.04559487745551, 25.625803047998932, 14.574116524196732, 18.06003032274869, 25.314800004362716, 17.306497365534696, 27.11533316266662, 19.357678829904827, 10.609545837666158, 0.0, 25.8703178425148, 10.657591323278174], [46.87867168632843, 42.75355741204206, 10.712649644594594, 7.690008538082186, 47.695108708214505, 27.470027655733784, 33.192352975573435, 50.62500342200711, 21.528534395609256, 48.03507785982742, 31.771794529478974, 23.7342948640586, 25.8703178425148, 0.0, 19.554160520342947, 32.71394240716197, 8.759623910907825, 60.0, 8.250650589838505, 25.82471853580521, 51.99944390160622, 55.63394447204673, 47.12422103327531, 4.164804243898699, 22.690243522026684, 46.87867168632843, 42.75355741204206, 10.712649644594594, 7.690008538082186, 47.695108708214505, 27.470027655733784, 33.192352975573435, 50.62500342200711, 21.528534395609256, 48.03507785982742, 31.771794529478974, 23.7342948640586, 25.8703178425148, 0.0, 19.554160520342947], [28.68124302067686, 30.064516817254813, 10.168195507156677, 15.154118350370693, 36.28250779677817, 22.326104707187508, 14.44482932266849, 35.17821626096707, 7.250353088766365, 37.723416876565125, 13.946566568852566, 17.417526954288867, 10.657591323278174, 19.554160520342947, 0.0, 20.677811453105107, 12.496729143548743, 41.565341027110485, 11.725510793879808, 9.000764030774027, 34.70635345776921, 39.28763556976527, 27.835454656714084, 16.96469729696433, 3.404847973782517, 28.68124302067686, 30.064516817254813, 10.168195507156677, 15.154118350370693, 36.28250779677817, 22.326104707187508, 14.44482932266849, 35.17821626096707, 7.250353088766365, 37.723416876565125, 13.946566568852566, 17.417526954288867, 10.657591323278174, 19.554160520342947, 0.0]], "M": 99999999.0}