{"num_workers": 30, "num_roles": 3, "num_nodes": 80, "w": [[30, 30], [30, 30], [30, 30], [60, 60], [150, 150], [90, 90], [60, 60], [240, 240], [30, 30], [60, 60], [180, 180], [90, 90], [60, 60], [30, 30], [90, 90], [30, 30], [30, 30], [120, 120], [180, 180], [60, 60], [90, 90], [180, 180], [90, 90], [240, 240], [240, 240], [120, 120], [210, 210], [60, 60], [330, 330], [120, 120], [180, 420], [120, 210], [90, 390], [120, 300], [150, 420], [270, 420], [60, 120], [150, 240], [60, 450], [60, 180], [210, 420], [300, 330], [120, 360], [150, 390], [60, 120], [210, 420], [120, 360], [90, 390], [150, 420], [270, 420], [390, 390], [210, 210], [120, 120], [210, 210], [420, 420], [270, 270], [360, 360], [450, 450], [480, 480], [420, 420], [300, 300], [360, 360], [360, 360], [450, 450], [210, 210], [450, 450], [90, 90], [450, 450], [360, 360], [420, 420], [150, 150], [270, 270], [180, 180], [420, 420], [330, 330], [210, 210], [450, 450], [210, 210], [390, 390], [390, 390]], "p": [0, 0, 0, 0, 0, 0, 0, 0, 0, 0, 0, 0, 0, 0, 0, 0, 0, 0, 0, 0, 0, 0, 0, 0, 0, 0, 0, 0, 0, 0, 62.86512339147809, 18.605796348660604, 37.660731742014995, 36.80496319377096, 17.07530126327773, 56.1466485228125, 42.43923570114926, 29.904718399322267, 43.54508201563284, 63.74671493420172, 46.86609293116724, 53.84927869884636, 20.66667639422316, 67.51604914656815, 21.21961785057463, 23.43304646558362, 10.33333819711158, 18.830365871007498, 8.537650631638865, 28.07332426140625, 0, 0, 0, 0, 0, 0, 0, 0, 0, 0, 0, 0, 0, 0, 0, 0, 0, 0, 0, 0, 0, 0, 0, 0, 0, 0, 0, 0, 0, 0], "e": [[0, 1, 1], [1, 1, 0], [1, 1, 0], [1, 0, 1], [1, 1, 0], [0, 1, 1], [1, 1, 0], [0, 1, 1], [0, 1, 0], [1, 1, 0], [0, 1, 0], [0, 1, 1], [0, 1, 0], [0, 1, 0], [1, 1, 0], [1, 1, 0], [1, 1, 0], [0, 1, 1], [1, 1, 0], [0, 1, 1], [1, 1, 0], [0, 1, 0], [0, 1, 1], [0, 0, 1], [0, 1, 0], [0, 0, 1], [0, 0, 1], [0, 1, 0], [1, 0, 0], [0, 0, 1]], "d": [[0, 1, 0, 1, 0, 1, 0, 1, 1, 0, 0, 0, 0, 0, 0, 0, 0, 0, 0, 2], [1, 2, 1, 1, 1, 1, 1, 1, 1, 1, 1, 1, 1, 1, 2, 2, 2, 2, 2, 2], [2, 0, 0, 0, 0, 0, 2, 0, 0, 0, 0, 2, 0, 2, 4, 0, 0, 0, 0, 0]], "r": [1838, 3788, 434, 4871, 2216, 4164, 330, 2207, 4931, 2737, 1210, 4337, 2089, 4485, 330, 1210, 2089, 434, 2216, 4164], "g": [[0, 0, 0, 0, 0, 0, 0, 0, 0, 0, 0, 0, 0, 0, 0, 0, 0, 0, 0, 0], [0, 0, 0, 0, 0, 0, 0, 0, 0, 0, 0, 0, 0, 0, 0, 0, 0, 0, 0, 0], [0, 0, 0, 0, 0, 0, 0, 0, 0, 0, 0, 0, 0, 0, 0, 0, 0, 1, 0, 0], [0, 0, 0, 0, 0, 0, 0, 0, 0, 0, 0, 0, 0, 0, 0, 0, 0, 0, 0, 0], [0, 0, 0, 0, 0, 0, 0, 0, 0, 0, 0, 0, 0, 0, 0, 0, 0, 0, 1, 0], [0, 0, 0, 0, 0, 0, 0, 0, 0, 0, 0, 0, 0, 0, 0, 0, 0, 0, 0, 1], [0, 0, 0, 0, 0, 0, 0, 0, 0, 0, 0, 0, 0, 0, 1, 0, 0, 0, 0, 0], [0, 0, 0, 0, 0, 0, 0, 0, 0, 0, 0, 0, 0, 0, 0, 0, 0, 0, 0, 0], [0, 0, 0, 0, 0, 0, 0, 0, 0, 0, 0, 0, 0, 0, 0, 0, 0, 0, 0, 0], [0, 0, 0, 0, 0, 0, 0, 0, 0, 0, 0, 0, 0, 0, 0, 0, 0, 0, 0, 0], [0, 0, 0, 0, 0, 0, 0, 0, 0, 0, 0, 0, 0, 0, 0, 1, 0, 0, 0, 0], [0, 0, 0, 0, 0, 0, 0, 0, 0, 0, 0, 0, 0, 0, 0, 0, 0, 0, 0, 0], [0, 0, 0, 0, 0, 0, 0, 0, 0, 0, 0, 0, 0, 0, 0, 0, 1, 0, 0, 0], [0, 0, 0, 0, 0, 0, 0, 0, 0, 0, 0, 0, 0, 0, 0, 0, 0, 0, 0, 0], [0, 0, 0, 0, 0, 0, 1, 0, 0, 0, 0, 0, 0, 0, 0, 0, 0, 0, 0, 0], [0, 0, 0, 0, 0, 0, 0, 0, 0, 0, 1, 0, 0, 0, 0, 0, 0, 0, 0, 0], [0, 0, 0, 0, 0, 0, 0, 0, 0, 0, 0, 0, 1, 0, 0, 0, 0, 0, 0, 0], [0, 0, 1, 0, 0, 0, 0, 0, 0, 0, 0, 0, 0, 0, 0, 0, 0, 0, 0, 0], [0, 0, 0, 0, 1, 0, 0, 0, 0, 0, 0, 0, 0, 0, 0, 0, 0, 0, 0, 0], [0, 0, 0, 0, 0, 1, 0, 0, 0, 0, 0, 0, 0, 0, 0, 0, 0, 0, 0, 0]], "t": [[0.0, 12.173317063702134, 13.047645733247993, 13.54210618222156, 6.7818902772396426, 15.66041463872813, 11.20537397852817, 16.003574096752075, 4.137402626566021, 10.805717278988233, 4.525106011709203, 8.274802571931536, 10.764310575539952, 4.288494649721106, 14.690538212708915, 16.8606347638594, 10.35037580892961, 15.202011580524758, 13.581482331854113, 2.934010234124529, 6.56893419015808, 14.583332059642247, 7.899713533727674, 10.086388677269449, 15.875376914973529, 6.25394593931719, 14.07866840503168, 10.57496654831744, 11.760677919471544, 10.067577666036673, 12.464197490393804, 12.203018193328877, 8.07432276623137, 10.14941327257754, 2.4279043205054895, 9.932562851830301, 14.643570582993856, 8.55664390866426, 4.509649652716638, 7.86456168800423, 17.489956261714955, 6.762551517898407, 11.751732308077397, 11.021138692378608, 14.643570582993856, 17.489956261714955, 11.751732308077397, 8.07432276623137, 2.4279043205054895, 9.932562851830301, 0.0, 12.173317063702134, 13.047645733247993, 13.54210618222156, 6.7818902772396426, 15.66041463872813, 11.20537397852817, 16.003574096752075, 4.137402626566021, 10.805717278988233, 4.525106011709203, 8.274802571931536, 10.764310575539952, 4.288494649721106, 14.690538212708915, 16.8606347638594, 10.35037580892961, 15.202011580524758, 13.581482331854113, 2.934010234124529, 6.56893419015808, 14.583332059642247, 7.899713533727674, 10.086388677269449, 15.875376914973529, 6.25394593931719, 14.07866840503168, 10.57496654831744, 11.760677919471544, 10.067577666036673], [12.173317063702134, 0.0, 3.2028614328140828, 24.20221302302452, 8.3609752857585, 7.598693172651972, 19.132306616466423, 6.866895439229994, 16.308621265340022, 17.478952561775564, 14.724543355971022, 20.349710454002803, 20.024152659682926, 8.120279814865317, 18.140372211318432, 16.47935387877957, 3.9133837163430067, 19.34951829067006, 3.60098373495697, 14.766719536246688, 17.28214660872375, 10.87904117022012, 8.861968776050304, 10.802062676526285, 17.018126534393215, 15.383138056506844, 4.152282102270028, 22.491265980159447, 7.229966825751081, 2.9047238116402005, 16.193415763460106, 6.679163392857238, 13.780199641191508, 6.093232853518347, 11.423446949764235, 2.3315768937029495, 2.474737547478829, 6.297576893385006, 9.509639929092115, 10.933560715384374, 17.45325229761794, 6.97616551859015, 8.382312533083859, 22.455259475143567, 2.474737547478829, 17.45325229761794, 8.382312533083859, 13.780199641191508, 11.423446949764235, 2.3315768937029495, 12.173317063702134, 0.0, 3.2028614328140828, 24.20221302302452, 8.3609752857585, 7.598693172651972, 19.132306616466423, 6.866895439229994, 16.308621265340022, 17.478952561775564, 14.724543355971022, 20.349710454002803, 20.024152659682926, 8.120279814865317, 18.140372211318432, 16.47935387877957, 3.9133837163430067, 19.34951829067006, 3.60098373495697, 14.766719536246688, 17.28214660872375, 10.87904117022012, 8.861968776050304, 10.802062676526285, 17.018126534393215, 15.383138056506844, 4.152282102270028, 22.491265980159447, 7.229966825751081, 2.9047238116402005], [13.047645733247993, 3.2028614328140828, 0.0, 25.93319678167603, 7.664100568310069, 10.651289836780418, 18.027752190878, 9.77249912793647, 17.117056539842636, 16.173278139748245, 14.663119239436607, 21.317293942202678, 22.058694900980495, 9.55068067239798, 16.036152558199163, 13.747690213674392, 2.7998766296399076, 17.320779504912686, 0.5627464319642129, 15.263956552977165, 17.151043589840494, 7.9566683485290115, 11.475930270036475, 13.677840912578844, 14.524015574742752, 14.939613550276434, 1.1504165119206304, 22.75510321772019, 10.384401814814275, 3.069302146979011, 18.995337174604643, 3.986533437777859, 12.658988077163556, 9.09728372264787, 11.72653068512276, 4.64393319161117, 3.876152523003848, 5.291245983754429, 9.450138689878836, 9.700909745490435, 14.73159115625137, 9.224936478558112, 11.51125197772608, 23.864299093485652, 3.876152523003848, 14.73159115625137, 11.51125197772608, 12.658988077163556, 11.72653068512276, 4.64393319161117, 13.047645733247993, 3.2028614328140828, 0.0, 25.93319678167603, 7.664100568310069, 10.651289836780418, 18.027752190878, 9.77249912793647, 17.117056539842636, 16.173278139748245, 14.663119239436607, 21.317293942202678, 22.058694900980495, 9.55068067239798, 16.036152558199163, 13.747690213674392, 2.7998766296399076, 17.320779504912686, 0.5627464319642129, 15.263956552977165, 17.151043589840494, 7.9566683485290115, 11.475930270036475, 13.677840912578844, 14.524015574742752, 14.939613550276434, 1.1504165119206304, 22.75510321772019, 10.384401814814275, 3.069302146979011], [13.54210618222156, 24.20221302302452, 25.93319678167603, 0.0, 20.322206776491566, 24.257595577446246, 20.29063309071274, 25.20766312290669, 10.561677348803192, 21.202695860877338, 15.257530047061893, 7.36042305825052, 4.84800446962703, 16.382642979159733, 26.103200278575496, 29.550827775558453, 23.46846314864548, 26.094358113890372, 26.493094504204386, 12.864682445703851, 14.78198647055715, 28.067611266869136, 16.123545415135155, 15.912963126578267, 28.154699969273135, 16.800492029970233, 27.04883216485733, 11.772801039173311, 20.14642712452924, 22.86429653809221, 12.694709778514, 25.686266629164408, 20.174846862474535, 19.55833909882871, 15.745422300281692, 21.886853949398436, 26.47134333138204, 22.013992013427405, 18.038375449069672, 21.033652876539616, 30.0, 17.284685855174367, 19.33459295964648, 3.372462135808129, 26.47134333138204, 30.0, 19.33459295964648, 20.174846862474535, 15.745422300281692, 21.886853949398436, 13.54210618222156, 24.20221302302452, 25.93319678167603, 0.0, 20.322206776491566, 24.257595577446246, 20.29063309071274, 25.20766312290669, 10.561677348803192, 21.202695860877338, 15.257530047061893, 7.36042305825052, 4.84800446962703, 16.382642979159733, 26.103200278575496, 29.550827775558453, 23.46846314864548, 26.094358113890372, 26.493094504204386, 12.864682445703851, 14.78198647055715, 28.067611266869136, 16.123545415135155, 15.912963126578267, 28.154699969273135, 16.800492029970233, 27.04883216485733, 11.772801039173311, 20.14642712452924, 22.86429653809221], [6.7818902772396426, 8.3609752857585, 7.664100568310069, 20.322206776491566, 0.0, 14.723677115566282, 10.774405396600098, 14.47334452799763, 10.328803991389398, 9.188034171528434, 7.093045482115125, 14.55815679670553, 17.356325526000415, 5.6903878345230465, 10.797899241757053, 11.148208518254512, 4.9306296623629615, 11.802456445090241, 8.087093052047045, 8.173805311897317, 9.521617280891057, 7.864793445171825, 10.213341212887068, 12.94306014188752, 10.761022454185744, 7.27724242218001, 8.432229723461075, 15.25937786252233, 12.103642354109168, 5.483221091280725, 17.155109419919977, 5.621257368805547, 5.4542216738812925, 10.22308418610552, 4.702816533782868, 6.9726757845014715, 10.601853494794065, 2.3773357616699133, 2.296982678840324, 2.8290899366263482, 11.956700836180937, 7.697518480901835, 12.740602988758752, 17.708991652695364, 10.601853494794065, 11.956700836180937, 12.740602988758752, 5.4542216738812925, 4.702816533782868, 6.9726757845014715, 6.7818902772396426, 8.3609752857585, 7.664100568310069, 20.322206776491566, 0.0, 14.723677115566282, 10.774405396600098, 14.47334452799763, 10.328803991389398, 9.188034171528434, 7.093045482115125, 14.55815679670553, 17.356325526000415, 5.6903878345230465, 10.797899241757053, 11.148208518254512, 4.9306296623629615, 11.802456445090241, 8.087093052047045, 8.173805311897317, 9.521617280891057, 7.864793445171825, 10.213341212887068, 12.94306014188752, 10.761022454185744, 7.27724242218001, 8.432229723461075, 15.25937786252233, 12.103642354109168, 5.483221091280725], [15.66041463872813, 7.598693172651972, 10.651289836780418, 24.257595577446246, 14.723677115566282, 0.0, 25.138384864409826, 1.3538567925925955, 19.342176619124366, 23.8013029124043, 19.5115511154301, 22.64848615426024, 19.490556441932057, 11.51915094237601, 25.270790396310115, 24.03393879145308, 11.28644393569885, 26.392187862471953, 10.916428236638753, 18.591774050633965, 21.96109634941554, 18.47753867125643, 8.531528753828011, 8.381357074811834, 24.45193651906654, 20.690736842950106, 11.356241842379141, 26.118768850260015, 4.219665809320899, 10.02099070862094, 13.054967937613277, 14.27164746038357, 20.071936139538412, 5.523130985612294, 16.046312698799873, 7.863107063772837, 7.3118681510871735, 13.217927173350354, 14.973515639481104, 17.53619605697744, 25.000948693455424, 8.897947077328952, 4.923173077550884, 23.515108884690434, 7.3118681510871735, 25.000948693455424, 4.923173077550884, 20.071936139538412, 16.046312698799873, 7.863107063772837, 15.66041463872813, 7.598693172651972, 10.651289836780418, 24.257595577446246, 14.723677115566282, 0.0, 25.138384864409826, 1.3538567925925955, 19.342176619124366, 23.8013029124043, 19.5115511154301, 22.64848615426024, 19.490556441932057, 11.51915094237601, 25.270790396310115, 24.03393879145308, 11.28644393569885, 26.392187862471953, 10.916428236638753, 18.591774050633965, 21.96109634941554, 18.47753867125643, 8.531528753828011, 8.381357074811834, 24.45193651906654, 20.690736842950106, 11.356241842379141, 26.118768850260015, 4.219665809320899, 10.02099070862094], [11.20537397852817, 19.132306616466423, 18.027752190878, 20.29063309071274, 10.774405396600098, 25.138384864409826, 0.0, 25.056067296536487, 10.702671168163235, 2.1290015163009333, 6.723660822961611, 12.931012260586476, 19.80834577057819, 14.119897192802537, 6.626992062062196, 11.524840664313512, 15.520843574786753, 6.132825431813581, 18.34003125807888, 9.124904537741976, 5.708247972566619, 13.752000494793839, 18.71388785149381, 21.153479536240205, 9.551397027239995, 4.953045613962676, 18.531961986765964, 9.724725303704705, 21.89682156241119, 16.241414654056612, 23.541387742103417, 14.746873595555604, 5.385951942955766, 20.053565454646698, 9.58394475067984, 17.65400247360707, 21.317969940286677, 12.929596412424536, 10.166837479244931, 8.332461555947006, 11.516328075099368, 16.842608784322234, 22.213430657918988, 16.935636245901595, 21.317969940286677, 11.516328075099368, 22.213430657918988, 5.385951942955766, 9.58394475067984, 17.65400247360707, 11.20537397852817, 19.132306616466423, 18.027752190878, 20.29063309071274, 10.774405396600098, 25.138384864409826, 0.0, 25.056067296536487, 10.702671168163235, 2.1290015163009333, 6.723660822961611, 12.931012260586476, 19.80834577057819, 14.119897192802537, 6.626992062062196, 11.524840664313512, 15.520843574786753, 6.132825431813581, 18.34003125807888, 9.124904537741976, 5.708247972566619, 13.752000494793839, 18.71388785149381, 21.153479536240205, 9.551397027239995, 4.953045613962676, 18.531961986765964, 9.724725303704705, 21.89682156241119, 16.241414654056612], [16.003574096752075, 6.866895439229994, 9.77249912793647, 25.20766312290669, 14.47334452799763, 1.3538567925925955, 25.056067296536487, 0.0, 19.813758767274283, 23.629526764645224, 19.664275057509983, 23.269940965593925, 20.482350409334803, 11.773679868017581, 24.837346457013187, 23.344406565487347, 10.695437928144763, 25.996341285880114, 9.987959408135056, 18.91694853805733, 22.156544809580677, 17.687132838653977, 9.268291317821063, 9.428008316674886, 23.863897317282216, 20.745608341261825, 10.388970679354946, 26.540343843216665, 5.0620394304897305, 9.492599757248124, 14.272101110993377, 13.52955690484066, 19.8888854877591, 6.024796939569171, 16.18844982347386, 7.511153155643664, 6.233925877498874, 12.799488672631139, 14.929930239849467, 17.250666237884346, 24.31925789924938, 9.277471322406498, 5.942062301815754, 24.32704381095671, 6.233925877498874, 24.31925789924938, 5.942062301815754, 19.8888854877591, 16.18844982347386, 7.511153155643664, 16.003574096752075, 6.866895439229994, 9.77249912793647, 25.20766312290669, 14.47334452799763, 1.3538567925925955, 25.056067296536487, 0.0, 19.813758767274283, 23.629526764645224, 19.664275057509983, 23.269940965593925, 20.482350409334803, 11.773679868017581, 24.837346457013187, 23.344406565487347, 10.695437928144763, 25.996341285880114, 9.987959408135056, 18.91694853805733, 22.156544809580677, 17.687132838653977, 9.268291317821063, 9.428008316674886, 23.863897317282216, 20.745608341261825, 10.388970679354946, 26.540343843216665, 5.0620394304897305, 9.492599757248124], [4.137402626566021, 16.308621265340022, 17.117056539842636, 10.561677348803192, 10.328803991389398, 19.342176619124366, 10.702671168163235, 19.813758767274283, 0.0, 11.106836110255916, 4.741688190739251, 4.245808714773151, 9.148194721381453, 8.327270674250608, 15.787730824091387, 18.99419134946351, 14.37800176935438, 15.95353527740656, 17.64116269152745, 2.319688623910304, 5.0298768285996545, 17.759710961421977, 11.073639181131146, 12.709186826576369, 17.645113242542145, 6.424689679019004, 18.119635538425417, 6.8124286590071765, 15.261832788882009, 14.174549778483525, 13.518207554393484, 15.929553191282995, 9.62996323350472, 13.83079872469874, 5.630607891642943, 14.056655804868061, 18.777254138042967, 12.383005715763165, 8.058894797011451, 10.57451917767236, 19.462244647609328, 10.545805172840653, 15.041420643181615, 7.5681451226587875, 18.777254138042967, 19.462244647609328, 15.041420643181615, 9.62996323350472, 5.630607891642943, 14.056655804868061, 4.137402626566021, 16.308621265340022, 17.117056539842636, 10.561677348803192, 10.328803991389398, 19.342176619124366, 10.702671168163235, 19.813758767274283, 0.0, 11.106836110255916, 4.741688190739251, 4.245808714773151, 9.148194721381453, 8.327270674250608, 15.787730824091387, 18.99419134946351, 14.37800176935438, 15.95353527740656, 17.64116269152745, 2.319688623910304, 5.0298768285996545, 17.759710961421977, 11.073639181131146, 12.709186826576369, 17.645113242542145, 6.424689679019004, 18.119635538425417, 6.8124286590071765, 15.261832788882009, 14.174549778483525], [10.805717278988233, 17.478952561775564, 16.173278139748245, 21.202695860877338, 9.188034171528434, 23.8013029124043, 2.1290015163009333, 23.629526764645224, 11.106836110255916, 0.0, 6.613727668221117, 13.903718357310321, 20.245795446790453, 13.164657232914509, 5.01669648516779, 9.583731556393662, 13.76130452564919, 4.894139169707121, 16.457298783529055, 9.206619285218466, 6.42169537413693, 11.626697122336358, 17.885065525658565, 20.436477677294043, 7.688596867098197, 4.773658095467432, 16.61760356176957, 11.30738157481448, 20.774305905296686, 14.574706539613594, 23.268955352268343, 12.763363412557728, 3.7412513455011567, 18.902860652457765, 8.851573911846753, 16.15181694367549, 19.582473324683672, 11.204902431560363, 8.949864909257107, 6.558064585409286, 9.66532626733968, 15.82281138551653, 21.188741081940293, 17.899100676893646, 19.582473324683672, 9.66532626733968, 21.188741081940293, 3.7412513455011567, 8.851573911846753, 16.15181694367549, 10.805717278988233, 17.478952561775564, 16.173278139748245, 21.202695860877338, 9.188034171528434, 23.8013029124043, 2.1290015163009333, 23.629526764645224, 11.106836110255916, 0.0, 6.613727668221117, 13.903718357310321, 20.245795446790453, 13.164657232914509, 5.01669648516779, 9.583731556393662, 13.76130452564919, 4.894139169707121, 16.457298783529055, 9.206619285218466, 6.42169537413693, 11.626697122336358, 17.885065525658565, 20.436477677294043, 7.688596867098197, 4.773658095467432, 16.61760356176957, 11.30738157481448, 20.774305905296686, 14.574706539613594], [4.525106011709203, 14.724543355971022, 14.663119239436607, 15.257530047061893, 7.093045482115125, 19.5115511154301, 6.723660822961611, 19.664275057509983, 4.741688190739251, 6.613727668221117, 0.0, 8.381799397509305, 13.741342697594941, 8.031878348205138, 11.088244512010762, 14.304830867502622, 11.870702832656617, 11.341689103485185, 15.119700934447398, 2.6169177936516816, 2.5591586999358014, 13.632231547564885, 12.291690746976482, 14.588551076930642, 12.909099349613792, 1.8470153800853564, 15.497786033146573, 8.172735835635285, 15.871478732765773, 12.093343049649496, 16.824446328132353, 12.571959203441706, 4.922498663731673, 14.125475267706033, 3.4758347673154564, 12.77047224171006, 17.150873827849995, 9.44313120007091, 5.262644826121359, 6.372696349702144, 14.742558157532173, 10.757469279092893, 16.012382537682804, 12.14044172143717, 17.150873827849995, 14.742558157532173, 16.012382537682804, 4.922498663731673, 3.4758347673154564, 12.77047224171006, 4.525106011709203, 14.724543355971022, 14.663119239436607, 15.257530047061893, 7.093045482115125, 19.5115511154301, 6.723660822961611, 19.664275057509983, 4.741688190739251, 6.613727668221117, 0.0, 8.381799397509305, 13.741342697594941, 8.031878348205138, 11.088244512010762, 14.304830867502622, 11.870702832656617, 11.341689103485185, 15.119700934447398, 2.6169177936516816, 2.5591586999358014, 13.632231547564885, 12.291690746976482, 14.588551076930642, 12.909099349613792, 1.8470153800853564, 15.497786033146573, 8.172735835635285, 15.871478732765773, 12.093343049649496], [8.274802571931536, 20.349710454002803, 21.317293942202678, 7.36042305825052, 14.55815679670553, 22.64848615426024, 12.931012260586476, 23.269940965593925, 4.245808714773151, 13.903718357310321, 8.381799397509305, 0.0, 7.934729614773642, 12.253892325709193, 18.857837795948686, 22.60398967875597, 18.597486195549276, 18.783011178256647, 21.84748793934933, 6.421228276887563, 7.491875628383362, 21.856896466204308, 14.141300876239026, 15.202594322613267, 21.075824344345953, 9.703846141968718, 22.335618261155243, 5.1821071514922075, 18.455169651700057, 18.34156095650345, 14.51761142482968, 20.167793907860524, 13.254078773043492, 17.246248891699846, 9.869190805586793, 18.05665619377379, 22.80067013075283, 16.628811931762904, 12.2986366887862, 14.608168142529106, 22.973664357086623, 14.160028377662247, 18.03230338438351, 4.008418210521505, 22.80067013075283, 22.973664357086623, 18.03230338438351, 13.254078773043492, 9.869190805586793, 18.05665619377379, 8.274802571931536, 20.349710454002803, 21.317293942202678, 7.36042305825052, 14.55815679670553, 22.64848615426024, 12.931012260586476, 23.269940965593925, 4.245808714773151, 13.903718357310321, 8.381799397509305, 0.0, 7.934729614773642, 12.253892325709193, 18.857837795948686, 22.60398967875597, 18.597486195549276, 18.783011178256647, 21.84748793934933, 6.421228276887563, 7.491875628383362, 21.856896466204308, 14.141300876239026, 15.202594322613267, 21.075824344345953, 9.703846141968718, 22.335618261155243, 5.1821071514922075, 18.455169651700057, 18.34156095650345], [10.764310575539952, 20.024152659682926, 22.058694900980495, 4.84800446962703, 17.356325526000415, 19.490556441932057, 19.80834577057819, 20.482350409334803, 9.148194721381453, 20.245795446790453, 13.741342697594941, 7.934729614773642, 0.0, 12.640848617557635, 24.823571937575537, 27.55410240469981, 19.793482839355114, 25.065433834933906, 22.621329783908372, 11.130484149987334, 14.101095338859684, 25.221117240189532, 11.569303717531099, 11.118312042051382, 26.424119327727233, 15.517832590448512, 23.199887694942763, 13.108055597800007, 15.433911272658232, 19.022821950455803, 7.976984832950861, 22.349070467818116, 18.414086327833054, 14.990191669628603, 13.173049316808918, 17.758358149870418, 22.18072297244383, 18.703352960555037, 15.181343294939833, 18.621392113169062, 28.132836583796088, 13.048013686041518, 14.57100218349711, 5.545275524510517, 22.18072297244383, 28.132836583796088, 14.57100218349711, 18.414086327833054, 13.173049316808918, 17.758358149870418, 10.764310575539952, 20.024152659682926, 22.058694900980495, 4.84800446962703, 17.356325526000415, 19.490556441932057, 19.80834577057819, 20.482350409334803, 9.148194721381453, 20.245795446790453, 13.741342697594941, 7.934729614773642, 0.0, 12.640848617557635, 24.823571937575537, 27.55410240469981, 19.793482839355114, 25.065433834933906, 22.621329783908372, 11.130484149987334, 14.101095338859684, 25.221117240189532, 11.569303717531099, 11.118312042051382, 26.424119327727233, 15.517832590448512, 23.199887694942763, 13.108055597800007, 15.433911272658232, 19.022821950455803], [4.288494649721106, 8.120279814865317, 9.55068067239798, 16.382642979159733, 5.6903878345230465, 11.51915094237601, 14.119897192802537, 11.773679868017581, 8.327270674250608, 13.164657232914509, 8.031878348205138, 12.253892325709193, 12.640848617557635, 0.0, 15.991513261964764, 16.83614196145771, 7.157290332887331, 16.809053051486952, 10.110452668480136, 7.158731392403332, 10.44555441863062, 13.154426854036112, 4.7789080836017375, 7.452129896744396, 16.35842811346209, 9.368449934900918, 10.667589834853924, 14.861880625091517, 7.856209791251975, 6.481657069685643, 11.46818110393457, 9.810808641351745, 9.690982108543496, 6.093653429927706, 4.621612565928204, 5.808846958318058, 10.554403314972696, 6.280264072055394, 4.410050952456207, 8.083221600654735, 17.633233098732234, 2.7437614424643306, 8.095774204252415, 14.39778132080004, 10.554403314972696, 17.633233098732234, 8.095774204252415, 9.690982108543496, 4.621612565928204, 5.808846958318058, 4.288494649721106, 8.120279814865317, 9.55068067239798, 16.382642979159733, 5.6903878345230465, 11.51915094237601, 14.119897192802537, 11.773679868017581, 8.327270674250608, 13.164657232914509, 8.031878348205138, 12.253892325709193, 12.640848617557635, 0.0, 15.991513261964764, 16.83614196145771, 7.157290332887331, 16.809053051486952, 10.110452668480136, 7.158731392403332, 10.44555441863062, 13.154426854036112, 4.7789080836017375, 7.452129896744396, 16.35842811346209, 9.368449934900918, 10.667589834853924, 14.861880625091517, 7.856209791251975, 6.481657069685643], [14.690538212708915, 18.140372211318432, 16.036152558199163, 26.103200278575496, 10.797899241757053, 25.270790396310115, 6.626992062062196, 24.837346457013187, 15.787730824091387, 5.01669648516779, 11.088244512010762, 18.857837795948686, 24.823571937575537, 15.991513261964764, 0.0, 5.250325650073411, 14.226988833497428, 1.3635816867000279, 16.1581472522547, 13.693380002337584, 11.367170585812335, 9.404477734257846, 20.750594213170984, 23.44333236145135, 3.163846930161985, 9.366759950561788, 16.13608353992345, 16.270762564153312, 22.897926635654326, 15.354670592601735, 26.969714372170937, 12.1207826069516, 6.6205396238362795, 21.019675948875335, 12.402866358205262, 17.407784768285516, 19.824426564900016, 12.054842163466235, 11.586828428707676, 8.021202301250032, 5.021980229709947, 18.371892969976415, 23.532185348298082, 22.833731669308975, 19.824426564900016, 5.021980229709947, 23.532185348298082, 6.6205396238362795, 12.402866358205262, 17.407784768285516, 14.690538212708915, 18.140372211318432, 16.036152558199163, 26.103200278575496, 10.797899241757053, 25.270790396310115, 6.626992062062196, 24.837346457013187, 15.787730824091387, 5.01669648516779, 11.088244512010762, 18.857837795948686, 24.823571937575537, 15.991513261964764, 0.0, 5.250325650073411, 14.226988833497428, 1.3635816867000279, 16.1581472522547, 13.693380002337584, 11.367170585812335, 9.404477734257846, 20.750594213170984, 23.44333236145135, 3.163846930161985, 9.366759950561788, 16.13608353992345, 16.270762564153312, 22.897926635654326, 15.354670592601735], [16.8606347638594, 16.47935387877957, 13.747690213674392, 29.550827775558453, 11.148208518254512, 24.03393879145308, 11.524840664313512, 23.344406565487347, 18.99419134946351, 9.583731556393662, 14.304830867502622, 22.60398967875597, 27.55410240469981, 16.83614196145771, 5.250325650073411, 0.0, 12.77660434776147, 6.41558716486268, 13.692743856142878, 16.71301849355418, 15.317396780127346, 5.903638058084317, 21.287577292339847, 24.010973530697253, 2.087686244360157, 12.908594081595517, 13.488389746739344, 20.786957825049367, 22.47848901043665, 14.089876701810876, 28.28921727496512, 9.82857736311033, 9.382368844827933, 20.696409356937853, 14.432815179192145, 16.42949968903817, 17.61367280848863, 11.36156185107376, 12.80161095571416, 9.054893427597458, 0.9846865000138189, 18.70644329542541, 23.32690243345317, 26.4403483834075, 17.61367280848863, 0.9846865000138189, 23.32690243345317, 9.382368844827933, 14.432815179192145, 16.42949968903817, 16.8606347638594, 16.47935387877957, 13.747690213674392, 29.550827775558453, 11.148208518254512, 24.03393879145308, 11.524840664313512, 23.344406565487347, 18.99419134946351, 9.583731556393662, 14.304830867502622, 22.60398967875597, 27.55410240469981, 16.83614196145771, 5.250325650073411, 0.0, 12.77660434776147, 6.41558716486268, 13.692743856142878, 16.71301849355418, 15.317396780127346, 5.903638058084317, 21.287577292339847, 24.010973530697253, 2.087686244360157, 12.908594081595517, 13.488389746739344, 20.786957825049367, 22.47848901043665, 14.089876701810876], [10.35037580892961, 3.9133837163430067, 2.7998766296399076, 23.46846314864548, 4.9306296623629615, 11.28644393569885, 15.520843574786753, 10.695437928144763, 14.37800176935438, 13.76130452564919, 11.870702832656617, 18.597486195549276, 19.793482839355114, 7.157290332887331, 14.226988833497428, 12.77660434776147, 0.0, 15.43897181213353, 3.2877614002041806, 12.482867771040597, 14.369060605903117, 7.497503726863602, 9.941422375625724, 12.42693246367321, 13.176258466333822, 12.201035740868065, 3.742491472837586, 19.95524031938402, 9.922044906299133, 1.3435132610999856, 17.519699144674632, 3.3163530658554374, 10.13513128787988, 8.292963291866291, 8.9373334953293, 3.737151065384222, 5.822779823033726, 2.6041056798668367, 6.650300563405239, 7.208749671772682, 13.735100509890678, 7.438153965749839, 10.904717430379222, 21.267828600713585, 5.822779823033726, 13.735100509890678, 10.904717430379222, 10.13513128787988, 8.9373334953293, 3.737151065384222, 10.35037580892961, 3.9133837163430067, 2.7998766296399076, 23.46846314864548, 4.9306296623629615, 11.28644393569885, 15.520843574786753, 10.695437928144763, 14.37800176935438, 13.76130452564919, 11.870702832656617, 18.597486195549276, 19.793482839355114, 7.157290332887331, 14.226988833497428, 12.77660434776147, 0.0, 15.43897181213353, 3.2877614002041806, 12.482867771040597, 14.369060605903117, 7.497503726863602, 9.941422375625724, 12.42693246367321, 13.176258466333822, 12.201035740868065, 3.742491472837586, 19.95524031938402, 9.922044906299133, 1.3435132610999856], [15.202011580524758, 19.34951829067006, 17.320779504912686, 26.094358113890372, 11.802456445090241, 26.392187862471953, 6.132825431813581, 25.996341285880114, 15.95353527740656, 4.894139169707121, 11.341689103485185, 18.783011178256647, 25.065433834933906, 16.809053051486952, 1.3635816867000279, 6.41558716486268, 15.43897181213353, 0.0, 17.457053769322183, 13.958397883525945, 11.312372819992106, 10.76804989509832, 21.58537824243809, 24.25322677007834, 4.342037315323118, 9.547608294984595, 17.448983830157317, 15.857532682905521, 23.899747318828773, 16.53453729828572, 27.589414473901126, 13.428722726390268, 7.224737564565505, 22.015881465784005, 12.99720567040899, 18.53281485965887, 21.086063971677927, 13.197581997420887, 12.40080885143825, 8.986505451502758, 6.054000100667513, 19.26745171787153, 24.492732128506887, 22.783797408812003, 21.086063971677927, 6.054000100667513, 24.492732128506887, 7.224737564565505, 12.99720567040899, 18.53281485965887, 15.202011580524758, 19.34951829067006, 17.320779504912686, 26.094358113890372, 11.802456445090241, 26.392187862471953, 6.132825431813581, 25.996341285880114, 15.95353527740656, 4.894139169707121, 11.341689103485185, 18.783011178256647, 25.065433834933906, 16.809053051486952, 1.3635816867000279, 6.41558716486268, 15.43897181213353, 0.0, 17.457053769322183, 13.958397883525945, 11.312372819992106, 10.76804989509832, 21.58537824243809, 24.25322677007834, 4.342037315323118, 9.547608294984595, 17.448983830157317, 15.857532682905521, 23.899747318828773, 16.53453729828572], [13.581482331854113, 3.60098373495697, 0.5627464319642129, 26.493094504204386, 8.087093052047045, 10.916428236638753, 18.34003125807888, 9.987959408135056, 17.64116269152745, 16.457298783529055, 15.119700934447398, 21.84748793934933, 22.621329783908372, 10.110452668480136, 16.1581472522547, 13.692743856142878, 3.2877614002041806, 17.457053769322183, 0.0, 15.76896507825995, 17.594483855342297, 7.848655510916797, 12.01224449022148, 14.188096995784147, 14.545632231305168, 15.352806994792193, 0.5999341562317213, 23.230051890364997, 10.820813258896596, 3.628799123565483, 19.51865929030182, 4.0467318533563414, 12.986765435766843, 9.579243931604367, 12.22502469153418, 5.173445744454733, 3.9368701640233494, 5.7097824038427465, 9.92734440854068, 10.028734386694113, 14.677430227281883, 9.7785861839817, 11.96012655256104, 24.415095217221328, 3.9368701640233494, 14.677430227281883, 11.96012655256104, 12.986765435766843, 12.22502469153418, 5.173445744454733, 13.581482331854113, 3.60098373495697, 0.5627464319642129, 26.493094504204386, 8.087093052047045, 10.916428236638753, 18.34003125807888, 9.987959408135056, 17.64116269152745, 16.457298783529055, 15.119700934447398, 21.84748793934933, 22.621329783908372, 10.110452668480136, 16.1581472522547, 13.692743856142878, 3.2877614002041806, 17.457053769322183, 0.0, 15.76896507825995, 17.594483855342297, 7.848655510916797, 12.01224449022148, 14.188096995784147, 14.545632231305168, 15.352806994792193, 0.5999341562317213, 23.230051890364997, 10.820813258896596, 3.628799123565483], [2.934010234124529, 14.766719536246688, 15.263956552977165, 12.864682445703851, 8.173805311897317, 18.591774050633965, 9.124904537741976, 18.91694853805733, 2.319688623910304, 9.206619285218466, 2.6169177936516816, 6.421228276887563, 11.130484149987334, 7.158731392403332, 13.693380002337584, 16.71301849355418, 12.482867771040597, 13.958397883525945, 15.76896507825995, 0.0, 3.8568678958838736, 15.467839468269826, 10.753821748120206, 12.785035755920436, 15.413638328280395, 4.434370342274762, 16.21707707062972, 7.755160903093779, 14.688516836999938, 12.422916233395695, 14.483686703207649, 13.794793949447381, 7.379758588876821, 13.083082801343851, 3.5579521451226097, 12.606220522701882, 17.2400574670558, 10.332738565529828, 5.959693002600277, 8.261023116959572, 17.20370654166441, 9.693996168342116, 14.649931334580799, 9.88630980506923, 17.2400574670558, 17.20370654166441, 14.649931334580799, 7.379758588876821, 3.5579521451226097, 12.606220522701882, 2.934010234124529, 14.766719536246688, 15.263956552977165, 12.864682445703851, 8.173805311897317, 18.591774050633965, 9.124904537741976, 18.91694853805733, 2.319688623910304, 9.206619285218466, 2.6169177936516816, 6.421228276887563, 11.130484149987334, 7.158731392403332, 13.693380002337584, 16.71301849355418, 12.482867771040597, 13.958397883525945, 15.76896507825995, 0.0, 3.8568678958838736, 15.467839468269826, 10.753821748120206, 12.785035755920436, 15.413638328280395, 4.434370342274762, 16.21707707062972, 7.755160903093779, 14.688516836999938, 12.422916233395695], [6.56893419015808, 17.28214660872375, 17.151043589840494, 14.78198647055715, 9.521617280891057, 21.96109634941554, 5.708247972566619, 22.156544809580677, 5.0298768285996545, 6.42169537413693, 2.5591586999358014, 7.491875628383362, 14.101095338859684, 10.44555441863062, 11.367170585812335, 15.317396780127346, 14.369060605903117, 11.312372819992106, 17.594483855342297, 3.8568678958838736, 0.0, 15.488789836640004, 14.467846678979692, 16.603020755739685, 13.67750215882229, 2.601740821854025, 17.952838659480072, 5.9454988484299145, 18.22562265152515, 14.634661954515883, 18.268528485329114, 14.86146571593385, 6.2268357279525155, 16.524584529038684, 5.992120432233358, 15.32640514005263, 19.704820496115122, 11.893343222296085, 7.803478101696751, 8.382824932658364, 15.609949546924499, 13.133824718831125, 18.29033298169475, 11.479443426052766, 19.704820496115122, 15.609949546924499, 18.29033298169475, 6.2268357279525155, 5.992120432233358, 15.32640514005263, 6.56893419015808, 17.28214660872375, 17.151043589840494, 14.78198647055715, 9.521617280891057, 21.96109634941554, 5.708247972566619, 22.156544809580677, 5.0298768285996545, 6.42169537413693, 2.5591586999358014, 7.491875628383362, 14.101095338859684, 10.44555441863062, 11.367170585812335, 15.317396780127346, 14.369060605903117, 11.312372819992106, 17.594483855342297, 3.8568678958838736, 0.0, 15.488789836640004, 14.467846678979692, 16.603020755739685, 13.67750215882229, 2.601740821854025, 17.952838659480072, 5.9454988484299145, 18.22562265152515, 14.634661954515883], [14.583332059642247, 10.87904117022012, 7.9566683485290115, 28.067611266869136, 7.864793445171825, 18.47753867125643, 13.752000494793839, 17.687132838653977, 17.759710961421977, 11.626697122336358, 13.632231547564885, 21.856896466204308, 25.221117240189532, 13.154426854036112, 9.404477734257846, 5.903638058084317, 7.497503726863602, 10.76804989509832, 7.848655510916797, 15.467839468269826, 15.488789836640004, 0.0, 17.010869177654655, 19.643861529138494, 7.0814407259246, 12.888594258868785, 7.607488527058944, 21.417778045798087, 17.41932704850564, 8.83973469876556, 24.439245129735106, 4.240212550097636, 9.373899076395755, 15.764402881154014, 12.32238390603651, 11.233595243177506, 11.784923672820915, 6.93418075831511, 10.078749989800677, 7.2683190730501215, 6.883509751616693, 14.400727630212135, 18.38915132419356, 25.29963075364889, 11.784923672820915, 6.883509751616693, 18.38915132419356, 9.373899076395755, 12.32238390603651, 11.233595243177506, 14.583332059642247, 10.87904117022012, 7.9566683485290115, 28.067611266869136, 7.864793445171825, 18.47753867125643, 13.752000494793839, 17.687132838653977, 17.759710961421977, 11.626697122336358, 13.632231547564885, 21.856896466204308, 25.221117240189532, 13.154426854036112, 9.404477734257846, 5.903638058084317, 7.497503726863602, 10.76804989509832, 7.848655510916797, 15.467839468269826, 15.488789836640004, 0.0, 17.010869177654655, 19.643861529138494, 7.0814407259246, 12.888594258868785, 7.607488527058944, 21.417778045798087, 17.41932704850564, 8.83973469876556], [7.899713533727674, 8.861968776050304, 11.475930270036475, 16.123545415135155, 10.213341212887068, 8.531528753828011, 18.71388785149381, 9.268291317821063, 11.073639181131146, 17.885065525658565, 12.291690746976482, 14.141300876239026, 11.569303717531099, 4.7789080836017375, 20.750594213170984, 21.287577292339847, 9.941422375625724, 21.58537824243809, 12.01224449022148, 10.753821748120206, 14.467846678979692, 17.010869177654655, 0.0, 2.7299167967413047, 20.973216657916307, 13.83692861925543, 12.61215211433249, 17.884807822695137, 4.318945677705101, 8.783111369217337, 7.583975870279224, 13.140994162548484, 14.464189260574859, 3.4352349852180017, 9.130174798128524, 6.841856324548959, 10.775656097657455, 10.132965218815412, 9.184572964289687, 12.788303543062169, 22.131730953531306, 2.6159417512637106, 3.967990594286264, 15.064451034708965, 10.775656097657455, 22.131730953531306, 3.967990594286264, 14.464189260574859, 9.130174798128524, 6.841856324548959, 7.899713533727674, 8.861968776050304, 11.475930270036475, 16.123545415135155, 10.213341212887068, 8.531528753828011, 18.71388785149381, 9.268291317821063, 11.073639181131146, 17.885065525658565, 12.291690746976482, 14.141300876239026, 11.569303717531099, 4.7789080836017375, 20.750594213170984, 21.287577292339847, 9.941422375625724, 21.58537824243809, 12.01224449022148, 10.753821748120206, 14.467846678979692, 17.010869177654655, 0.0, 2.7299167967413047, 20.973216657916307, 13.83692861925543, 12.61215211433249, 17.884807822695137, 4.318945677705101, 8.783111369217337], [10.086388677269449, 10.802062676526285, 13.677840912578844, 15.912963126578267, 12.94306014188752, 8.381357074811834, 21.153479536240205, 9.428008316674886, 12.709186826576369, 20.436477677294043, 14.588551076930642, 15.202594322613267, 11.118312042051382, 7.452129896744396, 23.44333236145135, 24.010973530697253, 12.42693246367321, 24.25322677007834, 14.188096995784147, 12.785035755920436, 16.603020755739685, 19.643861529138494, 2.7299167967413047, 0.0, 23.70242096176827, 16.226051936083554, 14.782714654240179, 19.42490983186204, 4.48601668866938, 11.198454993436396, 5.41053989648532, 15.68817644702726, 17.094172359059538, 4.754442949229468, 11.608132164672206, 9.055583999878404, 12.374732053837846, 12.810690973136742, 11.86085552514364, 15.503057731377044, 24.858602068608132, 5.311651053919891, 3.485946015465781, 15.426995119279958, 12.374732053837846, 24.858602068608132, 3.485946015465781, 17.094172359059538, 11.608132164672206, 9.055583999878404, 10.086388677269449, 10.802062676526285, 13.677840912578844, 15.912963126578267, 12.94306014188752, 8.381357074811834, 21.153479536240205, 9.428008316674886, 12.709186826576369, 20.436477677294043, 14.588551076930642, 15.202594322613267, 11.118312042051382, 7.452129896744396, 23.44333236145135, 24.010973530697253, 12.42693246367321, 24.2532267700