{"num_workers": 15, "num_roles": 5, "num_nodes": 40, "w": [[0, 0], [240, 240], [120, 120], [60, 60], [60, 60], [150, 150], [60, 60], [150, 150], [0, 0], [0, 0], [30, 30], [180, 180], [90, 90], [60, 60], [30, 30], [90, 240], [90, 420], [240, 450], [240, 390], [120, 420], [180, 300], [90, 420], [210, 300], [90, 390], [360, 420], [330, 330], [420, 420], [330, 330], [480, 480], [360, 360], [360, 360], [330, 330], [360, 360], [390, 390], [60, 60], [420, 420], [300, 300], [300, 300], [450, 450], [420, 420]], "p": [0, 0, 0, 0, 0, 0, 0, 0, 0, 0, 0, 0, 0, 0, 0, 60.045688325116174, 29.88274103637046, 67.35825246792199, 61.971418544533286, 67.84383802341614, 30.27872327555673, 44.00614957011781, 18.854644944405848, 37.91642313499582, 44.707413641564656, 0, 0, 0, 0, 0, 0, 0, 0, 0, 0, 0, 0, 0, 0, 0], "e": [[0, 1, 0, 0, 1], [1, 0, 0, 1, 0], [0, 0, 0, 0, 1], [0, 1, 0, 0, 0], [1, 0, 0, 0, 0], [0, 0, 1, 0, 0], [0, 0, 0, 1, 0], [1, 0, 0, 0, 0], [0, 0, 0, 1, 0], [0, 0, 1, 0, 0], [1, 0, 0, 0, 0], [0, 0, 0, 0, 1], [0, 0, 1, 0, 0], [0, 1, 0, 0, 0], [0, 1, 0, 0, 0]], "d": [[0, 2, 0, 1, 0, 1, 2, 1, 2, 1], [1, 1, 1, 3, 1, 0, 1, 3, 1, 3], [1, 0, 1, 1, 1, 0, 0, 1, 0, 1], [1, 0, 1, 0, 1, 2, 0, 0, 0, 0], [0, 0, 0, 0, 0, 0, 0, 0, 0, 0]], "r": [1258, 3150, 4616, 1661, 1443, 3452, 4842, 3672, 2600, 1165], "g": [[0, 0, 0, 0, 0, 0, 0, 0, 0, 0], [0, 0, 0, 0, 0, 0, 0, 0, 0, 0], [0, 0, 0, 0, 0, 0, 0, 0, 0, 0], [0, 0, 0, 0, 0, 0, 0, 0, 0, 0], [0, 0, 0, 0, 0, 0, 0, 0, 0, 0], [0, 0, 0, 0, 0, 0, 0, 0, 0, 0], [0, 0, 0, 0, 0, 0, 0, 0, 0, 0], [0, 0, 0, 0, 0, 0, 0, 0, 0, 0], [0, 0, 0, 0, 0, 0, 0, 0, 0, 0], [0, 0, 0, 0, 0, 0, 0, 0, 0, 0]], "t": [[0.0, 42.20105394215855, 29.220318684722624, 34.4623736992541, 44.829575644803036, 51.529200187713116, 27.97469977415484, 11.808606514494853, 30.40521100896926, 45.809497629665984, 49.24093320368398, 53.43446993182245, 42.78468418146771, 44.40611126029004, 18.9450626557499, 20.307835041218382, 35.623512523126344, 16.144463020676643, 48.72868487769409, 33.407814628438146, 32.314063913422316, 60.0, 28.52861165809937, 58.31738205701817, 29.418129782585726, 0.0, 42.20105394215855, 29.220318684722624, 34.4623736992541, 44.829575644803036, 51.529200187713116, 27.97469977415484, 11.808606514494853, 30.40521100896926, 45.809497629665984, 49.24093320368398, 53.43446993182245, 42.78468418146771, 44.40611126029004, 18.9450626557499], [42.20105394215855, 0.0, 19.528385080077722, 29.348122436030053, 48.47378965982003, 28.83988713795439, 16.423033174762093, 33.29331504043555, 42.80710792814757, 35.69880757420919, 8.910782193066483, 12.212901626940443, 10.110020614423135, 4.353113482368395, 24.55735447969451, 29.853351498284585, 9.78623621391265, 27.452824470847926, 37.303940052885636, 15.488864089628368, 13.924373585465336, 21.07521071984632, 14.634954479175285, 20.26508216219005, 14.571223418422383, 42.20105394215855, 0.0, 19.528385080077722, 29.348122436030053, 48.47378965982003, 28.83988713795439, 16.423033174762093, 33.29331504043555, 42.80710792814757, 35.69880757420919, 8.910782193066483, 12.212901626940443, 10.110020614423135, 4.353113482368395, 24.55735447969451], [29.220318684722624, 19.528385080077722, 0.0, 35.67243886958726, 54.188899190926755, 43.74478761036978, 5.264372640216986, 17.803011523021446, 43.64758166747421, 45.91575197461862, 28.424808712318555, 31.595633879964836, 14.985974743151479, 23.555428197808382, 19.099813115685574, 11.349133604298858, 20.281271164691635, 13.208026380708555, 48.34095814958991, 23.54648161846142, 20.86511195987686, 40.59785618787825, 16.22511344196461, 39.707078506701926, 6.431230367227127, 29.220318684722624, 19.528385080077722, 0.0, 35.67243886958726, 54.188899190926755, 43.74478761036978, 5.264372640216986, 17.803011523021446, 43.64758166747421, 45.91575197461862, 28.424808712318555, 31.595633879964836, 14.985974743151479, 23.555428197808382, 19.099813115685574], [34.4623736992541, 29.348122436030053, 35.67243886958726, 0.0, 19.377872698723714, 18.451811189952664, 30.468086341967243, 34.236281258422224, 15.403374367791455, 11.692254448385677, 29.855163143381848, 33.651348198813, 37.702160697467534, 27.70858225427942, 19.7163218274407, 38.17230835411771, 19.84968747019895, 30.607720178227833, 14.579429806623825, 14.162102220109517, 16.46626771201773, 35.095150488975, 19.742927939095768, 32.938890287273146, 29.8181243966941, 34.4623736992541, 29.348122436030053, 35.67243886958726, 0.0, 19.377872698723714, 18.451811189952664, 30.468086341967243, 34.236281258422224, 15.403374367791455, 11.692254448385677, 29.855163143381848, 33.651348198813, 37.702160697467534, 27.70858225427942, 19.7163218274407], [44.829575644803036, 48.47378965982003, 54.188899190926755, 19.377872698723714, 0.0, 28.570146490912006, 49.13476091982715, 48.87177472470222, 14.513842769227287, 15.74818046225216, 47.71612698659357, 51.02232125849033, 57.071458671268815, 46.39185594781852, 36.23592704436337, 54.68243024975142, 39.167877645965355, 46.759184223252326, 16.567022642027133, 33.52604593036292, 35.839274058316484, 50.04017793369041, 38.80366768467766, 47.87883321613424, 48.70502997433167, 44.829575644803036, 48.47378965982003, 54.188899190926755, 19.377872698723714, 0.0, 28.570146490912006, 49.13476091982715, 48.87177472470222, 14.513842769227287, 15.74818046225216, 47.71612698659357, 51.02232125849033, 57.071458671268815, 46.39185594781852, 36.23592704436337], [51.529200187713116, 28.83988713795439, 43.74478761036978, 18.451811189952664, 28.570146490912006, 0.0, 38.71870003851212, 48.66242999643339, 32.36374517319991, 12.85951282008091, 23.763322502697232, 25.67567989897068, 38.942596596672146, 25.03598616060624, 34.01757624263823, 50.115748561266464, 23.50552712817999, 43.779574950113734, 12.31920190303769, 20.921067165250857, 23.373713826666954, 22.097642995543627, 28.517341532568786, 20.036517503035615, 37.31827408874692, 51.529200187713116, 28.83988713795439, 43.74478761036978, 18.451811189952664, 28.570146490912006, 0.0, 38.71870003851212, 48.66242999643339, 32.36374517319991, 12.85951282008091, 23.763322502697232, 25.67567989897068, 38.942596596672146, 25.03598616060624, 34.01757624263823], [27.97469977415484, 16.423033174762093, 5.264372640216986, 30.468086341967243, 49.13476091982715, 38.71870003851212, 0.0, 17.558582748970704, 39.040697735560855, 40.651379437830315, 25.06325792001476, 28.63006567188297, 14.810051243561675, 20.023342557220495, 14.874654922791823, 13.463223612641254, 15.397424254227575, 11.995125400106161, 43.08007742028039, 18.325692612823232, 15.655741647288563, 37.15839104780747, 10.960756300314909, 36.06979724134285, 1.8538066391808263, 27.97469977415484, 16.423033174762093, 5.264372640216986, 30.468086341967243, 49.13476091982715, 38.71870003851212, 0.0, 17.558582748970704, 39.040697735560855, 40.651379437830315, 25.06325792001476, 28.63006567188297, 14.810051243561675, 20.023342557220495, 14.874654922791823], [11.808606514494853, 33.29331504043555, 17.803011523021446, 34.236281258422224, 48.87177472470222, 48.66242999643339, 17.558582748970704, 0.0, 35.447995234560636, 45.91077488796559, 41.282255143786394, 45.2287024183846, 32.121989383803715, 36.23385120601724, 14.823405743094167, 8.610874507098975, 28.737757076999845, 5.855655888323012, 48.76666218924606, 28.33679772598308, 26.46372318074325, 52.889132215767134, 21.662815222690803, 51.469078747660745, 19.246809079422867, 11.808606514494853, 33.29331504043555, 17.803011523021446, 34.236281258422224, 48.87177472470222, 48.66242999643339, 17.558582748970704, 0.0, 35.447995234560636, 45.91077488796559, 41.282255143786394, 45.2287024183846, 32.121989383803715, 36.23385120601724, 14.823405743094167], [30.40521100896926, 42.80710792814757, 43.64758166747421, 15.403374367791455, 14.513842769227287, 32.36374517319991, 39.040697735560855, 35.447995234560636, 0.0, 21.184854158127308, 44.733084135087836, 48.70370787552428, 49.71895721690636, 41.96788806167417, 24.647052622381374, 42.10619829660408, 33.021893475395274, 34.21942311783692, 23.623249282773525, 27.38640608078108, 28.93985254967521, 50.49657921478583, 30.16918720078708, 48.33776953736127, 39.059402414581754, 30.40521100896926, 42.80710792814757, 43.64758166747421, 15.403374367791455, 14.513842769227287, 32.36374517319991, 39.040697735560855, 35.447995234560636, 0.0, 21.184854158127308, 44.733084135087836, 48.70370787552428, 49.71895721690636, 41.96788806167417, 24.647052622381374], [45.809497629665984, 35.69880757420919, 45.91575197461862, 11.692254448385677, 15.74818046225216, 12.85951282008091, 40.651379437830315, 45.91077488796559, 21.184854158127308, 0.0, 33.26593443291995, 36.15898033027172, 45.22886310065403, 32.850418558184295, 31.291399023058826, 49.52441427391706, 27.535117421218413, 42.12082204408626, 2.921333024479341, 22.67919540020817, 25.34904075881979, 34.3892740616884, 29.690698206004896, 32.2442386482207, 39.713385563678095, 45.809497629665984, 35.69880757420919, 45.91575197461862, 11.692254448385677, 15.74818046225216, 12.85951282008091, 40.651379437830315, 45.91077488796559, 21.184854158127308, 0.0, 33.26593443291995, 36.15898033027172, 45.22886310065403, 32.850418558184295, 31.291399023058826], [49.24093320368398, 8.910782193066483, 28.424808712318555, 29.855163143381848, 47.71612698659357, 23.763322502697232, 25.06325792001476, 41.282255143786394, 44.733084135087836, 33.26593443291995, 0.0, 4.3047024282178175, 17.573428256862364, 5.077636764038201, 30.686543664169655, 38.52572599407236, 13.905551425088134, 35.432377889764545, 34.239078680275775, 18.191938986713623, 17.90410336780793, 12.173803892095068, 20.744192112539338, 11.386127236467129, 23.213515809721855, 49.24093320368398, 8.910782193066483, 28.424808712318555, 29.855163143381848, 47.71612698659357, 23.763322502697232, 25.06325792001476, 41.282255143786394, 44.733084135087836, 33.26593443291995, 0.0, 4.3047024282178175, 17.573428256862364, 5.077636764038201, 30.686543664169655], [53.43446993182245, 12.212901626940443, 31.595633879964836, 33.651348198813, 51.02232125849033, 25.67567989897068, 28.63006567188297, 45.2287024183846, 48.70370787552428, 36.15898033027172, 4.3047024282178175, 0.0, 19.331899379358305, 9.054929272972721, 34.954859054386645, 42.06624271740469, 18.20343673318356, 39.37305282258238, 36.86914218118338, 22.441863055488152, 22.207348087827587, 9.600639125125955, 24.981073940351717, 9.558127200362529, 26.77694255944273, 53.43446993182245, 12.212901626940443, 31.595633879964836, 33.651348198813, 51.02232125849033, 25.67567989897068, 28.63006567188297, 45.2287024183846, 48.70370787552428, 36.15898033027172, 4.3047024282178175, 0.0, 19.331899379358305, 9.054929272972721, 34.954859054386645], [42.78468418146771, 10.110020614423135, 14.985974743151479, 37.702160697467534, 57.071458671268815, 38.942596596672146, 14.810051243561675, 32.121989383803715, 49.71895721690636, 45.22886310065403, 17.573428256862364, 19.331899379358305, 0.0, 14.18913111982428, 27.946096423662723, 26.335097341663733, 17.96603799399815, 26.755866025052207, 47.0135836707168, 23.545421300803106, 21.306697843001597, 28.923128012998628, 19.629437347435537, 28.635184675623513, 13.438938281644463, 42.78468418146771, 10.110020614423135, 14.985974743151479, 37.702160697467534, 57.071458671268815, 38.942596596672146, 14.810051243561675, 32.121989383803715, 49.71895721690636, 45.22886310065403, 17.573428256862364, 19.331899379358305, 0.0, 14.18913111982428, 27.946096423662723], [44.40611126029004, 4.353113482368395, 23.555428197808382, 27.70858225427942, 46.39185594781852, 25.03598616060624, 20.023342557220495, 36.23385120601724, 41.96788806167417, 32.850418558184295, 5.077636764038201, 9.054929272972721, 14.18913111982428, 0.0, 26.068282573965785, 33.479894586423335, 9.64757507806465, 30.380758241598095, 34.22670507292577, 14.715350079115915, 13.869502579718711, 17.141851773301646, 16.039254399569117, 16.154518970955458, 18.17804550972677, 44.40611126029004, 4.353113482368395, 23.555428197808382, 27.70858225427942, 46.39185594781852, 25.03598616060624, 20.023342557220495, 36.23385120601724, 41.96788806167417, 32.850418558184295, 5.077636764038201, 9.054929272972721, 14.18913111982428, 0.0, 26.068282573965785], [18.9450626557499, 24.55735447969451, 19.099813115685574, 19.7163218274407, 36.23592704436337, 34.01757624263823, 14.874654922791823, 14.823405743094167, 24.647052622381374, 31.291399023058826, 30.686543664169655, 34.954859054386645, 27.946096423662723, 26.068282573965785, 0.0, 18.648009959534857, 16.85139726618987, 10.911842556359176, 34.1060284717718, 14.544861569520338, 13.373228167315684, 41.096993124883305, 10.043357268631755, 39.38632594598017, 15.329269076117415, 18.9450626557499, 24.55735447969451, 19.099813115685574, 19.7163218274407, 36.23592704436337, 34.01757624263823, 14.874654922791823, 14.823405743094167, 24.647052622381374, 31.291399023058826, 30.686543664169655, 34.954859054386645, 27.946096423662723, 26.068282573965785, 0.0], [20.307835041218382, 29.853351498284585, 11.349133604298858, 38.17230835411771, 54.68243024975142, 50.115748561266464, 13.463223612641254, 8.610874507098975, 42.10619829660408, 49.52441427391706, 38.52572599407236, 42.06624271740469, 26.335097341663733, 33.479894586423335, 18.648009959534857, 0.0, 27.866526303274323, 7.935446501086701, 52.24574281424102, 29.19622568703266, 26.819854772421536, 50.60475449155708, 21.65714002256057, 49.47358200269037, 15.314944382491372, 20.307835041218382, 29.853351498284585, 11.349133604298858, 38.17230835411771, 54.68243024975142, 50.115748561266464, 13.463223612641254, 8.610874507098975, 42.10619829660408, 49.52441427391706, 38.52572599407236, 42.06624271740469, 26.335097341663733, 33.479894586423335, 18.648009959534857], [35.623512523126344, 9.78623621391265, 20.281271164691635, 19.84968747019895, 39.167877645965355, 23.50552712817999, 15.397424254227575, 28.737757076999845, 33.021893475395274, 27.535117421218413, 13.905551425088134, 18.20343673318356, 17.96603799399815, 9.64757507806465, 16.85139726618987, 27.866526303274323, 0.0, 23.051700460502307, 29.54363179508184, 5.753992608460879, 4.261267855421303, 24.438350203553117, 7.190091274646435, 22.86421060045613, 13.882065625477873, 35.623512523126344, 9.78623621391265, 20.281271164691635, 19.84968747019895, 39.167877645965355, 23.50552712817999, 15.397424254227575, 28.737757076999845, 33.021893475395274, 27.535117421218413, 13.905551425088134, 18.20343673318356, 17.96603799399815, 9.64757507806465, 16.85139726618987], [16.144463020676643, 27.452824470847926, 13.208026380708555, 30.607720178227833, 46.759184223252326, 43.779574950113734, 11.995125400106161, 5.855655888323012, 34.21942311783692, 42.12082204408626, 35.432377889764545, 39.37305282258238, 26.755866025052207, 30.380758241598095, 10.911842556359176, 7.935446501086701, 23.051700460502307, 0.0, 44.903073194631205, 23.105155909206108, 21.049856016779753, 47.08061625243507, 16.08889116697725, 45.689105767084214, 13.589943145356955, 16.144463020676643, 27.452824470847926, 13.208026380708555, 30.607720178227833, 46.759184223252326, 43.779574950113734, 11.995125400106161, 5.855655888323012, 34.21942311783692, 42.12082204408626, 35.432377889764545, 39.37305282258238, 26.755866025052207, 30.380758241598095, 10.911842556359176], [48.72868487769409, 37.303940052885636, 48.34095814958991, 14.579429806623825, 16.567022642027133, 12.31920190303769, 43.08007742028039, 48.76666218924606, 23.623249282773525, 2.921333024479341, 34.239078680275775, 36.86914218118338, 47.0135836707168, 34.22670507292577, 34.1060284717718, 52.24574281424102, 29.54363179508184, 44.903073194631205, 0.0, 24.937708245024623, 27.626667425972453, 34.33275451668968, 32.128652121913056, 32.231984103147425, 42.07831680835378, 48.72868487769409, 37.303940052885636, 48.34095814958991, 14.579429806623825, 16.567022642027133, 12.31920190303769, 43.08007742028039, 48.76666218924606, 23.623249282773525, 2.921333024479341, 34.239078680275775, 36.86914218118338, 47.0135836707168, 34.22670507292577, 34.1060284717718], [33.407814628438146, 15.488864089628368, 23.54648161846142, 14.162102220109517, 33.52604593036292, 20.921067165250857, 18.325692612823232, 28.33679772598308, 27.38640608078108, 22.67919540020817, 18.191938986713623, 22.441863055488152, 23.545421300803106, 14.715350079115915, 14.544861569520338, 29.19622568703266, 5.753992608460879, 23.105155909206108, 24.937708245024623, 0.0, 2.693826799791301, 27.098256778909906, 7.638636048499669, 25.244970033478534, 17.195200303084082, 33.407814628438146, 15.488864089628368, 23.54648161846142, 14.162102220109517, 33.52604593036292, 20.921067165250857, 18.325692612823232, 28.33679772598308, 27.38640608078108, 22.67919540020817, 18.191938986713623, 22.441863055488152, 23.545421300803106, 14.715350079115915, 14.544861569520338], [32.314063913422316, 13.924373585465336, 20.86511195987686, 16.46626771201773, 35.839274058316484, 23.373713826666954, 15.655741647288563, 26.46372318074325, 28.93985254967521, 25.34904075881979, 17.90410336780793, 22.207348087827587, 21.306697843001597, 13.869502579718711, 13.373228167315684, 26.819854772421536, 4.261267855421303, 21.049856016779753, 27.626667425972453, 2.693826799791301, 0.0, 27.74631094747271, 5.163422158201662, 26.01507032030254, 14.50396692881911, 32.314063913422316, 13.924373585465336, 20.86511195987686, 16.46626771201773, 35.839274058316484, 23.373713826666954, 15.655741647288563, 26.46372318074325, 28.93985254967521, 25.34904075881979, 17.90410336780793, 22.207348087827587, 21.306697843001597, 13.869502579718711, 13.373228167315684], [60.0, 21.07521071984632, 40.59785618787825, 35.095150488975, 50.04017793369041, 22.097642995543627, 37.15839104780747, 52.889132215767134, 50.49657921478583, 34.3892740616884, 12.173803892095068, 9.600639125125955, 28.923128012998628, 17.141851773301646, 41.096993124883305, 50.60475449155708, 24.438350203553117, 47.08061625243507, 34.33275451668968, 27.098256778909906, 27.74631094747271, 0.0, 31.620572710980888, 2.1839815188635496, 35.3161658623965, 60.0, 21.07521071984632, 40.59785618787825, 35.095150488975, 50.04017793369041, 22.097642995543627, 37.15839104780747, 52.889132215767134, 50.49657921478583, 34.3892740616884, 12.173803892095068, 9.600639125125955, 28.923128012998628, 17.141851773301646, 41.096993124883305], [28.52861165809937, 14.634954479175285, 16.22511344196461, 19.742927939095768, 38.80366768467766, 28.517341532568786, 10.960756300314909, 21.662815222690803, 30.16918720078708, 29.690698206004896, 20.744192112539338, 24.981073940351717, 19.629437347435537, 16.039254399569117, 10.043357268631755, 21.65714002256057, 7.190091274646435, 16.08889116697725, 32.128652121913056, 7.638636048499669, 5.163422158201662, 31.620572710980888, 0.0, 30.053981175550515, 10.110079238713869, 28.52861165809937, 14.634954479175285, 16.22511344196461, 19.742927939095768, 38.80366768467766, 28.517341532568786, 10.960756300314909, 21.662815222690803, 30.16918720078708, 29.690698206004896, 20.744192112539338, 24.981073940351717, 19.629437347435537, 16.039254399569117, 10.043357268631755], [58.31738205701817, 20.26508216219005, 39.707078506701926, 32.938890287273146, 47.87883321613424, 20.036517503035615, 36.06979724134285, 51.469078747660745, 48.33776953736127, 32.2442386482207, 11.386127236467129, 9.558127200362529, 28.635184675623513, 16.154518970955458, 39.38632594598017, 49.47358200269037, 22.86421060045613, 45.689105767084214, 32.231984103147425, 25.244970033478534, 26.01507032030254, 2.1839815188635496, 30.053981175550515, 0.0, 34.241173643041535, 58.31738205701817, 20.26508216219005, 39.707078506701926, 32.938890287273146, 47.87883321613424, 20.036517503035615, 36.06979724134285, 51.469078747660745, 48.33776953736127, 32.2442386482207, 11.386127236467129, 9.558127200362529, 28.635184675623513, 16.154518970955458, 39.38632594598017], [29.418129782585726, 14.571223418422383, 6.431230367227127, 29.8181243966941, 48.70502997433167, 37.31827408874692, 1.8538066391808263, 19.246809079422867, 39.059402414581754, 39.713385563678095, 23.213515809721855, 26.77694255944273, 13.438938281644463, 18.17804550972677, 15.329269076117415, 15.314944382491372, 13.882065625477873, 13.589943145356955, 42.07831680835378, 17.195200303084082, 14.50396692881911, 35.3161658623965, 10.110079238713869, 34.241173643041535, 0.0, 29.418129782585726, 14.571223418422383, 6.431230367227127, 29.8181243966941, 48.70502997433167, 37.31827408874692, 1.8538066391808263, 19.246809079422867, 39.059402414581754, 39.713385563678095, 23.213515809721855, 26.77694255944273, 13.438938281644463, 18.17804550972677, 15.329269076117415], [0.0, 42.20105394215855, 29.220318684722624, 34.4623736992541, 44.829575644803036, 51.529200187713116, 27.97469977415484, 11.808606514494853, 30.40521100896926, 45.809497629665984, 49.24093320368398, 53.43446993182245, 42.78468418146771, 44.40611126029004, 18.9450626557499, 20.307835041218382, 35.623512523126344, 16.144463020676643, 48.72868487769409, 33.407814628438146, 32.314063913422316, 60.0, 28.52861165809937, 58.31738205701817, 29.418129782585726, 0.0, 42.20105394215855, 29.220318684722624, 34.4623736992541, 44.829575644803036, 51.529200187713116, 27.97469977415484, 11.808606514494853, 30.40521100896926, 45.809497629665984, 49.24093320368398, 53.43446993182245, 42.78468418146771, 44.40611126029004, 18.9450626557499], [42.20105394215855, 0.0, 19.528385080077722, 29.348122436030053, 48.47378965982003, 28.83988713795439, 16.423033174762093, 33.29331504043555, 42.80710792814757, 35.69880757420919, 8.910782193066483, 12.212901626940443, 10.110020614423135, 4.353113482368395, 24.55735447969451, 29.853351498284585, 9.78623621391265, 27.452824470847926, 37.303940052885636, 15.488864089628368, 13.924373585465336, 21.07521071984632, 14.634954479175285, 20.26508216219005, 14.571223418422383, 42.20105394215855, 0.0, 19.528385080077722, 29.348122436030053, 48.47378965982003, 28.83988713795439, 16.423033174762093, 33.29331504043555, 42.80710792814757, 35.69880757420919, 8.910782193066483, 12.212901626940443, 10.110020614423135, 4.353113482368395, 24.55735447969451], [29.220318684722624, 19.528385080077722, 0.0, 35.67243886958726, 54.188899190926755, 43.74478761036978, 5.264372640216986, 17.803011523021446, 43.64758166747421, 45.91575197461862, 28.424808712318555, 31.595633879964836, 14.985974743151479, 23.555428197808382, 19.099813115685574, 11.349133604298858, 20.281271164691635, 13.208026380708555, 48.34095814958991, 23.54648161846142, 20.86511195987686, 40.59785618787825, 16.22511344196461, 39.707078506701926, 6.431230367227127, 29.220318684722624, 19.528385080077722, 0.0, 35.67243886958726, 54.188899190926755, 43.74478761036978, 5.264372640216986, 17.803011523021446, 43.64758166747421, 45.91575197461862, 28.424808712318555, 31.595633879964836, 14.985974743151479, 23.555428197808382, 19.099813115685574], [34.4623736992541, 29.348122436030053, 35.67243886958726, 0.0, 19.377872698723714, 18.451811189952664, 30.468086341967243, 34.236281258422224, 15.403374367791455, 11.692254448385677, 29.855163143381848, 33.651348198813, 37.702160697467534, 27.70858225427942, 19.7163218274407, 38.17230835411771, 19.84968747019895, 30.607720178227833, 14.579429806623825, 14.162102220109517, 16.46626771201773, 35.095150488975, 19.742927939095768, 32.938890287273146, 29.8181243966941, 34.4623736992541, 29.348122436030053, 35.67243886958726, 0.0, 19.377872698723714, 18.451811189952664, 30.468086341967243, 34.236281258422224, 15.403374367791455, 11.692254448385677, 29.855163143381848, 33.651348198813, 37.702160697467534, 27.70858225427942, 19.7163218274407], [44.829575644803036, 48.47378965982003, 54.188899190926755, 19.377872698723714, 0.0, 28.570146490912006, 49.13476091982715, 48.87177472470222, 14.513842769227287, 15.74818046225216, 47.71612698659357, 51.02232125849033, 57.071458671268815, 46.39185594781852, 36.23592704436337, 54.68243024975142, 39.167877645965355, 46.759184223252326, 16.567022642027133, 33.52604593036292, 35.839274058316484, 50.04017793369041, 38.80366768467766, 47.87883321613424, 48.70502997433167, 44.829575644803036, 48.47378965982003, 54.188899190926755, 19.377872698723714, 0.0, 28.570146490912006, 49.13476091982715, 48.87177472470222, 14.513842769227287, 15.74818046225216, 47.71612698659357, 51.02232125849033, 57.071458671268815, 46.39185594781852, 36.23592704436337], [51.529200187713116, 28.83988713795439, 43.74478761036978, 18.451811189952664, 28.570146490912006, 0.0, 38.71870003851212, 48.66242999643339, 32.36374517319991, 12.85951282008091, 23.763322502697232, 25.67567989897068, 38.942596596672146, 25.03598616060624, 34.01757624263823, 50.115748561266464, 23.50552712817999, 43.779574950113734, 12.31920190303769, 20.921067165250857, 23.373713826666954, 22.097642995543627, 28.517341532568786, 20.036517503035615, 37.31827408874692, 51.529200187713116, 28.83988713795439, 43.74478761036978, 18.451811189952664, 28.570146490912006, 0.0, 38.71870003851212, 48.66242999643339, 32.36374517319991, 12.85951282008091, 23.763322502697232, 25.67567989897068, 38.942596596672146, 25.03598616060624, 34.01757624263823], [27.97469977415484, 16.423033174762093, 5.264372640216986, 30.468086341967243, 49.13476091982715, 38.71870003851212, 0.0, 17.558582748970704, 39.040697735560855, 40.651379437830315, 25.06325792001476, 28.63006567188297, 14.810051243561675, 20.023342557220495, 14.874654922791823, 13.463223612641254, 15.397424254227575, 11.995125400106161, 43.08007742028039, 18.325692612823232, 15.655741647288563, 37.15839104780747, 10.960756300314909, 36.06979724134285, 1.8538066391808263, 27.97469977415484, 16.423033174762093, 5.264372640216986, 30.468086341967243, 49.13476091982715, 38.71870003851212, 0.0, 17.558582748970704, 39.040697735560855, 40.651379437830315, 25.06325792001476, 28.63006567188297, 14.810051243561675, 20.023342557220495, 14.874654922791823], [11.808606514494853, 33.29331504043555, 17.803011523021446, 34.236281258422224, 48.87177472470222, 48.66242999643339, 17.558582748970704, 0.0, 35.447995234560636, 45.91077488796559, 41.282255143786394, 45.2287024183846, 32.121989383803715, 36.23385120601724, 14.823405743094167, 8.610874507098975, 28.737757076999845, 5.855655888323012, 48.76666218924606, 28.33679772598308, 26.46372318074325, 52.889132215767134, 21.662815222690803, 51.469078747660745, 19.246809079422867, 11.808606514494853, 33.29331504043555, 17.803011523021446, 34.236281258422224, 48.87177472470222, 48.66242999643339, 17.558582748970704, 0.0, 35.447995234560636, 45.91077488796559, 41.282255143786394, 45.2287024183846, 32.121989383803715, 36.23385120601724, 14.823405743094167], [30.40521100896926, 42.80710792814757, 43.64758166747421, 15.403374367791455, 14.513842769227287, 32.36374517319991, 39.040697735560855, 35.447995234560636, 0.0, 21.184854158127308, 44.733084135087836, 48.70370787552428, 49.71895721690636, 41.96788806167417, 24.647052622381374, 42.10619829660408, 33.021893475395274, 34.21942311783692, 23.623249282773525, 27.38640608078108, 28.93985254967521, 50.49657921478583, 30.16918720078708, 48.33776953736127, 39.059402414581754, 30.40521100896926, 42.80710792814757, 43.64758166747421, 15.403374367791455, 14.513842769227287, 32.36374517319991, 39.040697735560855, 35.447995234560636, 0.0, 21.184854158127308, 44.733084135087836, 48.70370787552428, 49.71895721690636, 41.96788806167417, 24.647052622381374], [45.809497629665984, 35.69880757420919, 45.91575197461862, 11.692254448385677, 15.74818046225216, 12.85951282008091, 40.651379437830315, 45.91077488796559, 21.184854158127308, 0.0, 33.26593443291995, 36.15898033027172, 45.22886310065403, 32.850418558184295, 31.291399023058826, 49.52441427391706, 27.535117421218413, 42.12082204408626, 2.921333024479341, 22.67919540020817, 25.34904075881979, 34.3892740616884, 29.690698206004896, 32.2442386482207, 39.713385563678095, 45.809497629665984, 35.69880757420919, 45.91575197461862, 11.692254448385677, 15.74818046225216, 12.85951282008091, 40.651379437830315, 45.91077488796559, 21.184854158127308, 0.0, 33.26593443291995, 36.15898033027172, 45.22886310065403, 32.850418558184295, 31.291399023058826], [49.24093320368398, 8.910782193066483, 28.424808712318555, 29.855163143381848, 47.71612698659357, 23.763322502697232, 25.06325792001476, 41.282255143786394, 44.733084135087836, 33.26593443291995, 0.0, 4.3047024282178175, 17.573428256862364, 5.077636764038201, 30.686543664169655, 38.52572599407236, 13.905551425088134, 35.432377889764545, 34.239078680275775, 18.191938986713623, 17.90410336780793, 12.173803892095068, 20.744192112539338, 11.386127236467129, 23.213515809721855, 49.24093320368398, 8.910782193066483, 28.424808712318555, 29.855163143381848, 47.71612698659357, 23.763322502697232, 25.06325792001476, 41.282255143786394, 44.733084135087836, 33.26593443291995, 0.0, 4.3047024282178175, 17.573428256862364, 5.077636764038201, 30.686543664169655], [53.43446993182245, 12.212901626940443, 31.595633879964836, 33.651348198813, 51.02232125849033, 25.67567989897068, 28.63006567188297, 45.2287024183846, 48.70370787552428, 36.15898033027172, 4.3047024282178175, 0.0, 19.331899379358305, 9.054929272972721, 34.954859054386645, 42.06624271740469, 18.20343673318356, 39.37305282258238, 36.86914218118338, 22.441863055488152, 22.207348087827587, 9.600639125125955, 24.981073940351717, 9.558127200362529, 26.77694255944273, 53.43446993182245, 12.212901626940443, 31.595633879964836, 33.651348198813, 51.02232125849033, 25.67567989897068, 28.63006567188297, 45.2287024183846, 48.70370787552428, 36.15898033027172, 4.3047024282178175, 0.0, 19.331899379358305, 9.054929272972721, 34.954859054386645], [42.78468418146771, 10.110020614423135, 14.985974743151479, 37.702160697467534, 57.071458671268815, 38.942596596672146, 14.810051243561675, 32.121989383803715, 49.71895721690636, 45.22886310065403, 17.573428256862364, 19.331899379358305, 0.0, 14.18913111982428, 27.946096423662723, 26.335097341663733, 17.96603799399815, 26.755866025052207, 47.0135836707168, 23.545421300803106, 21.306697843001597, 28.923128012998628, 19.629437347435537, 28.635184675623513, 13.438938281644463, 42.78468418146771, 10.110020614423135, 14.985974743151479, 37.702160697467534, 57.071458671268815, 38.942596596672146, 14.810051243561675, 32.121989383803715, 49.71895721690636, 45.22886310065403, 17.573428256862364, 19.331899379358305, 0.0, 14.18913111982428, 27.946096423662723], [44.40611126029004, 4.353113482368395, 23.555428197808382, 27.70858225427942, 46.39185594781852, 25.03598616060624, 20.023342557220495, 36.23385120601724, 41.96788806167417, 32.850418558184295, 5.077636764038201, 9.054929272972721, 14.18913111982428, 0.0, 26.068282573965785, 33.479894586423335, 9.64757507806465, 30.380758241598095, 34.22670507292577, 14.715350079115915, 13.869502579718711, 17.141851773301646, 16.039254399569117, 16.154518970955458, 18.17804550972677, 44.40611126029004, 4.353113482368395, 23.555428197808382, 27.70858225427942, 46.39185594781852, 25.03598616060624, 20.023342557220495, 36.23385120601724, 41.96788806167417, 32.850418558184295, 5.077636764038201, 9.054929272972721, 14.18913111982428, 0.0, 26.068282573965785], [18.9450626557499, 24.55735447969451, 19.099813115685574, 19.7163218274407, 36.23592704436337, 34.01757624263823, 14.874654922791823, 14.823405743094167, 24.647052622381374, 31.291399023058826, 30.686543664169655, 34.954859054386645, 27.946096423662723, 26.068282573965785, 0.0, 18.648009959534857, 16.85139726618987, 10.911842556359176, 34.1060284717718, 14.544861569520338, 13.373228167315684, 41.096993124883305, 10.043357268631755, 39.38632594598017, 15.329269076117415, 18.9450626557499, 24.55735447969451, 19.099813115685574, 19.7163218274407, 36.23592704436337, 34.01757624263823, 14.874654922791823, 14.823405743094167, 24.647052622381374, 31.291399023058826, 30.686543664169655, 34.954859054386645, 27.946096423662723, 26.068282573965785, 0.0]], "M": 99999999.0}