{"num_workers": 30, "num_roles": 3, "num_nodes": 80, "w": [[210, 210], [90, 90], [30, 30], [0, 0], [270, 270], [180, 180], [150, 150], [60, 60], [300, 300], [30, 30], [0, 0], [0, 0], [30, 30], [30, 30], [210, 210], [90, 90], [270, 270], [120, 120], [60, 60], [0, 0], [0, 0], [0, 0], [270, 270], [90, 90], [300, 300], [300, 300], [300, 300], [30, 30], [120, 120], [240, 240], [120, 330], [120, 450], [60, 450], [90, 120], [180, 330], [60, 450], [300, 360], [90, 270], [60, 150], [60, 180], [330, 390], [150, 450], [210, 360], [60, 390], [180, 330], [60, 390], [120, 330], [330, 390], [60, 150], [120, 450], [450, 450], [360, 360], [480, 480], [420, 420], [480, 480], [450, 450], [330, 330], [420, 420], [420, 420], [450, 450], [450, 450], [60, 60], [210, 210], [300, 300], [390, 390], [120, 120], [450, 450], [450, 450], [450, 450], [450, 450], [240, 240], [210, 210], [300, 300], [450, 450], [450, 450], [420, 420], [390, 390], [360, 360], [450, 450], [480, 480]], "p": [0, 0, 0, 0, 0, 0, 0, 0, 0, 0, 0, 0, 0, 0, 0, 0, 0, 0, 0, 0, 0, 0, 0, 0, 0, 0, 0, 0, 0, 0, 26.029994457038015, 51.833747028682254, 42.20323493420772, 21.494636789023282, 69.86852574618183, 46.10563099451083, 61.65429645466393, 31.522420415723133, 26.701311938910628, 45.043233914749244, 69.35633474599487, 41.310732640842026, 73.25178503680742, 47.2698118432396, 34.934262873090915, 23.6349059216198, 13.014997228519007, 34.678167372997436, 13.350655969455314, 25.916873514341127, 0, 0, 0, 0, 0, 0, 0, 0, 0, 0, 0, 0, 0, 0, 0, 0, 0, 0, 0, 0, 0, 0, 0, 0, 0, 0, 0, 0, 0, 0], "e": [[0, 1, 1], [1, 1, 0], [1, 1, 0], [0, 1, 1], [1, 1, 0], [0, 1, 1], [1, 1, 0], [0, 1, 1], [1, 1, 0], [0, 1, 1], [1, 0, 1], [0, 1, 0], [0, 1, 1], [1, 1, 0], [0, 1, 1], [1, 1, 0], [1, 1, 0], [0, 1, 1], [0, 1, 0], [0, 1, 1], [0, 0, 1], [0, 1, 0], [0, 1, 0], [0, 1, 0], [1, 0, 0], [1, 0, 0], [1, 0, 0], [0, 1, 0], [0, 1, 0], [0, 0, 1]], "d": [[1, 1, 1, 0, 1, 0, 1, 1, 0, 0, 0, 1, 1, 0, 2, 0, 2, 0, 0, 2], [0, 0, 0, 1, 0, 2, 0, 0, 0, 1, 2, 0, 0, 0, 0, 0, 0, 4, 0, 0], [0, 2, 0, 0, 2, 1, 2, 0, 1, 0, 1, 0, 2, 1, 4, 2, 0, 2, 2, 4]], "r": [2120, 4961, 802, 3070, 541, 4955, 3407, 3728, 1032, 1020, 415, 1099, 2668, 1871, 541, 1871, 2120, 415, 1032, 4961], "g": [[0, 0, 0, 0, 0, 0, 0, 0, 0, 0, 0, 0, 0, 0, 0, 0, 1, 0, 0, 0], [0, 0, 0, 0, 0, 0, 0, 0, 0, 0, 0, 0, 0, 0, 0, 0, 0, 0, 0, 1], [0, 0, 0, 0, 0, 0, 0, 0, 0, 0, 0, 0, 0, 0, 0, 0, 0, 0, 0, 0], [0, 0, 0, 0, 0, 0, 0, 0, 0, 0, 0, 0, 0, 0, 0, 0, 0, 0, 0, 0], [0, 0, 0, 0, 0, 0, 0, 0, 0, 0, 0, 0, 0, 0, 1, 0, 0, 0, 0, 0], [0, 0, 0, 0, 0, 0, 0, 0, 0, 0, 0, 0, 0, 0, 0, 0, 0, 0, 0, 0], [0, 0, 0, 0, 0, 0, 0, 0, 0, 0, 0, 0, 0, 0, 0, 0, 0, 0, 0, 0], [0, 0, 0, 0, 0, 0, 0, 0, 0, 0, 0, 0, 0, 0, 0, 0, 0, 0, 0, 0], [0, 0, 0, 0, 0, 0, 0, 0, 0, 0, 0, 0, 0, 0, 0, 0, 0, 0, 1, 0], [0, 0, 0, 0, 0, 0, 0, 0, 0, 0, 0, 0, 0, 0, 0, 0, 0, 0, 0, 0], [0, 0, 0, 0, 0, 0, 0, 0, 0, 0, 0, 0, 0, 0, 0, 0, 0, 1, 0, 0], [0, 0, 0, 0, 0, 0, 0, 0, 0, 0, 0, 0, 0, 0, 0, 0, 0, 0, 0, 0], [0, 0, 0, 0, 0, 0, 0, 0, 0, 0, 0, 0, 0, 0, 0, 0, 0, 0, 0, 0], [0, 0, 0, 0, 0, 0, 0, 0, 0, 0, 0, 0, 0, 0, 0, 1, 0, 0, 0, 0], [0, 0, 0, 0, 1, 0, 0, 0, 0, 0, 0, 0, 0, 0, 0, 0, 0, 0, 0, 0], [0, 0, 0, 0, 0, 0, 0, 0, 0, 0, 0, 0, 0, 1, 0, 0, 0, 0, 0, 0], [1, 0, 0, 0, 0, 0, 0, 0, 0, 0, 0, 0, 0, 0, 0, 0, 0, 0, 0, 0], [0, 0, 0, 0, 0, 0, 0, 0, 0, 0, 1, 0, 0, 0, 0, 0, 0, 0, 0, 0], [0, 0, 0, 0, 0, 0, 0, 0, 1, 0, 0, 0, 0, 0, 0, 0, 0, 0, 0, 0], [0, 1, 0, 0, 0, 0, 0, 0, 0, 0, 0, 0, 0, 0, 0, 0, 0, 0, 0, 0]], "t": [[0.0, 22.69794410260101, 10.116430304412505, 16.338348405120712, 12.540513292374253, 8.527936421005611, 17.249131780785707, 18.04788663527883, 22.190577490120546, 12.301686302719562, 5.908784260654774, 19.65805541622122, 15.57655769741266, 10.995666412215911, 16.495549385118615, 14.978383470856546, 13.043151414446804, 17.07504656977875, 26.513587752614573, 11.715800973835172, 16.98360856317766, 22.649413911494577, 18.08182085581706, 22.235539948107768, 24.419367782707422, 5.636662925154702, 10.828998315645517, 15.757300866451896, 20.052634830840336, 7.286608443334281, 3.341476553522541, 16.945362430691535, 23.276287221049074, 1.3511175808485916, 13.555276488076263, 8.28849948908086, 15.070719956714743, 19.437060109306966, 0.7400595803764464, 6.145742249626821, 14.906916360265063, 14.39674176319873, 24.760162277837573, 14.247176614832112, 13.555276488076263, 14.247176614832112, 3.341476553522541, 14.906916360265063, 0.7400595803764464, 16.945362430691535, 0.0, 22.69794410260101, 10.116430304412505, 16.338348405120712, 12.540513292374253, 8.527936421005611, 17.249131780785707, 18.04788663527883, 22.190577490120546, 12.301686302719562, 5.908784260654774, 19.65805541622122, 15.57655769741266, 10.995666412215911, 16.495549385118615, 14.978383470856546, 13.043151414446804, 17.07504656977875, 26.513587752614573, 11.715800973835172, 16.98360856317766, 22.649413911494577, 18.08182085581706, 22.235539948107768, 24.419367782707422, 5.636662925154702, 10.828998315645517, 15.757300866451896, 20.052634830840336, 7.286608443334281], [22.69794410260101, 0.0, 16.92890137128241, 18.68218542698361, 12.667491509769395, 19.800551065270128, 17.181622479833912, 6.772275051083049, 0.6252951175647374, 13.524791194974673, 20.549201179036956, 6.375959084683695, 17.7063045824019, 23.05771621536286, 7.83039330085849, 7.970423607265708, 15.048187688490097, 5.632808558394704, 15.047105519385028, 23.917852094666145, 15.161615544386107, 3.3678555237072345, 15.646535511302295, 4.40841061420323, 15.82229203169666, 22.57714804695035, 22.69821912999963, 10.926161902197261, 3.142202083265896, 17.87496718463556, 22.176000629026664, 16.51985734125505, 3.579604468114385, 24.00174162855998, 11.633624845673847, 16.65144243270277, 24.416636332104744, 14.506246547432752, 22.529262698571102, 20.087192930378574, 13.413409151387372, 12.165315816376214, 7.27830871060528, 21.15456239828088, 11.633624845673847, 21.15456239828088, 22.176000629026664, 13.413409151387372, 22.529262698571102, 16.51985734125505, 22.69794410260101, 0.0, 16.92890137128241, 18.68218542698361, 12.667491509769395, 19.800551065270128, 17.181622479833912, 6.772275051083049, 0.6252951175647374, 13.524791194974673, 20.549201179036956, 6.375959084683695, 17.7063045824019, 23.05771621536286, 7.83039330085849, 7.970423607265708, 15.048187688490097, 5.632808558394704, 15.047105519385028, 23.917852094666145, 15.161615544386107, 3.3678555237072345, 15.646535511302295, 4.40841061420323, 15.82229203169666, 22.57714804695035, 22.69821912999963, 10.926161902197261, 3.142202083265896, 17.87496718463556], [10.116430304412505, 16.92890137128241, 0.0, 20.401560956260713, 13.117512096919361, 2.995445607061411, 20.37736754981429, 10.562966437357698, 16.3151601578873, 3.47156001829096, 4.829925991627026, 11.820493187365692, 19.29357662640082, 18.453432766572764, 9.194956312730133, 9.326781429513055, 15.514851151391005, 12.207914180053562, 26.410396717941392, 19.3968218633734, 19.12151246963946, 15.546053525587032, 20.28317648261052, 14.769823334654555, 25.253771480334297, 14.155547758319395, 18.151271564988903, 6.9002138919026414, 13.807675509834981, 11.95397786683593, 12.167033759968179, 19.7960860915775, 18.94160826099464, 11.32476117573609, 5.360741828303128, 2.274044065283186, 22.11452283016429, 20.82534710317146, 9.497079333319236, 4.394367003512334, 16.248967445864803, 5.3663583107800665, 16.39776550152117, 19.99753258972627, 5.360741828303128, 19.99753258972627, 12.167033759968179, 16.248967445864803, 9.497079333319236, 19.7960860915775, 10.116430304412505, 16.92890137128241, 0.0, 20.401560956260713, 13.117512096919361, 2.995445607061411, 20.37736754981429, 10.562966437357698, 16.3151601578873, 3.47156001829096, 4.829925991627026, 11.820493187365692, 19.29357662640082, 18.453432766572764, 9.194956312730133, 9.326781429513055, 15.514851151391005, 12.207914180053562, 26.410396717941392, 19.3968218633734, 19.12151246963946, 15.546053525587032, 20.28317648261052, 14.769823334654555, 25.253771480334297, 14.155547758319395, 18.151271564988903, 6.9002138919026414, 13.807675509834981, 11.95397786683593], [16.338348405120712, 18.68218542698361, 20.401560956260713, 0.0, 7.97217208328475, 21.271315286041403, 1.886421143196134, 19.340836872381768, 18.589572242296388, 19.44671932106378, 19.644638895343157, 20.70293514399042, 1.172020722576001, 7.663176285187313, 18.47007764434541, 15.805858713311789, 5.052217550279657, 15.00138214468506, 12.431087109592443, 7.9498843655762155, 3.6444029919605163, 21.011958301488292, 3.718629476910075, 21.44070769816861, 9.663091784909268, 11.624571447315835, 7.48045727572681, 20.646942510432474, 18.162304374753408, 9.384896028708155, 13.314123112237835, 2.3329717824595497, 16.58945220853513, 16.850067755185304, 18.924098931433456, 18.280644904607982, 6.487658775638292, 5.575782750057677, 16.82537503080194, 19.481713303410217, 5.538552380845288, 20.367579394126892, 24.88572932706591, 3.5931486780964654, 18.924098931433456, 3.5931486780964654, 13.314123112237835, 5.538552380845288, 16.82537503080194, 2.3329717824595497, 16.338348405120712, 18.68218542698361, 20.401560956260713, 0.0, 7.97217208328475, 21.271315286041403, 1.886421143196134, 19.340836872381768, 18.589572242296388, 19.44671932106378, 19.644638895343157, 20.70293514399042, 1.172020722576001, 7.663176285187313, 18.47007764434541, 15.805858713311789, 5.052217550279657, 15.00138214468506, 12.431087109592443, 7.9498843655762155, 3.6444029919605163, 21.011958301488292, 3.718629476910075, 21.44070769816861, 9.663091784909268, 11.624571447315835, 7.48045727572681, 20.646942510432474, 18.162304374753408, 9.384896028708155], [12.540513292374253, 12.667491509769395, 13.117512096919361, 7.97217208328475, 0.0, 14.605851228256665, 7.463049922048868, 11.649690650056657, 12.375939463436598, 11.651178404344938, 13.624088996107686, 13.136807644500212, 6.800191722250845, 10.409974915478944, 10.628688043082324, 7.959454633490605, 2.9980611112690663, 7.7807519735087975, 14.237429936642371, 11.295298607900296, 6.017472503987025, 14.204904527955213, 7.170077807421742, 14.388309418392204, 12.532009204606464, 10.458522180466943, 10.047390147057163, 12.675119385763734, 11.22231463874237, 5.83808641974951, 10.750252023361433, 6.821467460612337, 11.878482738752203, 13.580891070745253, 10.983015703783904, 11.237418760732911, 12.260741969935648, 7.799528564246431, 12.712999356770391, 13.329164677735616, 3.1318133091100138, 12.424106087633803, 17.750959353720962, 9.157839801730537, 10.983015703783904, 9.157839801730537, 10.750252023361433, 3.1318133091100138, 12.712999356770391, 6.821467460612337, 12.540513292374253, 12.667491509769395, 13.117512096919361, 7.97217208328475, 0.0, 14.605851228256665, 7.463049922048868, 11.649690650056657, 12.375939463436598, 11.651178404344938, 13.624088996107686, 13.136807644500212, 6.800191722250845, 10.409974915478944, 10.628688043082324, 7.959454633490605, 2.9980611112690663, 7.7807519735087975, 14.237429936642371, 11.295298607900296, 6.017472503987025, 14.204904527955213, 7.170077807421742, 14.388309418392204, 12.532009204606464, 10.458522180466943, 10.047390147057163, 12.675119385763734, 11.22231463874237, 5.83808641974951], [8.527936421005611, 19.800551065270128, 2.995445607061411, 21.271315286041403, 14.605851228256665, 0.0, 21.501873141443763, 13.535662268263476, 19.193073188975532, 6.452034820252058, 2.6300342363040583, 14.81381618092669, 20.227981421108645, 18.219907440992166, 12.138539225009135, 12.037492438905767, 16.640216421461115, 14.873645207979504, 28.42884568506274, 19.10724403274703, 20.469592018404953, 18.52248100309159, 21.64701426784934, 17.7593387477837, 27.04743371252036, 13.396358700614602, 17.956134882136755, 9.886956754339302, 16.700746030494866, 12.214094596672624, 11.188458135879031, 20.978435807415494, 21.644995940336827, 9.546722630968587, 8.323958863671377, 3.530909558640345, 22.10596557731577, 22.405298923034103, 7.820407492129238, 2.395591509565892, 17.699900755941812, 8.354572681666394, 19.37295903488412, 20.362383535539745, 8.323958863671377, 20.362383535539745, 11.188458135879031, 17.699900755941812, 7.820407492129238, 20.978435807415494, 8.527936421005611, 19.800551065270128, 2.995445607061411, 21.271315286041403, 14.605851228256665, 0.0, 21.501873141443763, 13.535662268263476, 19.193073188975532, 6.452034820252058, 2.6300342363040583, 14.81381618092669, 20.227981421108645, 18.219907440992166, 12.138539225009135, 12.037492438905767, 16.640216421461115, 14.873645207979504, 28.42884568506274, 19.10724403274703, 20.469592018404953, 18.52248100309159, 21.64701426784934, 17.7593387477837, 27.04743371252036, 13.396358700614602, 17.956134882136755, 9.886956754339302, 16.700746030494866, 12.214094596672624], [17.249131780785707, 17.181622479833912, 20.37736754981429, 1.886421143196134, 7.463049922048868, 21.501873141443763, 0.0, 18.3508755006336, 17.129618770392955, 19.111048943435467, 20.06793757468032, 19.631116090185657, 1.8125021898443145, 9.359884388623547, 17.59798111273275, 14.967079895582591, 4.876078410585272, 13.8682752177965, 10.651258664045907, 9.72532024074213, 2.0239699079599456, 19.663657242613155, 1.8400560040595075, 20.160150902121373, 7.950847619698054, 12.892732970136299, 9.145530008953088, 19.99396603720667, 16.885252136948527, 10.067106550969564, 14.390815824232028, 0.7023082192351585, 14.91767963078092, 17.876967472436665, 18.41408312764603, 18.346542041095137, 8.371681206940282, 3.6893625385249993, 17.67928723346333, 19.864008629229215, 4.5803741562974105, 19.849391806844324, 23.605370463994237, 5.437892919756991, 18.41408312764603, 5.437892919756991, 14.390815824232028, 4.5803741562974105, 17.67928723346333, 0.7023082192351585, 17.249131780785707, 17.181622479833912, 20.37736754981429, 1.886421143196134, 7.463049922048868, 21.501873141443763, 0.0, 18.3508755006336, 17.129618770392955, 19.111048943435467, 20.06793757468032, 19.631116090185657, 1.8125021898443145, 9.359884388623547, 17.59798111273275, 14.967079895582591, 4.876078410585272, 13.8682752177965, 10.651258664045907, 9.72532024074213, 2.0239699079599456, 19.663657242613155, 1.8400560040595075, 20.160150902121373, 7.950847619698054, 12.892732970136299, 9.145530008953088, 19.99396603720667, 16.885252136948527, 10.067106550969564], [18.04788663527883, 6.772275051083049, 10.562966437357698, 19.340836872381768, 11.649690650056657, 13.535662268263476, 18.3508755006336, 0.0, 6.149342980047998, 7.091432939971224, 14.721576919295757, 1.6638228417771668, 18.1969497852008, 21.441825869853094, 1.5537108766597687, 3.798635858385762, 14.615796138477325, 4.668271647571149, 19.859121824589167, 22.402871840137795, 16.441360057503484, 4.9876125997014125, 17.316427931092957, 4.298423621571031, 19.78815710156936, 19.42589170776388, 21.07542491059779, 4.157796851967642, 3.711175096731541, 15.123391263907507, 18.399974624207804, 17.649254172425536, 9.63891798532621, 19.39846548855848, 5.212529350702271, 10.768672253540464, 23.841065103527843, 16.858406514640414, 17.71182574040941, 14.245574877032269, 13.835472298390423, 5.46796402194407, 6.800468210597372, 20.79990188475925, 5.212529350702271, 20.79990188475925, 18.399974624207804, 13.835472298390423, 17.71182574040941, 17.649254172425536, 18.04788663527883, 6.772275051083049, 10.562966437357698, 19.340836872381768, 11.649690650056657, 13.535662268263476, 18.3508755006336, 0.0, 6.149342980047998, 7.091432939971224, 14.721576919295757, 1.6638228417771668, 18.1969497852008, 21.441825869853094, 1.5537108766597687, 3.798635858385762, 14.615796138477325, 4.668271647571149, 19.859121824589167, 22.402871840137795, 16.441360057503484, 4.9876125997014125, 17.316427931092957, 4.298423621571031, 19.78815710156936, 19.42589170776388, 21.07542491059779, 4.157796851967642, 3.711175096731541, 15.123391263907507], [22.190577490120546, 0.6252951175647374, 16.3151601578873, 18.589572242296388, 12.375939463436598, 19.193073188975532, 17.129618770392955, 6.149342980047998, 0.0, 12.906275941595403, 19.965339173599254, 5.787816629616646, 17.5921878450568, 22.781622100407134, 7.2069344343829265, 7.401916120618863, 14.830610404115014, 5.156310968733921, 15.388142943773875, 23.653034332574546, 15.106227988902608, 3.00075541163783, 15.634317731931235, 3.9749188262259487, 16.06375090112257, 22.177021194719583, 22.420320782044683, 10.302137012403046, 2.5196977645368563, 17.48723489470731, 21.728529446672955, 16.459601213371318, 4.011481428044219, 23.49987697290546, 11.013856762613875, 16.05981256478714, 24.234756754400866, 14.55692900040062, 22.010402215637345, 19.50206445745415, 13.258407062326357, 11.540111143278912, 7.011617966903625, 20.98040538696457, 11.013856762613875, 20.98040538696457, 21.728529446672955, 13.258407062326357, 22.010402215637345, 16.459601213371318, 22.190577490120546, 0.6252951175647374, 16.3151601578873, 18.589572242296388, 12.375939463436598, 19.193073188975532, 17.129618770392955, 6.149342980047998, 0.0, 12.906275941595403, 19.965339173599254, 5.787816629616646, 17.5921878450568, 22.781622100407134, 7.2069344343829265, 7.401916120618863, 14.830610404115014, 5.156310968733921, 15.388142943773875, 23.653034332574546, 15.106227988902608, 3.00075541163783, 15.634317731931235, 3.9749188262259487, 16.06375090112257, 22.177021194719583, 22.420320782044683, 10.302137012403046, 2.5196977645368563, 17.48723489470731], [12.301686302719562, 13.524791194974673, 3.47156001829096, 19.44671932106378, 11.651178404344938, 6.452034820252058, 19.111048943435467, 7.091432939971224, 12.906275941595403, 0.0, 7.895222329521896, 8.370758430742555, 18.28961224400063, 18.85481908999768, 5.74031178818658, 6.212717936821487, 14.404938828861965, 9.093941009302409, 23.95122984319849, 19.832940047662195, 17.608357643278943, 12.07489322563572, 18.72200772137799, 11.30858275420742, 23.079066633066443, 15.3047503702028, 18.51896945719439, 3.6046037777367235, 10.389793842976175, 12.113987480716668, 13.648872776701845, 18.472630725202738, 15.71386886702319, 13.614744171563512, 1.8999101588721592, 4.125064207139976, 22.158549589780797, 18.98209200267072, 11.79873619653714, 7.423146114203164, 14.691930003508425, 2.124793267802843, 13.076753997445737, 19.659054587424425, 1.8999101588721592, 19.659054587424425, 13.648872776701845, 14.691930003508425, 11.79873619653714, 18.472630725202738, 12.301686302719562, 13.524791194974673, 3.47156001829096, 19.44671932106378, 11.651178404344938, 6.452034820252058, 19.111048943435467, 7.091432939971224, 12.906275941595403, 0.0, 7.895222329521896, 8.370758430742555, 18.28961224400063, 18.85481908999768, 5.74031178818658, 6.212717936821487, 14.404938828861965, 9.093941009302409, 23.95122984319849, 19.832940047662195, 17.608357643278943, 12.07489322563572, 18.72200772137799, 11.30858275420742, 23.079066633066443, 15.3047503702028, 18.51896945719439, 3.6046037777367235, 10.389793842976175, 12.113987480716668], [5.908784260654774, 20.549201179036956, 4.829925991627026, 19.644638895343157, 13.624088996107686, 2.6300342363040583, 20.06793757468032, 14.721576919295757, 19.965339173599254, 7.895222329521896, 0.0, 16.149988886104968, 18.662972574723586, 15.95513058127972, 13.226356648370118, 12.596534754102764, 15.288638587018523, 15.274919920255037, 27.76531214339605, 16.80824144041125, 19.236092524756202, 19.669721559958965, 20.410783863224644, 19.01620653858861, 26.155810638350065, 10.95451139034315, 15.712706780531603, 11.492956959602934, 17.54681347235771, 10.345747522915252, 8.694154616531401, 19.598187325413928, 22.004642938102027, 6.917622870697222, 9.602282646358633, 3.9576810751854823, 19.92143793582717, 21.354053097105254, 5.195152814196241, 0.4765204874913747, 16.60566646103699, 9.97928163819724, 20.96795193813763, 18.40502378083093, 9.602282646358633, 18.40502378083093, 8.694154616531401, 16.60566646103699, 5.195152814196241, 19.598187325413928, 5.908784260654774, 20.549201179036956, 4.829925991627026, 19.644638895343157, 13.624088996107686, 2.6300342363040583, 20.06793757468032, 14.721576919295757, 19.965339173599254, 7.895222329521896, 0.0, 16.149988886104968, 18.662972574723586, 15.95513058127972, 13.226356648370118, 12.596534754102764, 15.288638587018523, 15.274919920255037, 27.76531214339605, 16.80824144041125, 19.236092524756202, 19.669721559958965, 20.410783863224644, 19.01620653858861, 26.155810638350065, 10.95451139034315, 15.712706780531603, 11.492956959602934, 17.54681347235771, 10.345747522915252], [19.65805541622122, 6.375959084683695, 11.820493187365692, 20.70293514399042, 13.136807644500212, 14.81381618092669, 19.631116090185657, 1.6638228417771668, 5.787816629616646, 8.370758430742555, 16.149988886104968, 0.0, 19.572818573726067, 23.048762714553913, 3.179939801731358, 5.410874912206589, 16.07369388041409, 5.778462199839108, 20.397183166274136, 24.005565466048452, 17.684645131260556, 3.8837683616868506, 18.506668139988548, 2.9706216370244203, 20.54656888533416, 21.08915850735958, 22.681807982116474, 5.065518042315836, 3.720525418912425, 16.77238337434445, 20.058491796221716, 18.928865864126823, 9.623371472201514, 21.009141791149013, 6.556482005976673, 12.217108096508921, 25.370654171247615, 17.923556986577374, 19.306288404949093, 15.673490321785426, 15.171971859987927, 6.5351543131947745, 5.143155186950537, 22.294557460773426, 6.556482005976673, 22.294557460773426, 20.058491796221716, 15.171971859987927, 19.306288404949093, 18.928865864126823, 19.65805541622122, 6.375959084683695, 11.820493187365692, 20.70293514399042, 13.136807644500212, 14.81381618092669, 19.631116090185657, 1.6638228417771668, 5.787816629616646, 8.370758430742555, 16.149988886104968, 0.0, 19.572818573726067, 23.048762714553913, 3.179939801731358, 5.410874912206589, 16.07369388041409, 5.778462199839108, 20.397183166274136, 24.005565466048452, 17.684645131260556, 3.8837683616868506, 18.506668139988548, 2.9706216370244203, 20.54656888533416, 21.08915850735958, 22.681807982116474, 5.065518042315836, 3.720525418912425, 16.77238337434445], [15.57655769741266, 17.7063045824019, 19.29357662640082, 1.172020722576001, 6.800191722250845, 20.227981421108645, 1.8125021898443145, 18.1969497852008, 17.5921878450568, 18.28961224400063, 18.662972574723586, 19.572818573726067, 0.0, 7.610248814711119, 17.311140379487174, 14.645063578572323, 3.8877394851394427, 13.891356817498867, 12.404304638248789, 8.03449609147478, 2.9545768678476563, 19.96125088949492, 3.3828256769710645, 20.365022726612672, 9.743730574659693, 11.09921220332835, 7.3803261515992435, 19.475061493729147, 17.089328935258546, 8.489098818202427, 12.650411112294336, 1.8833740506610224, 15.739207024217091, 16.158260559612852, 17.7542949294989, 17.190958815175623, 7.065882446956881, 5.252133856657516, 16.032686177621542, 18.485366433700854, 4.434796049867785, 19.1976916615538, 23.80707824869984, 3.9125661730986794, 17.7542949294989, 3.9125661730986794, 12.650411112294336, 4.434796049867785, 16.032686177621542, 1.8833740506610224, 15.57655769741266, 17.7063045824019, 19.29357662640082, 1.172020722576001, 6.800191722250845, 20.227981421108645, 1.8125021898443145, 18.1969497852008, 17.5921878450568, 18.28961224400063, 18.662972574723586, 19.572818573726067, 0.0, 7.610248814711119, 17.311140379487174, 14.645063578572323, 3.8877394851394427, 13.891356817498867, 12.404304638248789, 8.03449609147478, 2.9545768678476563, 19.96125088949492, 3.3828256769710645, 20.365022726612672, 9.743730574659693, 11.09921220332835, 7.3803261515992435, 19.475061493729147, 17.089328935258546, 8.489098818202427], [10.995666412215911, 23.05771621536286, 18.453432766572764, 7.663176285187313, 10.409974915478944, 18.219907440992166, 9.359884388623547, 21.441825869853094, 22.781622100407134, 18.85481908999768, 15.95513058127972, 23.048762714553913, 7.610248814711119, 0.0, 20.158688274574452, 17.644858795356733, 8.20084112523119, 18.101770462310522, 20.007142439637686, 0.9837493659893435, 10.355366773083942, 24.55544381346871, 10.982249587086383, 24.65409057508102, 17.29883029879011, 5.383175167084674, 0.367781012227132, 21.243710848598777, 21.570423795973205, 6.74615326631995, 7.6550782716308765, 9.487933065124286, 21.912329306128363, 10.994498967675366, 19.092774904285708, 16.181061610362455, 4.075463026027055, 12.830951202626153, 11.664460985488876, 15.972398041240664, 10.242121694197769, 20.4344729598867, 27.929226064544125, 4.26514597380875, 19.092774904285708, 4.26514597380875, 7.6550782716308765, 10.242121694197769, 11.664460985488876, 9.487933065124286, 10.995666412215911, 23.05771621536286, 18.453432766572764, 7.663176285187313, 10.409974915478944, 18.219907440992166, 9.359884388623547, 21.441825869853094, 22.781622100407134, 18.85481908999768, 15.95513058127972, 23.048762714553913, 7.610248814711119, 0.0, 20.158688274574452, 17.644858795356733, 8.20084112523119, 18.101770462310522, 20.007142439637686, 0.9837493659893435, 10.355366773083942, 24.55544381346871, 10.982249587086383, 24.65409057508102, 17.29883029879011, 5.383175167084674, 0.367781012227132, 21.243710848598777, 21.570423795973205, 6.74615326631995], [16.495549385118615, 7.83039330085849, 9.194956312730133, 18.47007764434541, 10.628688043082324, 12.138539225009135, 17.59798111273275, 1.5537108766597687, 7.2069344343829265, 5.74031178818658, 13.226356648370118, 3.179939801731358, 17.311140379487174, 20.158688274574452, 0.0, 2.671399888998752, 13.622746188594242, 4.465754469747859, 19.945021442806134, 21.127618936561, 15.74893360096231, 6.444227611562395, 16.68785789193847, 5.8263419588021055, 19.64722130709208, 17.964795589787467, 19.793974325242115, 3.339271138084851, 4.688512874280557, 13.738738361793702, 16.88815750848547, 16.900847550771804, 10.346105914157649, 17.846261200581356, 3.8404740413279375, 9.26906562604724, 22.700611069553972, 16.388972211340096, 16.158124260432885, 12.7512688490289, 13.033005367537957, 4.370426698866249, 8.321012662242389, 19.723714597140223, 3.8404740413279375, 19.723714597140223, 16.88815750848547, 13.033005367537957, 16.158124260432885, 16.900847550771804, 16.495549385118615, 7.83039330085849, 9.194956312730133, 18.47007764434541, 10.628688043082324, 12.138539225009135, 17.59798111273275, 1.5537108766597687, 7.2069344343829265, 5.74031178818658, 13.226356648370118, 3.179939801731358, 17.311140379487174, 20.158688274574452, 0.0, 2.671399888998752, 13.622746188594242, 4.465754469747859, 19.945021442806134, 21.127618936561, 15.74893360096231, 6.444227611562395, 16.68785789193847, 5.8263419588021055, 19.64722130709208, 17.964795589787467, 19.793974325242115, 3.339271138084851, 4.688512874280557, 13.738738361793702], [14.978383470856546, 7.970423607265708, 9.326781429513055, 15.805858713311789, 7.959454633490605, 12.037492438905767, 14.967079895582591, 3.798635858385762, 7.401916120618863, 6.212717936821487, 12.596534754102764, 5.410874912206589, 14.645063578572323, 17.644858795356733, 2.671399888998752, 0.0, 10.95214896436103, 2.8918032446995356, 18.02794264773224, 18.604920628151742, 13.148083633644076, 7.708120386131102, 14.118138454546305, 7.431864648578637, 17.468861643325184, 15.799997465846895, 17.278282760939533, 5.291327174303228, 5.097634439577439, 11.387970360380175, 14.943129689756958, 14.272779390186297, 9.620744440743675, 16.31256044689563, 4.562517149633719, 8.741781619165781, 20.07433174660477, 13.92765062756032, 14.738546704082227, 12.13896321909003, 10.392526170479757, 5.711872999983787, 10.427508740995789, 17.07058225397796, 4.562517149633719, 17.07058225397796, 14.943129689756958, 10.392526170479757, 14.738546704082227, 14.272779390186297, 14.978383470856546, 7.970423607265708, 9.326781429513055, 15.805858713311789, 7.959454633490605, 12.037492438905767, 14.967079895582591, 3.798635858385762, 7.401916120618863, 6.212717936821487, 12.596534754102764, 5.410874912206589, 14.645063578572323, 17.644858795356733, 2.671399888998752, 0.0, 10.95214896436103, 2.8918032446995356, 18.02794264773224, 18.604920628151742, 13.148083633644076, 7.708120386131102, 14.118138454546305, 7.431864648578637, 17.468861643325184, 15.799997465846895, 17.278282760939533, 5.291327174303228, 5.097634439577439, 11.387970360380175], [13.043151414446804, 15.048187688490097, 15.514851151391005, 5.052217550279657, 2.9980611112690663, 16.640216421461115, 4.876078410585272, 14.615796138477325, 14.830610404115014, 14.404938828861965, 15.288638587018523, 16.07369388041409, 3.8877394851394427, 8.20084112523119, 13.622746188594242, 10.95214896436103, 0.0, 10.571551800108578, 13.55582672481496, 8.98076113574472, 4.002993912788986, 16.89919549390106, 5.157567013335332, 17.16895856471232, 11.376337471614965, 9.663033168626828, 7.861212955625331, 15.638470567671838, 13.941873036100562, 5.766916867841717, 10.594798825280447, 4.3384204143780485, 13.71499663524482, 13.865167779373152, 13.87737538925661, 13.470953747721179, 9.457427951442497, 6.3940084389745255, 13.374000015989465, 15.06252322316335, 2.182287617728672, 15.32098923147975, 20.571849041528477, 6.264729965314988, 13.87737538925661, 6.264729965314988, 10.594798825280447, 2.182287617728672, 13.374000015989465, 4.3384204143780485, 13.043151414446804, 15.048187688490097, 15.514851151391005, 5.052217550279657, 2.9980611112690663, 16.640216421461115, 4.876078410585272, 14.615796138477325, 14.830610404115014, 14.404938828861965, 15.288638587018523, 16.07369388041409, 3.8877394851394427, 8.20084112523119, 13.622746188594242, 10.95214896436103, 0.0, 10.571551800108578, 13.55582672481496, 8.98076113574472, 4.002993912788986, 16.89919549390106, 5.157567013335332, 17.16895856471232, 11.376337471614965, 9.663033168626828, 7.861212955625331, 15.638470567671838, 13.941873036100562, 5.766916867841717], [17.07504656977875, 5.632808558394704, 12.207914180053562, 15.00138214468506, 7.7807519735087975, 14.873645207979504, 13.8682752177965, 4.668271647571149, 5.156310968733921, 9.093941009302409, 15.274919920255037, 5.778462199839108, 13.891356817498867, 18.101770462310522, 4.465754469747859, 2.8918032446995356, 10.571551800108578, 0.0, 15.48752449883617, 19.01680237624838, 11.910582439491566, 6.454303458553009, 12.72910606521554, 6.6105022766103385, 15.205987562112158, 17.090550841946108, 17.735184746230733, 7.703581394939488, 3.4713642508056815, 12.43979293249059, 16.577772773750947, 13.166511022964384, 6.774193686397748, 18.373771478449687, 7.384748321269936, 11.506816512821054, 20.005606954333945, 12.199146300390804, 16.922486937968305, 14.829250384307658, 9.463147872106555, 8.40869799082507, 10.000328706272306, 16.836250151285842, 7.384748321269936, 16.836250151285842, 16.577772773750947, 9.463147872106555, 16.922486937968305, 13.166511022964384, 17.07504656977875, 5.632808558394704, 12.207914180053562, 15.00138214468506, 7.7807519735087975, 14.873645207979504, 13.8682752177965, 4.668271647571149, 5.156310968733921, 9.093941009302409, 15.274919920255037, 5.778462199839108, 13.891356817498867, 18.101770462310522, 4.465754469747859, 2.8918032446995356, 10.571551800108578, 0.0, 15.48752449883617, 19.01680237624838, 11.910582439491566, 6.454303458553009, 12.72910606521554, 6.6105022766103385, 15.205987562112158, 17.090550841946108, 17.735184746230733, 7.703581394939488, 3.4713642508056815, 12.43979293249059], [26.513587752614573, 15.047105519385028, 26.410396717941392, 12.431087109592443, 14.237429936642371, 28.42884568506274, 10.651258664045907, 19.859121824589167, 15.388142943773875, 23.95122984319849, 27.76531214339605, 20.397183166274136, 12.404304638248789, 20.007142439637686, 19.945021442806134, 18.02794264773224, 13.55582672481496, 15.48752449883617, 0.0, 20.368695865175763, 9.915237361870673, 18.385940048760613, 9.075105575351309, 19.34154121761153, 2.8984649661911535, 23.05085445532133, 19.783901355682033, 23.178379046686945, 16.719179979429978, 19.295764203448194, 24.147305533963614, 10.543537589507974, 11.51433169722663, 27.398748835772043, 22.533067036124528, 24.917417704736398, 18.629666931395104, 7.3285479441563055, 26.780873686558152, 27.437057606053244, 11.606672694006289, 23.739728002345892, 22.30983674062224, 16.020491450900423, 22.533067036124528, 16.020491450900423, 24.147305533963614, 11.606672694006289, 26.780873686558152, 10.543537589507974, 26.513587752614573, 15.047105519385028, 26.410396717941392, 12.431087109592443, 14.237429936642371, 28.42884568506274, 10.651258664045907, 19.859121824589167, 15.388142943773875, 23.95122984319849, 27.76531214339605, 20.397183166274136, 12.404304638248789, 20.007142439637686, 19.945021442806134, 18.02794264773224, 13.55582672481496, 15.48752449883617, 0.0, 20.368695865175763, 9.915237361870673, 18.385940048760613, 9.075105575351309, 19.34154121761153, 2.8984649661911535, 23.05085445532133, 19.783901355682033, 23.178379046686945, 16.719179979429978, 19.295764203448194], [11.715800973835172, 23.917852094666145, 19.3968218633734, 7.9498843655762155, 11.295298607900296, 19.10724403274703, 9.72532024074213, 22.402871840137795, 23.653034332574546, 19.832940047662195, 16.80824144041125, 24.005565466048452, 8.03449609147478, 0.9837493659893435, 21.127618936561, 18.604920628151742, 8.98076113574472, 19.01680237624838, 20.368695865175763, 0.0, 10.870789033132375, 25.46802762281749, 11.416961194017874, 25.582225898329924, 17.61285960654391, 6.079313290749583, 1.3390357605917664, 22.22716161285674, 22.482413218069656, 7.727295967316745, 8.388634135321249, 9.917324877818166, 22.692820410152198, 11.62977042726896, 20.076473816559687, 17.1260824908273, 3.4595089562503887, 13.2853224333004, 12.401443611115429, 16.839373094328934, 10.966323513828934, 21.41756737568918, 28.86951907663404, 4.405988207899711, 20.076473816559687, 4.405988207899711, 8.388634135321249, 10.966323513828934, 12.401443611115429, 9.917324877818166, 11.715800973835172, 23.917852094666145, 19.3968218633734, 7.9498843655762155, 11.295298607900296, 19.10724403274703, 9.72532024074213, 22.402871840137795, 23.653034332574546, 19.832940047662195, 16.80824144041125, 24.005565466048452, 8.03449609147478, 0.9837493659893435, 21.127618936561, 18.604920628151742, 8.98076113574472, 19.01680237624838, 20.368695865175763, 0.0, 10.870789033132375, 25.46802762281749, 11.416961194017874, 25.582225898329924, 17.61285960654391, 6.079313290749583, 1.3390357605917664, 22.22716161285674, 22.482413218069656, 7.727295967316745], [16.98360856317766, 15.161615544386107, 19.12151246963946, 3.6444029919605163, 6.017472503987025, 20.469592018404953, 2.0239699079599456, 16.441360057503484, 15.106227988902608, 17.608357643278943, 19.236092524756202, 17.684645131260556, 2.9545768678476563, 10.355366773083942, 15.74893360096231, 13.148083633644076, 4.002993912788986, 11.910582439491566, 9.915237361870673, 10.870789033132375, 0.0, 17.644471201693754, 1.178206730266225, 18.151309532078464, 7.505972662755356, 13.151060001399891, 10.090229195028536, 18.263966443914253, 14.879250149638825, 9.697902449418345, 14.371221035360282, 1.3616854056787926, 12.956401314986561, 17.745052126135207, 16.78713485130182, 17.18698742102623, 10.007191194098517, 2.5867448945693594, 17.341386105451296, 18.992630579389665, 2.916608747048624, 18.209276492260464, 21.59510098844849, 6.86477398952867, 16.78713485130182, 6.86477398952867, 14.371221035360282, 2.916608747048624, 17.341386105451296, 1.3616854056787926, 16.98360856317766, 15.161615544386107, 19.12151246963946, 3.6444029919605163, 6.017472503987025, 20.469592018404953, 2.0239699079599456, 16.441360057503484, 15.106227988902608, 17.608357643278943, 19.236092524756202, 17.684645131260556, 2.9545768678476563, 10.355366773083942, 15.74893360096231, 13.148083633644076, 4.002993912788986, 11.910582439491566, 9.915237361870673, 10.870789033132375, 0.0, 17.644471201693754, 1.178206730266225, 18.151309532078464, 7.505972662755356, 13.151060001399891, 10.090229195028536, 18.263966443914253, 14.879250149638825, 9.697902449418345], [22.649413911494577, 3.3678555237072345, 15.546053525587032, 21.011958301488292, 14.204904527955213, 18.52248100309159, 19.663657242613155, 4.9876125997014125, 3.00075541163783, 12.07489322563572, 19.669721559958965, 3.8837683616868506, 19.96125088949492, 24.55544381346871, 6.444227611562395, 7.708120386131102, 16.89919549390106, 6.454303458553009, 18.385940048760613, 25.46802762281749, 17.644471201693754, 0.0, 18.26670685390803, 1.128798251945101, 19.042838707794818, 23.354472581994226, 24.1889823789965, 8.925412890690533, 2.9856495118152155, 18.783066720998068, 22.624258620297628, 18.977435353062745, 6.947447292137427, 23.990663267906758, 10.200081064480168, 15.712107878224478, 26.35661617095116, 17.315989577172626, 22.375399614059635, 19.19486973208099, 15.547944742464063, 10.357930099865769, 4.065384716080266, 23.14491454038547, 10.200081064480168, 23.14491454038547, 22.624258620297628, 15.547944742464063, 22.375399614059635, 18.977435353062745, 22.649413911494577, 3.3678555237072345, 15.546053525587032, 21.011958301488292, 14.204904527955213, 18.52248100309159, 19.663657242613155, 4.9876125997014125, 3.00075541163783, 12.07489322563572, 19.669721559958965, 3.8837683616868506, 19.96125088949492, 24.55544381346871, 6.444227611562395, 7.708120386131102, 16.89919549390106, 6.454303458553009, 18.385940048760613, 25.46802762281749, 17.644471201693754, 0.0, 18.26670685390803, 1.128798251945101, 19.042838707794818, 23.354472581994226, 24.1889823789965, 8.925412890690533, 2.9856495118152155, 18.783066720998068], [18.08182085581706, 15.646535511302295, 20.28317648261052, 3.718629476910075, 7.170077807421742, 21.64701426784934, 1.8400560040595075, 17.316427931092957, 15.634317731931235, 18.72200772137799, 20.410783863224644, 18.506668139988548, 3.3828256769710645, 10.982249587086383, 16.68785789193847, 14.118138454546305, 5.157567013335332, 12.72910606521554, 9.075105575351309, 11.416961194017874, 1.178206730266225, 18.26670685390803, 0.0, 18.82721862661857, 6.528713177487909, 14.100058713208268, 10.742191981324318, 19.28329801046364, 15.572835739111346, 10.80322480536473, 15.406757023530957, 1.4996365590218563, 13.226795809642688, 18.81425543242367, 17.858745986792545, 18.358900154057498, 10.206233464494106, 1.8793788741652697, 18.45438365879854, 20.168961103927103, 4.0484130393648, 19.273490850353966, 22.260138141342285, 7.2161139836434955, 17.858745986792545, 7.2161139836434955, 15.406757023530957, 4.0484130393648, 18.45438365879854, 1.4996365590218563, 18.08182085581706, 15.646535511302295, 20.28317648261052, 3.718629476910075, 7.170077807421742, 21.64701426784934, 1.8400560040595075, 17.316427931092957, 15.634317731931235, 18.72200772137799, 20.410783863224644, 18.506668139988548, 3.3828256769710645, 10.982249587086383, 16.68785789193847, 14.118138454546305, 5.157567013335332, 12.72910606521554, 9.075105575351309, 11.416961194017874, 1.178206730266225, 18.26670685390803, 0.0, 18.82721862661857, 6.528713177487909, 14.100058713208268, 10.742191981324318, 19.28329801046364, 15.572835739111346, 10.80322480536473], [22.235539948107768, 4.40841061420323, 14.769823334654555, 21.44070769816861, 14.388309418392204, 17.7593387477837, 20.160150902121373, 4.298423621571031, 3.9749188262259487, 11.30858275420742, 19.01620653858861, 2.9706216370244203, 20.365022726612672, 24.65409057508102, 5.8263419588021055, 7.431864648578637, 17.16895856471232, 6.6105022766103385, 19.34154121761153, 25.582225898329924, 18.151309532078464, 1.128798251945101, 18.82721862661857, 0.0, 19.899352006871823, 23.207090016293716, 24.28658470543869, 8.033958723110741, 3.2791712918782014, 18.70624124279469, 22.370682881014652, 19.467098519032472, 7.974396542634427, 23.582816130633805, 9.463741791183756, 15.065491292820175, 26.613142651442008, 17.963246358949288, 21.929652438703922, 18.53998708247024, 15.93361821997975, 9.504961812781211, 3.4467632661041554, 23.432032596375326, 9.463741791183756, 23.432032596375326, 22.370682881014652, 15.93361821997975, 21.929652438703922, 19.467098519032472, 22.235539948107768, 4.40841061420323, 14.769823334654555, 21.44070769816861, 14.388309418392204, 17.7593387477837, 20.160150902121373, 4.298423621571031, 3.9749188262259487, 11.30858275420742, 19.01620653858861, 2.9706216370244203, 20.365022726612672, 24.65409057508102, 5.8263419588021055, 7.431864648578637, 17.16895856471