{"num_workers": 15, "num_roles": 3, "num_nodes": 40, "w": [[30, 30], [120, 120], [60, 60], [30, 30], [60, 60], [30, 30], [240, 240], [60, 60], [360, 360], [30, 30], [60, 60], [60, 60], [90, 90], [30, 30], [60, 60], [60, 270], [90, 180], [150, 240], [210, 390], [270, 390], [120, 450], [150, 390], [120, 450], [60, 270], [270, 390], [420, 420], [210, 210], [450, 450], [90, 90], [180, 180], [360, 360], [330, 330], [240, 240], [420, 420], [480, 480], [480, 480], [300, 300], [240, 240], [450, 450], [360, 360]], "p": [0, 0, 0, 0, 0, 0, 0, 0, 0, 0, 0, 0, 0, 0, 0, 71.78909102390338, 67.348492024216, 53.21981251776016, 26.866519504817155, 73.39537483491517, 15.54202401812856, 55.89316002570265, 7.77101200906428, 35.89454551195169, 36.69768741745759, 0, 0, 0, 0, 0, 0, 0, 0, 0, 0, 0, 0, 0, 0, 0], "e": [[1, 1, 0], [0, 1, 0], [0, 1, 0], [1, 1, 0], [0, 1, 0], [1, 1, 0], [0, 1, 1], [0, 1, 1], [1, 1, 0], [1, 1, 0], [1, 1, 0], [0, 1, 1], [0, 0, 1], [0, 0, 1], [0, 0, 1]], "d": [[1, 0, 0, 1, 0, 1, 1, 2, 2, 0], [0, 1, 1, 0, 1, 0, 1, 0, 0, 2], [1, 1, 1, 1, 1, 0, 1, 0, 2, 2]], "r": [2572, 1420, 140, 2693, 1296, 1500, 1990, 1500, 2572, 1296], "g": [[0, 0, 0, 0, 0, 0, 0, 0, 1, 0], [0, 0, 0, 0, 0, 0, 0, 0, 0, 0], [0, 0, 0, 0, 0, 0, 0, 0, 0, 0], [0, 0, 0, 0, 0, 0, 0, 0, 0, 0], [0, 0, 0, 0, 0, 0, 0, 0, 0, 1], [0, 0, 0, 0, 0, 0, 0, 1, 0, 0], [0, 0, 0, 0, 0, 0, 0, 0, 0, 0], [0, 0, 0, 0, 0, 1, 0, 0, 0, 0], [1, 0, 0, 0, 0, 0, 0, 0, 0, 0], [0, 0, 0, 0, 1, 0, 0, 0, 0, 0]], "t": [[0.0, 13.39958238381373, 8.281504669615853, 3.9882574637789103, 15.4490128673458, 14.73006991832836, 12.894117033719343, 21.699684465772037, 18.486393976862068, 9.10530586734618, 1.413292601932576, 6.213259288858751, 14.499134073318961, 11.299132270388084, 2.054762076425233, 23.587991899040425, 15.125224256167742, 23.757966002202963, 6.2484083484880255, 22.450638702363634, 6.732742502394853, 4.536104754255907, 6.732742502394853, 23.587991899040425, 22.450638702363634, 0.0, 13.39958238381373, 8.281504669615853, 3.9882574637789103, 15.4490128673458, 14.73006991832836, 12.894117033719343, 21.699684465772037, 18.486393976862068, 9.10530586734618, 1.413292601932576, 6.213259288858751, 14.499134073318961, 11.299132270388084, 2.054762076425233], [13.39958238381373, 0.0, 13.676079312035382, 16.164780123412186, 4.235223331001845, 23.972964059665287, 5.839395155403162, 18.294412186609055, 25.308981100166985, 21.770662293221093, 12.79359001821788, 8.238695833670644, 23.125117757629365, 19.705088824653924, 11.665001038105496, 22.065306564862073, 8.129019342371473, 24.45945754489212, 15.766938012627485, 22.27897047585632, 8.484677673898354, 15.727823265174068, 8.484677673898354, 22.065306564862073, 22.27897047585632, 13.39958238381373, 0.0, 13.676079312035382, 16.164780123412186, 4.235223331001845, 23.972964059665287, 5.839395155403162, 18.294412186609055, 25.308981100166985, 21.770662293221093, 12.79359001821788, 8.238695833670644, 23.125117757629365, 19.705088824653924, 11.665001038105496], [8.281504669615853, 13.676079312035382, 0.0, 12.071275042759558, 13.278173890018085, 10.323671113516614, 9.653612261313064, 13.98493211714744, 12.038026213672763, 10.731857747691478, 9.347825098448743, 11.145726134206392, 9.449043623051214, 6.057957409411445, 6.952791786869914, 15.40747422639722, 10.491724109145178, 15.491076466110753, 14.512558494540727, 14.178380755665302, 12.034559419611547, 12.79643891478633, 12.034559419611547, 15.40747422639722, 14.178380755665302, 8.281504669615853, 13.676079312035382, 0.0, 12.071275042759558, 13.278173890018085, 10.323671113516614, 9.653612261313064, 13.98493211714744, 12.038026213672763, 10.731857747691478, 9.347825098448743, 11.145726134206392, 9.449043623051214, 6.057957409411445, 6.952791786869914], [3.9882574637789103, 16.164780123412186, 12.071275042759558, 0.0, 18.7822246605916, 16.81655209882768, 16.561616641092524, 25.674367627864992, 21.178398014364195, 9.41066846561252, 3.6538986976800722, 8.07795650664921, 16.854181536015034, 14.039703955208832, 5.943521042112167, 27.4624571492808, 18.93027323718042, 27.429537908417036, 3.2898121407616676, 26.23593743960692, 8.173488013522913, 1.2488098193962442, 8.173488013522913, 27.4624571492808, 26.23593743960692, 3.9882574637789103, 16.164780123412186, 12.071275042759558, 0.0, 18.7822246605916, 16.81655209882768, 16.561616641092524, 25.674367627864992, 21.178398014364195, 9.41066846561252, 3.6538986976800722, 8.07795650664921, 16.854181536015034, 14.039703955208832, 5.943521042112167], [15.4490128673458, 4.235223331001845, 13.278173890018085, 18.7822246605916, 0.0, 23.46302968390183, 3.6802286967110183, 14.620593878291652, 23.910666580971913, 22.836429887425876, 15.185027463544598, 11.440462265060068, 22.457695381335682, 19.255720904200047, 13.476671940734775, 18.609490229190186, 4.688364768705862, 21.40393693025493, 18.96528273624995, 19.12054820416718, 11.907896622831123, 18.57136622800472, 11.907896622831123, 18.609490229190186, 19.12054820416718, 15.4490128673458, 4.235223331001845, 13.278173890018085, 18.7822246605916, 0.0, 23.46302968390183, 3.6802286967110183, 14.620593878291652, 23.910666580971913, 22.836429887425876, 15.185027463544598, 11.440462265060068, 22.457695381335682, 19.255720904200047, 13.476671940734775], [14.73006991832836, 23.972964059665287, 10.323671113516614, 16.81655209882768, 23.46302968390183, 0.0, 19.788836132364644, 19.117282197679604, 5.27851404418766, 8.692837845626707, 16.143019744914657, 20.012211944491202, 1.2758074486838726, 4.26926615284095, 14.76053567016089, 18.083688439577326, 20.06250461252023, 15.676173127136476, 20.068175723258648, 15.906540797332632, 20.788354283592586, 17.999630926843075, 20.788354283592586, 18.083688439577326, 15.906540797332632, 14.73006991832836, 23.972964059665287, 10.323671113516614, 16.81655209882768, 23.46302968390183, 0.0, 19.788836132364644, 19.117282197679604, 5.27851404418766, 8.692837845626707, 16.143019744914657, 20.012211944491202, 1.2758074486838726, 4.26926615284095, 14.76053567016089], [12.894117033719343, 5.839395155403162, 9.653612261313064, 16.561616641092524, 3.6802286967110183, 19.788836132364644, 0.0, 12.658409203615369, 20.29298105122061, 19.550409935352693, 12.907874392874023, 10.207864344372473, 18.7782098029483, 15.592569430756159, 10.846586558168438, 16.283378170072837, 2.7832819715217822, 18.6222534689475, 17.313809724213826, 16.440545642142347, 10.893595715180364, 16.563834200330604, 10.893595715180364, 16.283378170072837, 16.440545642142347, 12.894117033719343, 5.839395155403162, 9.653612261313064, 16.561616641092524, 3.6802286967110183, 19.788836132364644, 0.0, 12.658409203615369, 20.29298105122061, 19.550409935352693, 12.907874392874023, 10.207864344372473, 18.7782098029483, 15.592569430756159, 10.846586558168438], [21.699684465772037, 18.294412186609055, 13.98493211714744, 25.674367627864992, 14.620593878291652, 19.117282197679604, 12.658409203615369, 0.0, 16.23383438454173, 23.96374461499211, 22.418196301920506, 21.79152607340581, 17.841914609454072, 16.52455012080197, 19.8932010702861, 4.259368415100077, 10.1662931021549, 8.018838570711566, 27.574290040685508, 5.71732019356332, 22.6292219121841, 26.178534976342362, 22.6292219121841, 4.259368415100077, 5.71732019356332, 21.699684465772037, 18.294412186609055, 13.98493211714744, 25.674367627864992, 14.620593878291652, 19.117282197679604, 12.658409203615369, 0.0, 16.23383438454173, 23.96374461499211, 22.418196301920506, 21.79152607340581, 17.841914609454072, 16.52455012080197, 19.8932010702861], [18.486393976862068, 25.308981100166985, 12.038026213672763, 21.178398014364195, 23.910666580971913, 5.27851404418766, 20.29298105122061, 16.23383438454173, 0.0, 13.837175488013353, 19.85939182135554, 22.940791741084197, 4.59268695014671, 7.198602982446715, 18.0267498688561, 14.242488731507482, 19.832520836947964, 11.164176564004409, 24.319232940055702, 11.928789914224126, 23.793928968203375, 22.285060327209692, 23.793928968203375, 14.242488731507482, 11.928789914224126, 18.486393976862068, 25.308981100166985, 12.038026213672763, 21.178398014364195, 23.910666580971913, 5.27851404418766, 20.29298105122061, 16.23383438454173, 0.0, 13.837175488013353, 19.85939182135554, 22.940791741084197, 4.59268695014671, 7.198602982446715, 18.0267498688561], [9.10530586734618, 21.770662293221093, 10.731857747691478, 9.41066846561252, 22.836429887425876, 8.692837845626707, 19.550409935352693, 23.96374461499211, 13.837175488013353, 0.0, 10.331791032638142, 15.30765756342063, 9.250172178261508, 7.997434672958202, 10.290703351527862, 24.27158916709599, 20.9679219111109, 22.872400970839838, 12.65319285734872, 22.437697464034656, 15.83529351455781, 10.659098474011138, 15.83529351455781, 24.27158916709599, 22.437697464034656, 9.10530586734618, 21.770662293221093, 10.731857747691478, 9.41066846561252, 22.836429887425876, 8.692837845626707, 19.550409935352693, 23.96374461499211, 13.837175488013353, 0.0, 10.331791032638142, 15.30765756342063, 9.250172178261508, 7.997434672958202, 10.290703351527862], [1.413292601932576, 12.79359001821788, 9.347825098448743, 3.6538986976800722, 15.185027463544598, 16.143019744914657, 12.907874392874023, 22.418196301920506, 19.85939182135554, 10.331791032638142, 0.0, 5.143427544127593, 15.904790699387096, 12.682024768265435, 2.530719869592828, 24.49544092695673, 15.294989666107103, 24.83594126042185, 5.216610527190823, 23.449614492015055, 5.550534642724686, 3.8089555617519597, 5.550534642724686, 24.49544092695673, 23.449614492015055, 1.413292601932576, 12.79359001821788, 9.347825098448743, 3.6538986976800722, 15.185027463544598, 16.143019744914657, 12.907874392874023, 22.418196301920506, 19.85939182135554, 10.331791032638142, 0.0, 5.143427544127593, 15.904790699387096, 12.682024768265435, 2.530719869592828], [6.213259288858751, 8.238695833670644, 11.145726134206392, 8.07795650664921, 11.440462265060068, 20.012211944491202, 10.207864344372473, 21.79152607340581, 22.940791741084197, 15.30765756342063, 5.143427544127593, 0.0, 19.531990558654908, 16.076816366592666, 5.325425402559208, 24.633151817282823, 12.943251857112731, 25.803718319181602, 7.5700422242076195, 24.051339411686218, 0.9047472409522348, 7.522097071484161, 0.9047472409522348, 24.633151817282823, 24.051339411686218, 6.213259288858751, 8.238695833670644, 11.145726134206392, 8.07795650664921, 11.440462265060068, 20.012211944491202, 10.207864344372473, 21.79152607340581, 22.940791741084197, 15.30765756342063, 5.143427544127593, 0.0, 19.531990558654908, 16.076816366592666, 5.325425402559208], [14.499134073318961, 23.125117757629365, 9.449043623051214, 16.854181536015034, 22.457695381335682, 1.2758074486838726, 18.7782098029483, 17.841914609454072, 4.59268695014671, 9.250172178261508, 15.904790699387096, 19.531990558654908, 0.0, 3.502872395237964, 14.35563163643961, 16.849845307337223, 18.951086086326754, 14.536106435789742, 20.06330275749093, 14.691532327312983, 20.334152710613264, 18.004808095227915, 20.334152710613264, 16.849845307337223, 14.691532327312983, 14.499134073318961, 23.125117757629365, 9.449043623051214, 16.854181536015034, 22.457695381335682, 1.2758074486838726, 18.7782098029483, 17.841914609454072, 4.59268695014671, 9.250172178261508, 15.904790699387096, 19.531990558654908, 0.0, 3.502872395237964, 14.35563163643961], [11.299132270388084, 19.705088824653924, 6.057957409411445, 14.039703955208832, 19.255720904200047, 4.26926615284095, 15.592569430756159, 16.52455012080197, 7.198602982446715, 7.997434672958202, 12.682024768265435, 16.076816366592666, 3.502872395237964, 0.0, 10.968403644970278, 16.378345703178308, 16.038816893551928, 14.881305226226083, 17.140169187065716, 14.471259748919183, 16.89270746966742, 15.119038100480125, 16.89270746966742, 16.378345703178308, 14.471259748919183, 11.299132270388084, 19.705088824653924, 6.057957409411445, 14.039703955208832, 19.255720904200047, 4.26926615284095, 15.592569430756159, 16.52455012080197, 7.198602982446715, 7.997434672958202, 12.682024768265435, 16.076816366592666, 3.502872395237964, 0.0, 10.968403644970278], [2.054762076425233, 11.665001038105496, 6.952791786869914, 5.943521042112167, 13.476671940734775, 14.76053567016089, 10.846586558168438, 19.8932010702861, 18.0267498688561, 10.290703351527862, 2.530719869592828, 5.325425402559208, 14.35563163643961, 10.968403644970278, 0.0, 21.97757259544844, 13.072585682768134, 22.401242902974417, 7.737785501255033, 20.965963757809288, 6.048598071327825, 6.297274578026537, 6.048598071327825, 21.97757259544844, 20.965963757809288, 2.054762076425233, 11.665001038105496, 6.952791786869914, 5.943521042112167, 13.476671940734775, 14.76053567016089, 10.846586558168438, 19.8932010702861, 18.0267498688561, 10.290703351527862, 2.530719869592828, 5.325425402559208, 14.35563163643961, 10.968403644970278, 0.0], [23.587991899040425, 22.065306564862073, 15.40747422639722, 27.4624571492808, 18.609490229190186, 18.083688439577326, 16.283378170072837, 4.259368415100077, 14.242488731507482, 24.27158916709599, 24.49544092695673, 24.633151817282823, 16.849845307337223, 16.378345703178308, 21.97757259544844, 0.0, 14.01345364258802, 4.118768653227453, 29.7118198604195, 2.332921792831073, 25.50897005086712, 28.124031017954042, 25.50897005086712, 0.0, 2.332921792831073, 23.587991899040425, 22.065306564862073, 15.40747422639722, 27.4624571492808, 18.609490229190186, 18.083688439577326, 16.283378170072837, 4.259368415100077, 14.242488731507482, 24.27158916709599, 24.49544092695673, 24.633151817282823, 16.849845307337223, 16.378345703178308, 21.97757259544844], [15.125224256167742, 8.129019342371473, 10.491724109145178, 18.93027323718042, 4.688364768705862, 20.06250461252023, 2.7832819715217822, 10.1662931021549, 19.832520836947964, 20.9679219111109, 15.294989666107103, 12.943251857112731, 18.951086086326754, 16.038816893551928, 13.072585682768134, 14.01345364258802, 0.0, 16.71682028067628, 19.901116856594673, 14.44038485476208, 13.650787761390049, 19.02941988688454, 13.650787761390049, 14.01345364258802, 14.44038485476208, 15.125224256167742, 8.129019342371473, 10.491724109145178, 18.93027323718042, 4.688364768705862, 20.06250461252023, 2.7832819715217822, 10.1662931021549, 19.832520836947964, 20.9679219111109, 15.294989666107103, 12.943251857112731, 18.951086086326754, 16.038816893551928, 13.072585682768134], [23.757966002202963, 24.45945754489212, 15.491076466110753, 27.429537908417036, 21.40393693025493, 15.676173127136476, 18.6222534689475, 8.018838570711566, 11.164176564004409, 22.872400970839838, 24.83594126042185, 25.803718319181602, 14.536106435789742, 14.881305226226083, 22.401242902974417, 4.118768653227453, 16.71682028067628, 0.0, 30.0, 2.3679865921921888, 26.703980993878332, 28.240277436439083, 26.703980993878332, 4.118768653227453, 2.3679865921921888, 23.757966002202963, 24.45945754489212, 15.491076466110753, 27.429537908417036, 21.40393693025493, 15.676173127136476, 18.6222534689475, 8.018838570711566, 11.164176564004409, 22.872400970839838, 24.83594126042185, 25.803718319181602, 14.536106435789742, 14.881305226226083, 22.401242902974417], [6.2484083484880255, 15.766938012627485, 14.512558494540727, 3.2898121407616676, 18.96528273624995, 20.068175723258648, 17.313809724213826, 27.574290040685508, 24.319232940055702, 12.65319285734872, 5.216610527190823, 7.5700422242076195, 20.06330275749093, 17.140169187065716, 7.737785501255033, 29.7118198604195, 19.901116856594673, 30.0, 0.0, 28.65368936442842, 7.29316303896389, 2.0701042457037264, 7.29316303896389, 29.7118198604195, 28.65368936442842, 6.2484083484880255, 15.766938012627485, 14.512558494540727, 3.2898121407616676, 18.96528273624995, 20.068175723258648, 17.313809724213826, 27.574290040685508, 24.319232940055702, 12.65319285734872, 5.216610527190823, 7.5700422242076195, 20.06330275749093, 17.140169187065716, 7.737785501255033], [22.450638702363634, 22.27897047585632, 14.178380755665302, 26.23593743960692, 19.12054820416718, 15.906540797332632, 16.440545642142347, 5.71732019356332, 11.928789914224126, 22.437697464034656, 23.449614492015055, 24.051339411686218, 14.691532327312983, 14.471259748919183, 20.965963757809288, 2.332921792831073, 14.44038485476208, 2.3679865921921888, 28.65368936442842, 0.0, 24.944201608589825, 26.973853060418726, 24.944201608589825, 2.332921792831073, 0.0, 22.450638702363634, 22.27897047585632, 14.178380755665302, 26.23593743960692, 19.12054820416718, 15.906540797332632, 16.440545642142347, 5.71732019356332, 11.928789914224126, 22.437697464034656, 23.449614492015055, 24.051339411686218, 14.691532327312983, 14.471259748919183, 20.965963757809288], [6.732742502394853, 8.484677673898354, 12.034559419611547, 8.173488013522913, 11.907896622831123, 20.788354283592586, 10.893595715180364, 22.6292219121841, 23.793928968203375, 15.83529351455781, 5.550534642724686, 0.9047472409522348, 20.334152710613264, 16.89270746966742, 6.048598071327825, 25.50897005086712, 13.650787761390049, 26.703980993878332, 7.29316303896389, 24.944201608589825, 0.0, 7.492113289923849, 0.0, 25.50897005086712, 24.944201608589825, 6.732742502394853, 8.484677673898354, 12.034559419611547, 8.173488013522913, 11.907896622831123, 20.788354283592586, 10.893595715180364, 22.6292219121841, 23.793928968203375, 15.83529351455781, 5.550534642724686, 0.9047472409522348, 20.334152710613264, 16.89270746966742, 6.048598071327825], [4.536104754255907, 15.727823265174068, 12.79643891478633, 1.2488098193962442, 18.57136622800472, 17.999630926843075, 16.563834200330604, 26.178534976342362, 22.285060327209692, 10.659098474011138, 3.8089555617519597, 7.522097071484161, 18.004808095227915, 15.119038100480125, 6.297274578026537, 28.124031017954042, 19.02941988688454, 28.240277436439083, 2.0701042457037264, 26.973853060418726, 7.492113289923849, 0.0, 7.492113289923849, 28.124031017954042, 26.973853060418726, 4.536104754255907, 15.727823265174068, 12.79643891478633, 1.2488098193962442, 18.57136622800472, 17.999630926843075, 16.563834200330604, 26.178534976342362, 22.285060327209692, 10.659098474011138, 3.8089555617519597, 7.522097071484161, 18.004808095227915, 15.119038100480125, 6.297274578026537], [6.732742502394853, 8.484677673898354, 12.034559419611547, 8.173488013522913, 11.907896622831123, 20.788354283592586, 10.893595715180364, 22.6292219121841, 23.793928968203375, 15.83529351455781, 5.550534642724686, 0.9047472409522348, 20.334152710613264, 16.89270746966742, 6.048598071327825, 25.50897005086712, 13.650787761390049, 26.703980993878332, 7.29316303896389, 24.944201608589825, 0.0, 7.492113289923849, 0.0, 25.50897005086712, 24.944201608589825, 6.732742502394853, 8.484677673898354, 12.034559419611547, 8.173488013522913, 11.907896622831123, 20.788354283592586, 10.893595715180364, 22.6292219121841, 23.793928968203375, 15.83529351455781, 5.550534642724686, 0.9047472409522348, 20.334152710613264, 16.89270746966742, 6.048598071327825], [23.587991899040425, 22.065306564862073, 15.40747422639722, 27.4624571492808, 18.609490229190186, 18.083688439577326, 16.283378170072837, 4.259368415100077, 14.242488731507482, 24.27158916709599, 24.49544092695673, 24.633151817282823, 16.849845307337223, 16.378345703178308, 21.97757259544844, 0.0, 14.01345364258802, 4.118768653227453, 29.7118198604195, 2.332921792831073, 25.50897005086712, 28.124031017954042, 25.50897005086712, 0.0, 2.332921792831073, 23.587991899040425, 22.065306564862073, 15.40747422639722, 27.4624571492808, 18.609490229190186, 18.083688439577326, 16.283378170072837, 4.259368415100077, 14.242488731507482, 24.27158916709599, 24.49544092695673, 24.633151817282823, 16.849845307337223, 16.378345703178308, 21.97757259544844], [22.450638702363634, 22.27897047585632, 14.178380755665302, 26.23593743960692, 19.12054820416718, 15.906540797332632, 16.440545642142347, 5.71732019356332, 11.928789914224126, 22.437697464034656, 23.449614492015055, 24.051339411686218, 14.691532327312983, 14.471259748919183, 20.965963757809288, 2.332921792831073, 14.44038485476208, 2.3679865921921888, 28.65368936442842, 0.0, 24.944201608589825, 26.973853060418726, 24.944201608589825, 2.332921792831073, 0.0, 22.450638702363634, 22.27897047585632, 14.178380755665302, 26.23593743960692, 19.12054820416718, 15.906540797332632, 16.440545642142347, 5.71732019356332, 11.928789914224126, 22.437697464034656, 23.449614492015055, 24.051339411686218, 14.691532327312983, 14.471259748919183, 20.965963757809288], [0.0, 13.39958238381373, 8.281504669615853, 3.9882574637789103, 15.4490128673458, 14.73006991832836, 12.894117033719343, 21.699684465772037, 18.486393976862068, 9.10530586734618, 1.413292601932576, 6.213259288858751, 14.499134073318961, 11.299132270388084, 2.054762076425233, 23.587991899040425, 15.125224256167742, 23.757966002202963, 6.2484083484880255, 22.450638702363634, 6.732742502394853, 4.536104754255907, 6.732742502394853, 23.587991899040425, 22.450638702363634, 0.0, 13.39958238381373, 8.281504669615853, 3.9882574637789103, 15.4490128673458, 14.73006991832836, 12.894117033719343, 21.699684465772037, 18.486393976862068, 9.10530586734618, 1.413292601932576, 6.213259288858751, 14.499134073318961, 11.299132270388084, 2.054762076425233], [13.39958238381373, 0.0, 13.676079312035382, 16.164780123412186, 4.235223331001845, 23.972964059665287, 5.839395155403162, 18.294412186609055, 25.308981100166985, 21.770662293221093, 12.79359001821788, 8.238695833670644, 23.125117757629365, 19.705088824653924, 11.665001038105496, 22.065306564862073, 8.129019342371473, 24.45945754489212, 15.766938012627485, 22.27897047585632, 8.484677673898354, 15.727823265174068, 8.484677673898354, 22.065306564862073, 22.27897047585632, 13.39958238381373, 0.0, 13.676079312035382, 16.164780123412186, 4.235223331001845, 23.972964059665287, 5.839395155403162, 18.294412186609055, 25.308981100166985, 21.770662293221093, 12.79359001821788, 8.238695833670644, 23.125117757629365, 19.705088824653924, 11.665001038105496], [8.281504669615853, 13.676079312035382, 0.0, 12.071275042759558, 13.278173890018085, 10.323671113516614, 9.653612261313064, 13.98493211714744, 12.038026213672763, 10.731857747691478, 9.347825098448743, 11.145726134206392, 9.449043623051214, 6.057957409411445, 6.952791786869914, 15.40747422639722, 10.491724109145178, 15.491076466110753, 14.512558494540727, 14.178380755665302, 12.034559419611547, 12.79643891478633, 12.034559419611547, 15.40747422639722, 14.178380755665302, 8.281504669615853, 13.676079312035382, 0.0, 12.071275042759558, 13.278173890018085, 10.323671113516614, 9.653612261313064, 13.98493211714744, 12.038026213672763, 10.731857747691478, 9.347825098448743, 11.145726134206392, 9.449043623051214, 6.057957409411445, 6.952791786869914], [3.9882574637789103, 16.164780123412186, 12.071275042759558, 0.0, 18.7822246605916, 16.81655209882768, 16.561616641092524, 25.674367627864992, 21.178398014364195, 9.41066846561252, 3.6538986976800722, 8.07795650664921, 16.854181536015034, 14.039703955208832, 5.943521042112167, 27.4624571492808, 18.93027323718042, 27.429537908417036, 3.2898121407616676, 26.23593743960692, 8.173488013522913, 1.2488098193962442, 8.173488013522913, 27.4624571492808, 26.23593743960692, 3.9882574637789103, 16.164780123412186, 12.071275042759558, 0.0, 18.7822246605916, 16.81655209882768, 16.561616641092524, 25.674367627864992, 21.178398014364195, 9.41066846561252, 3.6538986976800722, 8.07795650664921, 16.854181536015034, 14.039703955208832, 5.943521042112167], [15.4490128673458, 4.235223331001845, 13.278173890018085, 18.7822246605916, 0.0, 23.46302968390183, 3.6802286967110183, 14.620593878291652, 23.910666580971913, 22.836429887425876, 15.185027463544598, 11.440462265060068, 22.457695381335682, 19.255720904200047, 13.476671940734775, 18.609490229190186, 4.688364768705862, 21.40393693025493, 18.96528273624995, 19.12054820416718, 11.907896622831123, 18.57136622800472, 11.907896622831123, 18.609490229190186, 19.12054820416718, 15.4490128673458, 4.235223331001845, 13.278173890018085, 18.7822246605916, 0.0, 23.46302968390183, 3.6802286967110183, 14.620593878291652, 23.910666580971913, 22.836429887425876, 15.185027463544598, 11.440462265060068, 22.457695381335682, 19.255720904200047, 13.476671940734775], [14.73006991832836, 23.972964059665287, 10.323671113516614, 16.81655209882768, 23.46302968390183, 0.0, 19.788836132364644, 19.117282197679604, 5.27851404418766, 8.692837845626707, 16.143019744914657, 20.012211944491202, 1.2758074486838726, 4.26926615284095, 14.76053567016089, 18.083688439577326, 20.06250461252023, 15.676173127136476, 20.068175723258648, 15.906540797332632, 20.788354283592586, 17.999630926843075, 20.788354283592586, 18.083688439577326, 15.906540797332632, 14.73006991832836, 23.972964059665287, 10.323671113516614, 16.81655209882768, 23.46302968390183, 0.0, 19.788836132364644, 19.117282197679604, 5.27851404418766, 8.692837845626707, 16.143019744914657, 20.012211944491202, 1.2758074486838726, 4.26926615284095, 14.76053567016089], [12.894117033719343, 5.839395155403162, 9.653612261313064, 16.561616641092524, 3.6802286967110183, 19.788836132364644, 0.0, 12.658409203615369, 20.29298105122061, 19.550409935352693, 12.907874392874023, 10.207864344372473, 18.7782098029483, 15.592569430756159, 10.846586558168438, 16.283378170072837, 2.7832819715217822, 18.6222534689475, 17.313809724213826, 16.440545642142347, 10.893595715180364, 16.563834200330604, 10.893595715180364, 16.283378170072837, 16.440545642142347, 12.894117033719343, 5.839395155403162, 9.653612261313064, 16.561616641092524, 3.6802286967110183, 19.788836132364644, 0.0, 12.658409203615369, 20.29298105122061, 19.550409935352693, 12.907874392874023, 10.207864344372473, 18.7782098029483, 15.592569430756159, 10.846586558168438], [21.699684465772037, 18.294412186609055, 13.98493211714744, 25.674367627864992, 14.620593878291652, 19.117282197679604, 12.658409203615369, 0.0, 16.23383438454173, 23.96374461499211, 22.418196301920506, 21.79152607340581, 17.841914609454072, 16.52455012080197, 19.8932010702861, 4.259368415100077, 10.1662931021549, 8.018838570711566, 27.574290040685508, 5.71732019356332, 22.6292219121841, 26.178534976342362, 22.6292219121841, 4.259368415100077, 5.71732019356332, 21.699684465772037, 18.294412186609055, 13.98493211714744, 25.674367627864992, 14.620593878291652, 19.117282197679604, 12.658409203615369, 0.0, 16.23383438454173, 23.96374461499211, 22.418196301920506, 21.79152607340581, 17.841914609454072, 16.52455012080197, 19.8932010702861], [18.486393976862068, 25.308981100166985, 12.038026213672763, 21.178398014364195, 23.910666580971913, 5.27851404418766, 20.29298105122061, 16.23383438454173, 0.0, 13.837175488013353, 19.85939182135554, 22.940791741084197, 4.59268695014671, 7.198602982446715, 18.0267498688561, 14.242488731507482, 19.832520836947964, 11.164176564004409, 24.319232940055702, 11.928789914224126, 23.793928968203375, 22.285060327209692, 23.793928968203375, 14.242488731507482, 11.928789914224126, 18.486393976862068, 25.308981100166985, 12.038026213672763, 21.178398014364195, 23.910666580971913, 5.27851404418766, 20.29298105122061, 16.23383438454173, 0.0, 13.837175488013353, 19.85939182135554, 22.940791741084197, 4.59268695014671, 7.198602982446715, 18.0267498688561], [9.10530586734618, 21.770662293221093, 10.731857747691478, 9.41066846561252, 22.836429887425876, 8.692837845626707, 19.550409935352693, 23.96374461499211, 13.837175488013353, 0.0, 10.331791032638142, 15.30765756342063, 9.250172178261508, 7.997434672958202, 10.290703351527862, 24.27158916709599, 20.9679219111109, 22.872400970839838, 12.65319285734872, 22.437697464034656, 15.83529351455781, 10.659098474011138, 15.83529351455781, 24.27158916709599, 22.437697464034656, 9.10530586734618, 21.770662293221093, 10.731857747691478, 9.41066846561252, 22.836429887425876, 8.692837845626707, 19.550409935352693, 23.96374461499211, 13.837175488013353, 0.0, 10.331791032638142, 15.30765756342063, 9.250172178261508, 7.997434672958202, 10.290703351527862], [1.413292601932576, 12.79359001821788, 9.347825098448743, 3.6538986976800722, 15.185027463544598, 16.143019744914657, 12.907874392874023, 22.418196301920506, 19.85939182135554, 10.331791032638142, 0.0, 5.143427544127593, 15.904790699387096, 12.682024768265435, 2.530719869592828, 24.49544092695673, 15.294989666107103, 24.83594126042185, 5.216610527190823, 23.449614492015055, 5.550534642724686, 3.8089555617519597, 5.550534642724686, 24.49544092695673, 23.449614492015055, 1.413292601932576, 12.79359001821788, 9.347825098448743, 3.6538986976800722, 15.185027463544598, 16.143019744914657, 12.907874392874023, 22.418196301920506, 19.85939182135554, 10.331791032638142, 0.0, 5.143427544127593, 15.904790699387096, 12.682024768265435, 2.530719869592828], [6.213259288858751, 8.238695833670644, 11.145726134206392, 8.07795650664921, 11.440462265060068, 20.012211944491202, 10.207864344372473, 21.79152607340581, 22.940791741084197, 15.30765756342063, 5.143427544127593, 0.0, 19.531990558654908, 16.076816366592666, 5.325425402559208, 24.633151817282823, 12.943251857112731, 25.803718319181602, 7.5700422242076195, 24.051339411686218, 0.9047472409522348, 7.522097071484161, 0.9047472409522348, 24.633151817282823, 24.051339411686218, 6.213259288858751, 8.238695833670644, 11.145726134206392, 8.07795650664921, 11.440462265060068, 20.012211944491202, 10.207864344372473, 21.79152607340581, 22.940791741084197, 15.30765756342063, 5.143427544127593, 0.0, 19.531990558654908, 16.076816366592666, 5.325425402559208], [14.499134073318961, 23.125117757629365, 9.449043623051214, 16.854181536015034, 22.457695381335682, 1.2758074486838726, 18.7782098029483, 17.841914609454072, 4.59268695014671, 9.250172178261508, 15.904790699387096, 19.531990558654908, 0.0, 3.502872395237964, 14.35563163643961, 16.849845307337223, 18.951086086326754, 14.536106435789742, 20.06330275749093, 14.691532327312983, 20.334152710613264, 18.004808095227915, 20.334152710613264, 16.849845307337223, 14.691532327312983, 14.499134073318961, 23.125117757629365, 9.449043623051214, 16.854181536015034, 22.457695381335682, 1.2758074486838726, 18.7782098029483, 17.841914609454072, 4.59268695014671, 9.250172178261508, 15.904790699387096, 19.531990558654908, 0.0, 3.502872395237964, 14.35563163643961], [11.299132270388084, 19.705088824653924, 6.057957409411445, 14.039703955208832, 19.255720904200047, 4.26926615284095, 15.592569430756159, 16.52455012080197, 7.198602982446715, 7.997434672958202, 12.682024768265435, 16.076816366592666, 3.502872395237964, 0.0, 10.968403644970278, 16.378345703178308, 16.038816893551928, 14.881305226226083, 17.140169187065716, 14.471259748919183, 16.89270746966742, 15.119038100480125, 16.89270746966742, 16.378345703178308, 14.471259748919183, 11.299132270388084, 19.705088824653924, 6.057957409411445, 14.039703955208832, 19.255720904200047, 4.26926615284095, 15.592569430756159, 16.52455012080197, 7.198602982446715, 7.997434672958202, 12.682024768265435, 16.076816366592666, 3.502872395237964, 0.0, 10.968403644970278], [2.054762076425233, 11.665001038105496, 6.952791786869914, 5.943521042112167, 13.476671940734775, 14.76053567016089, 10.846586558168438, 19.8932010702861, 18.0267498688561, 10.290703351527862, 2.530719869592828, 5.325425402559208, 14.35563163643961, 10.968403644970278, 0.0, 21.97757259544844, 13.072585682768134, 22.401242902974417, 7.737785501255033, 20.965963757809288, 6.048598071327825, 6.297274578026537, 6.048598071327825, 21.97757259544844, 20.965963757809288, 2.054762076425233, 11.665001038105496, 6.952791786869914, 5.943521042112167, 13.476671940734775, 14.76053567016089, 10.846586558168438, 19.8932010702861, 18.0267498688561, 10.290703351527862, 2.530719869592828, 5.325425402559208, 14.35563163643961, 10.968403644970278, 0.0]], "M": 99999999.0}