{"num_workers": 30, "num_roles": 5, "num_nodes": 80, "w": [[30, 30], [60, 60], [270, 270], [180, 180], [60, 60], [0, 0], [90, 90], [0, 0], [120, 120], [90, 90], [90, 90], [0, 0], [390, 390], [240, 240], [90, 90], [0, 0], [60, 60], [120, 120], [120, 120], [150, 150], [420, 420], [180, 180], [150, 150], [210, 210], [30, 30], [210, 210], [300, 300], [0, 0], [120, 120], [30, 30], [180, 390], [120, 390], [270, 390], [60, 450], [30, 300], [210, 270], [60, 300], [60, 180], [60, 210], [300, 420], [30, 390], [60, 450], [30, 360], [120, 330], [90, 360], [60, 360], [210, 300], [120, 300], [210, 360], [60, 270], [450, 450], [330, 330], [330, 330], [270, 270], [480, 480], [360, 360], [420, 420], [150, 150], [360, 360], [360, 360], [420, 420], [420, 420], [450, 450], [420, 420], [210, 210], [300, 300], [390, 390], [300, 300], [180, 180], [210, 210], [450, 450], [270, 270], [360, 360], [360, 360], [390, 390], [480, 480], [360, 360], [360, 360], [300, 300], [390, 390]], "p": [0, 0, 0, 0, 0, 0, 0, 0, 0, 0, 0, 0, 0, 0, 0, 0, 0, 0, 0, 0, 0, 0, 0, 0, 0, 0, 0, 0, 0, 0, 47.07329386295069, 15.46336303471783, 68.53730805417675, 67.49317926415, 24.044050611141355, 16.425207001931785, 52.50265153611631, 73.65501945729791, 32.027865640362165, 49.625908152723376, 23.68198556402836, 45.5368171752648, 38.364841387547564, 33.18533477045355, 56.538778227190996, 68.38203103794969, 48.932255558779026, 67.57441658055896, 61.48437020159716, 48.99650466054138, 0, 0, 0, 0, 0, 0, 0, 0, 0, 0, 0, 0, 0, 0, 0, 0, 0, 0, 0, 0, 0, 0, 0, 0, 0, 0, 0, 0, 0, 0], "e": [[1, 1, 0, 0, 0], [0, 1, 1, 0, 0], [1, 0, 0, 1, 0], [0, 0, 1, 0, 1], [1, 0, 1, 0, 0], [0, 0, 1, 0, 1], [0, 0, 0, 0, 1], [0, 0, 0, 1, 0], [0, 1, 0, 0, 0], [0, 0, 0, 1, 0], [0, 1, 0, 0, 0], [0, 1, 0, 0, 0], [0, 1, 0, 0, 0], [1, 0, 0, 0, 0], [1, 0, 0, 0, 0], [0, 1, 0, 0, 0], [0, 1, 0, 0, 0], [0, 0, 0, 0, 1], [0, 0, 1, 0, 0], [0, 1, 0, 0, 0], [1, 0, 0, 0, 0], [1, 0, 0, 0, 0], [0, 0, 0, 0, 1], [0, 0, 0, 1, 0], [0, 0, 0, 0, 1], [0, 0, 1, 0, 0], [1, 0, 0, 0, 0], [1, 0, 0, 0, 0], [0, 0, 0, 1, 0], [0, 0, 0, 1, 0]], "d": [[0, 0, 0, 0, 1, 0, 0, 0, 2, 0, 2, 1, 2, 1, 0, 0, 0, 0, 0, 2], [1, 1, 1, 1, 1, 1, 0, 1, 1, 1, 1, 1, 1, 1, 1, 1, 1, 1, 1, 1], [1, 1, 1, 1, 0, 1, 0, 1, 1, 1, 1, 0, 1, 0, 1, 1, 1, 1, 1, 1], [0, 0, 0, 0, 1, 0, 1, 0, 0, 0, 0, 1, 0, 1, 0, 0, 0, 0, 0, 0], [1, 1, 1, 1, 0, 1, 3, 1, 1, 1, 1, 0, 1, 0, 1, 1, 1, 1, 1, 1]], "r": [1850, 3807, 3757, 4682, 1985, 2232, 551, 4855, 2321, 1576, 441, 3132, 3595, 686, 3416, 1253, 4465, 1661, 3004, 440], "g": [[0, 0, 0, 0, 0, 0, 0, 0, 0, 0, 0, 0, 0, 0, 0, 0, 0, 0, 0, 0], [0, 0, 0, 0, 0, 0, 0, 0, 0, 0, 0, 0, 0, 0, 0, 0, 0, 0, 0, 0], [0, 0, 0, 0, 0, 0, 0, 0, 0, 0, 0, 0, 0, 0, 0, 0, 0, 0, 0, 0], [0, 0, 0, 0, 0, 0, 0, 0, 0, 0, 0, 0, 0, 0, 0, 0, 0, 0, 0, 0], [0, 0, 0, 0, 0, 0, 0, 0, 0, 0, 0, 0, 0, 0, 0, 0, 0, 0, 0, 0], [0, 0, 0, 0, 0, 0, 0, 0, 0, 0, 0, 0, 0, 0, 0, 0, 0, 0, 0, 0], [0, 0, 0, 0, 0, 0, 0, 0, 0, 0, 0, 0, 0, 0, 0, 0, 0, 0, 0, 0], [0, 0, 0, 0, 0, 0, 0, 0, 0, 0, 0, 0, 0, 0, 0, 0, 0, 0, 0, 0], [0, 0, 0, 0, 0, 0, 0, 0, 0, 0, 0, 0, 0, 0, 0, 0, 0, 0, 0, 0], [0, 0, 0, 0, 0, 0, 0, 0, 0, 0, 0, 0, 0, 0, 0, 0, 0, 0, 0, 0], [0, 0, 0, 0, 0, 0, 0, 0, 0, 0, 0, 0, 0, 0, 0, 0, 0, 0, 0, 0], [0, 0, 0, 0, 0, 0, 0, 0, 0, 0, 0, 0, 0, 0, 0, 0, 0, 0, 0, 0], [0, 0, 0, 0, 0, 0, 0, 0, 0, 0, 0, 0, 0, 0, 0, 0, 0, 0, 0, 0], [0, 0, 0, 0, 0, 0, 0, 0, 0, 0, 0, 0, 0, 0, 0, 0, 0, 0, 0, 0], [0, 0, 0, 0, 0, 0, 0, 0, 0, 0, 0, 0, 0, 0, 0, 0, 0, 0, 0, 0], [0, 0, 0, 0, 0, 0, 0, 0, 0, 0, 0, 0, 0, 0, 0, 0, 0, 0, 0, 0], [0, 0, 0, 0, 0, 0, 0, 0, 0, 0, 0, 0, 0, 0, 0, 0, 0, 0, 0, 0], [0, 0, 0, 0, 0, 0, 0, 0, 0, 0, 0, 0, 0, 0, 0, 0, 0, 0, 0, 0], [0, 0, 0, 0, 0, 0, 0, 0, 0, 0, 0, 0, 0, 0, 0, 0, 0, 0, 0, 0], [0, 0, 0, 0, 0, 0, 0, 0, 0, 0, 0, 0, 0, 0, 0, 0, 0, 0, 0, 0]], "t": [[0.0, 52.262673411739385, 15.265948789807783, 9.612441259811565, 44.940145968841094, 9.707508600330574, 16.10677171917288, 36.60300255783629, 3.099504704342157, 18.125619896991, 20.951322867250678, 29.460533582273094, 9.257031044318708, 43.71068289070213, 28.816424673199567, 28.36878797356593, 27.279347181835465, 45.754771150381885, 32.35595766617472, 5.672783256797788, 25.528109383648044, 34.02059893151504, 37.992493544869, 48.347816218981755, 31.368779521020375, 26.22013014957312, 21.103629333249845, 23.776348300186566, 46.250172292684006, 19.91868011146862, 10.741354099828278, 18.789185991440206, 21.26871777418006, 32.09749884172707, 44.485445315234976, 36.89444907773935, 2.9723576803233605, 11.917517885380825, 20.074110948554413, 15.863029957749946, 7.251353988084507, 19.722608875040773, 12.105485166334647, 47.01474672466573, 43.55598910536813, 19.468014460897535, 16.5642356086674, 22.19074636832984, 38.87038615044429, 15.095073532349852, 0.0, 52.262673411739385, 15.265948789807783, 9.612441259811565, 44.940145968841094, 9.707508600330574, 16.10677171917288, 36.60300255783629, 3.099504704342157, 18.125619896991, 20.951322867250678, 29.460533582273094, 9.257031044318708, 43.71068289070213, 28.816424673199567, 28.36878797356593, 27.279347181835465, 45.754771150381885, 32.35595766617472, 5.672783256797788, 25.528109383648044, 34.02059893151504, 37.992493544869, 48.347816218981755, 31.368779521020375, 26.22013014957312, 21.103629333249845, 23.776348300186566, 46.250172292684006, 19.91868011146862], [52.262673411739385, 0.0, 37.35655600045548, 52.992216700521695, 24.764349269506877, 50.3372889628399, 48.40141697157642, 31.17122280770204, 52.77433021125273, 57.140071474226794, 31.35511214905961, 25.17401633371341, 55.72891576056181, 40.72499678850669, 28.282093798313053, 25.120115601113984, 39.15650882696146, 28.987898526859237, 22.579360506860297, 47.79429594196741, 60.0, 18.942189354179316, 15.431259931110958, 8.959482178578574, 20.944674098877286, 29.887232231004084, 55.98995015516144, 41.37034219100137, 21.656585390942606, 41.72819823574088, 45.77351414232006, 38.065654615607485, 48.56452695863547, 40.53162954441057, 26.233553917725377, 16.560431997254927, 52.845991389842965, 56.91878387414058, 36.81962845506602, 42.66079121268201, 51.53663627217192, 32.82608248687241, 40.27881241818361, 35.72949779829083, 14.687980329097472, 39.40817256841132, 45.304565352763184, 41.46302367903639, 48.31527908667808, 38.2669910076761, 52.262673411739385, 0.0, 37.35655600045548, 52.992216700521695, 24.764349269506877, 50.3372889628399, 48.40141697157642, 31.17122280770204, 52.77433021125273, 57.140071474226794, 31.35511214905961, 25.17401633371341, 55.72891576056181, 40.72499678850669, 28.282093798313053, 25.120115601113984, 39.15650882696146, 28.987898526859237, 22.579360506860297, 47.79429594196741, 60.0, 18.942189354179316, 15.431259931110958, 8.959482178578574, 20.944674098877286, 29.887232231004084, 55.98995015516144, 41.37034219100137, 21.656585390942606, 41.72819823574088], [15.265948789807783, 37.35655600045548, 0.0, 16.353989718698088, 30.75474718843851, 17.182826445609773, 14.952302433913543, 23.731123985775373, 16.50539284435606, 22.806986225001097, 7.047872413658562, 17.129716144789004, 18.77351635090597, 33.20383991930924, 18.281856290914725, 13.108373567409084, 17.55504299948986, 32.268866333545226, 17.174294901455763, 10.439586933650103, 28.379153984432783, 18.808300284711382, 22.760350271266642, 33.087709130562644, 16.42204864382447, 15.870021799863348, 23.428834508399177, 15.52865449843576, 31.646727257295815, 12.197128744710955, 9.388822150408076, 13.20246903786072, 18.396838277552526, 22.720221686961025, 30.537807893724988, 22.94345173577946, 16.53078077261446, 20.417410847906382, 13.581953084034776, 9.364793508297089, 14.46001835997848, 4.5357276569421705, 5.230694869683026, 34.877201365791485, 28.339927534882246, 9.747003978571673, 17.62473492086395, 19.681734998299962, 31.700555376399702, 7.646153770643505, 15.265948789807783, 37.35655600045548, 0.0, 16.353989718698088, 30.75474718843851, 17.182826445609773, 14.952302433913543, 23.731123985775373, 16.50539284435606, 22.806986225001097, 7.047872413658562, 17.129716144789004, 18.77351635090597, 33.20383991930924, 18.281856290914725, 13.108373567409084, 17.55504299948986, 32.268866333545226, 17.174294901455763, 10.439586933650103, 28.379153984432783, 18.808300284711382, 22.760350271266642, 33.087709130562644, 16.42204864382447, 15.870021799863348, 23.428834508399177, 15.52865449843576, 31.646727257295815, 12.197128744710955], [9.612441259811565, 52.992216700521695, 16.353989718698088, 0.0, 41.124873927098356, 19.092474044268634, 8.013951826249825, 31.79365537154962, 12.69476410105076, 8.668862665733283, 23.350703964901093, 33.232117428323406, 3.0123026981077707, 36.85298817872234, 33.70326411421853, 27.922177544843343, 21.144908372622496, 41.086479191046934, 31.14730120271766, 7.681469981866122, 15.987869656679377, 34.069425300802116, 37.79605149735072, 47.61444811059555, 32.33159419649241, 31.118780238850192, 11.491292948968281, 17.35472566884355, 43.025515995336654, 14.128684840371562, 7.2272887966993, 25.312796627250535, 12.75817217848145, 25.26282735197979, 40.3830129023497, 39.2694287536993, 12.557838365448607, 4.064241908157779, 26.362644248215, 11.107901758867289, 2.688159365646265, 20.60581542202992, 16.255277274540173, 41.11318046621771, 42.08241039847846, 15.036288511750339, 25.096818005338456, 30.085965446750883, 30.6296200482007, 20.219377815164254, 9.612441259811565, 52.992216700521695, 16.353989718698088, 0.0, 41.124873927098356, 19.092474044268634, 8.013951826249825, 31.79365537154962, 12.69476410105076, 8.668862665733283, 23.350703964901093, 33.232117428323406, 3.0123026981077707, 36.85298817872234, 33.70326411421853, 27.922177544843343, 21.144908372622496, 41.086479191046934, 31.14730120271766, 7.681469981866122, 15.987869656679377, 34.069425300802116, 37.79605149735072, 47.61444811059555, 32.33159419649241, 31.118780238850192, 11.491292948968281, 17.35472566884355, 43.025515995336654, 14.128684840371562], [44.940145968841094, 24.764349269506877, 30.75474718843851, 41.124873927098356, 0.0, 47.83755127460638, 33.994803644180614, 9.934321231709836, 46.83268913241887, 41.675033317597524, 29.094591364391132, 31.287246707104337, 44.1361469817484, 16.183618405622205, 35.31616713582565, 19.54823518199195, 21.04397336762917, 4.288531903903513, 15.39874694236057, 39.327650713101356, 41.86943551897851, 18.122732385138892, 16.390925163764464, 15.80516359065863, 21.76382826359922, 35.032277086458, 39.18566685635681, 24.599230166729072, 3.3116254310031197, 27.088596362442342, 35.01733562871128, 39.70574951181484, 31.727519807153655, 19.649974961912427, 1.5232114370804288, 26.620729398541457, 46.82786710259019, 44.2095212249109, 39.09526473885757, 30.153876794564642, 40.88017788556739, 27.359211914727243, 35.76423083854634, 11.01507061968112, 10.881002465906274, 26.188998259596744, 46.478846450561825, 45.7266902352532, 25.004692414371004, 36.34105121090104, 44.940145968841094, 24.764349269506877, 30.75474718843851, 41.124873927098356, 0.0, 47.83755127460638, 33.994803644180614, 9.934321231709836, 46.83268913241887, 41.675033317597524, 29.094591364391132, 31.287246707104337, 44.1361469817484, 16.183618405622205, 35.31616713582565, 19.54823518199195, 21.04397336762917, 4.288531903903513, 15.39874694236057, 39.327650713101356, 41.86943551897851, 18.122732385138892, 16.390925163764464, 15.80516359065863, 21.76382826359922, 35.032277086458, 39.18566685635681, 24.599230166729072, 3.3116254310031197, 27.088596362442342], [9.707508600330574, 50.3372889628399, 17.182826445609773, 19.092474044268634, 47.83755127460638, 0.0, 24.402226219604273, 40.83479547914282, 7.007292575480378, 27.72710410034021, 19.921818881382897, 25.61666019485895, 18.964240681916376, 49.609301864056214, 23.733958946912544, 29.146580386347757, 33.25695434973606, 49.451394872984785, 33.48375247470695, 12.764239301038732, 35.08034110618992, 33.756480307078476, 37.686850027085356, 48.051661672532845, 30.400888100611407, 21.389671860940748, 30.491198635607223, 30.255355202598665, 48.517225221306994, 26.327902127489732, 17.82853455540728, 12.902219902970543, 29.49153307018935, 38.393729562403756, 47.68041377606791, 33.99020635240857, 7.169150890393738, 21.62490211077396, 14.289246822203658, 22.225634463046802, 16.51931920096402, 20.57631997787713, 12.073910177033572, 51.87696345120996, 44.21449368909824, 24.961048535352724, 7.782685627840783, 13.865806933342233, 46.27503043527308, 12.346959899820131, 9.707508600330574, 50.3372889628399, 17.182826445609773, 19.092474044268634, 47.83755127460638, 0.0, 24.402226219604273, 40.83479547914282, 7.007292575480378, 27.72710410034021, 19.921818881382897, 25.61666019485895, 18.964240681916376, 49.609301864056214, 23.733958946912544, 29.146580386347757, 33.25695434973606, 49.451394872984785, 33.48375247470695, 12.764239301038732, 35.08034110618992, 33.756480307078476, 37.686850027085356, 48.051661672532845, 30.400888100611407, 21.389671860940748, 30.491198635607223, 30.255355202598665, 48.517225221306994, 26.327902127489732], [16.10677171917288, 48.40141697157642, 14.952302433913543, 8.013951826249825, 33.994803644180614, 24.402226219604273, 0.0, 24.361792925912596, 19.11970766716375, 8.75049234093856, 21.680729965202477, 31.80273636391681, 10.80164204190452, 28.841931338111646, 33.22612502263132, 23.46460912062999, 13.39322299682237, 33.583749038643276, 25.911010169649185, 11.637996207196958, 13.430908514332346, 29.59487901087347, 32.97363749639971, 42.13510593416284, 28.654896786624033, 30.82142407016731, 8.515117466790192, 9.604652623948038, 36.16062411295837, 7.067960479883274, 6.9562567608695645, 26.976475474581296, 5.169274581295209, 17.274163530737894, 33.12936628319234, 36.35037197149073, 19.015520686447307, 10.30864286939857, 27.712424922879507, 6.078102780876425, 9.18343051172101, 18.09012517862228, 17.36886484204163, 33.22421980201324, 36.25495397066333, 9.007020881911352, 28.841128717232742, 32.79402163652788, 22.88383377064539, 21.295929410764636, 16.10677171917288, 48.40141697157642, 14.952302433913543, 8.013951826249825, 33.994803644180614, 24.402226219604273, 0.0, 24.361792925912596, 19.11970766716375, 8.75049234093856, 21.680729965202477, 31.80273636391681, 10.80164204190452, 28.841931338111646, 33.22612502263132, 23.46460912062999, 13.39322299682237, 33.583749038643276, 25.911010169649185, 11.637996207196958, 13.430908514332346, 29.59487901087347, 32.97363749639971, 42.13510593416284, 28.654896786624033, 30.82142407016731, 8.515117466790192, 9.604652623948038, 36.16062411295837, 7.067960479883274], [36.60300255783629, 31.17122280770204, 23.731123985775373, 31.79365537154962, 9.934321231709836, 40.83479547914282, 24.361792925912596, 0.0, 38.809914668532365, 31.801665085993793, 24.13973079570949, 29.4210412712046, 34.785703782805655, 11.69896788072101, 33.11408929902113, 15.884828433838456, 11.170431607292972, 9.299948002599647, 13.243578885318513, 30.930252483171113, 31.977972039227545, 17.831378853083038, 18.307257744024326, 22.69823811905411, 20.3998549369787, 32.11204848081621, 29.254872281446584, 14.825426622421437, 12.671673935092194, 17.665000107467062, 26.19663392083041, 34.80468687495913, 21.82529400755636, 9.98908048362546, 8.868845062232932, 27.503039489899088, 38.78299366061909, 34.65280481345888, 34.50469794732911, 21.125581240220075, 31.828117912026986, 21.353024667287837, 28.955427221077453, 11.247405178192134, 16.530509046333602, 17.24482842994236, 40.825479839389565, 41.27089723510897, 17.18521060356038, 30.44213659829067, 36.60300255783629, 31.17122280770204, 23.731123985775373, 31.79365537154962, 9.934321231709836, 40.83479547914282, 24.361792925912596, 0.0, 38.809914668532365, 31.801665085993793, 24.13973079570949, 29.4210412712046, 34.785703782805655, 11.69896788072101, 33.11408929902113, 15.884828433838456, 11.170431607292972, 9.299948002599647, 13.243578885318513, 30.930252483171113, 31.977972039227545, 17.831378853083038, 18.307257744024326, 22.69823811905411, 20.3998549369787, 32.11204848081621, 29.254872281446584, 14.825426622421437, 12.671673935092194, 17.665000107467062], [3.099504704342157, 52.77433021125273, 16.50539284435606, 12.69476410105076, 46.83268913241887, 7.007292575480378, 19.11970766716375, 38.809914668532365, 0.0, 21.145865922194133, 21.44292465386811, 29.20207247299596, 12.133787058828753, 46.34261183228181, 28.137114489778774, 29.542613249633195, 29.86824394017602, 47.861236773908395, 33.674604257407864, 8.134604502326047, 28.562096167729162, 34.939417498121955, 38.92973853976427, 49.344422870965005, 32.04707369562222, 25.592676127141775, 24.18443755739761, 26.461009796954443, 47.97624993016051, 22.556590281394012, 13.418719534889236, 17.662519626313003, 24.288188709329248, 34.78230588586938, 46.45576436437589, 37.01217145592065, 0.16197675532001723, 14.786009513412866, 19.0144431721089, 18.441006100829572, 10.349679404081149, 20.769405309352305, 12.532642599006603, 49.415970923071214, 44.812846791681224, 21.866499259703968, 14.379305933826721, 20.260252978267513, 41.793337545566445, 14.828590689698412, 3.099504704342157, 52.77433021125273, 16.50539284435606, 12.69476410105076, 46.83268913241887, 7.007292575480378, 19.11970766716375, 38.809914668532365, 0.0, 21.145865922194133, 21.44292465386811, 29.20207247299596, 12.133787058828753, 46.34261183228181, 28.137114489778774, 29.542613249633195, 29.86824394017602, 47.861236773908395, 33.674604257407864, 8.134604502326047, 28.562096167729162, 34.939417498121955, 38.92973853976427, 49.344422870965005, 32.04707369562222, 25.592676127141775, 24.18443755739761, 26.461009796954443, 47.97624993016051, 22.556590281394012], [18.125619896991, 57.140071474226794, 22.806986225001097, 8.668862665733283, 41.675033317597524, 27.72710410034021, 8.75049234093856, 31.801665085993793, 21.145865922194133, 0.0, 29.788830353872832, 39.92165419303304, 9.218291498139434, 34.031249955689404, 40.950728974350525, 32.21154904796286, 20.636674611874852, 40.73929184033917, 34.619703445252526, 16.07292414582091, 7.425340521520208, 38.3453352116446, 41.70964463277195, 50.7431976783949, 37.347698943964815, 38.44139530512619, 3.882258730996603, 17.130010665905385, 44.08481326715278, 15.555390373634646, 13.584713272824471, 33.434722879046426, 10.007547744622777, 23.269217455358902, 40.6700976026306, 44.938033034433566, 20.999587863110854, 6.805805499338304, 34.38097306105718, 14.710334844456867, 11.329026651118092, 26.432853483348644, 24.00741982251644, 39.34274335067213, 44.778722082275955, 17.73237911180381, 33.719691179888166, 38.54963814127715, 25.967354480854038, 28.045688460904525, 18.125619896991, 57.140071474226794, 22.806986225001097, 8.668862665733283, 41.675033317597524, 27.72710410034021, 8.75049234093856, 31.801665085993793, 21.145865922194133, 0.0, 29.788830353872832, 39.92165419303304, 9.218291498139434, 34.031249955689404, 40.950728974350525, 32.21154904796286, 20.636674611874852, 40.73929184033917, 34.619703445252526, 16.07292414582091, 7.425340521520208, 38.3453352116446, 41.70964463277195, 50.7431976783949, 37.347698943964815, 38.44139530512619, 3.882258730996603, 17.130010665905385, 44.08481326715278, 15.555390373634646], [20.951322867250678, 31.35511214905961, 7.047872413658562, 23.350703964901093, 29.094591364391132, 19.921818881382897, 21.680729965202477, 24.13973079570949, 21.44292465386811, 29.788830353872832, 0.0, 10.142945979185333, 25.665866741686003, 34.992059797544094, 11.807800388048943, 9.61688840657966, 21.149881434622856, 31.46653528887687, 13.951912518856538, 16.918858423661913, 35.083273261514215, 13.84299615839708, 17.795398112358317, 28.201157585174176, 10.648333112044265, 9.689621630208702, 30.195825029879188, 20.198389987957462, 29.255230398189905, 17.65119953013428, 16.436422047666348, 10.741751463279051, 24.54198024707554, 25.942973317903196, 29.228563431605306, 16.14062170157344, 21.509580397623058, 27.414188163968454, 10.365972459876975, 15.767605194729013, 21.337683284914295, 3.9478964103414977, 8.924761816591412, 35.32031620583457, 24.325836655007954, 14.855244920144578, 17.397588296220604, 17.133391591294643, 35.46697431850903, 7.626793471221359, 20.951322867250678, 31.35511214905961, 7.047872413658562, 23.350703964901093, 29.094591364391132, 19.921818881382897, 21.680729965202477, 24.13973079570949, 21.44292465386811, 29.788830353872832, 0.0, 10.142945979185333, 25.665866741686003, 34.992059797544094, 11.807800388048943, 9.61688840657966, 21.149881434622856, 31.46653528887687, 13.951912518856538, 16.918858423661913, 35.083273261514215, 13.84299615839708, 17.795398112358317, 28.201157585174176, 10.648333112044265, 9.689621630208702, 30.195825029879188, 20.198389987957462, 29.255230398189905, 17.65119953013428], [29.460533582273094, 25.17401633371341, 17.129716144789004, 33.232117428323406, 31.287246707104337, 25.61666019485895, 31.80273636391681, 29.4210412712046, 29.20207247299596, 39.92165419303304, 10.142945979185333, 0.0, 35.36272103119109, 41.03965737826513, 4.06110302959375, 13.62977292515548, 29.573592169527164, 34.639182426209345, 16.504913085091253, 26.32348541717123, 45.1790789772222, 13.198867377427016, 15.922413269107503, 24.89715758868283, 9.540067880000514, 4.770770891979128, 40.31621340981094, 29.381602620086525, 30.3503602070924, 27.340950820983757, 26.49420932272342, 12.962867101597315, 34.43393176053804, 33.80625509243739, 31.89988970055089, 8.61381704256939, 29.304504039593084, 37.277125654640834, 11.67511942631396, 25.83745094871642, 31.05595079854444, 13.78318560459061, 17.57907162533345, 39.819583404832514, 23.227898310067918, 24.501329571119637, 20.133672163019998, 16.598837481011362, 43.44746518034342, 14.408799005323953, 29.460533582273094, 25.17401633371341, 17.129716144789004, 33.232117428323406, 31.287246707104337, 25.61666019485895, 31.80273636391681, 29.4210412712046, 29.20207247299596, 39.92165419303304, 10.142945979185333, 0.0, 35.36272103119109, 41.03965737826513, 4.06110302959375, 13.62977292515548, 29.573592169527164, 34.639182426209345, 16.504913085091253, 26.32348541717123, 45.1790789772222, 13.198867377427016, 15.922413269107503, 24.89715758868283, 9.540067880000514, 4.770770891979128, 40.31621340981094, 29.381602620086525, 30.3503602070924, 27.340950820983757], [9.257031044318708, 55.72891576056181, 18.77351635090597, 3.0123026981077707, 44.1361469817484, 18.964240681916376, 10.80164204190452, 34.785703782805655, 12.133787058828753, 9.218291498139434, 25.665866741686003, 35.36272103119109, 0.0, 39.610058788510344, 35.56946479331852, 30.717378551650807, 24.07405018500607, 44.074559152583035, 34.034979258026056, 9.174582539963371, 16.622188524685654, 36.83738226361061, 40.60586087470363, 50.50002019255501, 34.969558099194884, 32.96270839575483, 12.665302228620078, 20.277441966165096, 46.03585063524952, 17.123162665390264, 9.988195866856946, 26.626582551696426, 15.253317828188703, 28.073450530192225, 43.39031572810537, 41.71351926027192, 11.9802003250716, 2.660890830653846, 27.76369675821214, 14.106569424312918, 4.328259041318626, 23.146861520862767, 18.031171901911275, 44.003437316019934, 45.017907755602586, 18.043277631951455, 25.588716989136156, 30.920177539703715, 33.02980714236596, 21.86047729298052, 9.257031044318708, 55.72891576056181, 18.77351635090597, 3.0123026981077707, 44.1361469817484, 18.964240681916376, 10.80164204190452, 34.785703782805655, 12.133787058828753, 9.218291498139434, 25.665866741686003, 35.36272103119109, 0.0, 39.610058788510344, 35.56946479331852, 30.717378551650807, 24.07405018500607, 44.074559152583035, 34.034979258026056, 9.174582539963371, 16.622188524685654, 36.83738226361061, 40.60586087470363, 50.50002019255501, 34.969558099194884, 32.96270839575483, 12.665302228620078, 20.277441966165096, 46.03585063524952, 17.123162665390264], [43.71068289070213, 40.72499678850669, 33.20383991930924, 36.85298817872234, 16.183618405622205, 49.609301864056214, 28.841931338111646, 11.69896788072101, 46.34261183228181, 34.031249955689404, 34.992059797544094, 41.03965737826513, 39.610058788510344, 0.0, 44.65270619521558, 27.43202940024745, 16.48319433947792, 12.352128071057628, 24.940229270298186, 38.20872345343964, 31.562402512756428, 29.463087442454523, 29.550802204264723, 31.812824142556785, 32.09830152621843, 43.50644826623494, 30.596018778614223, 19.944595289563782, 19.476993001255263, 23.797588307550473, 32.972724922131235, 45.379146107402825, 24.590923679519413, 11.660449558438163, 14.6635872361599, 39.1000370719928, 46.28270096395645, 38.711333206831675, 45.2464591084259, 27.901646101886346, 37.684392392058626, 31.756245605619004, 38.35263903770552, 6.76197200844531, 26.234335490301383, 24.68707439055408, 50.79260856375335, 51.95632957341822, 10.361225586621204, 40.51926510059016, 43.71068289070213, 40.72499678850669, 33.20383991930924, 36.85298817872234, 16.183618405622205, 49.609301864056214, 28.841931338111646, 11.69896788072101, 46.34261183228181, 34.031249955689404, 34.992059797544094, 41.03965737826513, 39.610058788510344, 0.0, 44.65270619521558, 27.43202940024745, 16.48319433947792, 12.352128071057628, 24.940229270298186, 38.20872345343964, 31.562402512756428, 29.463087442454523, 29.550802204264723, 31.812824142556785, 32.09830152621843, 43.50644826623494, 30.596018778614223, 19.944595289563782, 19.476993001255263, 23.797588307550473], [28.816424673199567, 28.282093798313053, 18.281856290914725, 33.70326411421853, 35.31616713582565, 23.733958946912544, 33.22612502263132, 33.11408929902113, 28.137114489778774, 40.950728974350525, 11.807800388048943, 4.06110302959375, 35.56946479331852, 44.65270619521558, 0.0, 17.235143195798916, 32.43147100521045, 38.616376817009204, 20.395758250248587, 26.401910675141174, 46.6565973105241, 17.25028358228979, 19.959226367143675, 28.694834677054068, 13.553442947113123, 2.616003028122686, 41.71068631965794, 31.8643642197851, 34.40976858984871, 29.454496342402177, 27.373235552691302, 10.83243686076576, 36.32715695003081, 36.900837361992686, 35.90400772458103, 11.923953858903946, 28.25568278447164, 37.677029526620046, 9.44477624974349, 27.458499917785247, 31.34706116347729, 15.731889591768399, 17.53837031297526, 43.67949293191843, 27.256055230842463, 26.64841113531775, 17.459494158940924, 13.18096150942894, 46.5385587419551, 13.834703295687204, 28.816424673199567, 28.282093798313053, 18.281856290914725, 33.70326411421853, 35.31616713582565, 23.733958946912544, 33.22612502263132, 33.11408929902113, 28.137114489778774, 40.950728974350525, 11.807800388048943, 4.06110302959375, 35.56946479331852, 44.65270619521558, 0.0, 17.235143195798916, 32.43147100521045, 38.616376817009204, 20.395758250248587, 26.401910675141174, 46.6565973105241, 17.25028358228979, 19.959226367143675, 28.694834677054068, 13.553442947113123, 2.616003028122686, 41.71068631965794, 31.8643642197851, 34.40976858984871, 29.454496342402177], [28.36878797356593, 25.120115601113984, 13.108373567409084, 27.922177544843343, 19.54823518199195, 29.146580386347757, 23.46460912062999, 15.884828433838456, 29.542613249633195, 32.21154904796286, 9.61688840657966, 13.62977292515548, 30.717378551650807, 27.43202940024745, 17.235143195798916, 0.0, 17.000629824605422, 22.173183520727676, 4.359330032595732, 23.32648933241454, 35.81421098616661, 6.181425392839226, 9.892643676306818, 20.037165121848293, 5.776829686615501, 16.273806945148966, 31.433600241726147, 17.85942151789402, 19.639788535167867, 17.179368793126642, 20.73133322672807, 20.157517137458797, 24.3684595453379, 20.62472043056969, 19.77465486317211, 13.933080356106505, 29.577486409303287, 31.814713784918798, 19.567214986061632, 17.58952807333048, 26.610066770595328, 8.78975340765497, 17.340552765661975, 26.64677834971409, 15.276372732228628, 14.59955559388748, 27.006817647711628, 26.24848843560737, 30.182768396145992, 17.103931413932834, 28.36878797356593, 25.120115601113984, 13.108373567409084, 27.922177544843343, 19.54823518199195, 29.146580386347757, 23.46460912062999, 15.884828433838456, 29.542613249633195, 32.21154904796286, 9.61688840657966, 13.62977292515548, 30.717378551650807, 27.43202940024745, 17.235143195798916, 0.0, 17.000629824605422, 22.173183520727676, 4.359330032595732, 23.32648933241454, 35.81421098616661, 6.181425392839226, 9.892643676306818, 20.037165121848293, 5.776829686615501, 16.273806945148966, 31.433600241726147, 17.85942151789402, 19.639788535167867, 17.179368793126642], [27.279347181835465, 39.15650882696146, 17.55504299948986, 21.144908372622496, 21.04397336762917, 33.25695434973606, 13.39322299682237, 11.170431607292972, 29.86824394017602, 20.636674611874852, 21.149881434622856, 29.573592169527164, 24.07405018500607, 16.48319433947792, 32.43147100521045, 17.000629824605422, 0.0, 20.253184662142235, 17.229972891315015, 21.737577669316327, 21.370104691080705, 21.96205720601687, 24.255363620919695, 31.61220409125346, 22.759928580233236, 30.664459413523204, 18.21661262488555, 3.7984590280889168, 23.54182417539686, 7.375957315027865, 16.54025988943698, 30.51643820115282, 10.68953609526594, 5.196995813553612, 20.036064341900044, 30.89141256472473, 29.810658905492982, 23.69534353134819, 30.660633597335345, 11.43123112276888, 21.58167563688518, 17.34803722219567, 22.45663117397941, 20.01069547790924, 25.382740814736632, 8.30275866036843, 35.09867600034076, 37.09694310737901, 14.350243783199355, 25.16771376964996, 27.279347181835465, 39.15650882696146, 17.55504299948986, 21.144908372622496, 21.04397336762917, 33.25695434973606, 13.39322299682237, 11.170431607292972, 29.86824394017602, 20.636674611874852, 21.149881434622856, 29.573592169527164, 24.07405018500607, 16.48319433947792, 32.43147100521045, 17.000629824605422, 0.0, 20.253184662142235, 17.229972891315015, 21.737577669316327, 21.370104691080705, 21.96205720601687, 24.255363620919695, 31.61220409125346, 22.759928580233236, 30.664459413523204, 18.21661262488555, 3.7984590280889168, 23.54182417539686, 7.375957315027865], [45.754771150381885, 28.987898526859237, 32.268866333545226, 41.086479191046934, 4.288531903903513, 49.451394872984785, 33.583749038643276, 9.299948002599647, 47.861236773908395, 40.73929184033917, 31.46653528887687, 34.639182426209345, 44.074559152583035, 12.352128071057628, 38.616376817009204, 22.173183520727676, 20.253184662142235, 0.0, 18.319778392548123, 40.08812787026492, 40.19639093445728, 21.63681616394975, 20.313355846344123, 20.03134656362213, 25.10585867180759, 38.13153430924559, 37.953750822637296, 23.996530136676704, 7.351340954205286, 26.959241827798774, 35.45192532566033, 42.19167589016067, 30.73198704358415, 17.85476195271179, 3.004539439537321, 30.516752402920638, 47.84220179785931, 43.88935409669446, 41.68965760934048, 30.407379173563754, 41.12230262407098, 29.29699684206887, 37.42020051487191, 6.745870690009443, 15.152773939341417, 26.50282894632018, 48.706807460174694, 48.405888389095736, 21.81665423501557, 38.41083494090836, 45.754771150381885, 28.987898526859237, 32.268866333545226, 41.086479191046934, 4.288531903903513, 49.451394872984785, 33.583749038643276, 9.299948002599647, 47.861236773908395, 40.73929184033917, 31.46653528887687, 34.639182426209345, 44.074559152583035, 12.352128071057628, 38.616376817009204, 22.173183520727676, 20.253184662142235, 0.0, 18.319778392548123, 40.08812787026492, 40.19639093445728, 21.63681616394975, 20.313355846344123, 20.03134656362213, 25.10585867180759, 38.13153430924559, 37.953750822637296, 23.996530136676704, 7.351340954205286, 26.959241827798774], [32.35595766617472, 22.579360506860297, 17.174294901455763, 31.14730120271766, 15.39874694236057, 33.48375247470695, 25.911010169649185, 13.243578885318513, 33.674604257407864, 34.619703445252526, 13.951912518856538, 16.504913085091253, 34.034979258026056, 24.940229270298186, 20.395758250248587, 4.359330032595732, 17.229972891315015, 18.319778392548123, 0.0, 27.14395419703098, 37.48758120014844, 4.892780573816756, 7.202576180077218, 16.467339717839984, 7.185157892327429, 19.8130406563759, 33.41223226397993, 18.955074655117112, 15.311971569494355, 19.15304166551507, 24.081817454359822, 24.380754434138403, 26.021853457079835, 19.89039156845034, 15.754370667775913, 14.474622824346836, 33.70242840382152, 34.91019711209636, 23.7220997280893, 20.36336860601587, 30.068201631024575, 13.022009737434503, 21.615221720730656, 23.31548369498783, 11.208046342934534, 16.90429362673081, 31.31854913118967, 30.329885350348878, 29.07997700272624, 21.462923190344554, 32.35595766617472, 22.579360506860297, 17.174294901455763, 31.14730120271766, 15.39874694236057, 33.48375247470695, 25.911010169649185, 13.243578885318513, 33.674604257407864, 34.619703445252526, 13.951912518856538, 16.504913085091253, 34.034979258026056, 24.940229270298186, 20.395758250248587, 4.359330032595732, 17.229972891315015, 18.319778392548123, 0.0, 27.14395419703098, 37.48758120014844, 4.892780573816756, 7.202576180077218, 16.467339717839984, 7.185157892327429, 19.8130406563759, 33.41223226397993, 18.955074655117112, 15.311971569494355, 19.15304166551507], [5.672783256797788, 47.79429594196741, 10.439586933650103, 7.681469981866122, 39.327650713101356, 12.764239301038732, 11.637996207196958, 30.930252483171113, 8.134604502326047, 16.07292414582091, 16.918858423661913, 26.32348541717123, 9.174582539963371, 38.20872345343964, 26.401910675141174, 23.32648933241454, 21.737577669316327, 40.08812787026492, 27.14395419703098, 0.0, 23.085266956054546, 29.196435734668704, 33.11876286493152, 43.363641263262245, 26.854398568937746, 23.79286417998931, 18.246081610420447, 18.332871412421976, 40.710153784412995, 14.422741282908815, 5.321037036573049, 17.64162334141229, 16.7394908019558, 26.651272124780423, 38.84772461081651, 33.059411504954376, 8.074028803317086, 11.413028186704665, 18.71463373515781, 10.307761845790422, 5.078623999186625, 14.974415738833898, 8.865947817264994, 41.37383124560978, 38.348014117479565, 13.814638109470758, 17.75644734836742, 22.48151170404659, 33.85922131696547, 12.694511074959971, 5.672783256797788, 47.79429594196741, 10.439586933650103, 7.681469981866122, 39.327650713101356, 12.764239301038732, 11.637996207196958, 30.930252483171113, 8.134604502326047, 16.07292414582091, 16.918858423661913, 26.32348541717123, 9.174582539963371, 38.20872345343964, 26.401910675141174, 23.32648933241454, 21.737577669316327, 40.08812787026492, 27.14395419703098, 0.0, 23.085266956054546, 29.196435734668704, 33.11876286493152, 43.363641263262245, 26.854398568937746, 23.79286417998931, 18.246081610420447, 18.332871412421976, 40.710153784412995, 14.422741282908815], [25.528109383648044, 60.0, 28.379153984432783, 15.987869656679377, 41.86943551897851, 35.08034110618992, 13.430908514332346, 31.977972039227545, 28.562096167729162, 7.425340521520208, 35.083273261514215, 45.1790789772222, 16.622188524685654, 31.562402512756428, 46.6565973105241, 35.81421098616661, 21.370104691080705, 40.19639093445728, 37.48758120014844, 23.085266956054546, 0.0, 41.71526527981468, 44.69010545880523, 52.859507274483605, 41.3321786018445, 44.24418485449054, 4.99989977099497, 18.65791569824064, 44.6333429380836, 18.642251517423908, 19.769419448265253, 39.9882217561715, 11.482012754135248, 22.353216797521025, 40.67545285121108, 49.27120206668515, 28.416847241462676, 14.125588292556325, 40.831226114129564, 19.34394246489113, 18.591428889850445, 31.41539740659391, 30.406232358991296, 37.60206673216925, 46.67706443681317, 21.32853767766914, 40.835761496657355, 45.423154655364215, 22.181250202115514, 34.4189870029585, 25.528109383648044, 60.0, 28.379153984432783, 15.987869656679377, 41.86943551897851, 35.08034110618992, 13.430908514332346, 31.977972039227545, 28.562096167729162, 7.425340521520208, 35.083273261514215, 45.1790789772222, 16.622188524685654, 31.562402512756428, 46.6565973105241, 35.81421098616661, 21.370104691080705, 40.19639093445728, 37.48758120014844, 23.085266956054546, 0.0, 41.71526527981468, 44.69010545880523, 52.859507274483605, 41.3321786018445, 44.24418485449054, 4.99989977099497, 18.65791569824064, 44.6333429380836, 18.642251517423908], [34.02059893151504, 18.942189354179316, 18.808300284711382, 34.069425300802116, 18.122732385138892, 33.756480307078476, 29.59487901087347, 17.831378853083038, 34.939417498121955, 38.3453352116446, 13.84299615839708, 13.198867377427016, 36.83738226361061, 29.463087442454523, 17.25028358228979, 6.181425392839226, 21.96205720601687, 21.63681616394975, 4.892780573816756, 29.196435734668704, 41.71526527981468, 0.0, 3.9908487695563224, 14.416114163014123, 3.8408006311435785, 17.21996548932868, 37.44734420716965, 23.407101911752505, 17.178631600027234, 23.148843599674393, 26.8617853398786, 23.21932119112408, 30.23579646066562, 24.778426593169563, 18.81102606589796, 9.68146205474643, 34.98888775699872, 37.98078672885811, 22.327773938047343, 23.760388235936308, 32.6889850707418, 14.302394671739975, 22.4715576430766, 27.239951199429235, 10.722787664185097, 20.665547663666977, 30.486522189316148, 28.57172995746935, 33.96170255798824, 21.42367327672377, 34.02059893151504, 18.942189354179316, 18.808300284711382, 34.069425300802116, 18.122732385138892, 33.756480307078476, 29.59487901087347, 17.831378853083038, 34.939417498121955, 38.3453352116446, 13.84299615839708, 13.198867377427016, 36.83738226361061, 29.463087442454523, 17.25028358228979, 6.181425392839226, 21.96205720601687, 21.63681616394975, 4.892780573816756, 29.196435734668704, 41.71526527981468, 0.0, 3.9908487695563224, 14.416114163014123, 3.8408006311435785, 17.21996548932868, 37.44734420716965, 23.407101911752505, 17.178631600027234, 23.148843599674393], [37.992493544869, 15.431259931110958, 22.760350271266642, 37.79605149735072, 16.390925163764464, 37.686850027085356, 32.97363749639971, 18.307257744024326, 38.92973853976427, 41.70964463277195, 17.795398112358317, 15.922413269107503, 40.60586087470363, 29.550802204264723, 19.959226367143675, 9.892643676306818, 24.255363620919695, 20.313355846344123, 7.202576180077218, 33.11876286493152, 44.69010545880523, 3.9908487695563224, 0.0, 10.427665261950171, 7.404168878765843, 20.31204804938196, 40.59289681923344, 26.14222418743038, 14.815690898839108, 26.3113362245381, 30.618192433285618, 26.867470717058403, 33.22284286486274, 26.421597703375728, 17.344483651930783, 10.229945669213173, 38.97890261224937, 41.660963430936484, 25.904145647407777, 27.27517530111506, 36.50196223978083, 18.27005667575033, 26.461053607583942, 26.4500905549972, 7.311614931133012, 23.97738880685171, 34.19086416207891, 31.94229020836246, 35.163869609480585, 25.34311225444031, 37.992493544869, 15.431259931110958, 22.760350271266642, 37.79605149735072, 16.390925163764464, 37.686850027085356, 32.97363749639971, 18.307257744024326, 38.92973853976427, 41.70964463277195, 17.795398112358317, 15.922413269107503, 40.60586087470363, 29.550802204264723, 19.959226367143675, 9.892643676306818, 24.255363620919695, 20.313355846344123, 7.202576180077218, 33.11876286493152, 44.69010545880523, 3.9908487695563224, 0.0, 10.427665261950171, 7.404168878765843, 20.31204804938196, 40.59289681923344, 26.14222418743038, 14.815690898839108, 26.3113362245381], [48.347816218981755, 8.959482178578574, 33.087709130562644, 47.61444811059555, 15.80516359065863, 48.051661672532845, 42.13510593416284, 22.69823811905411, 49.344422870965005, 50.7431976783949, 28.201157585174176, 24.89715758868283, 50.50002019255501, 31.812824142556785, 28.694834677054068, 20.037165121848293, 31.61220409125346, 20.03134656362213, 16.467339717839984, 43.363641263262245, 52.859507274483605, 14.416114163014123, 10.427665261950171, 0.0, 17.65679987005607, 29.59571327021799, 49.17913883379706, 34.23823648615264, 12.711157619988935, 35.18781030416146, 40.537151939099864, 36.84867724855782, 41.60638263963859, 32.377199435252024, 17.277445884303205, 17.079080628211347, 49.39168806463152, 51.36208150062683, 35.787524037652865, 36.77384648304353, 46.50602574995528, 28.63621797478143, 36.88766507158745, 26.77494591078973, 6.268026013382384, 33.176507269356286, 44.21581356349735, 41.435136634272276, 39.69623675510823, 35.70525099576395, 48.347816218981755, 8.959482178578574, 33.087709130562644, 47.61444811059555, 15.80516359065863, 48.051661672532845, 42.13510593416284, 22.69823811905411, 49.344422870965005, 5