{"num_workers": 30, "num_roles": 5, "num_nodes": 80, "w": [[300, 300], [240, 240], [210, 210], [0, 0], [30, 30], [60, 60], [30, 30], [0, 0], [150, 150], [60, 60], [90, 90], [90, 90], [360, 360], [120, 120], [180, 180], [270, 270], [180, 180], [60, 60], [90, 90], [180, 180], [120, 120], [30, 30], [150, 150], [150, 150], [90, 90], [150, 150], [180, 180], [150, 150], [60, 60], [60, 60], [300, 420], [120, 330], [30, 360], [30, 420], [90, 210], [60, 390], [270, 360], [270, 360], [150, 180], [270, 330], [180, 240], [60, 390], [240, 360], [150, 240], [60, 420], [150, 180], [180, 390], [150, 420], [150, 300], [30, 300], [360, 360], [390, 390], [330, 330], [420, 420], [180, 180], [270, 270], [360, 360], [210, 210], [330, 330], [360, 360], [360, 360], [330, 330], [480, 480], [330, 330], [390, 390], [420, 420], [420, 420], [360, 360], [390, 390], [270, 270], [390, 390], [450, 450], [450, 450], [330, 330], [330, 330], [240, 240], [390, 390], [450, 450], [240, 240], [360, 360]], "p": [0, 0, 0, 0, 0, 0, 0, 0, 0, 0, 0, 0, 0, 0, 0, 0, 0, 0, 0, 0, 0, 0, 0, 0, 0, 0, 0, 0, 0, 0, 53.11429829151894, 58.03722036852738, 63.5013212038787, 42.48047469716276, 56.26252008140939, 29.84210838489998, 26.705552581026026, 61.98228416029158, 55.89898418002831, 64.26968605722601, 28.4982437881225, 21.461678564080273, 63.021193352653164, 59.03735483751181, 37.02030493184199, 50.36201010346296, 41.816468244519925, 30.121780860873734, 18.47010620814078, 74.79585467879326, 0, 0, 0, 0, 0, 0, 0, 0, 0, 0, 0, 0, 0, 0, 0, 0, 0, 0, 0, 0, 0, 0, 0, 0, 0, 0, 0, 0, 0, 0], "e": [[1, 1, 0, 0, 0], [1, 0, 0, 1, 0], [1, 0, 1, 0, 0], [1, 0, 1, 0, 0], [1, 1, 0, 0, 0], [1, 1, 0, 0, 0], [0, 0, 1, 0, 0], [1, 0, 0, 0, 0], [1, 0, 0, 0, 0], [0, 0, 0, 1, 0], [0, 0, 0, 0, 1], [0, 0, 1, 0, 0], [0, 0, 0, 1, 0], [0, 0, 0, 0, 1], [0, 0, 0, 0, 1], [0, 1, 0, 0, 0], [0, 0, 0, 0, 1], [0, 1, 0, 0, 0], [0, 0, 0, 1, 0], [0, 0, 0, 0, 1], [0, 1, 0, 0, 0], [0, 0, 0, 1, 0], [0, 0, 1, 0, 0], [1, 0, 0, 0, 0], [0, 1, 0, 0, 0], [0, 1, 0, 0, 0], [0, 0, 0, 1, 0], [0, 0, 0, 0, 1], [0, 1, 0, 0, 0], [0, 0, 1, 0, 0]], "d": [[1, 1, 0, 1, 0, 1, 2, 1, 1, 2, 1, 1, 1, 1, 1, 2, 1, 2, 1, 1], [0, 0, 1, 2, 1, 2, 0, 0, 2, 0, 2, 0, 0, 2, 0, 0, 2, 0, 2, 0], [2, 2, 0, 0, 0, 0, 1, 2, 0, 1, 0, 2, 2, 0, 2, 1, 0, 1, 0, 2], [1, 1, 3, 0, 3, 0, 1, 1, 0, 1, 0, 1, 1, 0, 1, 1, 0, 1, 0, 1], [1, 1, 1, 1, 1, 1, 0, 1, 1, 0, 1, 1, 1, 1, 1, 0, 1, 0, 1, 1]], "r": [2049, 4802, 4472, 4395, 175, 3131, 3810, 3896, 2670, 3856, 4129, 4461, 1289, 1939, 3036, 2862, 1910, 3403, 4075, 4798], "g": [[0, 0, 0, 0, 0, 0, 0, 0, 0, 0, 0, 0, 0, 0, 0, 0, 0, 0, 0, 0], [0, 0, 0, 0, 0, 0, 0, 0, 0, 0, 0, 0, 0, 0, 0, 0, 0, 0, 0, 0], [0, 0, 0, 0, 0, 0, 0, 0, 0, 0, 0, 0, 0, 0, 0, 0, 0, 0, 0, 0], [0, 0, 0, 0, 0, 0, 0, 0, 0, 0, 0, 0, 0, 0, 0, 0, 0, 0, 0, 0], [0, 0, 0, 0, 0, 0, 0, 0, 0, 0, 0, 0, 0, 0, 0, 0, 0, 0, 0, 0], [0, 0, 0, 0, 0, 0, 0, 0, 0, 0, 0, 0, 0, 0, 0, 0, 0, 0, 0, 0], [0, 0, 0, 0, 0, 0, 0, 0, 0, 0, 0, 0, 0, 0, 0, 0, 0, 0, 0, 0], [0, 0, 0, 0, 0, 0, 0, 0, 0, 0, 0, 0, 0, 0, 0, 0, 0, 0, 0, 0], [0, 0, 0, 0, 0, 0, 0, 0, 0, 0, 0, 0, 0, 0, 0, 0, 0, 0, 0, 0], [0, 0, 0, 0, 0, 0, 0, 0, 0, 0, 0, 0, 0, 0, 0, 0, 0, 0, 0, 0], [0, 0, 0, 0, 0, 0, 0, 0, 0, 0, 0, 0, 0, 0, 0, 0, 0, 0, 0, 0], [0, 0, 0, 0, 0, 0, 0, 0, 0, 0, 0, 0, 0, 0, 0, 0, 0, 0, 0, 0], [0, 0, 0, 0, 0, 0, 0, 0, 0, 0, 0, 0, 0, 0, 0, 0, 0, 0, 0, 0], [0, 0, 0, 0, 0, 0, 0, 0, 0, 0, 0, 0, 0, 0, 0, 0, 0, 0, 0, 0], [0, 0, 0, 0, 0, 0, 0, 0, 0, 0, 0, 0, 0, 0, 0, 0, 0, 0, 0, 0], [0, 0, 0, 0, 0, 0, 0, 0, 0, 0, 0, 0, 0, 0, 0, 0, 0, 0, 0, 0], [0, 0, 0, 0, 0, 0, 0, 0, 0, 0, 0, 0, 0, 0, 0, 0, 0, 0, 0, 0], [0, 0, 0, 0, 0, 0, 0, 0, 0, 0, 0, 0, 0, 0, 0, 0, 0, 0, 0, 0], [0, 0, 0, 0, 0, 0, 0, 0, 0, 0, 0, 0, 0, 0, 0, 0, 0, 0, 0, 0], [0, 0, 0, 0, 0, 0, 0, 0, 0, 0, 0, 0, 0, 0, 0, 0, 0, 0, 0, 0]], "t": [[0.0, 22.55598137058096, 25.19288324390354, 26.424162464115792, 4.776090286231681, 17.720397851978174, 21.723409771657785, 12.333218876948308, 19.088058827415182, 22.32443244448403, 4.899660911842693, 39.29728934638617, 21.323273685963432, 14.625215517833007, 33.582262975434425, 20.951389277891824, 10.8375420431989, 37.11205163723276, 31.227566629541272, 34.19860651345937, 16.15593026205852, 29.358024919004617, 32.76475335631561, 31.10492856059069, 15.186926283650548, 20.20071576121066, 16.843651959344577, 37.21718490325549, 30.355695619629632, 18.700645785550456, 33.80137149850765, 12.219678929663486, 31.296040933405017, 14.469609409440023, 27.145502929152343, 6.194991964043711, 18.169693300197913, 34.56506007947354, 19.183100362207124, 27.70617309650158, 33.70292128905064, 25.570594145613878, 15.992694427029278, 26.783189021236108, 29.05732765715444, 34.45307616551705, 13.326307555925933, 8.68910880766583, 12.559932834688288, 15.880343368803887, 0.0, 22.55598137058096, 25.19288324390354, 26.424162464115792, 4.776090286231681, 17.720397851978174, 21.723409771657785, 12.333218876948308, 19.088058827415182, 22.32443244448403, 4.899660911842693, 39.29728934638617, 21.323273685963432, 14.625215517833007, 33.582262975434425, 20.951389277891824, 10.8375420431989, 37.11205163723276, 31.227566629541272, 34.19860651345937, 16.15593026205852, 29.358024919004617, 32.76475335631561, 31.10492856059069, 15.186926283650548, 20.20071576121066, 16.843651959344577, 37.21718490325549, 30.355695619629632, 18.700645785550456], [22.55598137058096, 0.0, 35.467479578300406, 19.914597815601947, 18.28508309797391, 33.11323278938238, 24.40512382822131, 14.712752335876335, 16.849298292656865, 15.71465645534784, 26.534736474579837, 30.100428702172003, 21.824093820489576, 24.913526921457276, 11.163837245742712, 14.590820916090735, 30.11656708559815, 31.19934456595998, 14.13307130970196, 23.142799662773097, 34.15885618608795, 12.321882300968102, 15.25672630026056, 15.128811900179919, 24.957835114067734, 12.8629280539768, 21.938700960175098, 15.93086971128235, 30.490393876541788, 38.93089221226482, 26.29797038240375, 12.816391785004525, 8.907232397837909, 30.161811130437233, 14.072415001607514, 27.96857457574617, 29.457346154238632, 30.386900834756695, 11.433275788447773, 32.32757676818844, 22.829616086022263, 44.10985412714651, 32.614723960534874, 10.600887110844358, 29.887279410285984, 12.249746459759127, 9.268063117373558, 21.91109974965139, 18.94509034351719, 7.886300630182755, 22.55598137058096, 0.0, 35.467479578300406, 19.914597815601947, 18.28508309797391, 33.11323278938238, 24.40512382822131, 14.712752335876335, 16.849298292656865, 15.71465645534784, 26.534736474579837, 30.100428702172003, 21.824093820489576, 24.913526921457276, 11.163837245742712, 14.590820916090735, 30.11656708559815, 31.19934456595998, 14.13307130970196, 23.142799662773097, 34.15885618608795, 12.321882300968102, 15.25672630026056, 15.128811900179919, 24.957835114067734, 12.8629280539768, 21.938700960175098, 15.93086971128235, 30.490393876541788, 38.93089221226482], [25.19288324390354, 35.467479578300406, 0.0, 21.276476825450963, 27.857544578658736, 41.86314875782868, 12.18692146506803, 21.55981060561222, 19.171716423085968, 44.18852962050694, 28.188942896920352, 28.389612144198, 45.451978399207015, 11.64950520657519, 42.72879663609757, 22.266366487968444, 34.13634787589638, 23.558783055382474, 33.32843415538435, 27.94697622165792, 13.109589368208681, 32.526073291409915, 34.497796891177195, 32.06959641066242, 40.356599367237386, 41.23436796984832, 13.531015846479097, 51.02274046223862, 14.002439221344364, 17.960475008679186, 23.842409767348403, 23.81911800465464, 43.28984383386081, 38.93454675353367, 46.84103247749819, 21.878970362324644, 43.26487376429127, 20.419104981410097, 24.48064783058757, 7.965077089486251, 27.542828212476014, 16.098972901069633, 11.281088803590901, 44.69774042085104, 12.911010284170317, 46.64929814509947, 30.20419256614449, 33.79080982968872, 17.270998733036656, 28.106376914031785, 25.19288324390354, 35.467479578300406, 0.0, 21.276476825450963, 27.857544578658736, 41.86314875782868, 12.18692146506803, 21.55981060561222, 19.171716423085968, 44.18852962050694, 28.188942896920352, 28.389612144198, 45.451978399207015, 11.64950520657519, 42.72879663609757, 22.266366487968444, 34.13634787589638, 23.558783055382474, 33.32843415538435, 27.94697622165792, 13.109589368208681, 32.526073291409915, 34.497796891177195, 32.06959641066242, 40.356599367237386, 41.23436796984832, 13.531015846479097, 51.02274046223862, 14.002439221344364, 17.960475008679186], [26.424162464115792, 19.914597815601947, 21.276476825450963, 0.0, 25.267648750724018, 43.30708109111641, 9.447681305688443, 14.450482355713255, 7.337358702205741, 34.03899621383063, 31.283794988485326, 12.950613617517218, 38.43840649429843, 16.459128956447366, 23.222298846639664, 6.423879411718828, 37.190880121530355, 11.951476086111109, 12.372201698430569, 8.19797752644978, 27.393377538492498, 12.01069492405009, 13.378372475448149, 10.962819264911715, 37.63094684733723, 30.835890631489924, 11.771411033099731, 32.94802507695009, 11.223686708382273, 33.41875236719691, 7.642441796654408, 15.61381769618474, 25.178516275381575, 39.95354186242555, 33.84562445388512, 28.178527241664842, 41.893722436768414, 10.571003357616481, 9.761889043674465, 15.046329982031711, 7.697232460690035, 35.32766256888226, 25.06540336284907, 30.512344520343262, 11.033495542622635, 28.17348889754954, 20.55930869697577, 31.865528634511026, 14.219808207402451, 16.068525208687994, 26.424162464115792, 19.914597815601947, 21.276476825450963, 0.0, 25.267648750724018, 43.30708109111641, 9.447681305688443, 14.450482355713255, 7.337358702205741, 34.03899621383063, 31.283794988485326, 12.950613617517218, 38.43840649429843, 16.459128956447366, 23.222298846639664, 6.423879411718828, 37.190880121530355, 11.951476086111109, 12.372201698430569, 8.19797752644978, 27.393377538492498, 12.01069492405009, 13.378372475448149, 10.962819264911715, 37.63094684733723, 30.835890631489924, 11.771411033099731, 32.94802507695009, 11.223686708382273, 33.41875236719691], [4.776090286231681, 18.28508309797391, 27.857544578658736, 25.267648750724018, 0.0, 18.051894504640526, 22.290630411025383, 10.830529326271371, 18.068258682014662, 17.81973778666594, 8.25362847889557, 38.20920014788484, 17.674205815177388, 16.507219373510893, 29.422861504081286, 19.235042695796693, 12.672117369127594, 36.64440059856003, 28.255970203601905, 32.54503052624685, 20.31922724797891, 26.317337986040712, 29.767883894754466, 28.342459940881888, 13.165631560160461, 15.533552935361106, 17.47216725091776, 32.548706964702774, 30.917160878425534, 23.34492716807165, 32.86779567371984, 9.863251467398815, 26.85861863119661, 14.7017762235438, 22.418342937066623, 10.937828438404056, 16.992008652733418, 34.3712765324815, 16.839296366085712, 29.15946940150097, 32.06597910451096, 30.010589824417494, 19.812027371113818, 22.007847506633436, 29.708761043429618, 29.93923947936124, 9.028783097672806, 6.776089162697181, 12.707734855268932, 12.369702994877096, 4.776090286231681, 18.28508309797391, 27.857544578658736, 25.267648750724018, 0.0, 18.051894504640526, 22.290630411025383, 10.830529326271371, 18.068258682014662, 17.81973778666594, 8.25362847889557, 38.20920014788484, 17.674205815177388, 16.507219373510893, 29.422861504081286, 19.235042695796693, 12.672117369127594, 36.64440059856003, 28.255970203601905, 32.54503052624685, 20.31922724797891, 26.317337986040712, 29.767883894754466, 28.342459940881888, 13.165631560160461, 15.533552935361106, 17.47216725091776, 32.548706964702774, 30.917160878425534, 23.34492716807165], [17.720397851978174, 33.11323278938238, 41.86314875782868, 43.30708109111641, 18.051894504640526, 0.0, 39.42938510484817, 28.85727097943077, 36.06051395148828, 23.006293128214796, 13.742053603976588, 56.25439326951093, 16.955360527937476, 32.19456580699106, 43.811044712860856, 37.274575179038685, 7.778967873408006, 54.52360180301022, 45.41010560783483, 50.556875766959344, 30.32105403531383, 43.43049236123151, 46.856836662678056, 45.73180688513745, 8.812440490356341, 23.314910911267397, 34.541371765425154, 43.304278960101946, 48.07266260249355, 29.622185587842797, 50.8855846560857, 27.874461413166536, 40.063484261359136, 3.353928726284801, 29.404306951304502, 20.017396833098253, 5.634048707156764, 52.10720899891369, 34.73291867231705, 45.28256548897682, 50.08252328958653, 37.181646938225484, 31.20726903578422, 31.38699476927754, 46.77728144575095, 42.38954387163959, 25.130770242309264, 11.77300008152376, 30.095426977477832, 29.508346575440676, 17.720397851978174, 33.11323278938238, 41.86314875782868, 43.30708109111641, 18.051894504640526, 0.0, 39.42938510484817, 28.85727097943077, 36.06051395148828, 23.006293128214796, 13.742053603976588, 56.25439326951093, 16.955360527937476, 32.19456580699106, 43.811044712860856, 37.274575179038685, 7.778967873408006, 54.52360180301022, 45.41010560783483, 50.556875766959344, 30.32105403531383, 43.43049236123151, 46.856836662678056, 45.73180688513745, 8.812440490356341, 23.314910911267397, 34.541371765425154, 43.304278960101946, 48.07266260249355, 29.622185587842797], [21.723409771657785, 24.40512382822131, 12.18692146506803, 9.447681305688443, 22.290630411025383, 39.42938510484817, 0.0, 12.62472576143382, 7.560673177552322, 35.603555994451085, 26.161760036032078, 19.62188297238878, 38.42934638130055, 8.361916888323417, 30.69849042372408, 10.312636479518469, 32.40481473442253, 16.14952385035162, 21.170655927114556, 17.0608595379205, 18.490360436187466, 20.33915187003675, 22.37835787396414, 19.95620968371359, 35.4452584941132, 32.43893140963522, 4.89203757192102, 39.42521766436349, 8.66569073544772, 24.530942156808784, 14.206955247445972, 14.744351078181653, 31.60660346540628, 36.144317272161196, 37.06655085471563, 21.573630249131796, 39.22274816039038, 13.25650623516703, 13.007487562113683, 8.012233146135552, 16.594644270224073, 25.921580452125617, 16.108252874694703, 34.38968730359378, 7.422015796668243, 34.89787450303402, 21.169162178182827, 29.028411271429203, 9.583399960526288, 17.882209163958503, 21.723409771657785, 24.40512382822131, 12.18692146506803, 9.447681305688443, 22.290630411025383, 39.42938510484817, 0.0, 12.62472576143382, 7.560673177552322, 35.603555994451085, 26.161760036032078, 19.62188297238878, 38.42934638130055, 8.361916888323417, 30.69849042372408, 10.312636479518469, 32.40481473442253, 16.14952385035162, 21.170655927114556, 17.0608595379205, 18.490360436187466, 20.33915187003675, 22.37835787396414, 19.95620968371359, 35.4452584941132, 32.43893140963522, 4.89203757192102, 39.42521766436349, 8.66569073544772, 24.530942156808784], [12.333218876948308, 14.712752335876335, 21.55981060561222, 14.450482355713255, 10.830529326271371, 28.85727097943077, 12.62472576143382, 0.0, 7.248880272436599, 23.146702377952007, 17.230288963621344, 27.400006453876216, 25.82404455582202, 10.345496584359548, 24.247177422310386, 8.636095255479848, 22.887907884545044, 25.866548469626476, 19.387640563327125, 21.945289891711507, 19.633466169393497, 17.641486741433273, 20.925870442666138, 19.063508027832444, 23.5362374933496, 20.040753664830866, 8.477494511538538, 30.6435075834009, 20.87193722348555, 24.794947110039587, 22.0380258665834, 2.2714936250130924, 23.371540996647326, 25.503559312361357, 25.299023369194853, 15.602959256336554, 27.646192027479582, 23.70615330208602, 7.071048303344453, 20.362760819476936, 21.45498442765552, 29.484155446087314, 17.960399103784383, 23.1759908871038, 19.79347756522133, 26.785605838165512, 8.777992310592163, 17.50487962022045, 4.356512035270185, 6.866290242145488, 12.333218876948308, 14.712752335876335, 21.55981060561222, 14.450482355713255, 10.830529326271371, 28.85727097943077, 12.62472576143382, 0.0, 7.248880272436599, 23.146702377952007, 17.230288963621344, 27.400006453876216, 25.82404455582202, 10.345496584359548, 24.247177422310386, 8.636095255479848, 22.887907884545044, 25.866548469626476, 19.387640563327125, 21.945289891711507, 19.633466169393497, 17.641486741433273, 20.925870442666138, 19.063508027832444, 23.5362374933496, 20.040753664830866, 8.477494511538538, 30.6435075834009, 20.87193722348555, 24.794947110039587], [19.088058827415182, 16.849298292656865, 19.171716423085968, 7.337358702205741, 18.068258682014662, 36.06051395148828, 7.560673177552322, 7.248880272436599, 0.0, 28.81256679700205, 23.95315976351566, 20.25546004791636, 32.385148619267284, 10.81372015926281, 23.607356491999656, 3.31223464329952, 29.85609722366937, 18.628241352172516, 15.443208603220802, 15.249826682794804, 21.865836018232308, 14.167239978533058, 16.862897087333387, 14.593561251820526, 30.727059715541692, 25.60312197419082, 6.3311908032507995, 31.958061832627894, 14.46947304898681, 27.7148856974332, 14.829134638985018, 8.748672327337403, 24.17137786611964, 32.70697293042885, 29.764286983745613, 21.10954991924333, 34.88118274667339, 16.55828002332559, 5.450748725261883, 15.493310454670766, 14.747648631963544, 30.804715604094973, 19.703604608398052, 26.94166603537678, 13.597039817756523, 27.505442648134803, 14.569166102983232, 24.753305444442702, 7.095025667510606, 10.697395455670543, 19.088058827415182, 16.849298292656865, 19.171716423085968, 7.337358702205741, 18.068258682014662, 36.06051395148828, 7.560673177552322, 7.248880272436599, 0.0, 28.81256679700205, 23.95315976351566, 20.25546004791636, 32.385148619267284, 10.81372015926281, 23.607356491999656, 3.31223464329952, 29.85609722366937, 18.628241352172516, 15.443208603220802, 15.249826682794804, 21.865836018232308, 14.167239978533058, 16.862897087333387, 14.593561251820526, 30.727059715541692, 25.60312197419082, 6.3311908032507995, 31.958061832627894, 14.46947304898681, 27.7148856974332], [22.32443244448403, 15.71465645534784, 44.18852962050694, 34.03899621383063, 17.81973778666594, 23.006293128214796, 35.603555994451085, 23.146702377952007, 28.81256679700205, 0.0, 23.65808284468087, 45.42264880208726, 7.116780212679036, 32.54599799464876, 23.643347609293407, 27.824893141151474, 23.786211089760297, 45.87999573419658, 29.834338470626946, 38.56236166247447, 38.1154127712567, 28.03653566694849, 30.904116029975853, 30.840452083064037, 14.272168311489379, 3.218615559661492, 31.616859836379717, 20.618072164082925, 43.281950343840016, 41.01790369858599, 41.14780026896722, 20.92337458047852, 19.132173795740528, 21.114066922728796, 6.398062244947154, 28.46912093451884, 17.84027527909717, 44.57267706196245, 24.36578261030976, 43.480495006420654, 38.209416500586386, 47.82391056111467, 37.46795154591715, 8.91902071879611, 42.379611075189295, 20.618307126628878, 14.43616213996788, 15.834718539070622, 27.11488768765332, 18.195065571102532, 22.32443244448403, 15.71465645534784, 44.18852962050694, 34.03899621383063, 17.81973778666594, 23.006293128214796, 35.603555994451085, 23.146702377952007, 28.81256679700205, 0.0, 23.65808284468087, 45.42264880208726, 7.116780212679036, 32.54599799464876, 23.643347609293407, 27.824893141151474, 23.786211089760297, 45.87999573419658, 29.834338470626946, 38.56236166247447, 38.1154127712567, 28.03653566694849, 30.904116029975853, 30.840452083064037, 14.272168311489379, 3.218615559661492, 31.616859836379717, 20.618072164082925, 43.281950343840016, 41.01790369858599], [4.899660911842693, 26.534736474579837, 28.188942896920352, 31.283794988485326, 8.25362847889557, 13.742053603976588, 26.161760036032078, 17.230288963621344, 23.95315976351566, 23.65808284468087, 0.0, 44.1240340835026, 21.138963865128822, 18.561959946908168, 37.676424055174294, 25.85102085897838, 6.264986255944114, 41.80456800813448, 35.98424180776582, 39.09231897497671, 17.380069689559864, 34.09139427708086, 37.51662229408926, 35.91298380021614, 13.475822121989328, 22.086252558332696, 21.336715516169868, 40.44710149619258, 34.708923686005534, 18.32221550325551, 38.610415144935125, 17.032126721014677, 35.0446167899153, 10.745635530188439, 29.158552655963934, 6.598982256132554, 15.390003274188137, 39.18433698928201, 24.03737635838397, 31.609830579191673, 38.59603576026535, 25.735072825943927, 17.87499124178448, 29.40328067432484, 33.38033500861609, 38.06518388415127, 17.282409160330044, 8.073252432446129, 17.287583644338067, 20.384211325250398, 4.899660911842693, 26.534736474579837, 28.188942896920352, 31.283794988485326, 8.25362847889557, 13.742053603976588, 26.161760036032078, 17.230288963621344, 23.95315976351566, 23.65808284468087, 0.0, 44.1240340835026, 21.138963865128822, 18.561959946908168, 37.676424055174294, 25.85102085897838, 6.264986255944114, 41.80456800813448, 35.98424180776582, 39.09231897497671, 17.380069689559864, 34.09139427708086, 37.51662229408926, 35.91298380021614, 13.475822121989328, 22.086252558332696, 21.336715516169868, 40.44710149619258, 34.708923686005534, 18.32221550325551], [39.29728934638617, 30.100428702172003, 28.389612144198, 12.950613617517218, 38.20920014788484, 56.25439326951093, 19.62188297238878, 27.400006453876216, 20.25546004791636, 45.42264880208726, 44.1240340835026, 0.0, 50.51388073549766, 27.880224811457783, 28.98412719126614, 19.11216286086263, 50.09897296403965, 5.3201681591185075, 17.393448155904036, 6.988111716772287, 37.959924413278685, 18.54617432358794, 17.195178462576052, 15.875134252445442, 50.402517800409406, 42.31215416268982, 23.58723752899347, 39.46616606545429, 14.431091819583276, 43.95401833512716, 5.558902639688825, 28.48710736840589, 32.50787993443818, 52.90121851294842, 44.07502051883529, 40.58228221774884, 54.72734127535055, 8.132321958740286, 22.107703908181136, 20.481511237767453, 7.273499184237351, 44.22223024986026, 35.569562084831894, 40.354284580493776, 15.479091647678153, 34.709029961162784, 32.921190117269695, 44.76972522463873, 26.89214644383425, 28.266020437502885, 39.29728934638617, 30.100428702172003, 28.389612144198, 12.950613617517218, 38.20920014788484, 56.25439326951093, 19.62188297238878, 27.400006453876216, 20.25546004791636, 45.42264880208726, 44.1240340835026, 0.0, 50.51388073549766, 27.880224811457783, 28.98412719126614, 19.11216286086263, 50.09897296403965, 5.3201681591185075, 17.393448155904036, 6.988111716772287, 37.959924413278685, 18.54617432358794, 17.195178462576052, 15.875134252445442, 50.402517800409406, 42.31215416268982, 23.58723752899347, 39.46616606545429, 14.431091819583276, 43.95401833512716], [21.323273685963432, 21.824093820489576, 45.451978399207015, 38.43840649429843, 17.674205815177388, 16.955360527937476, 38.42934638130055, 25.82404455582202, 32.385148619267284, 7.116780212679036, 21.138963865128822, 50.51388073549766, 0.0, 33.927886742264796, 30.609736627296222, 32.03697689516714, 19.501602127993124, 50.38983267150994, 35.876197281284604, 43.840864082785195, 37.46987281126958, 33.991187500160365, 37.06152071338926, 36.72620709082403, 8.899750167083697, 9.093833240128005, 33.977694772194866, 27.602562377208205, 46.64237779276368, 39.37323291623317, 45.86547470622923, 23.81721393861452, 26.177205852068774, 15.720184562647532, 13.156547204474062, 26.996141649328468, 11.440224413692611, 48.748870075366334, 28.687410571656855, 45.965182572318135, 43.44831151727395, 46.62512504816455, 37.26707715512878, 16.029551549669783, 45.601192289120135, 27.734758602371677, 17.915906630421492, 13.125275424237534, 29.206808871682256, 22.38478999392901, 21.323273685963432, 21.824093820489576, 45.451978399207015, 38.43840649429843, 17.674205815177388, 16.955360527937476, 38.42934638130055, 25.82404455582202, 32.385148619267284, 7.116780212679036, 21.138963865128822, 50.51388073549766, 0.0, 33.927886742264796, 30.609736627296222, 32.03697689516714, 19.501602127993124, 50.38983267150994, 35.876197281284604, 43.840864082785195, 37.46987281126958, 33.991187500160365, 37.06152071338926, 36.72620709082403, 8.899750167083697, 9.093833240128005, 33.977694772194866, 27.602562377208205, 46.64237779276368, 39.37323291623317], [14.625215517833007, 24.913526921457276, 11.64950520657519, 16.459128956447366, 16.507219373510893, 32.19456580699106, 8.361916888323417, 10.345496584359548, 10.81372015926281, 32.54599799464876, 18.561959946908168, 27.880224811457783, 33.927886742264796, 0.0, 33.59398969108349, 14.086185702163993, 24.816971934244915, 24.507283030705292, 26.255515325805238, 24.59540683060952, 11.098610284915786, 24.934108041016916, 27.675762794550174, 25.3914839810852, 29.416862568416324, 29.613704195767156, 4.726914049611839, 40.80003047103519, 16.390821922851686, 17.046081890568484, 22.386634769439883, 12.521757038355839, 33.325200593076055, 29.020796796892306, 35.38355492986368, 13.380383806474551, 32.73656143013533, 21.57705354032942, 15.039516692776964, 13.095791951252288, 24.10250561101219, 20.090194717227334, 8.893298143815793, 33.46196221522483, 15.025934017053554, 36.74327830836822, 18.708752940282466, 22.826105358688096, 5.999866177156488, 17.171577855951657, 14.625215517833007, 24.913526921457276, 11.64950520657519, 16.459128956447366, 16.507219373510893, 32.19456580699106, 8.361916888323417, 10.345496584359548, 10.81372015926281, 32.54599799464876, 18.561959946908168, 27.880224811457783, 33.927886742264796, 0.0, 33.59398969108349, 14.086185702163993, 24.816971934244915, 24.507283030705292, 26.255515325805238, 24.59540683060952, 11.098610284915786, 24.934108041016916, 27.675762794550174, 25.3914839810852, 29.416862568416324, 29.613704195767156, 4.726914049611839, 40.80003047103519, 16.390821922851686, 17.046081890568484], [33.582262975434425, 11.163837245742712, 42.72879663609757, 23.222298846639664, 29.422861504081286, 43.811044712860856, 30.69849042372408, 24.247177422310386, 23.607356491999656, 23.643347609293407, 37.676424055174294, 28.98412719126614, 30.609736627296222, 33.59398969108349, 0.0, 20.46269024697034, 41.23380784242913, 31.880952346461193, 11.837274432437217, 22.394009329184858, 43.82907736845605, 11.389423769272687, 11.796329675780227, 13.458513808625566, 35.34195365486524, 21.63573238320383, 29.726056987524228, 10.482304673100328, 34.424608223485386, 49.02953596135182, 27.062404175157486, 22.807700459405464, 4.7394639416550515, 40.99707080033501, 19.182139711099836, 38.745058642377494, 39.72551547204882, 32.18377335027868, 18.596551862740657, 37.88997177227136, 22.306728498710726, 53.52662319841241, 42.0244637343755, 15.314357890807948, 34.247263350333995, 5.781088134711902, 20.3941565702712, 32.926819073462525, 27.991345692789317, 18.07708876679864, 33.582262975434425, 11.163837245742712, 42.72879663609757, 23.222298846639664, 29.422861504081286, 43.811044712860856, 30.69849042372408, 24.247177422310386, 23.607356491999656, 23.643347609293407, 37.676424055174294, 28.98412719126614, 30.609736627296222, 33.59398969108349, 0.0, 20.46269024697034, 41.23380784242913, 31.880952346461193, 11.837274432437217, 22.394009329184858, 43.82907736845605, 11.389423769272687, 11.796329675780227, 13.458513808625566, 35.34195365486524, 21.63573238320383, 29.726056987524228, 10.482304673100328, 34.424608223485386, 49.02953596135182], [20.951389277891824, 14.590820916090735, 22.266366487968444, 6.423879411718828, 19.235042695796693, 37.274575179038685, 10.312636479518469, 8.636095255479848, 3.31223464329952, 27.824893141151474, 25.85102085897838, 19.11216286086263, 32.03697689516714, 14.086185702163993, 20.46269024697034, 0.0, 31.511749709603233, 18.36421798229985, 12.1821594225099, 13.333352110141844, 25.093259505432428, 10.861209204797367, 13.627232357531721, 11.412230334250275, 31.302483666594878, 24.609268978353832, 9.643404961465038, 29.1443736865058, 15.94757285663963, 30.88988662439842, 14.007255769416547, 9.409909179597808, 21.31298312100138, 33.929568396518036, 28.101857334539986, 23.63978934273589, 35.61523907975914, 16.781355338856105, 3.4643641935835268, 17.944497210844936, 12.848080895176153, 34.11005540937444, 22.962530827997217, 25.013013858491767, 15.300819293975056, 24.58873288377944, 14.14131323987937, 25.69002294150199, 9.828557952714435, 9.708184058269005, 20.951389277891824, 14.590820916090735, 22.266366487968444, 6.423879411718828, 19.235042695796693, 37.274575179038685, 10.312636479518469, 8.636095255479848, 3.31223464329952, 27.824893141151474, 25.85102085897838, 19.11216286086263, 32.03697689516714, 14.086185702163993, 20.46269024697034, 0.0, 31.511749709603233, 18.36421798229985, 12.1821594225099, 13.333352110141844, 25.093259505432428, 10.861209204797367, 13.627232357531721, 11.412230334250275, 31.302483666594878, 24.609268978353832, 9.643404961465038, 29.1443736865058, 15.94757285663963, 30.88988662439842], [10.8375420431989, 30.11656708559815, 34.13634787589638, 37.190880121530355, 12.672117369127594, 7.778967873408006, 32.40481473442253, 22.887907884545044, 29.85609722366937, 23.786211089760297, 6.264986255944114, 50.09897296403965, 19.501602127993124, 24.816971934244915, 41.23380784242913, 31.511749709603233, 0.0, 47.944396171383005, 40.92391938800852, 44.83309715428637, 22.56777866572012, 38.98043515876543, 42.432458827513514, 41.011496290564345, 10.70968300150998, 23.022718777918662, 27.562470877760376, 42.590099098999026, 40.96835202480062, 22.224441779520742, 44.61938012298974, 22.347173465940923, 38.0759951665717, 5.339780070815452, 29.89968879004745, 12.263605192217485, 10.836616360149447, 45.370815241052156, 29.390453804104133, 37.84234747357401, 44.342885856693, 29.806058499964564, 23.428323602421916, 30.949293536088685, 39.64213395028523, 40.830040321210575, 21.195437294604773, 8.547793270212573, 23.39330113019241, 24.991661986142464, 10.8375420431989, 30.11656708559815, 34.13634787589638, 37.190880121530355, 12.672117369127594, 7.778967873408006, 32.40481473442253, 22.887907884545044, 29.85609722366937, 23.786211089760297, 6.264986255944114, 50.09897296403965, 19.501602127993124, 24.816971934244915, 41.23380784242913, 31.511749709603233, 0.0, 47.944396171383005, 40.92391938800852, 44.83309715428637, 22.56777866572012, 38.98043515876543, 42.432458827513514, 41.011496290564345, 10.70968300150998, 23.022718777918662, 27.562470877760376, 42.590099098999026, 40.96835202480062, 22.224441779520742], [37.11205163723276, 31.19934456595998, 23.558783055382474, 11.951476086111109, 36.64440059856003, 54.52360180301022, 16.14952385035162, 25.866548469626476, 18.628241352172516, 45.87999573419658, 41.80456800813448, 5.3201681591185075, 50.38983267150994, 24.507283030705292, 31.880952346461193, 18.36421798229985, 47.944396171383005, 0.0, 20.044774967245715, 9.602743582129426, 33.9323454805998, 20.767264137078733, 20.218128477412126, 18.42757538204997, 49.342440636229604, 42.69262577956878, 20.633105404299634, 42.26828682883054, 9.571629763947135, 39.833311978642556, 4.956846598395235, 27.309118576388794, 34.91268367794394, 51.178501074195374, 45.26817542477672, 37.65778651413745, 53.5089802111769, 3.167643990379201, 21.708135789399588, 15.595125577677704, 9.615699311731621, 39.561840872340525, 31.557396248650434, 41.73551265869558, 10.769563230749489, 37.443258095009064, 32.50546345872041, 43.365908933522356, 24.55218677557722, 28.015516153801823, 37.11205163723276, 31.19934456595998, 23.558783055382474, 11.951476086111109, 36.64440059856003, 54.52360180301022, 16.14952385035162, 25.866548469626476, 18.628241352172516, 45.87999573419658, 41.80456800813448, 5.3201681591185075, 50.38983267150994, 24.507283030705292, 31.880952346461193, 18.36421798229985, 47.944396171383005, 0.0, 20.044774967245715, 9.602743582129426, 33.9323454805998, 20.767264137078733, 20.218128477412126, 18.42757538204997, 49.342440636229604, 42.69262577956878, 20.633105404299634, 42.26828682883054, 9.571629763947135, 39.833311978642556], [31.227566629541272, 14.13307130970196, 33.32843415538435, 12.372201698430569, 28.255970203601905, 45.41010560783483, 21.170655927114556, 19.387640563327125, 15.443208603220802, 29.834338470626946, 35.98424180776582, 17.393448155904036, 35.876197281284604, 26.255515325805238, 11.837274432437217, 12.1821594225099, 40.92391938800852, 20.044774967245715, 0.0, 10.612003775244085, 37.274725588449165, 1.9816378400622905, 1.5413007979810807, 1.6263522143442788, 37.986811846519686, 26.98917461289679, 21.716627132639726, 22.242995132161454, 23.225438709487122, 43.04764311006613, 15.233847711264826, 19.021492988490763, 15.1147017664614, 42.207579454211356, 27.40083234722969, 34.98899367858272, 42.51944876899388, 20.418301752567913, 12.329528439991243, 27.418305107678293, 10.494114208574308, 46.2079012343044, 35.14057510766943, 23.52735728100659, 23.24844218707061, 17.43163330264119, 20.286959850030172, 33.67876258220193, 21.76872995661949, 15.986719939476732, 31.227566629541272, 14.13307130970196, 33.32843415538435, 12.372201698430569, 28.255970203601905, 45.41010560783483, 21.170655927114556, 19.387640563327125, 15.443208603220802, 29.834338470626946, 35.98424180776582, 17.393448155904036, 35.876197281284604, 26.255515325805238, 11.837274432437217, 12.1821594225099, 40.92391938800852, 20.044774967245715, 0.0, 10.612003775244085, 37.274725588449165, 1.9816378400622905, 1.5413007979810807, 1.6263522143442788, 37.986811846519686, 26.98917461289679, 21.716627132639726, 22.242995132161454, 23.225438709487122, 43.04764311006613], [34.19860651345937, 23.142799662773097, 27.94697622165792, 8.19797752644978, 32.54503052624685, 50.556875766959344, 17.0608595379205, 21.945289891711507, 15.249826682794804, 38.56236166247447, 39.09231897497671, 6.988111716772287, 43.840864082785195, 24.59540683060952, 22.394009329184858, 13.333352110141844, 44.83309715428637, 9.602743582129426, 10.612003775244085, 0.0, 35.41025005782467, 11.613443242508797, 10.648641947530594, 9.034004349295103, 44.23831073314179, 35.48262844460576, 19.941955394420255, 32.840917457081865, 15.18199359841683, 41.45290446816867, 5.223675832587587, 22.688105334155413, 25.6847173027935, 47.219640710084754, 37.09241440080247, 36.30442271046385, 48.64632617776804, 10.626705236359236, 15.906337033338282, 20.6454993157462, 0.503701557368313, 42.89493583374917, 33.05412800795252, 33.36626571990288, 15.718583014798632, 28.03860124516326, 26.505703289523144, 38.89694180103285, 22.296991506450887, 21.819930508919853, 34.19860651345937, 23.142799662773097, 27.94697622165792, 8.19797752644978, 32.54503052624685, 50.556875766959344, 17.0608595379205, 21.945289891711507, 15.249826682794804, 38.56236166247447, 39.09231897497671, 6.988111716772287, 43.840864082785195, 24.59540683060952, 22.394009329184858, 13.333352110141844, 44.83309715428637, 9.602743582129426, 10.612003775244085, 0.0, 35.41025005782467, 11.613443242508797, 10.648641947530594, 9.034004349295103, 44.23831073314179, 35.48262844460576, 19.941955394420255, 32.840917457081865, 15.18199359841683, 41.45290446816867], [16.15593026205852, 34.15885618608795, 13.109589368208681, 27.393377538492498, 20.31922724797891, 30.32105403531383, 18.490360436187466, 19.633466169393497, 21.865836018232308, 38.1154127712567, 17.380069689559864, 37.959924413278685, 37.46987281126958, 11.098610284915786, 43.82907736845605, 25.093259505432428, 22.56777866572012, 33.9323454805998, 37.274725588449165, 35.41025005782467, 0.0, 35.878618623816735, 38.71687871366676, 36.45927358425983, 30.70239485147336, 35.66485328776692, 15.804011943908696, 50.01753288001415, 24.742704318252486, 6.046080696925051, 32.654172792397105, 21.35150066843288, 42.953289351899514, 27.756597682927037, 42.27942915672882, 10.811848703215434, 32.74036097136451, 30.8096917403211, 25.626228031365176, 19.522979654264915, 34.927857545229585, 10.027614473161627, 2.390594150440573, 41.16188803883444, 23.397993958387115, 46.35465634489363, 26.276398752121754, 24.579245980165833, 15.905545766492558, 26.286516213068776, 16.15593026205852, 34.15885618608795, 13.109589368208681, 27.393377538492498, 20.31922724797891, 30.32105403531383, 18.490360436187466, 19.633466169393497, 21.865836018232308, 38.1154127712567, 17.380069689559864, 37.959924413278685, 37.46987281126958, 11.098610284915786, 43.82907736845605, 25.093259505432428, 22.56777866572012, 33.9323454805998, 37.274725588449165, 35.41025005782467, 0.0, 35.878618623816735, 38.71687871366676, 36.45927358425983, 30.70239485147336, 35.66485328776692, 15.804011943908696, 50.01753288001415, 24.742704318252486, 6.046080696925051], [29.358024919004617, 12.321882300968102, 32.526073291409915, 12.01069492405009, 26.317337986040712, 43.43049236123151, 20.33915187003675, 17.641486741433273, 14.167239978533058, 28.03653566694849, 34.09139427708086, 18.54617432358794, 33.991187500160365, 24.934108041016916, 11.389423769272687, 10.861209204797367, 38.98043515876543, 20.767264137078733, 1.9816378400622905, 11.613443242508797, 35.878618623816735, 0.0, 3.4530836963856197, 2.8310850858183416, 36.01032263867678, 25.149489198364034, 20.49108952349901, 21.57073021907604, 23.123837671619125, 41.585349452707504, 15.857908517218446, 17.174146968270826, 14.149360583204102, 40.23060211530919, 25.822655753262413, 33.2403667009768, 40.5423225046682, 20.84892448540907, 10.627945866935649, 26.962632272869506, 11.42033676324867, 44.97095995325163, 33.78952428773982, 21.993584610650522, 23.029142212589544, 16.737097496641667, 18.305944791140877, 31.70220936708468, 20.221041600002494, 14.023368657999226, 29.358024919004617, 12.321882300968102, 32.526073291409915, 12.01069492405009, 26.317337986040712, 43.43049236123151, 20.33915187003675, 17.641486741433273, 14.167239978533058, 28.03653566694849, 34.09139427708086, 18.54617432358794, 33.991187500160365, 24.934108041016916, 11.389423769272687, 10.861209204797367, 38.98043515876543, 20.767264137078733, 1.9816378400622905, 11.613443242508797, 35.878618623816735, 0.0, 3.4530836963856197, 2.8310850858183416, 36.01032263867678, 25.149489198364034, 20.49108952349901, 21.57073021907604, 23.123837671619125, 41.585349452707504], [32.76475335631561, 15.25672630026056, 34.497796891177195, 13.378372475448149, 29.767883894754466, 46.856836662678056, 22.37835787396414, 20.925870442666138, 16.862897087333387, 30.904116029975853, 37.51662229408926, 17.195178462576052, 37.06152071338926, 27.675762794550174, 11.796329675780227, 13.627232357531721, 42.432458827513514, 20.218128477412126, 1.5413007979810807, 10.648641947530594, 38.71687871366676, 3.4530836963856197, 0.0, 2.4290099230949935, 39.365598129260405, 28.117140880978333, 23.104283585350395, 22.275126227760317, 23.997407062759873, 44.511926850270065, 15.528495049718254, 20.560924767556592, 15.442742935345258, 43.66605628814834, 28.226010548467872, 36.52623311867523, 43.90049558660731, 20.824156969321148, 13.8648757945478, 28.400539249797763, 10.603009274730667, 47.58195033417547, 36.5664989704599, 24.317151352015642, 24.096888939052846, 17.514607418205824, 21.726727487451377, 35.13918593657145, 23.267559981375175, 17.47517388074491, 32.76475335631561, 15.25672630026056, 34.497796891177195, 13.378372475448149, 29.767883894754466, 46.856836662678056, 22.37835787396414, 20.925870442666138, 16.862897087333387, 30.904116029975853, 37.51662229408926, 17.195178462576052, 37.06152071338926, 27.675762794550174, 11.796329675780227, 13.627232357531721, 42.432458827513514, 20.218128477412126, 1.5413007979810807, 10.648641947530594, 38.71687871366676, 3.4530836963856197, 0.0, 2.4290099230949935, 39.365598129260405, 28.117140880978333, 23.104283585350395, 22.275126227760317, 23.997407062759873, 44.511926850270065], [31.10492856059069, 15.128811900179919, 32.06959641066242, 10.962819264911715, 28.342459940881888, 45.73180688513745, 19.95620968371359, 19.063508027832444, 14.593561251820526, 30.840452083064037, 35.91298380021614, 15.875134252445442, 36.72620709082403, 25.3914839810852, 13.458513808625566, 11.412230334250275, 41.011496290564345, 18.42757538204997, 1.6263522143442788, 9.034004349295103, 36.45927358425983, 2.8310850858183416, 2.4290099230949935, 0.0, 38.49266397945025, 27.930284271367082, 20.783838568841976, 23.849361146063636, 21.68755304416493, 42.29298243162539, 13.608512126562227, 18.887579292487622, 16.656175262754015, 42.4951729771503, 28.645962566488528, 34.62166862760194, 43.015378418457395, 18.79451448956648, 11.99922160175234, 25.997144761267144, 8.898375728233376, 45.23688284597251, 34.284740252884426, 24.80678078242534, 21.745939472556998, 19.032286593585344, 20.67472122333217, 33.96992450819404, 21.15813050673562, 16.227605390643745, 31.10492856059069, 15.128811900179