{"num_workers": 15, "num_roles": 5, "num_nodes": 40, "w": [[60, 60], [180, 180], [90, 90], [60, 60], [60, 60], [30, 30], [30, 30], [390, 390], [90, 90], [150, 150], [270, 270], [30, 30], [360, 360], [240, 240], [150, 150], [120, 330], [150, 360], [60, 300], [150, 240], [60, 240], [120, 420], [60, 330], [390, 450], [180, 330], [210, 420], [420, 420], [420, 420], [450, 450], [420, 420], [210, 210], [450, 450], [480, 480], [480, 480], [420, 420], [390, 390], [420, 420], [180, 180], [480, 480], [360, 360], [300, 300]], "p": [0, 0, 0, 0, 0, 0, 0, 0, 0, 0, 0, 0, 0, 0, 0, 33.71417090483507, 46.875377021799075, 25.26494393731088, 74.16781180443641, 35.90574979211287, 47.00017513021091, 28.21535577270703, 32.6082070754675, 43.295350555967104, 63.68901984822376, 0, 0, 0, 0, 0, 0, 0, 0, 0, 0, 0, 0, 0, 0, 0], "e": [[1, 0, 0, 1, 0], [0, 0, 1, 1, 0], [1, 0, 0, 0, 0], [0, 0, 0, 0, 1], [0, 0, 0, 0, 1], [0, 1, 0, 0, 0], [0, 0, 0, 1, 0], [1, 0, 0, 0, 0], [1, 0, 0, 0, 0], [0, 1, 0, 0, 0], [0, 0, 0, 0, 1], [0, 0, 1, 0, 0], [0, 0, 1, 0, 0], [0, 1, 0, 0, 0], [0, 1, 0, 0, 0]], "d": [[3, 3, 2, 2, 0, 1, 2, 1, 1, 2], [0, 0, 1, 1, 0, 2, 1, 2, 2, 1], [1, 1, 1, 1, 1, 0, 1, 0, 0, 1], [1, 1, 0, 0, 2, 1, 0, 1, 1, 0], [0, 0, 0, 0, 0, 1, 0, 1, 1, 0]], "r": [1837, 428, 226, 2071, 3590, 1114, 2932, 2868, 2164, 2112], "g": [[0, 0, 0, 0, 0, 0, 0, 0, 0, 0], [0, 0, 0, 0, 0, 0, 0, 0, 0, 0], [0, 0, 0, 0, 0, 0, 0, 0, 0, 0], [0, 0, 0, 0, 0, 0, 0, 0, 0, 0], [0, 0, 0, 0, 0, 0, 0, 0, 0, 0], [0, 0, 0, 0, 0, 0, 0, 0, 0, 0], [0, 0, 0, 0, 0, 0, 0, 0, 0, 0], [0, 0, 0, 0, 0, 0, 0, 0, 0, 0], [0, 0, 0, 0, 0, 0, 0, 0, 0, 0], [0, 0, 0, 0, 0, 0, 0, 0, 0, 0]], "t": [[0.0, 41.11353545512368, 3.1639483641253277, 1.5402846296277601, 35.50374004177743, 37.31967448570625, 11.411796710094785, 14.834587741656645, 38.55145504250871, 16.338079560410165, 35.569738561412855, 40.74270442267148, 9.151615815957415, 45.10109069455655, 43.8563894167943, 43.45750288409968, 8.274221993171796, 18.20925370022549, 29.499772183552746, 26.993904440096358, 52.75694114763481, 29.628500848905862, 37.907038073046714, 20.353707750602386, 38.80072515555461, 0.0, 41.11353545512368, 3.1639483641253277, 1.5402846296277601, 35.50374004177743, 37.31967448570625, 11.411796710094785, 14.834587741656645, 38.55145504250871, 16.338079560410165, 35.569738561412855, 40.74270442267148, 9.151615815957415, 45.10109069455655, 43.8563894167943], [41.11353545512368, 0.0, 41.92178135507086, 39.994054188897536, 28.45431380698763, 52.799837116322536, 50.97418957205798, 26.614607691257373, 38.308118160759854, 27.36435952948792, 6.540593010605225, 52.180966991160275, 49.897211457445124, 37.06522801667652, 51.22115822531233, 40.1390888812586, 34.28215699235484, 23.186242909764907, 13.466441431520192, 23.604514876517356, 26.75744325529723, 15.947837133043254, 40.58550272618883, 21.666747322940918, 13.178277306951047, 41.11353545512368, 0.0, 41.92178135507086, 39.994054188897536, 28.45431380698763, 52.799837116322536, 50.97418957205798, 26.614607691257373, 38.308118160759854, 27.36435952948792, 6.540593010605225, 52.180966991160275, 49.897211457445124, 37.06522801667652, 51.22115822531233], [3.1639483641253277, 41.92178135507086, 0.0, 2.741455887109876, 38.15343441256256, 40.4608873174366, 12.903911211462058, 15.32353754792885, 41.5396467819462, 15.915088493237167, 36.66504112936606, 43.90506486344984, 9.956847905520437, 47.949805878469284, 47.01557196026294, 46.43005650483386, 7.877951553663669, 19.53043294099559, 30.917794819246538, 29.340424198919205, 54.95017923851851, 31.371909104868053, 40.962304064828, 20.618293042065048, 38.59764074412923, 3.1639483641253277, 41.92178135507086, 0.0, 2.741455887109876, 38.15343441256256, 40.4608873174366, 12.903911211462058, 15.32353754792885, 41.5396467819462, 15.915088493237167, 36.66504112936606, 43.90506486344984, 9.956847905520437, 47.949805878469284, 47.01557196026294], [1.5402846296277601, 39.994054188897536, 2.741455887109876, 0.0, 35.41519988971817, 38.26887552522633, 12.936721645698752, 13.566378151565534, 38.84892665703516, 14.869639586156694, 34.554775556532, 41.57597360443975, 10.57124042663679, 45.21604761411644, 44.56979236912347, 43.73089898180387, 6.773101013558708, 17.263759759231412, 28.61867543623338, 26.65330875108344, 52.31744290640855, 28.910264804450566, 38.31629907705769, 19.040120750215028, 37.39822665443501, 1.5402846296277601, 39.994054188897536, 2.741455887109876, 0.0, 35.41519988971817, 38.26887552522633, 12.936721645698752, 13.566378151565534, 38.84892665703516, 14.869639586156694, 34.554775556532, 41.57597360443975, 10.57124042663679, 45.21604761411644, 44.56979236912347], [35.50374004177743, 28.45431380698763, 38.15343441256256, 35.41519988971817, 0.0, 25.948032385802623, 39.68968989103472, 28.99934100808994, 9.85387129558338, 33.26522646643493, 22.91776623480683, 24.317438700738062, 40.75535371584023, 11.048059155375018, 22.83234106713396, 12.323365979040661, 34.128645673796996, 23.16114035531252, 18.613807228656917, 10.030023018679373, 19.784418681813502, 15.00711434901011, 12.23853969126974, 29.130524326279545, 38.1069908538733, 35.50374004177743, 28.45431380698763, 38.15343441256256, 35.41519988971817, 0.0, 25.948032385802623, 39.68968989103472, 28.99934100808994, 9.85387129558338, 33.26522646643493, 22.91776623480683, 24.317438700738062, 40.75535371584023, 11.048059155375018, 22.83234106713396], [37.31967448570625, 52.799837116322536, 40.4608873174366, 38.26887552522633, 25.948032385802623, 0.0, 33.4165817121589, 41.17269489338541, 17.818386613749308, 45.655547135368195, 46.51863976131907, 4.958517460039238, 36.45337227260028, 25.098095943173803, 9.831209912057375, 20.358341895027124, 41.549484851618146, 37.641042384724855, 40.35201254046868, 29.444238389491357, 43.466967525672345, 37.14179055306472, 14.898192094224555, 44.5713244225284, 59.650899536318526, 37.31967448570625, 52.799837116322536, 40.4608873174366, 38.26887552522633, 25.948032385802623, 0.0, 33.4165817121589, 41.17269489338541, 17.818386613749308, 45.655547135368195, 46.51863976131907, 4.958517460039238, 36.45337227260028, 25.098095943173803, 9.831209912057375], [11.411796710094785, 50.97418957205798, 12.903911211462058, 12.936721645698752, 39.68968989103472, 33.4165817121589, 0.0, 25.67210189992125, 39.9389813531541, 27.682628471243728, 44.99362135650807, 37.73058222431915, 3.6341489699603526, 47.53727465965314, 41.749404894490326, 44.81506644073122, 19.679145664807194, 27.79835785612262, 38.39933849527186, 33.160716819973935, 58.66447987478029, 37.70992877081717, 38.49401420931184, 31.242863012165895, 49.89823003588367, 11.411796710094785, 50.97418957205798, 12.903911211462058, 12.936721645698752, 39.68968989103472, 33.4165817121589, 0.0, 25.67210189992125, 39.9389813531541, 27.682628471243728, 44.99362135650807, 37.73058222431915, 3.6341489699603526, 47.53727465965314, 41.749404894490326], [14.834587741656645, 26.614607691257373, 15.32353754792885, 13.566378151565534, 28.99934100808994, 41.17269489338541, 25.67210189992125, 0.0, 35.52976940403692, 4.616551755183918, 21.583671308275612, 43.11368487228712, 23.92801002528012, 39.928892868171395, 44.76710764338615, 39.89879897111054, 7.71928005240522, 5.995548415232204, 16.532109606602788, 18.99619518334122, 42.42892715038404, 17.943274801592942, 36.04159302605004, 5.571866275591752, 24.254000718133295, 14.834587741656645, 26.614607691257373, 15.32353754792885, 13.566378151565534, 28.99934100808994, 41.17269489338541, 25.67210189992125, 0.0, 35.52976940403692, 4.616551755183918, 21.583671308275612, 43.11368487228712, 23.92801002528012, 39.928892868171395, 44.76710764338615], [38.55145504250871, 38.308118160759854, 41.5396467819462, 38.84892665703516, 9.85387129558338, 17.818386613749308, 39.9389813531541, 35.52976940403692, 0.0, 40.0717457447704, 32.7034254987482, 15.167886968844986, 41.80972877608656, 8.167758956166457, 13.060415328262383, 4.93824928769564, 39.19167203933159, 30.19892474758368, 27.937886454342763, 17.86915821544798, 25.651929806933182, 24.333045980464945, 2.9236383420805834, 36.81920956369935, 47.6602102705792, 38.55145504250871, 38.308118160759854, 41.5396467819462, 38.84892665703516, 9.85387129558338, 17.818386613749308, 39.9389813531541, 35.52976940403692, 0.0, 40.0717457447704, 32.7034254987482, 15.167886968844986, 41.80972877608656, 8.167758956166457, 13.060415328262383], [16.338079560410165, 27.36435952948792, 15.915088493237167, 14.869639586156694, 33.26522646643493, 45.655547135368195, 27.682628471243728, 4.616551755183918, 40.0717457447704, 0.0, 23.17288612037875, 47.68588002972513, 25.433979123947363, 44.25811074610421, 49.38018364856071, 44.38404473567967, 8.128440061005781, 10.104749761849444, 19.202229340330963, 23.235245081282397, 45.64358563308195, 21.214806871323184, 40.63303940468261, 5.895735369069396, 22.68473706193392, 16.338079560410165, 27.36435952948792, 15.915088493237167, 14.869639586156694, 33.26522646643493, 45.655547135368195, 27.682628471243728, 4.616551755183918, 40.0717457447704, 0.0, 23.17288612037875, 47.68588002972513, 25.433979123947363, 44.25811074610421, 49.38018364856071], [35.569738561412855, 6.540593010605225, 36.66504112936606, 34.554775556532, 22.91776623480683, 46.51863976131907, 44.99362135650807, 21.583671308275612, 32.7034254987482, 23.17288612037875, 0.0, 46.11338887880085, 44.12844413946595, 32.389067348191126, 45.42609324296046, 34.991498663657644, 29.297678165148614, 17.391902185903717, 6.961263980362933, 17.17411594991613, 25.31585784133109, 9.468125240686136, 34.81014087749465, 17.280935380781628, 15.717514260347237, 35.569738561412855, 6.540593010605225, 36.66504112936606, 34.554775556532, 22.91776623480683, 46.51863976131907, 44.99362135650807, 21.583671308275612, 32.7034254987482, 23.17288612037875, 0.0, 46.11338887880085, 44.12844413946595, 32.389067348191126, 45.42609324296046], [40.74270442267148, 52.180966991160275, 43.90506486344984, 41.57597360443975, 24.317438700738062, 4.958517460039238, 37.73058222431915, 43.11368487228712, 15.167886968844986, 47.68588002972513, 46.11338887880085, 0.0, 40.62155331557255, 21.576712717579703, 4.906290890267678, 16.72495047516079, 44.279799948702184, 39.04415259294627, 40.356793463503415, 29.44009296700318, 40.44465431747937, 36.95991786130581, 12.32447751447833, 46.02279697149683, 60.0, 40.74270442267148, 52.180966991160275, 43.90506486344984, 41.57597360443975, 24.317438700738062, 4.958517460039238, 37.73058222431915, 43.11368487228712, 15.167886968844986, 47.68588002972513, 46.11338887880085, 0.0, 40.62155331557255, 21.576712717579703, 4.906290890267678], [9.151615815957415, 49.897211457445124, 9.956847905520437, 10.57124042663679, 40.75535371584023, 36.45337227260028, 3.6341489699603526, 23.92801002528012, 41.80972877608656, 25.433979123947363, 44.12844413946595, 40.62155331557255, 0.0, 49.17416330930409, 44.476265050567044, 46.72926736570207, 17.315137324320407, 26.75816338622494, 37.751008960230884, 33.517252622485614, 59.27365658854616, 37.402550327102965, 40.56193687302753, 29.47413601439306, 47.951806598021676, 9.151615815957415, 49.897211457445124, 9.956847905520437, 10.57124042663679, 40.75535371584023, 36.45337227260028, 3.6341489699603526, 23.92801002528012, 41.80972877608656, 25.433979123947363, 44.12844413946595, 40.62155331557255, 0.0, 49.17416330930409, 44.476265050567044], [45.10109069455655, 37.06522801667652, 47.949805878469284, 45.21604761411644, 11.048059155375018, 25.098095943173803, 47.53727465965314, 39.928892868171395, 8.167758956166457, 44.25811074610421, 32.389067348191126, 21.576712717579703, 49.17416330930409, 0.0, 18.07917519833606, 4.859559158904284, 44.65080767408371, 34.15576891167804, 29.13994852255325, 21.044544683651576, 19.116718188862418, 25.613937092278835, 10.695785362072863, 40.17702315282463, 48.0200350002981, 45.10109069455655, 37.06522801667652, 47.949805878469284, 45.21604761411644, 11.048059155375018, 25.098095943173803, 47.53727465965314, 39.928892868171395, 8.167758956166457, 44.25811074610421, 32.389067348191126, 21.576712717579703, 49.17416330930409, 0.0, 18.07917519833606], [43.8563894167943, 51.22115822531233, 47.01557196026294, 44.56979236912347, 22.83234106713396, 9.831209912057375, 41.749404894490326, 44.76710764338615, 13.060415328262383, 49.38018364856071, 45.42609324296046, 4.906290890267678, 44.476265050567044, 18.07917519833606, 0.0, 13.271005135772926, 46.68840872859325, 40.22861346200996, 40.15162439364873, 29.448803677305435, 37.18552661474417, 36.62467170623166, 10.636185416946779, 47.16729517305565, 59.93887434606543, 43.8563894167943, 51.22115822531233, 47.01557196026294, 44.56979236912347, 22.83234106713396, 9.831209912057375, 41.749404894490326, 44.76710764338615, 13.060415328262383, 49.38018364856071, 45.42609324296046, 4.906290890267678, 44.476265050567044, 18.07917519833606, 0.0], [43.45750288409968, 40.1390888812586, 46.43005650483386, 43.73089898180387, 12.323365979040661, 20.358341895027124, 44.81506644073122, 39.89879897111054, 4.93824928769564, 44.38404473567967, 34.991498663657644, 16.72495047516079, 46.72926736570207, 4.859559158904284, 13.271005135772926, 0.0, 43.88693014878437, 34.38756588424814, 30.936238405376912, 21.616935208867016, 23.919171345069813, 27.327089569775413, 6.607888003208558, 40.815398542143896, 50.37097024712472, 43.45750288409968, 40.1390888812586, 46.43005650483386, 43.73089898180387, 12.323365979040661, 20.358341895027124, 44.81506644073122, 39.89879897111054, 4.93824928769564, 44.38404473567967, 34.991498663657644, 16.72495047516079, 46.72926736570207, 4.859559158904284, 13.271005135772926], [8.274221993171796, 34.28215699235484, 7.877951553663669, 6.773101013558708, 34.128645673796996, 41.549484851618146, 19.679145664807194, 7.71928005240522, 39.19167203933159, 8.128440061005781, 29.297678165148614, 44.279799948702184, 17.315137324320407, 44.65080767408371, 46.68840872859325, 43.88693014878437, 0.0, 12.814540982797904, 24.019412331301258, 24.511936770194556, 49.26957886670674, 25.016966097582912, 39.16404738107706, 12.789607763676223, 30.7650893899037, 8.274221993171796, 34.28215699235484, 7.877951553663669, 6.773101013558708, 34.128645673796996, 41.549484851618146, 19.679145664807194, 7.71928005240522, 39.19167203933159, 8.128440061005781, 29.297678165148614, 44.279799948702184, 17.315137324320407, 44.65080767408371, 46.68840872859325], [18.20925370022549, 23.186242909764907, 19.53043294099559, 17.263759759231412, 23.16114035531252, 37.641042384724855, 27.79835785612262, 5.995548415232204, 30.19892474758368, 10.104749761849444, 17.391902185903717, 39.04415259294627, 26.75816338622494, 34.15576891167804, 40.22861346200996, 34.38756588424814, 12.814540982797904, 0.0, 11.38810384484678, 13.131500343413254, 36.59000830342433, 12.211222000596226, 30.966956431253617, 6.978695682301718, 23.868748807714056, 18.20925370022549, 23.186242909764907, 19.53043294099559, 17.263759759231412, 23.16114035531252, 37.641042384724855, 27.79835785612262, 5.995548415232204, 30.19892474758368, 10.104749761849444, 17.391902185903717, 39.04415259294627, 26.75816338622494, 34.15576891167804, 40.22861346200996], [29.499772183552746, 13.466441431520192, 30.917794819246538, 28.61867543623338, 18.613807228656917, 40.35201254046868, 38.39933849527186, 16.532109606602788, 27.937886454342763, 19.202229340330963, 6.961263980362933, 40.356793463503415, 37.751008960230884, 29.13994852255325, 40.15162439364873, 30.936238405376912, 24.019412331301258, 11.38810384484678, 0.0, 10.94075411085584, 26.571010291713403, 3.6163205557008333, 29.70063504958248, 13.550051456860908, 19.79250044372933, 29.499772183552746, 13.466441431520192, 30.917794819246538, 28.61867543623338, 18.613807228656917, 40.35201254046868, 38.39933849527186, 16.532109606602788, 27.937886454342763, 19.202229340330963, 6.961263980362933, 40.356793463503415, 37.751008960230884, 29.13994852255325, 40.15162439364873], [26.993904440096358, 23.604514876517356, 29.340424198919205, 26.65330875108344, 10.030023018679373, 29.444238389491357, 33.160716819973935, 18.99619518334122, 17.86915821544798, 23.235245081282397, 17.17411594991613, 29.44009296700318, 33.517252622485614, 21.044544683651576, 29.448803677305435, 21.616935208867016, 24.511936770194556, 13.131500343413254, 10.94075411085584, 0.0, 25.83906745074669, 7.7215235558734125, 19.23290474686981, 19.234532743636418, 30.583007581618414, 26.993904440096358, 23.604514876517356, 29.340424198919205, 26.65330875108344, 10.030023018679373, 29.444238389491357, 33.160716819973935, 18.99619518334122, 17.86915821544798, 23.235245081282397, 17.17411594991613, 29.44009296700318, 33.517252622485614, 21.044544683651576, 29.448803677305435], [52.75694114763481, 26.75744325529723, 54.95017923851851, 52.31744290640855, 19.784418681813502, 43.466967525672345, 58.66447987478029, 42.42892715038404, 25.651929806933182, 45.64358563308195, 25.31585784133109, 40.44465431747937, 59.27365658854616, 19.116718188862418, 37.18552661474417, 23.919171345069813, 49.26957886670674, 36.59000830342433, 26.571010291713403, 25.83906745074669, 0.0, 24.50099025263242, 28.569209219424998, 40.1104881180711, 39.81564654322715, 52.75694114763481, 26.75744325529723, 54.95017923851851, 52.31744290640855, 19.784418681813502, 43.466967525672345, 58.66447987478029, 42.42892715038404, 25.651929806933182, 45.64358563308195, 25.31585784133109, 40.44465431747937, 59.27365658854616, 19.116718188862418, 37.18552661474417], [29.628500848905862, 15.947837133043254, 31.371909104868053, 28.910264804450566, 15.00711434901011, 37.14179055306472, 37.70992877081717, 17.943274801592942, 24.333045980464945, 21.214806871323184, 9.468125240686136, 36.95991786130581, 37.402550327102965, 25.613937092278835, 36.62467170623166, 27.327089569775413, 25.016966097582912, 12.211222000596226, 3.6163205557008333, 7.7215235558734125, 24.50099025263242, 0.0, 26.133864653768708, 15.920230141567416, 23.356894838416306, 29.628500848905862, 15.947837133043254, 31.371909104868053, 28.910264804450566, 15.00711434901011, 37.14179055306472, 37.70992877081717, 17.943274801592942, 24.333045980464945, 21.214806871323184, 9.468125240686136, 36.95991786130581, 37.402550327102965, 25.613937092278835, 36.62467170623166], [37.907038073046714, 40.58550272618883, 40.962304064828, 38.31629907705769, 12.23853969126974, 14.898192094224555, 38.49401420931184, 36.04159302605004, 2.9236383420805834, 40.63303940468261, 34.81014087749465, 12.32447751447833, 40.56193687302753, 10.695785362072863, 10.636185416946779, 6.607888003208558, 39.16404738107706, 30.966956431253617, 29.70063504958248, 19.23290474686981, 28.569209219424998, 26.133864653768708, 0.0, 37.74729493012932, 49.488110407538514, 37.907038073046714, 40.58550272618883, 40.962304064828, 38.31629907705769, 12.23853969126974, 14.898192094224555, 38.49401420931184, 36.04159302605004, 2.9236383420805834, 40.63303940468261, 34.81014087749465, 12.32447751447833, 40.56193687302753, 10.695785362072863, 10.636185416946779], [20.353707750602386, 21.666747322940918, 20.618293042065048, 19.040120750215028, 29.130524326279545, 44.5713244225284, 31.242863012165895, 5.571866275591752, 36.81920956369935, 5.895735369069396, 17.280935380781628, 46.02279697149683, 29.47413601439306, 40.17702315282463, 47.16729517305565, 40.815398542143896, 12.789607763676223, 6.978695682301718, 13.550051456860908, 19.234532743636418, 40.1104881180711, 15.920230141567416, 37.74729493012932, 0.0, 18.710635160061994, 20.353707750602386, 21.666747322940918, 20.618293042065048, 19.040120750215028, 29.130524326279545, 44.5713244225284, 31.242863012165895, 5.571866275591752, 36.81920956369935, 5.895735369069396, 17.280935380781628, 46.02279697149683, 29.47413601439306, 40.17702315282463, 47.16729517305565], [38.80072515555461, 13.178277306951047, 38.59764074412923, 37.39822665443501, 38.1069908538733, 59.650899536318526, 49.89823003588367, 24.254000718133295, 47.6602102705792, 22.68473706193392, 15.717514260347237, 60.0, 47.951806598021676, 48.0200350002981, 59.93887434606543, 50.37097024712472, 30.7650893899037, 23.868748807714056, 19.79250044372933, 30.583007581618414, 39.81564654322715, 23.356894838416306, 49.488110407538514, 18.710635160061994, 0.0, 38.80072515555461, 13.178277306951047, 38.59764074412923, 37.39822665443501, 38.1069908538733, 59.650899536318526, 49.89823003588367, 24.254000718133295, 47.6602102705792, 22.68473706193392, 15.717514260347237, 60.0, 47.951806598021676, 48.0200350002981, 59.93887434606543], [0.0, 41.11353545512368, 3.1639483641253277, 1.5402846296277601, 35.50374004177743, 37.31967448570625, 11.411796710094785, 14.834587741656645, 38.55145504250871, 16.338079560410165, 35.569738561412855, 40.74270442267148, 9.151615815957415, 45.10109069455655, 43.8563894167943, 43.45750288409968, 8.274221993171796, 18.20925370022549, 29.499772183552746, 26.993904440096358, 52.75694114763481, 29.628500848905862, 37.907038073046714, 20.353707750602386, 38.80072515555461, 0.0, 41.11353545512368, 3.1639483641253277, 1.5402846296277601, 35.50374004177743, 37.31967448570625, 11.411796710094785, 14.834587741656645, 38.55145504250871, 16.338079560410165, 35.569738561412855, 40.74270442267148, 9.151615815957415, 45.10109069455655, 43.8563894167943], [41.11353545512368, 0.0, 41.92178135507086, 39.994054188897536, 28.45431380698763, 52.799837116322536, 50.97418957205798, 26.614607691257373, 38.308118160759854, 27.36435952948792, 6.540593010605225, 52.180966991160275, 49.897211457445124, 37.06522801667652, 51.22115822531233, 40.1390888812586, 34.28215699235484, 23.186242909764907, 13.466441431520192, 23.604514876517356, 26.75744325529723, 15.947837133043254, 40.58550272618883, 21.666747322940918, 13.178277306951047, 41.11353545512368, 0.0, 41.92178135507086, 39.994054188897536, 28.45431380698763, 52.799837116322536, 50.97418957205798, 26.614607691257373, 38.308118160759854, 27.36435952948792, 6.540593010605225, 52.180966991160275, 49.897211457445124, 37.06522801667652, 51.22115822531233], [3.1639483641253277, 41.92178135507086, 0.0, 2.741455887109876, 38.15343441256256, 40.4608873174366, 12.903911211462058, 15.32353754792885, 41.5396467819462, 15.915088493237167, 36.66504112936606, 43.90506486344984, 9.956847905520437, 47.949805878469284, 47.01557196026294, 46.43005650483386, 7.877951553663669, 19.53043294099559, 30.917794819246538, 29.340424198919205, 54.95017923851851, 31.371909104868053, 40.962304064828, 20.618293042065048, 38.59764074412923, 3.1639483641253277, 41.92178135507086, 0.0, 2.741455887109876, 38.15343441256256, 40.4608873174366, 12.903911211462058, 15.32353754792885, 41.5396467819462, 15.915088493237167, 36.66504112936606, 43.90506486344984, 9.956847905520437, 47.949805878469284, 47.01557196026294], [1.5402846296277601, 39.994054188897536, 2.741455887109876, 0.0, 35.41519988971817, 38.26887552522633, 12.936721645698752, 13.566378151565534, 38.84892665703516, 14.869639586156694, 34.554775556532, 41.57597360443975, 10.57124042663679, 45.21604761411644, 44.56979236912347, 43.73089898180387, 6.773101013558708, 17.263759759231412, 28.61867543623338, 26.65330875108344, 52.31744290640855, 28.910264804450566, 38.31629907705769, 19.040120750215028, 37.39822665443501, 1.5402846296277601, 39.994054188897536, 2.741455887109876, 0.0, 35.41519988971817, 38.26887552522633, 12.936721645698752, 13.566378151565534, 38.84892665703516, 14.869639586156694, 34.554775556532, 41.57597360443975, 10.57124042663679, 45.21604761411644, 44.56979236912347], [35.50374004177743, 28.45431380698763, 38.15343441256256, 35.41519988971817, 0.0, 25.948032385802623, 39.68968989103472, 28.99934100808994, 9.85387129558338, 33.26522646643493, 22.91776623480683, 24.317438700738062, 40.75535371584023, 11.048059155375018, 22.83234106713396, 12.323365979040661, 34.128645673796996, 23.16114035531252, 18.613807228656917, 10.030023018679373, 19.784418681813502, 15.00711434901011, 12.23853969126974, 29.130524326279545, 38.1069908538733, 35.50374004177743, 28.45431380698763, 38.15343441256256, 35.41519988971817, 0.0, 25.948032385802623, 39.68968989103472, 28.99934100808994, 9.85387129558338, 33.26522646643493, 22.91776623480683, 24.317438700738062, 40.75535371584023, 11.048059155375018, 22.83234106713396], [37.31967448570625, 52.799837116322536, 40.4608873174366, 38.26887552522633, 25.948032385802623, 0.0, 33.4165817121589, 41.17269489338541, 17.818386613749308, 45.655547135368195, 46.51863976131907, 4.958517460039238, 36.45337227260028, 25.098095943173803, 9.831209912057375, 20.358341895027124, 41.549484851618146, 37.641042384724855, 40.35201254046868, 29.444238389491357, 43.466967525672345, 37.14179055306472, 14.898192094224555, 44.5713244225284, 59.650899536318526, 37.31967448570625, 52.799837116322536, 40.4608873174366, 38.26887552522633, 25.948032385802623, 0.0, 33.4165817121589, 41.17269489338541, 17.818386613749308, 45.655547135368195, 46.51863976131907, 4.958517460039238, 36.45337227260028, 25.098095943173803, 9.831209912057375], [11.411796710094785, 50.97418957205798, 12.903911211462058, 12.936721645698752, 39.68968989103472, 33.4165817121589, 0.0, 25.67210189992125, 39.9389813531541, 27.682628471243728, 44.99362135650807, 37.73058222431915, 3.6341489699603526, 47.53727465965314, 41.749404894490326, 44.81506644073122, 19.679145664807194, 27.79835785612262, 38.39933849527186, 33.160716819973935, 58.66447987478029, 37.70992877081717, 38.49401420931184, 31.242863012165895, 49.89823003588367, 11.411796710094785, 50.97418957205798, 12.903911211462058, 12.936721645698752, 39.68968989103472, 33.4165817121589, 0.0, 25.67210189992125, 39.9389813531541, 27.682628471243728, 44.99362135650807, 37.73058222431915, 3.6341489699603526, 47.53727465965314, 41.749404894490326], [14.834587741656645, 26.614607691257373, 15.32353754792885, 13.566378151565534, 28.99934100808994, 41.17269489338541, 25.67210189992125, 0.0, 35.52976940403692, 4.616551755183918, 21.583671308275612, 43.11368487228712, 23.92801002528012, 39.928892868171395, 44.76710764338615, 39.89879897111054, 7.71928005240522, 5.995548415232204, 16.532109606602788, 18.99619518334122, 42.42892715038404, 17.943274801592942, 36.04159302605004, 5.571866275591752, 24.254000718133295, 14.834587741656645, 26.614607691257373, 15.32353754792885, 13.566378151565534, 28.99934100808994, 41.17269489338541, 25.67210189992125, 0.0, 35.52976940403692, 4.616551755183918, 21.583671308275612, 43.11368487228712, 23.92801002528012, 39.928892868171395, 44.76710764338615], [38.55145504250871, 38.308118160759854, 41.5396467819462, 38.84892665703516, 9.85387129558338, 17.818386613749308, 39.9389813531541, 35.52976940403692, 0.0, 40.0717457447704, 32.7034254987482, 15.167886968844986, 41.80972877608656, 8.167758956166457, 13.060415328262383, 4.93824928769564, 39.19167203933159, 30.19892474758368, 27.937886454342763, 17.86915821544798, 25.651929806933182, 24.333045980464945, 2.9236383420805834, 36.81920956369935, 47.6602102705792, 38.55145504250871, 38.308118160759854, 41.5396467819462, 38.84892665703516, 9.85387129558338, 17.818386613749308, 39.9389813531541, 35.52976940403692, 0.0, 40.0717457447704, 32.7034254987482, 15.167886968844986, 41.80972877608656, 8.167758956166457, 13.060415328262383], [16.338079560410165, 27.36435952948792, 15.915088493237167, 14.869639586156694, 33.26522646643493, 45.655547135368195, 27.682628471243728, 4.616551755183918, 40.0717457447704, 0.0, 23.17288612037875, 47.68588002972513, 25.433979123947363, 44.25811074610421, 49.38018364856071, 44.38404473567967, 8.128440061005781, 10.104749761849444, 19.202229340330963, 23.235245081282397, 45.64358563308195, 21.214806871323184, 40.63303940468261, 5.895735369069396, 22.68473706193392, 16.338079560410165, 27.36435952948792, 15.915088493237167, 14.869639586156694, 33.26522646643493, 45.655547135368195, 27.682628471243728, 4.616551755183918, 40.0717457447704, 0.0, 23.17288612037875, 47.68588002972513, 25.433979123947363, 44.25811074610421, 49.38018364856071], [35.569738561412855, 6.540593010605225, 36.66504112936606, 34.554775556532, 22.91776623480683, 46.51863976131907, 44.99362135650807, 21.583671308275612, 32.7034254987482, 23.17288612037875, 0.0, 46.11338887880085, 44.12844413946595, 32.389067348191126, 45.42609324296046, 34.991498663657644, 29.297678165148614, 17.391902185903717, 6.961263980362933, 17.17411594991613, 25.31585784133109, 9.468125240686136, 34.81014087749465, 17.280935380781628, 15.717514260347237, 35.569738561412855, 6.540593010605225, 36.66504112936606, 34.554775556532, 22.91776623480683, 46.51863976131907, 44.99362135650807, 21.583671308275612, 32.7034254987482, 23.17288612037875, 0.0, 46.11338887880085, 44.12844413946595, 32.389067348191126, 45.42609324296046], [40.74270442267148, 52.180966991160275, 43.90506486344984, 41.57597360443975, 24.317438700738062, 4.958517460039238, 37.73058222431915, 43.11368487228712, 15.167886968844986, 47.68588002972513, 46.11338887880085, 0.0, 40.62155331557255, 21.576712717579703, 4.906290890267678, 16.72495047516079, 44.279799948702184, 39.04415259294627, 40.356793463503415, 29.44009296700318, 40.44465431747937, 36.95991786130581, 12.32447751447833, 46.02279697149683, 60.0, 40.74270442267148, 52.180966991160275, 43.90506486344984, 41.57597360443975, 24.317438700738062, 4.958517460039238, 37.73058222431915, 43.11368487228712, 15.167886968844986, 47.68588002972513, 46.11338887880085, 0.0, 40.62155331557255, 21.576712717579703, 4.906290890267678], [9.151615815957415, 49.897211457445124, 9.956847905520437, 10.57124042663679, 40.75535371584023, 36.45337227260028, 3.6341489699603526, 23.92801002528012, 41.80972877608656, 25.433979123947363, 44.12844413946595, 40.62155331557255, 0.0, 49.17416330930409, 44.476265050567044, 46.72926736570207, 17.315137324320407, 26.75816338622494, 37.751008960230884, 33.517252622485614, 59.27365658854616, 37.402550327102965, 40.56193687302753, 29.47413601439306, 47.951806598021676, 9.151615815957415, 49.897211457445124, 9.956847905520437, 10.57124042663679, 40.75535371584023, 36.45337227260028, 3.6341489699603526, 23.92801002528012, 41.80972877608656, 25.433979123947363, 44.12844413946595, 40.62155331557255, 0.0, 49.17416330930409, 44.476265050567044], [45.10109069455655, 37.06522801667652, 47.949805878469284, 45.21604761411644, 11.048059155375018, 25.098095943173803, 47.53727465965314, 39.928892868171395, 8.167758956166457, 44.25811074610421, 32.389067348191126, 21.576712717579703, 49.17416330930409, 0.0, 18.07917519833606, 4.859559158904284, 44.65080767408371, 34.15576891167804, 29.13994852255325, 21.044544683651576, 19.116718188862418, 25.613937092278835, 10.695785362072863, 40.17702315282463, 48.0200350002981, 45.10109069455655, 37.06522801667652, 47.949805878469284, 45.21604761411644, 11.048059155375018, 25.098095943173803, 47.53727465965314, 39.928892868171395, 8.167758956166457, 44.25811074610421, 32.389067348191126, 21.576712717579703, 49.17416330930409, 0.0, 18.07917519833606], [43.8563894167943, 51.22115822531233, 47.01557196026294, 44.56979236912347, 22.83234106713396, 9.831209912057375, 41.749404894490326, 44.76710764338615, 13.060415328262383, 49.38018364856071, 45.42609324296046, 4.906290890267678, 44.476265050567044, 18.07917519833606, 0.0, 13.271005135772926, 46.68840872859325, 40.22861346200996, 40.15162439364873, 29.448803677305435, 37.18552661474417, 36.62467170623166, 10.636185416946779, 47.16729517305565, 59.93887434606543, 43.8563894167943, 51.22115822531233, 47.01557196026294, 44.56979236912347, 22.83234106713396, 9.831209912057375, 41.749404894490326, 44.76710764338615, 13.060415328262383, 49.38018364856071, 45.42609324296046, 4.906290890267678, 44.476265050567044, 18.07917519833606, 0.0]], "M": 99999999.0}