{"num_workers": 15, "num_roles": 3, "num_nodes": 40, "w": [[300, 300], [240, 240], [150, 150], [60, 60], [150, 150], [90, 90], [0, 0], [180, 180], [60, 60], [240, 240], [180, 180], [270, 270], [120, 120], [150, 150], [120, 120], [60, 270], [60, 180], [150, 450], [30, 180], [90, 240], [180, 270], [150, 270], [60, 270], [60, 180], [90, 240], [390, 390], [300, 300], [390, 390], [90, 90], [480, 480], [300, 300], [90, 90], [420, 420], [390, 390], [360, 360], [480, 480], [330, 330], [390, 390], [450, 450], [150, 150]], "p": [0, 0, 0, 0, 0, 0, 0, 0, 0, 0, 0, 0, 0, 0, 0, 57.96302967462897, 53.32744569758668, 38.45623629681346, 44.61611862423929, 58.80384652757186, 43.045300391868054, 38.194450565818514, 28.981514837314485, 26.66372284879334, 29.40192326378593, 0, 0, 0, 0, 0, 0, 0, 0, 0, 0, 0, 0, 0, 0, 0], "e": [[1, 0, 1], [1, 1, 0], [1, 1, 0], [1, 0, 1], [1, 0, 1], [0, 1, 1], [0, 1, 0], [0, 1, 1], [1, 1, 0], [0, 1, 0], [0, 1, 0], [0, 1, 0], [0, 1, 0], [0, 1, 1], [0, 1, 0]], "d": [[0, 0, 0, 0, 1, 0, 1, 0, 0, 2], [1, 1, 1, 1, 2, 1, 0, 2, 2, 4], [0, 1, 1, 1, 0, 0, 0, 0, 2, 0]], "r": [2398, 4168, 3162, 387, 2638, 2591, 1342, 2398, 4168, 2638], "g": [[0, 0, 0, 0, 0, 0, 0, 1, 0, 0], [0, 0, 0, 0, 0, 0, 0, 0, 1, 0], [0, 0, 0, 0, 0, 0, 0, 0, 0, 0], [0, 0, 0, 0, 0, 0, 0, 0, 0, 0], [0, 0, 0, 0, 0, 0, 0, 0, 0, 1], [0, 0, 0, 0, 0, 0, 0, 0, 0, 0], [0, 0, 0, 0, 0, 0, 0, 0, 0, 0], [1, 0, 0, 0, 0, 0, 0, 0, 0, 0], [0, 1, 0, 0, 0, 0, 0, 0, 0, 0], [0, 0, 0, 0, 1, 0, 0, 0, 0, 0]], "t": [[0.0, 22.145201819675496, 16.249917253637488, 8.539479603913113, 2.052672856366691, 7.131657985229783, 17.654586598153113, 27.302114097248044, 19.907560521833897, 13.63189485774418, 19.804200147793978, 11.165645746345936, 22.635140171946496, 21.394816727369847, 20.993842950976827, 15.443713342211522, 15.127427767627033, 6.6866090308499695, 21.13006778897187, 7.805386067883017, 10.107603354702325, 24.968722835980486, 15.443713342211522, 15.127427767627033, 7.805386067883017, 0.0, 22.145201819675496, 16.249917253637488, 8.539479603913113, 2.052672856366691, 7.131657985229783, 17.654586598153113, 27.302114097248044, 19.907560521833897, 13.63189485774418, 19.804200147793978, 11.165645746345936, 22.635140171946496, 21.394816727369847, 20.993842950976827], [22.145201819675496, 0.0, 5.903482374201714, 13.801473640003877, 21.975109644826368, 21.487895875819063, 9.032895339184442, 8.482072211104882, 6.422721087407892, 20.09916547193417, 12.135617092592348, 14.817515721145561, 3.849157539400415, 3.734308688585715, 9.191451336894348, 7.4461224404042285, 20.40246590635046, 16.027688456811713, 5.951166479244687, 19.797979302219705, 15.312056487343638, 12.691536203644345, 7.4461224404042285, 20.40246590635046, 19.797979302219705, 22.145201819675496, 0.0, 5.903482374201714, 13.801473640003877, 21.975109644826368, 21.487895875819063, 9.032895339184442, 8.482072211104882, 6.422721087407892, 20.09916547193417, 12.135617092592348, 14.817515721145561, 3.849157539400415, 3.734308688585715, 9.191451336894348], [16.249917253637488, 5.903482374201714, 0.0, 7.915855360887059, 16.148078798938485, 16.13193406678925, 7.12556235522684, 12.312513956059064, 6.086670137405143, 15.609273609547765, 11.068142835644954, 9.745195835509856, 7.322107274802264, 6.187945529277032, 9.393182654468529, 3.144088884042949, 16.229919845109173, 10.288503048717743, 6.790658532399103, 14.295528605167796, 10.330036135833062, 13.97177394275293, 3.144088884042949, 16.229919845109173, 14.295528605167796, 16.249917253637488, 5.903482374201714, 0.0, 7.915855360887059, 16.148078798938485, 16.13193406678925, 7.12556235522684, 12.312513956059064, 6.086670137405143, 15.609273609547765, 11.068142835644954, 9.745195835509856, 7.322107274802264, 6.187945529277032, 9.393182654468529], [8.539479603913113, 13.801473640003877, 7.915855360887059, 0.0, 8.860952521298666, 10.645663097881492, 11.418183660701839, 18.832392688979535, 11.473503808556849, 10.971600270988759, 14.71529012065369, 5.294031421534655, 14.857189993425482, 13.63085537341263, 14.720193100637662, 7.946960508261775, 12.161739941258332, 4.29308514028734, 12.666731630314654, 7.3080414973993815, 7.505810571595673, 19.248492305432496, 7.946960508261775, 12.161739941258332, 7.3080414973993815, 8.539479603913113, 13.801473640003877, 7.915855360887059, 0.0, 8.860952521298666, 10.645663097881492, 11.418183660701839, 18.832392688979535, 11.473503808556849, 10.971600270988759, 14.71529012065369, 5.294031421534655, 14.857189993425482, 13.63085537341263, 14.720193100637662], [2.052672856366691, 21.975109644826368, 16.148078798938485, 8.860952521298666, 0.0, 5.101534755932447, 16.71423780429582, 27.67433506783062, 20.33277081929628, 15.372805023650264, 18.53868305913153, 12.30634486205331, 22.11568036508362, 20.885502302112382, 19.987756872382292, 14.956053248330743, 16.863005924184048, 6.0228661693623256, 21.51806599355728, 9.561993727094293, 8.798102387976318, 23.76264960276146, 14.956053248330743, 16.863005924184048, 9.561993727094293, 2.052672856366691, 21.975109644826368, 16.148078798938485, 8.860952521298666, 0.0, 5.101534755932447, 16.71423780429582, 27.67433506783062, 20.33277081929628, 15.372805023650264, 18.53868305913153, 12.30634486205331, 22.11568036508362, 20.885502302112382, 19.987756872382292], [7.131657985229783, 21.487895875819063, 16.13193406678925, 10.645663097881492, 5.101534755932447, 0.0, 14.471828905390717, 28.357095091102803, 21.367859602369208, 19.559179103417932, 15.310397997906755, 15.361485108732271, 20.736573769233622, 19.58011827790875, 17.411243901377773, 14.052834876923372, 21.008825666878, 6.433437838648747, 22.418107181803673, 13.94526171128957, 6.345106244993595, 20.544095998710063, 14.052834876923372, 21.008825666878, 13.94526171128957, 7.131657985229783, 21.487895875819063, 16.13193406678925, 10.645663097881492, 5.101534755932447, 0.0, 14.471828905390717, 28.357095091102803, 21.367859602369208, 19.559179103417932, 15.310397997906755, 15.361485108732271, 20.736573769233622, 19.58011827790875, 17.411243901377773], [17.654586598153113, 9.032895339184442, 7.12556235522684, 11.418183660701839, 16.71423780429582, 14.471828905390717, 0.0, 17.427956738017283, 12.822526716085527, 21.550510391827185, 3.9511488323209396, 15.419297058076404, 6.7484990221670484, 5.832186773321259, 3.3798240220468467, 4.292489276027899, 22.428577820817036, 10.981089349429391, 13.18343389651782, 18.723050474255523, 8.220486421449325, 7.8316752755746695, 4.292489276027899, 22.428577820817036, 18.723050474255523, 17.654586598153113, 9.032895339184442, 7.12556235522684, 11.418183660701839, 16.71423780429582, 14.471828905390717, 0.0, 17.427956738017283, 12.822526716085527, 21.550510391827185, 3.9511488323209396, 15.419297058076404, 6.7484990221670484, 5.832186773321259, 3.3798240220468467], [27.302114097248044, 8.482072211104882, 12.312513956059064, 18.832392688979535, 27.67433506783062, 28.357095091102803, 17.427956738017283, 0.0, 7.400740256962768, 20.686082611781096, 20.61469158944596, 17.362236880147385, 11.933316479382333, 12.151882028280763, 17.607449627968087, 14.991625475076654, 20.367482170355764, 22.223602179849067, 6.172419065381598, 22.684853592973234, 22.63780625804228, 20.640603995432254, 14.991625475076654, 20.367482170355764, 22.684853592973234, 27.302114097248044, 8.482072211104882, 12.312513956059064, 18.832392688979535, 27.67433506783062, 28.357095091102803, 17.427956738017283, 0.0, 7.400740256962768, 20.686082611781096, 20.61469158944596, 17.362236880147385, 11.933316479382333, 12.151882028280763, 17.607449627968087], [19.907560521833897, 6.422721087407892, 6.086670137405143, 11.473503808556849, 20.33277081929628, 21.367859602369208, 12.822526716085527, 7.400740256962768, 0.0, 14.49073645178486, 16.63205907458867, 10.213475263794606, 10.025018141357357, 9.44689788939436, 14.327177403911321, 9.20808219878962, 14.544245176298102, 15.068601404561573, 1.2647346354902014, 15.543414268547366, 16.071863125622027, 18.48428740722815, 9.20808219878962, 14.544245176298102, 15.543414268547366, 19.907560521833897, 6.422721087407892, 6.086670137405143, 11.473503808556849, 20.33277081929628, 21.367859602369208, 12.822526716085527, 7.400740256962768, 0.0, 14.49073645178486, 16.63205907458867, 10.213475263794606, 10.025018141357357, 9.44689788939436, 14.327177403911321], [13.63189485774418, 20.09916547193417, 15.609273609547765, 10.971600270988759, 15.372805023650264, 19.559179103417932, 21.550510391827185, 20.686082611781096, 14.49073645178486, 0.0, 25.23150449062473, 6.13257439508776, 22.749146957755897, 21.712502321026637, 24.550384480236236, 17.409586546804785, 1.4956745731329497, 14.458398448483795, 15.619586638423234, 5.827677821844535, 18.33514410079268, 29.21036176640227, 17.409586546804785, 1.4956745731329497, 5.827677821844535, 13.63189485774418, 20.09916547193417, 15.609273609547765, 10.971600270988759, 15.372805023650264, 19.559179103417932, 21.550510391827185, 20.686082611781096, 14.49073645178486, 0.0, 25.23150449062473, 6.13257439508776, 22.749146957755897, 21.712502321026637, 24.550384480236236], [19.804200147793978, 12.135617092592348, 11.068142835644954, 14.71529012065369, 18.53868305913153, 15.310397997906755, 3.9511488323209396, 20.61469158944596, 16.63205907458867, 25.23150449062473, 0.0, 19.10668698868132, 8.990735409817367, 8.496387847162723, 3.286908916853438, 8.215633174803202, 26.176586469051315, 13.373867089869226, 16.892852061173883, 21.981821893529954, 9.742839000903443, 5.256719888867063, 8.215633174803202, 26.176586469051315, 21.981821893529954, 19.804200147793978, 12.135617092592348, 11.068142835644954, 14.71529012065369, 18.53868305913153, 15.310397997906755, 3.9511488323209396, 20.61469158944596, 16.63205907458867, 25.23150449062473, 0.0, 19.10668698868132, 8.990735409817367, 8.496387847162723, 3.286908916853438], [11.165645746345936, 14.817515721145561, 9.745195835509856, 5.294031421534655, 12.30634486205331, 15.361485108732271, 15.419297058076404, 17.362236880147385, 10.213475263794606, 6.13257439508776, 19.10668698868132, 0.0, 17.034620114324532, 15.928407594038752, 18.44766126705381, 11.304450260736775, 7.103955402409017, 9.374836638423906, 11.469582165556632, 5.336530702539623, 12.795565187098061, 23.10440306136677, 11.304450260736775, 7.103955402409017, 5.336530702539623, 11.165645746345936, 14.817515721145561, 9.745195835509856, 5.294031421534655, 12.30634486205331, 15.361485108732271, 15.419297058076404, 17.362236880147385, 10.213475263794606, 6.13257439508776, 19.10668698868132, 0.0, 17.034620114324532, 15.928407594038752, 18.44766126705381], [22.635140171946496, 3.849157539400415, 7.322107274802264, 14.857189993425482, 22.11568036508362, 20.736573769233622, 6.7484990221670484, 11.933316479382333, 10.025018141357357, 22.749146957755897, 8.990735409817367, 17.034620114324532, 0.0, 1.2415167120034039, 5.7900874820826385, 7.192034947107639, 23.23308910268827, 16.099298147695464, 9.719018313368053, 21.587437790964206, 14.3925904580266, 8.865568246266148, 7.192034947107639, 23.23308910268827, 21.587437790964206, 22.635140171946496, 3.849157539400415, 7.322107274802264, 14.857189993425482, 22.11568036508362, 20.736573769233622, 6.7484990221670484, 11.933316479382333, 10.025018141357357, 22.749146957755897, 8.990735409817367, 17.034620114324532, 0.0, 1.2415167120034039, 5.7900874820826385], [21.394816727369847, 3.734308688585715, 6.187945529277032, 13.63085537341263, 20.885502302112382, 19.58011827790875, 5.832186773321259, 12.151882028280763, 9.44689788939436, 21.712502321026637, 8.496387847162723, 15.928407594038752, 1.2415167120034039, 0.0, 5.465024363562858, 5.952654367936928, 22.24123119562977, 14.866914293037343, 9.287467624822687, 20.40825027993445, 13.241818242334407, 9.102476810926904, 5.952654367936928, 22.24123119562977, 20.40825027993445, 21.394816727369847, 3.734308688585715, 6.187945529277032, 13.63085537341263, 20.885502302112382, 19.58011827790875, 5.832186773321259, 12.151882028280763, 9.44689788939436, 21.712502321026637, 8.496387847162723, 15.928407594038752, 1.2415167120034039, 0.0, 5.465024363562858], [20.993842950976827, 9.191451336894348, 9.393182654468529, 14.720193100637662, 19.987756872382292, 17.411243901377773, 3.3798240220468467, 17.607449627968087, 14.327177403911321, 24.550384480236236, 3.286908916853438, 18.44766126705381, 5.7900874820826385, 5.465024363562858, 0.0, 7.14339875225897, 25.341780127413887, 14.335901052605916, 14.406399189555065, 22.0069504458141, 11.33592819550694, 4.660522417916023, 7.14339875225897, 25.341780127413887, 22.0069504458141, 20.993842950976827, 9.191451336894348, 9.393182654468529, 14.720193100637662, 19.987756872382292, 17.411243901377773, 3.3798240220468467, 17.607449627968087, 14.327177403911321, 24.550384480236236, 3.286908916853438, 18.44766126705381, 5.7900874820826385, 5.465024363562858, 0.0], [15.443713342211522, 7.4461224404042285, 3.144088884042949, 7.946960508261775, 14.956053248330743, 14.052834876923372, 4.292489276027899, 14.991625475076654, 9.20808219878962, 17.409586546804785, 8.215633174803202, 11.304450260736775, 7.192034947107639, 5.952654367936928, 7.14339875225897, 0.0, 18.225299700647263, 8.933209053425617, 9.830737934909978, 15.079873611546832, 7.875427319696907, 11.801731285832405, 0.0, 18.225299700647263, 15.079873611546832, 15.443713342211522, 7.4461224404042285, 3.144088884042949, 7.946960508261775, 14.956053248330743, 14.052834876923372, 4.292489276027899, 14.991625475076654, 9.20808219878962, 17.409586546804785, 8.215633174803202, 11.304450260736775, 7.192034947107639, 5.952654367936928, 7.14339875225897], [15.127427767627033, 20.40246590635046, 16.229919845109173, 12.161739941258332, 16.863005924184048, 21.008825666878, 22.428577820817036, 20.367482170355764, 14.544245176298102, 1.4956745731329497, 26.176586469051315, 7.103955402409017, 23.23308910268827, 22.24123119562977, 25.341780127413887, 18.225299700647263, 0.0, 15.792712792150763, 15.61094957759602, 7.322829070005336, 19.597007139844386, 30.0, 18.225299700647263, 0.0, 7.322829070005336, 15.127427767627033, 20.40246590635046, 16.229919845109173, 12.161739941258332, 16.863005924184048, 21.008825666878, 22.428577820817036, 20.367482170355764, 14.544245176298102, 1.4956745731329497, 26.176586469051315, 7.103955402409017, 23.23308910268827, 22.24123119562977, 25.341780127413887], [6.6866090308499695, 16.027688456811713, 10.288503048717743, 4.29308514028734, 6.0228661693623256, 6.433437838648747, 10.981089349429391, 22.223602179849067, 15.068601404561573, 14.458398448483795, 13.373867089869226, 9.374836638423906, 16.099298147695464, 14.866914293037343, 14.335901052605916, 8.933209053425617, 15.792712792150763, 0.0, 16.169843426930292, 9.599769695685655, 4.183374328230025, 18.43368836866173, 8.933209053425617, 15.792712792150763, 9.599769695685655, 6.6866090308499695, 16.027688456811713, 10.288503048717743, 4.29308514028734, 6.0228661693623256, 6.433437838648747, 10.981089349429391, 22.223602179849067, 15.068601404561573, 14.458398448483795, 13.373867089869226, 9.374836638423906, 16.099298147695464, 14.866914293037343, 14.335901052605916], [21.13006778897187, 5.951166479244687, 6.790658532399103, 12.666731630314654, 21.51806599355728, 22.418107181803673, 13.18343389651782, 6.172419065381598, 1.2647346354902014, 15.619586638423234, 16.892852061173883, 11.469582165556632, 9.719018313368053, 9.287467624822687, 14.406399189555065, 9.830737934909978, 15.61094957759602, 16.169843426930292, 0.0, 16.801968839040274, 16.98060993791494, 18.387353261307794, 9.830737934909978, 15.61094957759602, 16.801968839040274, 21.13006778897187, 5.951166479244687, 6.790658532399103, 12.666731630314654, 21.51806599355728, 22.418107181803673, 13.18343389651782, 6.172419065381598, 1.2647346354902014, 15.619586638423234, 16.892852061173883, 11.469582165556632, 9.719018313368053, 9.287467624822687, 14.406399189555065], [7.805386067883017, 19.797979302219705, 14.295528605167796, 7.3080414973993815, 9.561993727094293, 13.94526171128957, 18.723050474255523, 22.684853592973234, 15.543414268547366, 5.827677821844535, 21.981821893529954, 5.336530702539623, 21.587437790964206, 20.40825027993445, 22.0069504458141, 15.079873611546832, 7.322829070005336, 9.599769695685655, 16.801968839040274, 0.0, 13.744746968993327, 26.55447523115193, 15.079873611546832, 7.322829070005336, 0.0, 7.805386067883017, 19.797979302219705, 14.295528605167796, 7.3080414973993815, 9.561993727094293, 13.94526171128957, 18.723050474255523, 22.684853592973234, 15.543414268547366, 5.827677821844535, 21.981821893529954, 5.336530702539623, 21.587437790964206, 20.40825027993445, 22.0069504458141], [10.107603354702325, 15.312056487343638, 10.330036135833062, 7.505810571595673, 8.798102387976318, 6.345106244993595, 8.220486421449325, 22.63780625804228, 16.071863125622027, 18.33514410079268, 9.742839000903443, 12.795565187098061, 14.3925904580266, 13.241818242334407, 11.33592819550694, 7.875427319696907, 19.597007139844386, 4.183374328230025, 16.98060993791494, 13.744746968993327, 0.0, 14.965469563796216, 7.875427319696907, 19.597007139844386, 13.744746968993327, 10.107603354702325, 15.312056487343638, 10.330036135833062, 7.505810571595673, 8.798102387976318, 6.345106244993595, 8.220486421449325, 22.63780625804228, 16.071863125622027, 18.33514410079268, 9.742839000903443, 12.795565187098061, 14.3925904580266, 13.241818242334407, 11.33592819550694], [24.968722835980486, 12.691536203644345, 13.97177394275293, 19.248492305432496, 23.76264960276146, 20.544095998710063, 7.8316752755746695, 20.640603995432254, 18.48428740722815, 29.21036176640227, 5.256719888867063, 23.10440306136677, 8.865568246266148, 9.102476810926904, 4.660522417916023, 11.801731285832405, 30.0, 18.43368836866173, 18.387353261307794, 26.55447523115193, 14.965469563796216, 0.0, 11.801731285832405, 30.0, 26.55447523115193, 24.968722835980486, 12.691536203644345, 13.97177394275293, 19.248492305432496, 23.76264960276146, 20.544095998710063, 7.8316752755746695, 20.640603995432254, 18.48428740722815, 29.21036176640227, 5.256719888867063, 23.10440306136677, 8.865568246266148, 9.102476810926904, 4.660522417916023], [15.443713342211522, 7.4461224404042285, 3.144088884042949, 7.946960508261775, 14.956053248330743, 14.052834876923372, 4.292489276027899, 14.991625475076654, 9.20808219878962, 17.409586546804785, 8.215633174803202, 11.304450260736775, 7.192034947107639, 5.952654367936928, 7.14339875225897, 0.0, 18.225299700647263, 8.933209053425617, 9.830737934909978, 15.079873611546832, 7.875427319696907, 11.801731285832405, 0.0, 18.225299700647263, 15.079873611546832, 15.443713342211522, 7.4461224404042285, 3.144088884042949, 7.946960508261775, 14.956053248330743, 14.052834876923372, 4.292489276027899, 14.991625475076654, 9.20808219878962, 17.409586546804785, 8.215633174803202, 11.304450260736775, 7.192034947107639, 5.952654367936928, 7.14339875225897], [15.127427767627033, 20.40246590635046, 16.229919845109173, 12.161739941258332, 16.863005924184048, 21.008825666878, 22.428577820817036, 20.367482170355764, 14.544245176298102, 1.4956745731329497, 26.176586469051315, 7.103955402409017, 23.23308910268827, 22.24123119562977, 25.341780127413887, 18.225299700647263, 0.0, 15.792712792150763, 15.61094957759602, 7.322829070005336, 19.597007139844386, 30.0, 18.225299700647263, 0.0, 7.322829070005336, 15.127427767627033, 20.40246590635046, 16.229919845109173, 12.161739941258332, 16.863005924184048, 21.008825666878, 22.428577820817036, 20.367482170355764, 14.544245176298102, 1.4956745731329497, 26.176586469051315, 7.103955402409017, 23.23308910268827, 22.24123119562977, 25.341780127413887], [7.805386067883017, 19.797979302219705, 14.295528605167796, 7.3080414973993815, 9.561993727094293, 13.94526171128957, 18.723050474255523, 22.684853592973234, 15.543414268547366, 5.827677821844535, 21.981821893529954, 5.336530702539623, 21.587437790964206, 20.40825027993445, 22.0069504458141, 15.079873611546832, 7.322829070005336, 9.599769695685655, 16.801968839040274, 0.0, 13.744746968993327, 26.55447523115193, 15.079873611546832, 7.322829070005336, 0.0, 7.805386067883017, 19.797979302219705, 14.295528605167796, 7.3080414973993815, 9.561993727094293, 13.94526171128957, 18.723050474255523, 22.684853592973234, 15.543414268547366, 5.827677821844535, 21.981821893529954, 5.336530702539623, 21.587437790964206, 20.40825027993445, 22.0069504458141], [0.0, 22.145201819675496, 16.249917253637488, 8.539479603913113, 2.052672856366691, 7.131657985229783, 17.654586598153113, 27.302114097248044, 19.907560521833897, 13.63189485774418, 19.804200147793978, 11.165645746345936, 22.635140171946496, 21.394816727369847, 20.993842950976827, 15.443713342211522, 15.127427767627033, 6.6866090308499695, 21.13006778897187, 7.805386067883017, 10.107603354702325, 24.968722835980486, 15.443713342211522, 15.127427767627033, 7.805386067883017, 0.0, 22.145201819675496, 16.249917253637488, 8.539479603913113, 2.052672856366691, 7.131657985229783, 17.654586598153113, 27.302114097248044, 19.907560521833897, 13.63189485774418, 19.804200147793978, 11.165645746345936, 22.635140171946496, 21.394816727369847, 20.993842950976827], [22.145201819675496, 0.0, 5.903482374201714, 13.801473640003877, 21.975109644826368, 21.487895875819063, 9.032895339184442, 8.482072211104882, 6.422721087407892, 20.09916547193417, 12.135617092592348, 14.817515721145561, 3.849157539400415, 3.734308688585715, 9.191451336894348, 7.4461224404042285, 20.40246590635046, 16.027688456811713, 5.951166479244687, 19.797979302219705, 15.312056487343638, 12.691536203644345, 7.4461224404042285, 20.40246590635046, 19.797979302219705, 22.145201819675496, 0.0, 5.903482374201714, 13.801473640003877, 21.975109644826368, 21.487895875819063, 9.032895339184442, 8.482072211104882, 6.422721087407892, 20.09916547193417, 12.135617092592348, 14.817515721145561, 3.849157539400415, 3.734308688585715, 9.191451336894348], [16.249917253637488, 5.903482374201714, 0.0, 7.915855360887059, 16.148078798938485, 16.13193406678925, 7.12556235522684, 12.312513956059064, 6.086670137405143, 15.609273609547765, 11.068142835644954, 9.745195835509856, 7.322107274802264, 6.187945529277032, 9.393182654468529, 3.144088884042949, 16.229919845109173, 10.288503048717743, 6.790658532399103, 14.295528605167796, 10.330036135833062, 13.97177394275293, 3.144088884042949, 16.229919845109173, 14.295528605167796, 16.249917253637488, 5.903482374201714, 0.0, 7.915855360887059, 16.148078798938485, 16.13193406678925, 7.12556235522684, 12.312513956059064, 6.086670137405143, 15.609273609547765, 11.068142835644954, 9.745195835509856, 7.322107274802264, 6.187945529277032, 9.393182654468529], [8.539479603913113, 13.801473640003877, 7.915855360887059, 0.0, 8.860952521298666, 10.645663097881492, 11.418183660701839, 18.832392688979535, 11.473503808556849, 10.971600270988759, 14.71529012065369, 5.294031421534655, 14.857189993425482, 13.63085537341263, 14.720193100637662, 7.946960508261775, 12.161739941258332, 4.29308514028734, 12.666731630314654, 7.3080414973993815, 7.505810571595673, 19.248492305432496, 7.946960508261775, 12.161739941258332, 7.3080414973993815, 8.539479603913113, 13.801473640003877, 7.915855360887059, 0.0, 8.860952521298666, 10.645663097881492, 11.418183660701839, 18.832392688979535, 11.473503808556849, 10.971600270988759, 14.71529012065369, 5.294031421534655, 14.857189993425482, 13.63085537341263, 14.720193100637662], [2.052672856366691, 21.975109644826368, 16.148078798938485, 8.860952521298666, 0.0, 5.101534755932447, 16.71423780429582, 27.67433506783062, 20.33277081929628, 15.372805023650264, 18.53868305913153, 12.30634486205331, 22.11568036508362, 20.885502302112382, 19.987756872382292, 14.956053248330743, 16.863005924184048, 6.0228661693623256, 21.51806599355728, 9.561993727094293, 8.798102387976318, 23.76264960276146, 14.956053248330743, 16.863005924184048, 9.561993727094293, 2.052672856366691, 21.975109644826368, 16.148078798938485, 8.860952521298666, 0.0, 5.101534755932447, 16.71423780429582, 27.67433506783062, 20.33277081929628, 15.372805023650264, 18.53868305913153, 12.30634486205331, 22.11568036508362, 20.885502302112382, 19.987756872382292], [7.131657985229783, 21.487895875819063, 16.13193406678925, 10.645663097881492, 5.101534755932447, 0.0, 14.471828905390717, 28.357095091102803, 21.367859602369208, 19.559179103417932, 15.310397997906755, 15.361485108732271, 20.736573769233622, 19.58011827790875, 17.411243901377773, 14.052834876923372, 21.008825666878, 6.433437838648747, 22.418107181803673, 13.94526171128957, 6.345106244993595, 20.544095998710063, 14.052834876923372, 21.008825666878, 13.94526171128957, 7.131657985229783, 21.487895875819063, 16.13193406678925, 10.645663097881492, 5.101534755932447, 0.0, 14.471828905390717, 28.357095091102803, 21.367859602369208, 19.559179103417932, 15.310397997906755, 15.361485108732271, 20.736573769233622, 19.58011827790875, 17.411243901377773], [17.654586598153113, 9.032895339184442, 7.12556235522684, 11.418183660701839, 16.71423780429582, 14.471828905390717, 0.0, 17.427956738017283, 12.822526716085527, 21.550510391827185, 3.9511488323209396, 15.419297058076404, 6.7484990221670484, 5.832186773321259, 3.3798240220468467, 4.292489276027899, 22.428577820817036, 10.981089349429391, 13.18343389651782, 18.723050474255523, 8.220486421449325, 7.8316752755746695, 4.292489276027899, 22.428577820817036, 18.723050474255523, 17.654586598153113, 9.032895339184442, 7.12556235522684, 11.418183660701839, 16.71423780429582, 14.471828905390717, 0.0, 17.427956738017283, 12.822526716085527, 21.550510391827185, 3.9511488323209396, 15.419297058076404, 6.7484990221670484, 5.832186773321259, 3.3798240220468467], [27.302114097248044, 8.482072211104882, 12.312513956059064, 18.832392688979535, 27.67433506783062, 28.357095091102803, 17.427956738017283, 0.0, 7.400740256962768, 20.686082611781096, 20.61469158944596, 17.362236880147385, 11.933316479382333, 12.151882028280763, 17.607449627968087, 14.991625475076654, 20.367482170355764, 22.223602179849067, 6.172419065381598, 22.684853592973234, 22.63780625804228, 20.640603995432254, 14.991625475076654, 20.367482170355764, 22.684853592973234, 27.302114097248044, 8.482072211104882, 12.312513956059064, 18.832392688979535, 27.67433506783062, 28.357095091102803, 17.427956738017283, 0.0, 7.400740256962768, 20.686082611781096, 20.61469158944596, 17.362236880147385, 11.933316479382333, 12.151882028280763, 17.607449627968087], [19.907560521833897, 6.422721087407892, 6.086670137405143, 11.473503808556849, 20.33277081929628, 21.367859602369208, 12.822526716085527, 7.400740256962768, 0.0, 14.49073645178486, 16.63205907458867, 10.213475263794606, 10.025018141357357, 9.44689788939436, 14.327177403911321, 9.20808219878962, 14.544245176298102, 15.068601404561573, 1.2647346354902014, 15.543414268547366, 16.071863125622027, 18.48428740722815, 9.20808219878962, 14.544245176298102, 15.543414268547366, 19.907560521833897, 6.422721087407892, 6.086670137405143, 11.473503808556849, 20.33277081929628, 21.367859602369208, 12.822526716085527, 7.400740256962768, 0.0, 14.49073645178486, 16.63205907458867, 10.213475263794606, 10.025018141357357, 9.44689788939436, 14.327177403911321], [13.63189485774418, 20.09916547193417, 15.609273609547765, 10.971600270988759, 15.372805023650264, 19.559179103417932, 21.550510391827185, 20.686082611781096, 14.49073645178486, 0.0, 25.23150449062473, 6.13257439508776, 22.749146957755897, 21.712502321026637, 24.550384480236236, 17.409586546804785, 1.4956745731329497, 14.458398448483795, 15.619586638423234, 5.827677821844535, 18.33514410079268, 29.21036176640227, 17.409586546804785, 1.4956745731329497, 5.827677821844535, 13.63189485774418, 20.09916547193417, 15.609273609547765, 10.971600270988759, 15.372805023650264, 19.559179103417932, 21.550510391827185, 20.686082611781096, 14.49073645178486, 0.0, 25.23150449062473, 6.13257439508776, 22.749146957755897, 21.712502321026637, 24.550384480236236], [19.804200147793978, 12.135617092592348, 11.068142835644954, 14.71529012065369, 18.53868305913153, 15.310397997906755, 3.9511488323209396, 20.61469158944596, 16.63205907458867, 25.23150449062473, 0.0, 19.10668698868132, 8.990735409817367, 8.496387847162723, 3.286908916853438, 8.215633174803202, 26.176586469051315, 13.373867089869226, 16.892852061173883, 21.981821893529954, 9.742839000903443, 5.256719888867063, 8.215633174803202, 26.176586469051315, 21.981821893529954, 19.804200147793978, 12.135617092592348, 11.068142835644954, 14.71529012065369, 18.53868305913153, 15.310397997906755, 3.9511488323209396, 20.61469158944596, 16.63205907458867, 25.23150449062473, 0.0, 19.10668698868132, 8.990735409817367, 8.496387847162723, 3.286908916853438], [11.165645746345936, 14.817515721145561, 9.745195835509856, 5.294031421534655, 12.30634486205331, 15.361485108732271, 15.419297058076404, 17.362236880147385, 10.213475263794606, 6.13257439508776, 19.10668698868132, 0.0, 17.034620114324532, 15.928407594038752, 18.44766126705381, 11.304450260736775, 7.103955402409017, 9.374836638423906, 11.469582165556632, 5.336530702539623, 12.795565187098061, 23.10440306136677, 11.304450260736775, 7.103955402409017, 5.336530702539623, 11.165645746345936, 14.817515721145561, 9.745195835509856, 5.294031421534655, 12.30634486205331, 15.361485108732271, 15.419297058076404, 17.362236880147385, 10.213475263794606, 6.13257439508776, 19.10668698868132, 0.0, 17.034620114324532, 15.928407594038752, 18.44766126705381], [22.635140171946496, 3.849157539400415, 7.322107274802264, 14.857189993425482, 22.11568036508362, 20.736573769233622, 6.7484990221670484, 11.933316479382333, 10.025018141357357, 22.749146957755897, 8.990735409817367, 17.034620114324532, 0.0, 1.2415167120034039, 5.7900874820826385, 7.192034947107639, 23.23308910268827, 16.099298147695464, 9.719018313368053, 21.587437790964206, 14.3925904580266, 8.865568246266148, 7.192034947107639, 23.23308910268827, 21.587437790964206, 22.635140171946496, 3.849157539400415, 7.322107274802264, 14.857189993425482, 22.11568036508362, 20.736573769233622, 6.7484990221670484, 11.933316479382333, 10.025018141357357, 22.749146957755897, 8.990735409817367, 17.034620114324532, 0.0, 1.2415167120034039, 5.7900874820826385], [21.394816727369847, 3.734308688585715, 6.187945529277032, 13.63085537341263, 20.885502302112382, 19.58011827790875, 5.832186773321259, 12.151882028280763, 9.44689788939436, 21.712502321026637, 8.496387847162723, 15.928407594038752, 1.2415167120034039, 0.0, 5.465024363562858, 5.952654367936928, 22.24123119562977, 14.866914293037343, 9.287467624822687, 20.40825027993445, 13.241818242334407, 9.102476810926904, 5.952654367936928, 22.24123119562977, 20.40825027993445, 21.394816727369847, 3.734308688585715, 6.187945529277032, 13.63085537341263, 20.885502302112382, 19.58011827790875, 5.832186773321259, 12.151882028280763, 9.44689788939436, 21.712502321026637, 8.496387847162723, 15.928407594038752, 1.2415167120034039, 0.0, 5.465024363562858], [20.993842950976827, 9.191451336894348, 9.393182654468529, 14.720193100637662, 19.987756872382292, 17.411243901377773, 3.3798240220468467, 17.607449627968087, 14.327177403911321, 24.550384480236236, 3.286908916853438, 18.44766126705381, 5.7900874820826385, 5.465024363562858, 0.0, 7.14339875225897, 25.341780127413887, 14.335901052605916, 14.406399189555065, 22.0069504458141, 11.33592819550694, 4.660522417916023, 7.14339875225897, 25.341780127413887, 22.0069504458141, 20.993842950976827, 9.191451336894348, 9.393182654468529, 14.720193100637662, 19.987756872382292, 17.411243901377773, 3.3798240220468467, 17.607449627968087, 14.327177403911321, 24.550384480236236, 3.286908916853438, 18.44766126705381, 5.7900874820826385, 5.465024363562858, 0.0]], "M": 99999999.0}