{"num_workers": 15, "num_roles": 5, "num_nodes": 40, "w": [[270, 270], [180, 180], [0, 0], [180, 180], [30, 30], [90, 90], [90, 90], [120, 120], [150, 150], [90, 90], [210, 210], [210, 210], [0, 0], [180, 180], [60, 60], [150, 420], [30, 360], [150, 420], [90, 390], [210, 390], [300, 330], [60, 300], [330, 420], [60, 420], [270, 420], [330, 330], [420, 420], [450, 450], [450, 450], [90, 90], [450, 450], [480, 480], [240, 240], [210, 210], [360, 360], [360, 360], [360, 360], [270, 270], [330, 330], [180, 180]], "p": [0, 0, 0, 0, 0, 0, 0, 0, 0, 0, 0, 0, 0, 0, 0, 23.798463940385417, 27.886491916006428, 40.41678070935632, 33.53536529569154, 64.7881649318433, 23.469009468191302, 15.790854979016405, 54.6305972807805, 61.20984350375326, 15.889888699655174, 0, 0, 0, 0, 0, 0, 0, 0, 0, 0, 0, 0, 0, 0, 0], "e": [[1, 0, 0, 0, 1], [0, 1, 0, 0, 0], [0, 1, 0, 0, 0], [0, 1, 0, 0, 1], [0, 0, 1, 0, 0], [0, 0, 0, 1, 0], [0, 0, 1, 0, 0], [1, 0, 0, 0, 0], [0, 0, 0, 1, 0], [0, 1, 0, 0, 0], [0, 0, 0, 1, 0], [0, 0, 1, 0, 0], [1, 0, 0, 0, 0], [0, 0, 0, 0, 1], [1, 0, 0, 0, 0]], "d": [[0, 0, 0, 0, 0, 0, 0, 0, 0, 0], [1, 1, 1, 1, 1, 1, 1, 1, 1, 1], [1, 2, 2, 1, 1, 2, 2, 1, 1, 1], [0, 0, 0, 1, 1, 0, 0, 1, 0, 1], [1, 2, 2, 1, 1, 2, 2, 1, 1, 1]], "r": [2032, 289, 4131, 4261, 2241, 1116, 1793, 4140, 4368, 1333], "g": [[0, 0, 0, 0, 0, 0, 0, 0, 0, 0], [0, 0, 0, 0, 0, 0, 0, 0, 0, 0], [0, 0, 0, 0, 0, 0, 0, 0, 0, 0], [0, 0, 0, 0, 0, 0, 0, 0, 0, 0], [0, 0, 0, 0, 0, 0, 0, 0, 0, 0], [0, 0, 0, 0, 0, 0, 0, 0, 0, 0], [0, 0, 0, 0, 0, 0, 0, 0, 0, 0], [0, 0, 0, 0, 0, 0, 0, 0, 0, 0], [0, 0, 0, 0, 0, 0, 0, 0, 0, 0], [0, 0, 0, 0, 0, 0, 0, 0, 0, 0]], "t": [[0.0, 22.93670301039128, 45.504963781215054, 17.172425507165453, 41.115698241820745, 12.104319488111447, 42.65264606390404, 40.62169964720317, 22.684571028971632, 22.950131869585576, 20.026395085709602, 14.204624174898594, 35.41924331646632, 29.05637789703517, 15.010909260599115, 20.8009112591867, 25.59867690442398, 9.16325522536038, 27.594518643098844, 18.191810063885693, 16.268875910769093, 36.172763808155885, 16.908133688361296, 29.82815586065634, 50.08284716414947, 0.0, 22.93670301039128, 45.504963781215054, 17.172425507165453, 41.115698241820745, 12.104319488111447, 42.65264606390404, 40.62169964720317, 22.684571028971632, 22.950131869585576, 20.026395085709602, 14.204624174898594, 35.41924331646632, 29.05637789703517, 15.010909260599115], [22.93670301039128, 0.0, 43.82771858863194, 12.666335198656244, 47.37734960507888, 23.91712376210772, 36.931481588086605, 37.71892710301681, 19.746528410039428, 37.09579779974223, 33.54396611788191, 9.948780348480062, 30.734500405410273, 49.40907677789505, 36.35211728150872, 32.439474606451206, 45.95548802656095, 29.467222230144085, 19.065712852172087, 36.70838982389502, 38.33298403247775, 14.147138551469137, 6.39775917319978, 18.930680488832273, 50.287742463735654, 22.93670301039128, 0.0, 43.82771858863194, 12.666335198656244, 47.37734960507888, 23.91712376210772, 36.931481588086605, 37.71892710301681, 19.746528410039428, 37.09579779974223, 33.54396611788191, 9.948780348480062, 30.734500405410273, 49.40907677789505, 36.35211728150872], [45.504963781215054, 43.82771858863194, 0.0, 33.69823059789136, 15.467815351110767, 33.57948376739812, 9.067454741028152, 6.138212295579685, 25.35764733909736, 30.404243840179955, 30.25102169997013, 46.78356551116769, 13.153653643724546, 45.9698376460147, 44.013389378734054, 27.946465589109934, 44.48825663938378, 41.207248043834234, 24.790651452880795, 38.070778368147494, 46.78153952053724, 42.321866063949415, 44.937516677677706, 25.5164486251083, 6.889204639102461, 45.504963781215054, 43.82771858863194, 0.0, 33.69823059789136, 15.467815351110767, 33.57948376739812, 9.067454741028152, 6.138212295579685, 25.35764733909736, 30.404243840179955, 30.25102169997013, 46.78356551116769, 13.153653643724546, 45.9698376460147, 44.013389378734054], [17.172425507165453, 12.666335198656244, 33.69823059789136, 0.0, 35.12326820600153, 12.46980782942274, 28.416659498075497, 27.86962599987385, 8.347581705600636, 24.81599342460503, 21.31493962591902, 13.09396756694885, 21.35948684187324, 38.57074037034523, 26.842451119770736, 19.972819842542982, 35.24402170672323, 20.141832526369907, 11.104253403046627, 25.65763834154612, 29.307830222422403, 21.455818363475135, 11.449335608914746, 12.903777605931761, 39.642876539472326, 17.172425507165453, 12.666335198656244, 33.69823059789136, 0.0, 35.12326820600153, 12.46980782942274, 28.416659498075497, 27.86962599987385, 8.347581705600636, 24.81599342460503, 21.31493962591902, 13.09396756694885, 21.35948684187324, 38.57074037034523, 26.842451119770736], [41.115698241820745, 47.37734960507888, 15.467815351110767, 35.12326820600153, 0.0, 29.341292939867664, 22.40408980895404, 17.490235294655538, 27.69381972234878, 20.316541474009906, 21.87200360661306, 47.06165630892794, 21.681952748621086, 32.92061696396344, 34.76060729920139, 20.46038209592649, 32.204196246860526, 34.25107410513487, 30.42785082065431, 28.25268172929508, 37.1559685835626, 50.28610472465856, 46.34545322534636, 32.43275762728676, 13.973194348490086, 41.115698241820745, 47.37734960507888, 15.467815351110767, 35.12326820600153, 0.0, 29.341292939867664, 22.40408980895404, 17.490235294655538, 27.69381972234878, 20.316541474009906, 21.87200360661306, 47.06165630892794, 21.681952748621086, 32.92061696396344, 34.76060729920139], [12.104319488111447, 23.91712376210772, 33.57948376739812, 12.46980782942274, 29.341292939867664, 0.0, 31.518985508280096, 28.98399753525664, 13.321181254326069, 13.569326630856496, 10.045971919820719, 19.40907303396158, 24.454932873657015, 26.1009595624356, 15.0285851078452, 9.76158622944555, 22.78135566632525, 9.112517622920008, 19.251502730564944, 13.188108568613998, 17.745769098739984, 33.91126044198032, 20.060248810131778, 22.01036181451182, 37.99111004047268, 12.104319488111447, 23.91712376210772, 33.57948376739812, 12.46980782942274, 29.341292939867664, 0.0, 31.518985508280096, 28.98399753525664, 13.321181254326069, 13.569326630856496, 10.045971919820719, 19.40907303396158, 24.454932873657015, 26.1009595624356, 15.0285851078452], [42.65264606390404, 36.931481588086605, 9.067454741028152, 28.416659498075497, 22.40408980895404, 31.518985508280096, 0.0, 4.974674200661325, 20.506092352703114, 32.18160974214379, 31.013951932018006, 41.33872494179931, 7.256956138252922, 48.84285493184214, 44.213920718357734, 28.48687421152248, 46.79855127520914, 40.131671561508796, 18.08253165081893, 39.0062267443672, 47.089302676356674, 33.79466185007399, 39.00599432148701, 18.045186769788003, 15.82923171796189, 42.65264606390404, 36.931481588086605, 9.067454741028152, 28.416659498075497, 22.40408980895404, 31.518985508280096, 0.0, 4.974674200661325, 20.506092352703114, 32.18160974214379, 31.013951932018006, 41.33872494179931, 7.256956138252922, 48.84285493184214, 44.213920718357734], [40.62169964720317, 37.71892710301681, 6.138212295579685, 27.86962599987385, 17.490235294655538, 28.98399753525664, 4.974674200661325, 0.0, 19.579536886395612, 28.025536489522644, 27.20161906835799, 40.96180664777901, 7.016086249931801, 44.44961219015788, 40.71853717848717, 24.730942411851633, 42.561802899777945, 37.172839738229975, 18.666699586138638, 35.19460649414229, 43.564280312742454, 36.38419775082676, 38.990837396493546, 19.389540710077558, 12.890817822365424, 40.62169964720317, 37.71892710301681, 6.138212295579685, 27.86962599987385, 17.490235294655538, 28.98399753525664, 4.974674200661325, 0.0, 19.579536886395612, 28.025536489522644, 27.20161906835799, 40.96180664777901, 7.016086249931801, 44.44961219015788, 40.71853717848717], [22.684571028971632, 19.746528410039428, 25.35764733909736, 8.347581705600636, 27.69381972234878, 13.321181254326069, 20.506092352703114, 19.579536886395612, 0.0, 21.633274088735952, 18.595850748236238, 21.42592037476904, 13.29740904102592, 37.532562973571366, 28.184663170367184, 16.500056453940434, 34.53359489404934, 22.412587996888227, 6.0690787715274395, 25.05603057447703, 30.973590203503182, 24.309808927123047, 19.713118435641707, 8.95008657406927, 31.314174379608694, 22.684571028971632, 19.746528410039428, 25.35764733909736, 8.347581705600636, 27.69381972234878, 13.321181254326069, 20.506092352703114, 19.579536886395612, 0.0, 21.633274088735952, 18.595850748236238, 21.42592037476904, 13.29740904102592, 37.532562973571366, 28.184663170367184], [22.950131869585576, 37.09579779974223, 30.404243840179955, 24.81599342460503, 20.316541474009906, 13.569326630856496, 32.18160974214379, 28.025536489522644, 21.633274088735952, 0.0, 3.5607879344919144, 32.92667073297482, 26.672478499047074, 16.91765491930778, 14.458677783699278, 5.136531632585209, 14.628171514985588, 14.680050664371768, 27.35398801164815, 8.001118508951622, 16.946610446118015, 45.4357184097066, 33.61130785688408, 30.23930600015526, 32.49929771503261, 22.950131869585576, 37.09579779974223, 30.404243840179955, 24.81599342460503, 20.316541474009906, 13.569326630856496, 32.18160974214379, 28.025536489522644, 21.633274088735952, 0.0, 3.5607879344919144, 32.92667073297482, 26.672478499047074, 16.91765491930778, 14.458677783699278], [20.026395085709602, 33.54396611788191, 30.25102169997013, 21.31493962591902, 21.87200360661306, 10.045971919820719, 31.013951932018006, 27.20161906835799, 18.595850748236238, 3.5607879344919144, 0.0, 29.438955413740544, 25.00189671934509, 19.160360519998456, 13.775080583138555, 2.549662266936105, 16.446319951664325, 12.395370805701052, 24.470620722388993, 8.002135616323745, 16.530658664445582, 42.104200135817806, 30.064776543695, 27.375706088842406, 33.071409366711286, 20.026395085709602, 33.54396611788191, 30.25102169997013, 21.31493962591902, 21.87200360661306, 10.045971919820719, 31.013951932018006, 27.20161906835799, 18.595850748236238, 3.5607879344919144, 0.0, 29.438955413740544, 25.00189671934509, 19.160360519998456, 13.775080583138555], [14.204624174898594, 9.948780348480062, 46.78356551116769, 13.09396756694885, 47.06165630892794, 19.40907303396158, 41.33872494179931, 40.96180664777901, 21.42592037476904, 32.92667073297482, 29.438955413740544, 0.0, 34.387704281976504, 42.60035192083955, 28.817510283635205, 29.057401170311902, 39.10721985878405, 22.223221085669984, 23.477821489483663, 30.583298239281266, 30.371327291785587, 24.07975781577594, 3.6260325683462153, 24.500304755094298, 52.64306927598714, 14.204624174898594, 9.948780348480062, 46.78356551116769, 13.09396756694885, 47.06165630892794, 19.40907303396158, 41.33872494179931, 40.96180664777901, 21.42592037476904, 32.92667073297482, 29.438955413740544, 0.0, 34.387704281976504, 42.60035192083955, 28.817510283635205], [35.41924331646632, 30.734500405410273, 13.153653643724546, 21.35948684187324, 21.681952748621086, 24.454932873657015, 7.256956138252922, 7.016086249931801, 13.29740904102592, 26.672478499047074, 25.00189671934509, 34.387704281976504, 0.0, 43.57516243899321, 37.700260913128275, 22.45271829248745, 41.2391283832425, 33.23449842708443, 11.66998320919317, 32.88082490332712, 40.58656756106722, 29.745609824832304, 32.23844792468846, 12.41737312290471, 19.83860720266478, 35.41924331646632, 30.734500405410273, 13.153653643724546, 21.35948684187324, 21.681952748621086, 24.454932873657015, 7.256956138252922, 7.016086249931801, 13.29740904102592, 26.672478499047074, 25.00189671934509, 34.387704281976504, 0.0, 43.57516243899321, 37.700260913128275], [29.05637789703517, 49.40907677789505, 45.9698376460147, 38.57074037034523, 32.92061696396344, 26.1009595624356, 48.84285493184214, 44.44961219015788, 37.532562973571366, 16.91765491930778, 19.160360519998456, 42.60035192083955, 43.57516243899321, 0.0, 14.073141037163282, 21.574821726109406, 3.4934305424474523, 20.377147569994, 43.51589007736672, 12.913464407565142, 13.565796454872762, 60.0, 44.47976108103355, 46.42438779477144, 46.65439273855352, 29.05637789703517, 49.40907677789505, 45.9698376460147, 38.57074037034523, 32.92061696396344, 26.1009595624356, 48.84285493184214, 44.44961219015788, 37.532562973571366, 16.91765491930778, 19.160360519998456, 42.60035192083955, 43.57516243899321, 0.0, 14.073141037163282], [15.010909260599115, 36.35211728150872, 44.013389378734054, 26.842451119770736, 34.76060729920139, 15.0285851078452, 44.213920718357734, 40.71853717848717, 28.184663170367184, 14.458677783699278, 13.775080583138555, 28.817510283635205, 37.700260913128275, 14.073141037163282, 0.0, 16.084282860180416, 10.653990835123793, 6.900395201429635, 34.20235333948526, 6.53238959916615, 2.886508368919611, 48.10468639613505, 30.98188114789897, 37.00199212339592, 46.7411844968106, 15.010909260599115, 36.35211728150872, 44.013389378734054, 26.842451119770736, 34.76060729920139, 15.0285851078452, 44.213920718357734, 40.71853717848717, 28.184663170367184, 14.458677783699278, 13.775080583138555, 28.817510283635205, 37.700260913128275, 14.073141037163282, 0.0], [20.8009112591867, 32.439474606451206, 27.946465589109934, 19.972819842542982, 20.46038209592649, 9.76158622944555, 28.48687421152248, 24.730942411851633, 16.500056453940434, 5.136531632585209, 2.549662266936105, 29.057401170311902, 22.45271829248745, 21.574821726109406, 16.084282860180416, 0.0, 18.940814401138304, 13.941192742226756, 22.258976185434786, 10.51935256909215, 18.888678309694864, 40.34534874638803, 29.379248233259794, 25.152948678877827, 31.03599722774774, 20.8009112591867, 32.439474606451206, 27.946465589109934, 19.972819842542982, 20.46038209592649, 9.76158622944555, 28.48687421152248, 24.730942411851633, 16.500056453940434, 5.136531632585209, 2.549662266936105, 29.057401170311902, 22.45271829248745, 21.574821726109406, 16.084282860180416], [25.59867690442398, 45.95548802656095, 44.48825663938378, 35.24402170672323, 32.204196246860526, 22.78135566632525, 46.79855127520914, 42.561802899777945, 34.53359489404934, 14.628171514985588, 16.446319951664325, 39.10721985878405, 41.2391283832425, 3.4934305424474523, 10.653990835123793, 18.940814401138304, 0.0, 16.884098409408026, 40.55803432063767, 9.634545639348435, 10.411727606207238, 56.692511187725, 40.992865925420595, 43.4624767727068, 45.66073121470701, 25.59867690442398, 45.95548802656095, 44.48825663938378, 35.24402170672323, 32.204196246860526, 22.78135566632525, 46.79855127520914, 42.561802899777945, 34.53359489404934, 14.628171514985588, 16.446319951664325, 39.10721985878405, 41.2391283832425, 3.4934305424474523, 10.653990835123793], [9.16325522536038, 29.467222230144085, 41.207248043834234, 20.141832526369907, 34.25107410513487, 9.112517622920008, 40.131671561508796, 37.172839738229975, 22.412587996888227, 14.680050664371768, 12.395370805701052, 22.223221085669984, 33.23449842708443, 20.377147569994, 6.900395201429635, 13.941192742226756, 16.884098409408026, 0.0, 28.27583225326258, 9.038825918722244, 9.175713885000903, 41.27040478707469, 24.20032703205053, 30.975928421018864, 44.83199461212992, 9.16325522536038, 29.467222230144085, 41.207248043834234, 20.141832526369907, 34.25107410513487, 9.112517622920008, 40.131671561508796, 37.172839738229975, 22.412587996888227, 14.680050664371768, 12.395370805701052, 22.223221085669984, 33.23449842708443, 20.377147569994, 6.900395201429635], [27.594518643098844, 19.065712852172087, 24.790651452880795, 11.104253403046627, 30.42785082065431, 19.251502730564944, 18.08253165081893, 18.666699586138638, 6.0690787715274395, 27.35398801164815, 24.470620722388993, 23.477821489483663, 11.66998320919317, 43.51589007736672, 34.20235333948526, 22.258976185434786, 40.55803432063767, 28.27583225326258, 0.0, 31.112208803136173, 36.97054160028131, 19.970933827789988, 20.963282646038735, 2.90868296271342, 31.352214275148004, 27.594518643098844, 19.065712852172087, 24.790651452880795, 11.104253403046627, 30.42785082065431, 19.251502730564944, 18.08253165081893, 18.666699586138638, 6.0690787715274395, 27.35398801164815, 24.470620722388993, 23.477821489483663, 11.66998320919317, 43.51589007736672, 34.20235333948526], [18.191810063885693, 36.70838982389502, 38.070778368147494, 25.65763834154612, 28.25268172929508, 13.188108568613998, 39.0062267443672, 35.19460649414229, 25.05603057447703, 8.001118508951622, 8.002135616323745, 30.583298239281266, 32.88082490332712, 12.913464407565142, 6.53238959916615, 10.51935256909215, 9.634545639348435, 9.038825918722244, 31.112208803136173, 0.0, 8.945517543657738, 47.0886615045666, 32.098287118954595, 34.00500571133572, 40.45680111715982, 18.191810063885693, 36.70838982389502, 38.070778368147494, 25.65763834154612, 28.25268172929508, 13.188108568613998, 39.0062267443672, 35.19460649414229, 25.05603057447703, 8.001118508951622, 8.002135616323745, 30.583298239281266, 32.88082490332712, 12.913464407565142, 6.53238959916615], [16.268875910769093, 38.33298403247775, 46.78153952053724, 29.307830222422403, 37.1559685835626, 17.745769098739984, 47.089302676356674, 43.564280312742454, 30.973590203503182, 16.946610446118015, 16.530658664445582, 30.371327291785587, 40.58656756106722, 13.565796454872762, 2.886508368919611, 18.888678309694864, 10.411727606207238, 9.175713885000903, 36.97054160028131, 8.945517543657738, 0.0, 50.425545798088535, 32.752661257927464, 39.751310928893645, 49.37259206322528, 16.268875910769093, 38.33298403247775, 46.78153952053724, 29.307830222422403, 37.1559685835626, 17.745769098739984, 47.089302676356674, 43.564280312742454, 30.973590203503182, 16.946610446118015, 16.530658664445582, 30.371327291785587, 40.58656756106722, 13.565796454872762, 2.886508368919611], [36.172763808155885, 14.147138551469137, 42.321866063949415, 21.455818363475135, 50.28610472465856, 33.91126044198032, 33.79466185007399, 36.38419775082676, 24.309808927123047, 45.4357184097066, 42.104200135817806, 24.07975781577594, 29.745609824832304, 60.0, 48.10468639613505, 40.34534874638803, 56.692511187725, 41.27040478707469, 19.970933827789988, 47.0886615045666, 50.425545798088535, 0.0, 20.483961342402438, 17.86098061982278, 49.202711359205495, 36.172763808155885, 14.147138551469137, 42.321866063949415, 21.455818363475135, 50.28610472465856, 33.91126044198032, 33.79466185007399, 36.38419775082676, 24.309808927123047, 45.4357184097066, 42.104200135817806, 24.07975781577594, 29.745609824832304, 60.0, 48.10468639613505], [16.908133688361296, 6.39775917319978, 44.937516677677706, 11.449335608914746, 46.34545322534636, 20.060248810131778, 39.00599432148701, 38.990837396493546, 19.713118435641707, 33.61130785688408, 30.064776543695, 3.6260325683462153, 32.23844792468846, 44.47976108103355, 30.98188114789897, 29.379248233259794, 40.992865925420595, 24.20032703205053, 20.963282646038735, 32.098287118954595, 32.752661257927464, 20.483961342402438, 0.0, 21.68475435246134, 51.02104483287256, 16.908133688361296, 6.39775917319978, 44.937516677677706, 11.449335608914746, 46.34545322534636, 20.060248810131778, 39.00599432148701, 38.990837396493546, 19.713118435641707, 33.61130785688408, 30.064776543695, 3.6260325683462153, 32.23844792468846, 44.47976108103355, 30.98188114789897], [29.82815586065634, 18.930680488832273, 25.5164486251083, 12.903777605931761, 32.43275762728676, 22.01036181451182, 18.045186769788003, 19.389540710077558, 8.95008657406927, 30.23930600015526, 27.375706088842406, 24.500304755094298, 12.41737312290471, 46.42438779477144, 37.00199212339592, 25.152948678877827, 43.4624767727068, 30.975928421018864, 2.90868296271342, 34.00500571133572, 39.751310928893645, 17.86098061982278, 21.68475435246134, 0.0, 32.25306592940428, 29.82815586065634, 18.930680488832273, 25.5164486251083, 12.903777605931761, 32.43275762728676, 22.01036181451182, 18.045186769788003, 19.389540710077558, 8.95008657406927, 30.23930600015526, 27.375706088842406, 24.500304755094298, 12.41737312290471, 46.42438779477144, 37.00199212339592], [50.08284716414947, 50.287742463735654, 6.889204639102461, 39.642876539472326, 13.973194348490086, 37.99111004047268, 15.82923171796189, 12.890817822365424, 31.314174379608694, 32.49929771503261, 33.071409366711286, 52.64306927598714, 19.83860720266478, 46.65439273855352, 46.7411844968106, 31.03599722774774, 45.66073121470701, 44.83199461212992, 31.352214275148004, 40.45680111715982, 49.37259206322528, 49.202711359205495, 51.02104483287256, 32.25306592940428, 0.0, 50.08284716414947, 50.287742463735654, 6.889204639102461, 39.642876539472326, 13.973194348490086, 37.99111004047268, 15.82923171796189, 12.890817822365424, 31.314174379608694, 32.49929771503261, 33.071409366711286, 52.64306927598714, 19.83860720266478, 46.65439273855352, 46.7411844968106], [0.0, 22.93670301039128, 45.504963781215054, 17.172425507165453, 41.115698241820745, 12.104319488111447, 42.65264606390404, 40.62169964720317, 22.684571028971632, 22.950131869585576, 20.026395085709602, 14.204624174898594, 35.41924331646632, 29.05637789703517, 15.010909260599115, 20.8009112591867, 25.59867690442398, 9.16325522536038, 27.594518643098844, 18.191810063885693, 16.268875910769093, 36.172763808155885, 16.908133688361296, 29.82815586065634, 50.08284716414947, 0.0, 22.93670301039128, 45.504963781215054, 17.172425507165453, 41.115698241820745, 12.104319488111447, 42.65264606390404, 40.62169964720317, 22.684571028971632, 22.950131869585576, 20.026395085709602, 14.204624174898594, 35.41924331646632, 29.05637789703517, 15.010909260599115], [22.93670301039128, 0.0, 43.82771858863194, 12.666335198656244, 47.37734960507888, 23.91712376210772, 36.931481588086605, 37.71892710301681, 19.746528410039428, 37.09579779974223, 33.54396611788191, 9.948780348480062, 30.734500405410273, 49.40907677789505, 36.35211728150872, 32.439474606451206, 45.95548802656095, 29.467222230144085, 19.065712852172087, 36.70838982389502, 38.33298403247775, 14.147138551469137, 6.39775917319978, 18.930680488832273, 50.287742463735654, 22.93670301039128, 0.0, 43.82771858863194, 12.666335198656244, 47.37734960507888, 23.91712376210772, 36.931481588086605, 37.71892710301681, 19.746528410039428, 37.09579779974223, 33.54396611788191, 9.948780348480062, 30.734500405410273, 49.40907677789505, 36.35211728150872], [45.504963781215054, 43.82771858863194, 0.0, 33.69823059789136, 15.467815351110767, 33.57948376739812, 9.067454741028152, 6.138212295579685, 25.35764733909736, 30.404243840179955, 30.25102169997013, 46.78356551116769, 13.153653643724546, 45.9698376460147, 44.013389378734054, 27.946465589109934, 44.48825663938378, 41.207248043834234, 24.790651452880795, 38.070778368147494, 46.78153952053724, 42.321866063949415, 44.937516677677706, 25.5164486251083, 6.889204639102461, 45.504963781215054, 43.82771858863194, 0.0, 33.69823059789136, 15.467815351110767, 33.57948376739812, 9.067454741028152, 6.138212295579685, 25.35764733909736, 30.404243840179955, 30.25102169997013, 46.78356551116769, 13.153653643724546, 45.9698376460147, 44.013389378734054], [17.172425507165453, 12.666335198656244, 33.69823059789136, 0.0, 35.12326820600153, 12.46980782942274, 28.416659498075497, 27.86962599987385, 8.347581705600636, 24.81599342460503, 21.31493962591902, 13.09396756694885, 21.35948684187324, 38.57074037034523, 26.842451119770736, 19.972819842542982, 35.24402170672323, 20.141832526369907, 11.104253403046627, 25.65763834154612, 29.307830222422403, 21.455818363475135, 11.449335608914746, 12.903777605931761, 39.642876539472326, 17.172425507165453, 12.666335198656244, 33.69823059789136, 0.0, 35.12326820600153, 12.46980782942274, 28.416659498075497, 27.86962599987385, 8.347581705600636, 24.81599342460503, 21.31493962591902, 13.09396756694885, 21.35948684187324, 38.57074037034523, 26.842451119770736], [41.115698241820745, 47.37734960507888, 15.467815351110767, 35.12326820600153, 0.0, 29.341292939867664, 22.40408980895404, 17.490235294655538, 27.69381972234878, 20.316541474009906, 21.87200360661306, 47.06165630892794, 21.681952748621086, 32.92061696396344, 34.76060729920139, 20.46038209592649, 32.204196246860526, 34.25107410513487, 30.42785082065431, 28.25268172929508, 37.1559685835626, 50.28610472465856, 46.34545322534636, 32.43275762728676, 13.973194348490086, 41.115698241820745, 47.37734960507888, 15.467815351110767, 35.12326820600153, 0.0, 29.341292939867664, 22.40408980895404, 17.490235294655538, 27.69381972234878, 20.316541474009906, 21.87200360661306, 47.06165630892794, 21.681952748621086, 32.92061696396344, 34.76060729920139], [12.104319488111447, 23.91712376210772, 33.57948376739812, 12.46980782942274, 29.341292939867664, 0.0, 31.518985508280096, 28.98399753525664, 13.321181254326069, 13.569326630856496, 10.045971919820719, 19.40907303396158, 24.454932873657015, 26.1009595624356, 15.0285851078452, 9.76158622944555, 22.78135566632525, 9.112517622920008, 19.251502730564944, 13.188108568613998, 17.745769098739984, 33.91126044198032, 20.060248810131778, 22.01036181451182, 37.99111004047268, 12.104319488111447, 23.91712376210772, 33.57948376739812, 12.46980782942274, 29.341292939867664, 0.0, 31.518985508280096, 28.98399753525664, 13.321181254326069, 13.569326630856496, 10.045971919820719, 19.40907303396158, 24.454932873657015, 26.1009595624356, 15.0285851078452], [42.65264606390404, 36.931481588086605, 9.067454741028152, 28.416659498075497, 22.40408980895404, 31.518985508280096, 0.0, 4.974674200661325, 20.506092352703114, 32.18160974214379, 31.013951932018006, 41.33872494179931, 7.256956138252922, 48.84285493184214, 44.213920718357734, 28.48687421152248, 46.79855127520914, 40.131671561508796, 18.08253165081893, 39.0062267443672, 47.089302676356674, 33.79466185007399, 39.00599432148701, 18.045186769788003, 15.82923171796189, 42.65264606390404, 36.931481588086605, 9.067454741028152, 28.416659498075497, 22.40408980895404, 31.518985508280096, 0.0, 4.974674200661325, 20.506092352703114, 32.18160974214379, 31.013951932018006, 41.33872494179931, 7.256956138252922, 48.84285493184214, 44.213920718357734], [40.62169964720317, 37.71892710301681, 6.138212295579685, 27.86962599987385, 17.490235294655538, 28.98399753525664, 4.974674200661325, 0.0, 19.579536886395612, 28.025536489522644, 27.20161906835799, 40.96180664777901, 7.016086249931801, 44.44961219015788, 40.71853717848717, 24.730942411851633, 42.561802899777945, 37.172839738229975, 18.666699586138638, 35.19460649414229, 43.564280312742454, 36.38419775082676, 38.990837396493546, 19.389540710077558, 12.890817822365424, 40.62169964720317, 37.71892710301681, 6.138212295579685, 27.86962599987385, 17.490235294655538, 28.98399753525664, 4.974674200661325, 0.0, 19.579536886395612, 28.025536489522644, 27.20161906835799, 40.96180664777901, 7.016086249931801, 44.44961219015788, 40.71853717848717], [22.684571028971632, 19.746528410039428, 25.35764733909736, 8.347581705600636, 27.69381972234878, 13.321181254326069, 20.506092352703114, 19.579536886395612, 0.0, 21.633274088735952, 18.595850748236238, 21.42592037476904, 13.29740904102592, 37.532562973571366, 28.184663170367184, 16.500056453940434, 34.53359489404934, 22.412587996888227, 6.0690787715274395, 25.05603057447703, 30.973590203503182, 24.309808927123047, 19.713118435641707, 8.95008657406927, 31.314174379608694, 22.684571028971632, 19.746528410039428, 25.35764733909736, 8.347581705600636, 27.69381972234878, 13.321181254326069, 20.506092352703114, 19.579536886395612, 0.0, 21.633274088735952, 18.595850748236238, 21.42592037476904, 13.29740904102592, 37.532562973571366, 28.184663170367184], [22.950131869585576, 37.09579779974223, 30.404243840179955, 24.81599342460503, 20.316541474009906, 13.569326630856496, 32.18160974214379, 28.025536489522644, 21.633274088735952, 0.0, 3.5607879344919144, 32.92667073297482, 26.672478499047074, 16.91765491930778, 14.458677783699278, 5.136531632585209, 14.628171514985588, 14.680050664371768, 27.35398801164815, 8.001118508951622, 16.946610446118015, 45.4357184097066, 33.61130785688408, 30.23930600015526, 32.49929771503261, 22.950131869585576, 37.09579779974223, 30.404243840179955, 24.81599342460503, 20.316541474009906, 13.569326630856496, 32.18160974214379, 28.025536489522644, 21.633274088735952, 0.0, 3.5607879344919144, 32.92667073297482, 26.672478499047074, 16.91765491930778, 14.458677783699278], [20.026395085709602, 33.54396611788191, 30.25102169997013, 21.31493962591902, 21.87200360661306, 10.045971919820719, 31.013951932018006, 27.20161906835799, 18.595850748236238, 3.5607879344919144, 0.0, 29.438955413740544, 25.00189671934509, 19.160360519998456, 13.775080583138555, 2.549662266936105, 16.446319951664325, 12.395370805701052, 24.470620722388993, 8.002135616323745, 16.530658664445582, 42.104200135817806, 30.064776543695, 27.375706088842406, 33.071409366711286, 20.026395085709602, 33.54396611788191, 30.25102169997013, 21.31493962591902, 21.87200360661306, 10.045971919820719, 31.013951932018006, 27.20161906835799, 18.595850748236238, 3.5607879344919144, 0.0, 29.438955413740544, 25.00189671934509, 19.160360519998456, 13.775080583138555], [14.204624174898594, 9.948780348480062, 46.78356551116769, 13.09396756694885, 47.06165630892794, 19.40907303396158, 41.33872494179931, 40.96180664777901, 21.42592037476904, 32.92667073297482, 29.438955413740544, 0.0, 34.387704281976504, 42.60035192083955, 28.817510283635205, 29.057401170311902, 39.10721985878405, 22.223221085669984, 23.477821489483663, 30.583298239281266, 30.371327291785587, 24.07975781577594, 3.6260325683462153, 24.500304755094298, 52.64306927598714, 14.204624174898594, 9.948780348480062, 46.78356551116769, 13.09396756694885, 47.06165630892794, 19.40907303396158, 41.33872494179931, 40.96180664777901, 21.42592037476904, 32.92667073297482, 29.438955413740544, 0.0, 34.387704281976504, 42.60035192083955, 28.817510283635205], [35.41924331646632, 30.734500405410273, 13.153653643724546, 21.35948684187324, 21.681952748621086, 24.454932873657015, 7.256956138252922, 7.016086249931801, 13.29740904102592, 26.672478499047074, 25.00189671934509, 34.387704281976504, 0.0, 43.57516243899321, 37.700260913128275, 22.45271829248745, 41.2391283832425, 33.23449842708443, 11.66998320919317, 32.88082490332712, 40.58656756106722, 29.745609824832304, 32.23844792468846, 12.41737312290471, 19.83860720266478, 35.41924331646632, 30.734500405410273, 13.153653643724546, 21.35948684187324, 21.681952748621086, 24.454932873657015, 7.256956138252922, 7.016086249931801, 13.29740904102592, 26.672478499047074, 25.00189671934509, 34.387704281976504, 0.0, 43.57516243899321, 37.700260913128275], [29.05637789703517, 49.40907677789505, 45.9698376460147, 38.57074037034523, 32.92061696396344, 26.1009595624356, 48.84285493184214, 44.44961219015788, 37.532562973571366, 16.91765491930778, 19.160360519998456, 42.60035192083955, 43.57516243899321, 0.0, 14.073141037163282, 21.574821726109406, 3.4934305424474523, 20.377147569994, 43.51589007736672, 12.913464407565142, 13.565796454872762, 60.0, 44.47976108103355, 46.42438779477144, 46.65439273855352, 29.05637789703517, 49.40907677789505, 45.9698376460147, 38.57074037034523, 32.92061696396344, 26.1009595624356, 48.84285493184214, 44.44961219015788, 37.532562973571366, 16.91765491930778, 19.160360519998456, 42.60035192083955, 43.57516243899321, 0.0, 14.073141037163282], [15.010909260599115, 36.35211728150872, 44.013389378734054, 26.842451119770736, 34.76060729920139, 15.0285851078452, 44.213920718357734, 40.71853717848717, 28.184663170367184, 14.458677783699278, 13.775080583138555, 28.817510283635205, 37.700260913128275, 14.073141037163282, 0.0, 16.084282860180416, 10.653990835123793, 6.900395201429635, 34.20235333948526, 6.53238959916615, 2.886508368919611, 48.10468639613505, 30.98188114789897, 37.00199212339592, 46.7411844968106, 15.010909260599115, 36.35211728150872, 44.013389378734054, 26.842451119770736, 34.76060729920139, 15.0285851078452, 44.213920718357734, 40.71853717848717, 28.184663170367184, 14.458677783699278, 13.775080583138555, 28.817510283635205, 37.700260913128275, 14.073141037163282, 0.0]], "M": 99999999.0}