{"num_workers": 15, "num_roles": 3, "num_nodes": 40, "w": [[60, 60], [180, 180], [0, 0], [180, 180], [30, 30], [270, 270], [210, 210], [60, 60], [30, 30], [30, 30], [60, 60], [30, 30], [120, 120], [150, 150], [240, 240], [60, 450], [120, 360], [60, 270], [120, 240], [330, 450], [300, 390], [120, 330], [60, 270], [60, 450], [330, 450], [300, 300], [480, 480], [390, 390], [240, 240], [480, 480], [390, 390], [270, 270], [420, 420], [450, 450], [360, 360], [450, 450], [450, 450], [270, 270], [450, 450], [360, 360]], "p": [0, 0, 0, 0, 0, 0, 0, 0, 0, 0, 0, 0, 0, 0, 0, 26.516321475548565, 34.55770804274723, 53.19738722893306, 47.92782435622915, 55.35782080460437, 19.81150023378968, 27.741703872267927, 26.59869361446653, 13.258160737774283, 27.678910402302186, 0, 0, 0, 0, 0, 0, 0, 0, 0, 0, 0, 0, 0, 0, 0], "e": [[1, 1, 0], [0, 1, 1], [1, 1, 0], [1, 1, 0], [0, 1, 1], [0, 1, 0], [0, 1, 0], [0, 1, 0], [1, 1, 0], [1, 1, 0], [0, 1, 1], [0, 1, 1], [0, 0, 1], [0, 0, 1], [1, 0, 0]], "d": [[1, 1, 1, 1, 0, 0, 1, 2, 2, 0], [1, 1, 1, 1, 1, 1, 1, 2, 2, 2], [0, 0, 0, 0, 1, 1, 0, 0, 0, 2]], "r": [2086, 3331, 2450, 2835, 365, 4591, 4125, 2450, 2086, 365], "g": [[0, 0, 0, 0, 0, 0, 0, 0, 1, 0], [0, 0, 0, 0, 0, 0, 0, 0, 0, 0], [0, 0, 0, 0, 0, 0, 0, 1, 0, 0], [0, 0, 0, 0, 0, 0, 0, 0, 0, 0], [0, 0, 0, 0, 0, 0, 0, 0, 0, 1], [0, 0, 0, 0, 0, 0, 0, 0, 0, 0], [0, 0, 0, 0, 0, 0, 0, 0, 0, 0], [0, 0, 1, 0, 0, 0, 0, 0, 0, 0], [1, 0, 0, 0, 0, 0, 0, 0, 0, 0], [0, 0, 0, 0, 1, 0, 0, 0, 0, 0]], "t": [[0.0, 23.496407699689755, 6.856564066052032, 13.59447653437794, 20.442912481949737, 5.2812876606376875, 11.674894710548918, 6.127793704710672, 4.543847351086933, 17.639897786312304, 1.105761069704424, 9.835208274896347, 2.622965244015326, 3.709239547202176, 13.761850009067508, 4.115777287993912, 12.040539526019575, 12.913212105054713, 5.928876762060504, 5.8164326145738885, 15.54191271045185, 2.309874776523166, 12.913212105054713, 4.115777287993912, 5.8164326145738885, 0.0, 23.496407699689755, 6.856564066052032, 13.59447653437794, 20.442912481949737, 5.2812876606376875, 11.674894710548918, 6.127793704710672, 4.543847351086933, 17.639897786312304, 1.105761069704424, 9.835208274896347, 2.622965244015326, 3.709239547202176, 13.761850009067508], [23.496407699689755, 0.0, 30.0, 25.75152897586934, 8.381684624395087, 25.33515914687502, 22.644626506041572, 24.732706376168213, 21.854676582982325, 9.385153924443737, 24.598536575256524, 23.61767428432497, 21.99113050517631, 20.424840806410998, 18.587664781260198, 27.581897337395425, 11.748349901154208, 26.754897737648758, 29.331056499198592, 19.556774902210417, 19.75096406861382, 22.207068390072735, 26.754897737648758, 27.581897337395425, 19.556774902210417, 23.496407699689755, 0.0, 30.0, 25.75152897586934, 8.381684624395087, 25.33515914687502, 22.644626506041572, 24.732706376168213, 21.854676582982325, 9.385153924443737, 24.598536575256524, 23.61767428432497, 21.99113050517631, 20.424840806410998, 18.587664781260198], [6.856564066052032, 30.0, 0.0, 17.836332560811226, 27.299328121204365, 9.116715087988018, 13.301726834699995, 10.416581971475841, 10.654793435555442, 24.496432143308024, 5.802902449548019, 14.691157630354699, 8.015527375763815, 10.525257166507105, 19.94149147830516, 3.7877056814728918, 18.800305067442448, 16.670385089560703, 1.4064034435734594, 10.827708771568272, 18.303369699692208, 8.88757774031831, 16.670385089560703, 3.7877056814728918, 10.827708771568272, 6.856564066052032, 30.0, 0.0, 17.836332560811226, 27.299328121204365, 9.116715087988018, 13.301726834699995, 10.416581971475841, 10.654793435555442, 24.496432143308024, 5.802902449548019, 14.691157630354699, 8.015527375763815, 10.525257166507105, 19.94149147830516], [13.59447653437794, 25.75152897586934, 17.836332560811226, 0.0, 18.68513691581473, 8.871898244639599, 24.65972611912204, 7.669862459563746, 9.446219446024957, 16.595044020942918, 13.855175616910902, 3.8784223517236756, 15.579399799436256, 11.676377931093494, 7.341322476551231, 14.141193477911559, 15.563768655553561, 1.6170646073717407, 16.430561432302788, 17.605620349850938, 27.372722545009093, 11.643762132451169, 1.6170646073717407, 14.141193477911559, 17.605620349850938, 13.59447653437794, 25.75152897586934, 17.836332560811226, 0.0, 18.68513691581473, 8.871898244639599, 24.65972611912204, 7.669862459563746, 9.446219446024957, 16.595044020942918, 13.855175616910902, 3.8784223517236756, 15.579399799436256, 11.676377931093494, 7.341322476551231], [20.442912481949737, 8.381684624395087, 27.299328121204365, 18.68513691581473, 0.0, 20.565951821579265, 23.866499926549807, 19.644459342007536, 17.400304581184216, 2.8041141397502187, 21.509190505413436, 17.387016356743988, 19.827640250585286, 16.81607474803312, 11.346049627477681, 24.152790098513588, 8.983923237521655, 19.92943541679629, 26.3142061205389, 18.483044299926878, 22.721391006122605, 18.55285421377905, 19.92943541679629, 24.152790098513588, 18.483044299926878, 20.442912481949737, 8.381684624395087, 27.299328121204365, 18.68513691581473, 0.0, 20.565951821579265, 23.866499926549807, 19.644459342007536, 17.400304581184216, 2.8041141397502187, 21.509190505413436, 17.387016356743988, 19.827640250585286, 16.81607474803312, 11.346049627477681], [5.2812876606376875, 25.33515914687502, 9.116715087988018, 8.871898244639599, 20.565951821579265, 0.0, 16.946295515897038, 1.3072175383117408, 3.5008412632387382, 17.848763754853916, 5.210473501601803, 5.576134124830407, 7.760714672113239, 5.493248004973129, 11.321736371396703, 5.3441443509459745, 13.608321727133134, 7.920013438246246, 7.730794893603406, 10.623558264838376, 20.60511509460799, 4.217617559289347, 7.920013438246246, 5.3441443509459745, 10.623558264838376, 5.2812876606376875, 25.33515914687502, 9.116715087988018, 8.871898244639599, 20.565951821579265, 0.0, 16.946295515897038, 1.3072175383117408, 3.5008412632387382, 17.848763754853916, 5.210473501601803, 5.576134124830407, 7.760714672113239, 5.493248004973129, 11.321736371396703], [11.674894710548918, 22.644626506041572, 13.301726834699995, 24.65972611912204, 23.866499926549807, 16.946295515897038, 0.0, 17.678246392761167, 15.225683117096178, 21.504753235720113, 11.988938820275955, 20.78141268101296, 9.234728133685568, 13.009886296401445, 22.436852798818588, 13.988629777730912, 15.280704973246465, 24.253468063056985, 13.74294412582232, 7.200745054811294, 5.206764579055931, 13.137693764690388, 24.253468063056985, 13.988629777730912, 7.200745054811294, 11.674894710548918, 22.644626506041572, 13.301726834699995, 24.65972611912204, 23.866499926549807, 16.946295515897038, 0.0, 17.678246392761167, 15.225683117096178, 21.504753235720113, 11.988938820275955, 20.78141268101296, 9.234728133685568, 13.009886296401445, 22.436852798818588], [6.127793704710672, 24.732706376168213, 10.416581971475841, 7.669862459563746, 19.644459342007536, 1.3072175383117408, 17.678246392761167, 0.0, 3.222592740859355, 16.965767369249455, 6.233528596218839, 4.274673540523477, 8.444010477425332, 5.53325494768984, 10.09448916829394, 6.63761189734082, 13.075991807886423, 6.8242000969135335, 9.033979463145748, 11.086629381119412, 21.10601020386752, 4.628461375988052, 6.8242000969135335, 6.63761189734082, 11.086629381119412, 6.127793704710672, 24.732706376168213, 10.416581971475841, 7.669862459563746, 19.644459342007536, 1.3072175383117408, 17.678246392761167, 0.0, 3.222592740859355, 16.965767369249455, 6.233528596218839, 4.274673540523477, 8.444010477425332, 5.53325494768984, 10.09448916829394], [4.543847351086933, 21.854676582982325, 10.654793435555442, 9.446219446024957, 17.400304581184216, 3.5008412632387382, 15.225683117096178, 3.222592740859355, 0.0, 14.635270256120124, 5.203357406581558, 5.57498829742822, 6.158432910458525, 2.417356696993206, 9.3487464130831, 7.050332198426116, 10.116505953239496, 9.059261073252951, 9.428012482844213, 8.280121231699486, 18.244048168807826, 2.3022322455558037, 9.059261073252951, 7.050332198426116, 8.280121231699486, 4.543847351086933, 21.854676582982325, 10.654793435555442, 9.446219446024957, 17.400304581184216, 3.5008412632387382, 15.225683117096178, 3.222592740859355, 0.0, 14.635270256120124, 5.203357406581558, 5.57498829742822, 6.158432910458525, 2.417356696993206, 9.3487464130831], [17.639897786312304, 9.385153924443737, 24.496432143308024, 16.595044020942918, 2.8041141397502187, 17.848763754853916, 21.504753235720113, 16.965767369249455, 14.635270256120124, 0.0, 18.70531035171346, 14.948549713212635, 17.0615093219362, 14.012387286750437, 9.303360068441341, 21.35333682779997, 6.358863698841862, 17.730837204836575, 23.510234496630694, 15.834398043634524, 20.76920321634254, 15.751678430523354, 17.730837204836575, 21.35333682779997, 15.834398043634524, 17.639897786312304, 9.385153924443737, 24.496432143308024, 16.595044020942918, 2.8041141397502187, 17.848763754853916, 21.504753235720113, 16.965767369249455, 14.635270256120124, 0.0, 18.70531035171346, 14.948549713212635, 17.0615093219362, 14.012387286750437, 9.303360068441341], [1.105761069704424, 24.598536575256524, 5.802902449548019, 13.855175616910902, 21.509190505413436, 5.210473501601803, 11.988938820275955, 6.233528596218839, 5.203357406581558, 18.70531035171346, 0.0, 10.197535985431248, 3.3550199031028916, 4.723167724273895, 14.531885115045702, 3.0444791026201563, 13.143670491848717, 13.056844783299638, 4.832356827463542, 6.624433280418528, 16.103572770542016, 3.1485289006816433, 13.056844783299638, 3.0444791026201563, 6.624433280418528, 1.105761069704424, 24.598536575256524, 5.802902449548019, 13.855175616910902, 21.509190505413436, 5.210473501601803, 11.988938820275955, 6.233528596218839, 5.203357406581558, 18.70531035171346, 0.0, 10.197535985431248, 3.3550199031028916, 4.723167724273895, 14.531885115045702], [9.835208274896347, 23.61767428432497, 14.691157630354699, 3.8784223517236756, 17.387016356743988, 5.576134124830407, 20.78141268101296, 4.274673540523477, 5.57498829742822, 14.948549713212635, 10.197535985431248, 0.0, 11.723128746353655, 7.803092625294208, 6.606341581170109, 10.911604635469653, 12.639897239404112, 3.7687328314989923, 13.306916480553866, 13.73691367125083, 23.55513499856265, 7.801838707607403, 3.7687328314989923, 10.911604635469653, 13.73691367125083, 9.835208274896347, 23.61767428432497, 14.691157630354699, 3.8784223517236756, 17.387016356743988, 5.576134124830407, 20.78141268101296, 4.274673540523477, 5.57498829742822, 14.948549713212635, 10.197535985431248, 0.0, 11.723128746353655, 7.803092625294208, 6.606341581170109], [2.622965244015326, 21.99113050517631, 8.015527375763815, 15.579399799436256, 19.827640250585286, 7.760714672113239, 9.234728133685568, 8.444010477425332, 6.158432910458525, 17.0615093219362, 3.3550199031028916, 11.723128746353655, 0.0, 4.304964346138676, 14.643019129165326, 6.256690459551819, 11.01923378205746, 15.067679749501929, 7.4689123917961915, 3.2712410294430794, 12.927199856501336, 3.9444147494130197, 15.067679749501929, 6.256690459551819, 3.2712410294430794, 2.622965244015326, 21.99113050517631, 8.015527375763815, 15.579399799436256, 19.827640250585286, 7.760714672113239, 9.234728133685568, 8.444010477425332, 6.158432910458525, 17.0615093219362, 3.3550199031028916, 11.723128746353655, 0.0, 4.304964346138676, 14.643019129165326], [3.709239547202176, 20.424840806410998, 10.525257166507105, 11.676377931093494, 16.81607474803312, 5.493248004973129, 13.009886296401445, 5.53325494768984, 2.417356696993206, 14.012387286750437, 4.723167724273895, 7.803092625294208, 4.304964346138676, 0.0, 10.37745486317615, 7.377184470754103, 8.732879362490376, 11.40574530138236, 9.499083839210986, 5.93648841035577, 15.847735990856004, 1.7976409004674285, 11.40574530138236, 7.377184470754103, 5.93648841035577, 3.709239547202176, 20.424840806410998, 10.525257166507105, 11.676377931093494, 16.81607474803312, 5.493248004973129, 13.009886296401445, 5.53325494768984, 2.417356696993206, 14.012387286750437, 4.723167724273895, 7.803092625294208, 4.304964346138676, 0.0, 10.37745486317615], [13.761850009067508, 18.587664781260198, 19.94149147830516, 7.341322476551231, 11.346049627477681, 11.321736371396703, 22.436852798818588, 10.09448916829394, 9.3487464130831, 9.303360068441341, 14.531885115045702, 6.606341581170109, 14.643019129165326, 10.37745486317615, 0.0, 16.227712327075952, 9.665686471594038, 8.605587333523038, 18.656438614338988, 15.322862727958427, 23.83545528625375, 11.452868884592268, 8.605587333523038, 16.227712327075952, 15.322862727958427, 13.761850009067508, 18.587664781260198, 19.94149147830516, 7.341322476551231, 11.346049627477681, 11.321736371396703, 22.436852798818588, 10.09448916829394, 9.3487464130831, 9.303360068441341, 14.531885115045702, 6.606341581170109, 14.643019129165326, 10.37745486317615, 0.0], [4.115777287993912, 27.581897337395425, 3.7877056814728918, 14.141193477911559, 24.152790098513588, 5.3441443509459745, 13.988629777730912, 6.63761189734082, 7.050332198426116, 21.35333682779997, 3.0444791026201563, 10.911604635469653, 6.256690459551819, 7.377184470754103, 16.227712327075952, 0.0, 16.03070420666288, 13.048671293589088, 2.4373442764082363, 9.502312918551688, 18.508227460197006, 5.60572598649928, 13.048671293589088, 0.0, 9.502312918551688, 4.115777287993912, 27.581897337395425, 3.7877056814728918, 14.141193477911559, 24.152790098513588, 5.3441443509459745, 13.988629777730912, 6.63761189734082, 7.050332198426116, 21.35333682779997, 3.0444791026201563, 10.911604635469653, 6.256690459551819, 7.377184470754103, 16.227712327075952], [12.040539526019575, 11.748349901154208, 18.800305067442448, 15.563768655553561, 8.983923237521655, 13.608321727133134, 15.280704973246465, 13.075991807886423, 10.116505953239496, 6.358863698841862, 13.143670491848717, 12.639897239404112, 11.01923378205746, 8.732879362490376, 9.665686471594038, 16.03070420666288, 0.0, 16.19211099119695, 17.965456858458435, 9.49983378410449, 15.178642169982444, 10.528614619849623, 16.19211099119695, 16.03070420666288, 9.49983378410449, 12.040539526019575, 11.748349901154208, 18.800305067442448, 15.563768655553561, 8.983923237521655, 13.608321727133134, 15.280704973246465, 13.075991807886423, 10.116505953239496, 6.358863698841862, 13.143670491848717, 12.639897239404112, 11.01923378205746, 8.732879362490376, 9.665686471594038], [12.913212105054713, 26.754897737648758, 16.670385089560703, 1.6170646073717407, 19.92943541679629, 7.920013438246246, 24.253468063056985, 6.8242000969135335, 9.059261073252951, 17.730837204836575, 13.056844783299638, 3.7687328314989923, 15.067679749501929, 11.40574530138236, 8.605587333523038, 13.048671293589088, 16.19211099119695, 0.0, 15.264988448247719, 17.330488492322583, 27.235290552987536, 11.128086706900271, 0.0, 13.048671293589088, 17.330488492322583, 12.913212105054713, 26.754897737648758, 16.670385089560703, 1.6170646073717407, 19.92943541679629, 7.920013438246246, 24.253468063056985, 6.8242000969135335, 9.059261073252951, 17.730837204836575, 13.056844783299638, 3.7687328314989923, 15.067679749501929, 11.40574530138236, 8.605587333523038], [5.928876762060504, 29.331056499198592, 1.4064034435734594, 16.430561432302788, 26.3142061205389, 7.730794893603406, 13.74294412582232, 9.033979463145748, 9.428012482844213, 23.510234496630694, 4.832356827463542, 13.306916480553866, 7.4689123917961915, 9.499083839210986, 18.656438614338988, 2.4373442764082363, 17.965456858458435, 15.264988448247719, 0.0, 10.495769640480377, 18.60194990764314, 7.794811206084759, 15.264988448247719, 2.4373442764082363, 10.495769640480377, 5.928876762060504, 29.331056499198592, 1.4064034435734594, 16.430561432302788, 26.3142061205389, 7.730794893603406, 13.74294412582232, 9.033979463145748, 9.428012482844213, 23.510234496630694, 4.832356827463542, 13.306916480553866, 7.4689123917961915, 9.499083839210986, 18.656438614338988], [5.8164326145738885, 19.556774902210417, 10.827708771568272, 17.605620349850938, 18.483044299926878, 10.623558264838376, 7.200745054811294, 11.086629381119412, 8.280121231699486, 15.834398043634524, 6.624433280418528, 13.73691367125083, 3.2712410294430794, 5.93648841035577, 15.322862727958427, 9.502312918551688, 9.49983378410449, 17.330488492322583, 10.495769640480377, 0.0, 10.019582964171626, 6.464356156054208, 17.330488492322583, 9.502312918551688, 0.0, 5.8164326145738885, 19.556774902210417, 10.827708771568272, 17.605620349850938, 18.483044299926878, 10.623558264838376, 7.200745054811294, 11.086629381119412, 8.280121231699486, 15.834398043634524, 6.624433280418528, 13.73691367125083, 3.2712410294430794, 5.93648841035577, 15.322862727958427], [15.54191271045185, 19.75096406861382, 18.303369699692208, 27.372722545009093, 22.721391006122605, 20.60511509460799, 5.206764579055931, 21.10601020386752, 18.244048168807826, 20.76920321634254, 16.103572770542016, 23.55513499856265, 12.927199856501336, 15.847735990856004, 23.83545528625375, 18.508227460197006, 15.178642169982444, 27.235290552987536, 18.60194990764314, 10.019582964171626, 0.0, 16.48124559858394, 27.235290552987536, 18.508227460197006, 10.019582964171626, 15.54191271045185, 19.75096406861382, 18.303369699692208, 27.372722545009093, 22.721391006122605, 20.60511509460799, 5.206764579055931, 21.10601020386752, 18.244048168807826, 20.76920321634254, 16.103572770542016, 23.55513499856265, 12.927199856501336, 15.847735990856004, 23.83545528625375], [2.309874776523166, 22.207068390072735, 8.88757774031831, 11.643762132451169, 18.55285421377905, 4.217617559289347, 13.137693764690388, 4.628461375988052, 2.3022322455558037, 15.751678430523354, 3.1485289006816433, 7.801838707607403, 3.9444147494130197, 1.7976409004674285, 11.452868884592268, 5.60572598649928, 10.528614619849623, 11.128086706900271, 7.794811206084759, 6.464356156054208, 16.48124559858394, 0.0, 11.128086706900271, 5.60572598649928, 6.464356156054208, 2.309874776523166, 22.207068390072735, 8.88757774031831, 11.643762132451169, 18.55285421377905, 4.217617559289347, 13.137693764690388, 4.628461375988052, 2.3022322455558037, 15.751678430523354, 3.1485289006816433, 7.801838707607403, 3.9444147494130197, 1.7976409004674285, 11.452868884592268], [12.913212105054713, 26.754897737648758, 16.670385089560703, 1.6170646073717407, 19.92943541679629, 7.920013438246246, 24.253468063056985, 6.8242000969135335, 9.059261073252951, 17.730837204836575, 13.056844783299638, 3.7687328314989923, 15.067679749501929, 11.40574530138236, 8.605587333523038, 13.048671293589088, 16.19211099119695, 0.0, 15.264988448247719, 17.330488492322583, 27.235290552987536, 11.128086706900271, 0.0, 13.048671293589088, 17.330488492322583, 12.913212105054713, 26.754897737648758, 16.670385089560703, 1.6170646073717407, 19.92943541679629, 7.920013438246246, 24.253468063056985, 6.8242000969135335, 9.059261073252951, 17.730837204836575, 13.056844783299638, 3.7687328314989923, 15.067679749501929, 11.40574530138236, 8.605587333523038], [4.115777287993912, 27.581897337395425, 3.7877056814728918, 14.141193477911559, 24.152790098513588, 5.3441443509459745, 13.988629777730912, 6.63761189734082, 7.050332198426116, 21.35333682779997, 3.0444791026201563, 10.911604635469653, 6.256690459551819, 7.377184470754103, 16.227712327075952, 0.0, 16.03070420666288, 13.048671293589088, 2.4373442764082363, 9.502312918551688, 18.508227460197006, 5.60572598649928, 13.048671293589088, 0.0, 9.502312918551688, 4.115777287993912, 27.581897337395425, 3.7877056814728918, 14.141193477911559, 24.152790098513588, 5.3441443509459745, 13.988629777730912, 6.63761189734082, 7.050332198426116, 21.35333682779997, 3.0444791026201563, 10.911604635469653, 6.256690459551819, 7.377184470754103, 16.227712327075952], [5.8164326145738885, 19.556774902210417, 10.827708771568272, 17.605620349850938, 18.483044299926878, 10.623558264838376, 7.200745054811294, 11.086629381119412, 8.280121231699486, 15.834398043634524, 6.624433280418528, 13.73691367125083, 3.2712410294430794, 5.93648841035577, 15.322862727958427, 9.502312918551688, 9.49983378410449, 17.330488492322583, 10.495769640480377, 0.0, 10.019582964171626, 6.464356156054208, 17.330488492322583, 9.502312918551688, 0.0, 5.8164326145738885, 19.556774902210417, 10.827708771568272, 17.605620349850938, 18.483044299926878, 10.623558264838376, 7.200745054811294, 11.086629381119412, 8.280121231699486, 15.834398043634524, 6.624433280418528, 13.73691367125083, 3.2712410294430794, 5.93648841035577, 15.322862727958427], [0.0, 23.496407699689755, 6.856564066052032, 13.59447653437794, 20.442912481949737, 5.2812876606376875, 11.674894710548918, 6.127793704710672, 4.543847351086933, 17.639897786312304, 1.105761069704424, 9.835208274896347, 2.622965244015326, 3.709239547202176, 13.761850009067508, 4.115777287993912, 12.040539526019575, 12.913212105054713, 5.928876762060504, 5.8164326145738885, 15.54191271045185, 2.309874776523166, 12.913212105054713, 4.115777287993912, 5.8164326145738885, 0.0, 23.496407699689755, 6.856564066052032, 13.59447653437794, 20.442912481949737, 5.2812876606376875, 11.674894710548918, 6.127793704710672, 4.543847351086933, 17.639897786312304, 1.105761069704424, 9.835208274896347, 2.622965244015326, 3.709239547202176, 13.761850009067508], [23.496407699689755, 0.0, 30.0, 25.75152897586934, 8.381684624395087, 25.33515914687502, 22.644626506041572, 24.732706376168213, 21.854676582982325, 9.385153924443737, 24.598536575256524, 23.61767428432497, 21.99113050517631, 20.424840806410998, 18.587664781260198, 27.581897337395425, 11.748349901154208, 26.754897737648758, 29.331056499198592, 19.556774902210417, 19.75096406861382, 22.207068390072735, 26.754897737648758, 27.581897337395425, 19.556774902210417, 23.496407699689755, 0.0, 30.0, 25.75152897586934, 8.381684624395087, 25.33515914687502, 22.644626506041572, 24.732706376168213, 21.854676582982325, 9.385153924443737, 24.598536575256524, 23.61767428432497, 21.99113050517631, 20.424840806410998, 18.587664781260198], [6.856564066052032, 30.0, 0.0, 17.836332560811226, 27.299328121204365, 9.116715087988018, 13.301726834699995, 10.416581971475841, 10.654793435555442, 24.496432143308024, 5.802902449548019, 14.691157630354699, 8.015527375763815, 10.525257166507105, 19.94149147830516, 3.7877056814728918, 18.800305067442448, 16.670385089560703, 1.4064034435734594, 10.827708771568272, 18.303369699692208, 8.88757774031831, 16.670385089560703, 3.7877056814728918, 10.827708771568272, 6.856564066052032, 30.0, 0.0, 17.836332560811226, 27.299328121204365, 9.116715087988018, 13.301726834699995, 10.416581971475841, 10.654793435555442, 24.496432143308024, 5.802902449548019, 14.691157630354699, 8.015527375763815, 10.525257166507105, 19.94149147830516], [13.59447653437794, 25.75152897586934, 17.836332560811226, 0.0, 18.68513691581473, 8.871898244639599, 24.65972611912204, 7.669862459563746, 9.446219446024957, 16.595044020942918, 13.855175616910902, 3.8784223517236756, 15.579399799436256, 11.676377931093494, 7.341322476551231, 14.141193477911559, 15.563768655553561, 1.6170646073717407, 16.430561432302788, 17.605620349850938, 27.372722545009093, 11.643762132451169, 1.6170646073717407, 14.141193477911559, 17.605620349850938, 13.59447653437794, 25.75152897586934, 17.836332560811226, 0.0, 18.68513691581473, 8.871898244639599, 24.65972611912204, 7.669862459563746, 9.446219446024957, 16.595044020942918, 13.855175616910902, 3.8784223517236756, 15.579399799436256, 11.676377931093494, 7.341322476551231], [20.442912481949737, 8.381684624395087, 27.299328121204365, 18.68513691581473, 0.0, 20.565951821579265, 23.866499926549807, 19.644459342007536, 17.400304581184216, 2.8041141397502187, 21.509190505413436, 17.387016356743988, 19.827640250585286, 16.81607474803312, 11.346049627477681, 24.152790098513588, 8.983923237521655, 19.92943541679629, 26.3142061205389, 18.483044299926878, 22.721391006122605, 18.55285421377905, 19.92943541679629, 24.152790098513588, 18.483044299926878, 20.442912481949737, 8.381684624395087, 27.299328121204365, 18.68513691581473, 0.0, 20.565951821579265, 23.866499926549807, 19.644459342007536, 17.400304581184216, 2.8041141397502187, 21.509190505413436, 17.387016356743988, 19.827640250585286, 16.81607474803312, 11.346049627477681], [5.2812876606376875, 25.33515914687502, 9.116715087988018, 8.871898244639599, 20.565951821579265, 0.0, 16.946295515897038, 1.3072175383117408, 3.5008412632387382, 17.848763754853916, 5.210473501601803, 5.576134124830407, 7.760714672113239, 5.493248004973129, 11.321736371396703, 5.3441443509459745, 13.608321727133134, 7.920013438246246, 7.730794893603406, 10.623558264838376, 20.60511509460799, 4.217617559289347, 7.920013438246246, 5.3441443509459745, 10.623558264838376, 5.2812876606376875, 25.33515914687502, 9.116715087988018, 8.871898244639599, 20.565951821579265, 0.0, 16.946295515897038, 1.3072175383117408, 3.5008412632387382, 17.848763754853916, 5.210473501601803, 5.576134124830407, 7.760714672113239, 5.493248004973129, 11.321736371396703], [11.674894710548918, 22.644626506041572, 13.301726834699995, 24.65972611912204, 23.866499926549807, 16.946295515897038, 0.0, 17.678246392761167, 15.225683117096178, 21.504753235720113, 11.988938820275955, 20.78141268101296, 9.234728133685568, 13.009886296401445, 22.436852798818588, 13.988629777730912, 15.280704973246465, 24.253468063056985, 13.74294412582232, 7.200745054811294, 5.206764579055931, 13.137693764690388, 24.253468063056985, 13.988629777730912, 7.200745054811294, 11.674894710548918, 22.644626506041572, 13.301726834699995, 24.65972611912204, 23.866499926549807, 16.946295515897038, 0.0, 17.678246392761167, 15.225683117096178, 21.504753235720113, 11.988938820275955, 20.78141268101296, 9.234728133685568, 13.009886296401445, 22.436852798818588], [6.127793704710672, 24.732706376168213, 10.416581971475841, 7.669862459563746, 19.644459342007536, 1.3072175383117408, 17.678246392761167, 0.0, 3.222592740859355, 16.965767369249455, 6.233528596218839, 4.274673540523477, 8.444010477425332, 5.53325494768984, 10.09448916829394, 6.63761189734082, 13.075991807886423, 6.8242000969135335, 9.033979463145748, 11.086629381119412, 21.10601020386752, 4.628461375988052, 6.8242000969135335, 6.63761189734082, 11.086629381119412, 6.127793704710672, 24.732706376168213, 10.416581971475841, 7.669862459563746, 19.644459342007536, 1.3072175383117408, 17.678246392761167, 0.0, 3.222592740859355, 16.965767369249455, 6.233528596218839, 4.274673540523477, 8.444010477425332, 5.53325494768984, 10.09448916829394], [4.543847351086933, 21.854676582982325, 10.654793435555442, 9.446219446024957, 17.400304581184216, 3.5008412632387382, 15.225683117096178, 3.222592740859355, 0.0, 14.635270256120124, 5.203357406581558, 5.57498829742822, 6.158432910458525, 2.417356696993206, 9.3487464130831, 7.050332198426116, 10.116505953239496, 9.059261073252951, 9.428012482844213, 8.280121231699486, 18.244048168807826, 2.3022322455558037, 9.059261073252951, 7.050332198426116, 8.280121231699486, 4.543847351086933, 21.854676582982325, 10.654793435555442, 9.446219446024957, 17.400304581184216, 3.5008412632387382, 15.225683117096178, 3.222592740859355, 0.0, 14.635270256120124, 5.203357406581558, 5.57498829742822, 6.158432910458525, 2.417356696993206, 9.3487464130831], [17.639897786312304, 9.385153924443737, 24.496432143308024, 16.595044020942918, 2.8041141397502187, 17.848763754853916, 21.504753235720113, 16.965767369249455, 14.635270256120124, 0.0, 18.70531035171346, 14.948549713212635, 17.0615093219362, 14.012387286750437, 9.303360068441341, 21.35333682779997, 6.358863698841862, 17.730837204836575, 23.510234496630694, 15.834398043634524, 20.76920321634254, 15.751678430523354, 17.730837204836575, 21.35333682779997, 15.834398043634524, 17.639897786312304, 9.385153924443737, 24.496432143308024, 16.595044020942918, 2.8041141397502187, 17.848763754853916, 21.504753235720113, 16.965767369249455, 14.635270256120124, 0.0, 18.70531035171346, 14.948549713212635, 17.0615093219362, 14.012387286750437, 9.303360068441341], [1.105761069704424, 24.598536575256524, 5.802902449548019, 13.855175616910902, 21.509190505413436, 5.210473501601803, 11.988938820275955, 6.233528596218839, 5.203357406581558, 18.70531035171346, 0.0, 10.197535985431248, 3.3550199031028916, 4.723167724273895, 14.531885115045702, 3.0444791026201563, 13.143670491848717, 13.056844783299638, 4.832356827463542, 6.624433280418528, 16.103572770542016, 3.1485289006816433, 13.056844783299638, 3.0444791026201563, 6.624433280418528, 1.105761069704424, 24.598536575256524, 5.802902449548019, 13.855175616910902, 21.509190505413436, 5.210473501601803, 11.988938820275955, 6.233528596218839, 5.203357406581558, 18.70531035171346, 0.0, 10.197535985431248, 3.3550199031028916, 4.723167724273895, 14.531885115045702], [9.835208274896347, 23.61767428432497, 14.691157630354699, 3.8784223517236756, 17.387016356743988, 5.576134124830407, 20.78141268101296, 4.274673540523477, 5.57498829742822, 14.948549713212635, 10.197535985431248, 0.0, 11.723128746353655, 7.803092625294208, 6.606341581170109, 10.911604635469653, 12.639897239404112, 3.7687328314989923, 13.306916480553866, 13.73691367125083, 23.55513499856265, 7.801838707607403, 3.7687328314989923, 10.911604635469653, 13.73691367125083, 9.835208274896347, 23.61767428432497, 14.691157630354699, 3.8784223517236756, 17.387016356743988, 5.576134124830407, 20.78141268101296, 4.274673540523477, 5.57498829742822, 14.948549713212635, 10.197535985431248, 0.0, 11.723128746353655, 7.803092625294208, 6.606341581170109], [2.622965244015326, 21.99113050517631, 8.015527375763815, 15.579399799436256, 19.827640250585286, 7.760714672113239, 9.234728133685568, 8.444010477425332, 6.158432910458525, 17.0615093219362, 3.3550199031028916, 11.723128746353655, 0.0, 4.304964346138676, 14.643019129165326, 6.256690459551819, 11.01923378205746, 15.067679749501929, 7.4689123917961915, 3.2712410294430794, 12.927199856501336, 3.9444147494130197, 15.067679749501929, 6.256690459551819, 3.2712410294430794, 2.622965244015326, 21.99113050517631, 8.015527375763815, 15.579399799436256, 19.827640250585286, 7.760714672113239, 9.234728133685568, 8.444010477425332, 6.158432910458525, 17.0615093219362, 3.3550199031028916, 11.723128746353655, 0.0, 4.304964346138676, 14.643019129165326], [3.709239547202176, 20.424840806410998, 10.525257166507105, 11.676377931093494, 16.81607474803312, 5.493248004973129, 13.009886296401445, 5.53325494768984, 2.417356696993206, 14.012387286750437, 4.723167724273895, 7.803092625294208, 4.304964346138676, 0.0, 10.37745486317615, 7.377184470754103, 8.732879362490376, 11.40574530138236, 9.499083839210986, 5.93648841035577, 15.847735990856004, 1.7976409004674285, 11.40574530138236, 7.377184470754103, 5.93648841035577, 3.709239547202176, 20.424840806410998, 10.525257166507105, 11.676377931093494, 16.81607474803312, 5.493248004973129, 13.009886296401445, 5.53325494768984, 2.417356696993206, 14.012387286750437, 4.723167724273895, 7.803092625294208, 4.304964346138676, 0.0, 10.37745486317615], [13.761850009067508, 18.587664781260198, 19.94149147830516, 7.341322476551231, 11.346049627477681, 11.321736371396703, 22.436852798818588, 10.09448916829394, 9.3487464130831, 9.303360068441341, 14.531885115045702, 6.606341581170109, 14.643019129165326, 10.37745486317615, 0.0, 16.227712327075952, 9.665686471594038, 8.605587333523038, 18.656438614338988, 15.322862727958427, 23.83545528625375, 11.452868884592268, 8.605587333523038, 16.227712327075952, 15.322862727958427, 13.761850009067508, 18.587664781260198, 19.94149147830516, 7.341322476551231, 11.346049627477681, 11.321736371396703, 22.436852798818588, 10.09448916829394, 9.3487464130831, 9.303360068441341, 14.531885115045702, 6.606341581170109, 14.643019129165326, 10.37745486317615, 0.0]], "M": 99999999.0}