{"num_workers": 15, "num_roles": 3, "num_nodes": 40, "w": [[300, 300], [60, 60], [90, 90], [30, 30], [30, 30], [270, 270], [60, 60], [90, 90], [30, 30], [330, 330], [0, 0], [60, 60], [60, 60], [0, 0], [210, 210], [210, 240], [90, 360], [90, 210], [90, 270], [30, 420], [90, 450], [120, 420], [30, 420], [90, 210], [90, 360], [450, 450], [420, 420], [210, 210], [480, 480], [120, 120], [300, 300], [420, 420], [150, 150], [420, 420], [480, 480], [420, 420], [360, 360], [300, 300], [450, 450], [480, 480]], "p": [0, 0, 0, 0, 0, 0, 0, 0, 0, 0, 0, 0, 0, 0, 0, 72.61945220753702, 61.96267937562942, 40.11904132061801, 61.57321164812677, 31.10753290694138, 20.180390326453914, 16.65475407105794, 15.55376645347069, 20.059520660309005, 30.98133968781471, 0, 0, 0, 0, 0, 0, 0, 0, 0, 0, 0, 0, 0, 0, 0], "e": [[0, 1, 0], [1, 1, 0], [0, 1, 0], [0, 1, 1], [0, 1, 1], [1, 1, 0], [1, 1, 0], [0, 1, 1], [1, 1, 0], [1, 1, 0], [0, 1, 1], [1, 0, 0], [0, 0, 1], [0, 0, 1], [0, 1, 0]], "d": [[0, 0, 0, 0, 1, 0, 0, 2, 0, 0], [0, 2, 2, 2, 1, 0, 2, 2, 4, 4], [2, 0, 0, 0, 0, 2, 0, 0, 0, 0]], "r": [2142, 3166, 3247, 3488, 215, 3714, 2190, 215, 3247, 3166], "g": [[0, 0, 0, 0, 0, 0, 0, 0, 0, 0], [0, 0, 0, 0, 0, 0, 0, 0, 0, 1], [0, 0, 0, 0, 0, 0, 0, 0, 1, 0], [0, 0, 0, 0, 0, 0, 0, 0, 0, 0], [0, 0, 0, 0, 0, 0, 0, 1, 0, 0], [0, 0, 0, 0, 0, 0, 0, 0, 0, 0], [0, 0, 0, 0, 0, 0, 0, 0, 0, 0], [0, 0, 0, 0, 1, 0, 0, 0, 0, 0], [0, 0, 1, 0, 0, 0, 0, 0, 0, 0], [0, 1, 0, 0, 0, 0, 0, 0, 0, 0]], "t": [[0.0, 3.1892334618438114, 19.803981063320073, 20.60921055171572, 30.0, 12.776601688120063, 9.069200551082405, 25.64769207000864, 6.999865067802736, 17.186821657472386, 14.926820290553703, 4.520234583716047, 22.047247474106882, 17.13062047277165, 19.05763700507005, 7.4457153498767745, 19.112997315702387, 17.63923452939218, 13.084649609081769, 19.530496173747427, 6.432356918201317, 2.5970304071969443, 19.530496173747427, 17.63923452939218, 19.112997315702387, 0.0, 3.1892334618438114, 19.803981063320073, 20.60921055171572, 30.0, 12.776601688120063, 9.069200551082405, 25.64769207000864, 6.999865067802736, 17.186821657472386, 14.926820290553703, 4.520234583716047, 22.047247474106882, 17.13062047277165, 19.05763700507005], [3.1892334618438114, 0.0, 17.409812370272707, 17.45496549071538, 26.839716919131554, 11.272196907439923, 5.9958827526449845, 22.5078668737765, 5.39682591217299, 14.21790786463924, 11.849341932450109, 1.3795410183729953, 18.910237906175965, 15.842336979873286, 15.868718268047587, 5.161875324748502, 16.618198334006774, 14.469802389491525, 9.910492968449136, 16.91267315776606, 3.254371486569117, 3.802493953268437, 16.91267315776606, 14.469802389491525, 16.618198334006774, 3.1892334618438114, 0.0, 17.409812370272707, 17.45496549071538, 26.839716919131554, 11.272196907439923, 5.9958827526449845, 22.5078668737765, 5.39682591217299, 14.21790786463924, 11.849341932450109, 1.3795410183729953, 18.910237906175965, 15.842336979873286, 15.868718268047587], [19.803981063320073, 17.409812370272707, 0.0, 10.620372231000417, 21.43456641595169, 8.476353141823386, 12.276229719746542, 12.623604789842325, 12.952000306450822, 17.96427382021769, 8.821799070151414, 16.18675636590289, 17.082064263208572, 28.22085279105562, 12.50089716880059, 19.02010152815038, 1.1621790536855963, 14.16463445121747, 11.423911021567381, 22.636522464203296, 15.5922262528715, 21.209967107140425, 22.636522464203296, 14.16463445121747, 1.1621790536855963, 19.803981063320073, 17.409812370272707, 0.0, 10.620372231000417, 21.43456641595169, 8.476353141823386, 12.276229719746542, 12.623604789842325, 12.952000306450822, 17.96427382021769, 8.821799070151414, 16.18675636590289, 17.082064263208572, 28.22085279105562, 12.50089716880059], [20.60921055171572, 17.45496549071538, 10.620372231000417, 0.0, 11.444751982989382, 15.243289110153437, 11.59461817801026, 5.081310128207875, 15.886514645237796, 9.489689754724795, 5.944124281843056, 16.09379123838924, 6.6142402860794345, 21.569276683919036, 2.897245178061798, 15.955280856879964, 9.597818827260477, 5.403219386515887, 7.5723701933888785, 13.725094189282373, 14.354872435648952, 20.73995336849235, 13.725094189282373, 5.403219386515887, 9.597818827260477, 20.60921055171572, 17.45496549071538, 10.620372231000417, 0.0, 11.444751982989382, 15.243289110153437, 11.59461817801026, 5.081310128207875, 15.886514645237796, 9.489689754724795, 5.944124281843056, 16.09379123838924, 6.6142402860794345, 21.569276683919036, 2.897245178061798], [30.0, 26.839716919131554, 21.43456641595169, 11.444751982989382, 0.0, 26.663710875143707, 21.68787298449797, 9.181552145388208, 26.61178420404774, 13.675598294395433, 16.901941029661888, 25.611290735033606, 8.019609947710904, 24.242528852779195, 11.444373680656952, 23.651804683028786, 20.573129395960457, 12.375858139669518, 17.427691990872134, 14.741640626245182, 23.586448823019506, 29.39774871165239, 14.741640626245182, 12.375858139669518, 20.573129395960457, 30.0, 26.839716919131554, 21.43456641595169, 11.444751982989382, 0.0, 26.663710875143707, 21.68787298449797, 9.181552145388208, 26.61178420404774, 13.675598294395433, 16.901941029661888, 25.611290735033606, 8.019609947710904, 24.242528852779195, 11.444373680656952], [12.776601688120063, 11.272196907439923, 8.476353141823386, 15.243289110153437, 26.663710875143707, 0.0, 8.688269828626565, 19.100308495766456, 5.912138715821759, 18.518179245701045, 10.090060617257842, 10.450539785844523, 20.26655932753305, 25.538816727862393, 15.631738249321184, 14.811088976282171, 8.323375992786552, 16.021501732828415, 11.032816295079316, 22.848177422090483, 10.925437834125292, 14.777292996799725, 22.848177422090483, 16.021501732828415, 8.323375992786552, 12.776601688120063, 11.272196907439923, 8.476353141823386, 15.243289110153437, 26.663710875143707, 0.0, 8.688269828626565, 19.100308495766456, 5.912138715821759, 18.518179245701045, 10.090060617257842, 10.450539785844523, 20.26655932753305, 25.538816727862393, 15.631738249321184], [9.069200551082405, 5.9958827526449845, 12.276229719746542, 11.59461817801026, 21.68787298449797, 8.688269828626565, 0.0, 16.59862969265253, 5.242045466927824, 10.630751101730239, 5.861061968494831, 4.616576824980543, 14.06752592559859, 16.988124020129835, 10.347059625639302, 6.801900301116348, 11.325117310160573, 9.467858440479066, 4.272089188330464, 14.539560759003615, 3.3825714108015386, 9.606099428517858, 14.539560759003615, 9.467858440479066, 11.325117310160573, 9.069200551082405, 5.9958827526449845, 12.276229719746542, 11.59461817801026, 21.68787298449797, 8.688269828626565, 0.0, 16.59862969265253, 5.242045466927824, 10.630751101730239, 5.861061968494831, 4.616576824980543, 14.06752592559859, 16.988124020129835, 10.347059625639302], [25.64769207000864, 22.5078668737765, 12.623604789842325, 5.081310128207875, 9.181552145388208, 19.100308495766456, 16.59862969265253, 0.0, 20.61184647640351, 13.451405133378266, 10.810122394940805, 21.140672008964494, 8.65850666189358, 25.691886384474326, 7.397692052749453, 20.97637845677848, 11.911774347854708, 9.79494419064058, 12.648990393584652, 17.003226398277754, 19.429951995290875, 25.82048843044692, 17.003226398277754, 9.79494419064058, 11.911774347854708, 25.64769207000864, 22.5078668737765, 12.623604789842325, 5.081310128207875, 9.181552145388208, 19.100308495766456, 16.59862969265253, 0.0, 20.61184647640351, 13.451405133378266, 10.810122394940805, 21.140672008964494, 8.65850666189358, 25.691886384474326, 7.397692052749453], [6.999865067802736, 5.39682591217299, 12.952000306450822, 15.886514645237796, 26.61178420404774, 5.912138715821759, 5.242045466927824, 20.61184647640351, 0.0, 15.834953880335993, 9.94800970700732, 4.75140871434891, 19.19393177854445, 20.497627284449855, 15.170607951175803, 9.538058966977117, 12.36247468493022, 14.602274823736375, 9.270012669155077, 19.541953012716764, 5.818994789226839, 8.87198039048461, 19.541953012716764, 14.602274823736375, 12.36247468493022, 6.999865067802736, 5.39682591217299, 12.952000306450822, 15.886514645237796, 26.61178420404774, 5.912138715821759, 5.242045466927824, 20.61184647640351, 0.0, 15.834953880335993, 9.94800970700732, 4.75140871434891, 19.19393177854445, 20.497627284449855, 15.170607951175803], [17.186821657472386, 14.21790786463924, 17.96427382021769, 9.489689754724795, 13.675598294395433, 18.518179245701045, 10.630751101730239, 13.451405133378266, 15.834953880335993, 0.0, 9.348978191419144, 13.222855393145581, 5.885387330336995, 12.244233981496556, 6.594345290186467, 10.20669923069255, 16.802651713188116, 4.149286449939604, 7.514576532140182, 4.674716553893113, 11.144011320756958, 16.134942359668376, 4.674716553893113, 4.149286449939604, 16.802651713188116, 17.186821657472386, 14.21790786463924, 17.96427382021769, 9.489689754724795, 13.675598294395433, 18.518179245701045, 10.630751101730239, 13.451405133378266, 15.834953880335993, 0.0, 9.348978191419144, 13.222855393145581, 5.885387330336995, 12.244233981496556, 6.594345290186467], [14.926820290553703, 11.849341932450109, 8.821799070151414, 5.944124281843056, 16.901941029661888, 10.090060617257842, 5.861061968494831, 10.810122394940805, 9.94800970700732, 9.348978191419144, 0.0, 10.470088932598136, 10.176857208271876, 19.529128254844615, 5.581782198609403, 11.42906119420018, 7.670130002318217, 6.077974106719961, 2.802247952980682, 14.004820290791447, 8.971182100558131, 15.37175454177043, 14.004820290791447, 6.077974106719961, 7.670130002318217, 14.926820290553703, 11.849341932450109, 8.821799070151414, 5.944124281843056, 16.901941029661888, 10.090060617257842, 5.861061968494831, 10.810122394940805, 9.94800970700732, 9.348978191419144, 0.0, 10.470088932598136, 10.176857208271876, 19.529128254844615, 5.581782198609403], [4.520234583716047, 1.3795410183729953, 16.18675636590289, 16.09379123838924, 25.611290735033606, 10.450539785844523, 4.616576824980543, 21.140672008964494, 4.75140871434891, 13.222855393145581, 10.470088932598136, 0.0, 17.721819150656827, 15.892074850190934, 14.557665124052024, 4.956701470310757, 15.364168594607008, 13.235449570315547, 8.564829219344707, 16.182292602411316, 2.0870427812533197, 5.091802404529145, 16.182292602411316, 13.235449570315547, 15.364168594607008, 4.520234583716047, 1.3795410183729953, 16.18675636590289, 16.09379123838924, 25.611290735033606, 10.450539785844523, 4.616576824980543, 21.140672008964494, 4.75140871434891, 13.222855393145581, 10.470088932598136, 0.0, 17.721819150656827, 15.892074850190934, 14.557665124052024], [22.047247474106882, 18.910237906175965, 17.082064263208572, 6.6142402860794345, 8.019609947710904, 20.26655932753305, 14.06752592559859, 8.65850666189358, 19.19393177854445, 5.885387330336995, 10.176857208271876, 17.721819150656827, 0.0, 17.61269112943739, 4.752903387784337, 15.63985119818841, 16.00123192276021, 4.60026998773665, 9.92945793252084, 8.463490661260911, 15.66770257066319, 21.38174523460578, 8.463490661260911, 4.60026998773665, 16.00123192276021, 22.047247474106882, 18.910237906175965, 17.082064263208572, 6.6142402860794345, 8.019609947710904, 20.26655932753305, 14.06752592559859, 8.65850666189358, 19.19393177854445, 5.885387330336995, 10.176857208271876, 17.721819150656827, 0.0, 17.61269112943739, 4.752903387784337], [17.13062047277165, 15.842336979873286, 28.22085279105562, 21.569276683919036, 24.242528852779195, 25.538816727862393, 16.988124020129835, 25.691886384474326, 20.497627284449855, 12.244233981496556, 19.529128254844615, 15.892074850190934, 17.61269112943739, 0.0, 18.692174137028108, 10.965880406260839, 27.10196464311723, 16.171680591289224, 16.811599252429364, 9.507979300785905, 14.741516908920078, 14.722065238460656, 9.507979300785905, 16.171680591289224, 27.10196464311723, 17.13062047277165, 15.842336979873286, 28.22085279105562, 21.569276683919036, 24.242528852779195, 25.538816727862393, 16.988124020129835, 25.691886384474326, 20.497627284449855, 12.244233981496556, 19.529128254844615, 15.892074850190934, 17.61269112943739, 0.0, 18.692174137028108], [19.05763700507005, 15.868718268047587, 12.50089716880059, 2.897245178061798, 11.444373680656952, 15.631738249321184, 10.347059625639302, 7.397692052749453, 15.170607951175803, 6.594345290186467, 5.581782198609403, 14.557665124052024, 4.752903387784337, 18.692174137028108, 0.0, 13.707362726562081, 11.38745399383912, 2.521354466789498, 6.079593480891892, 10.903565759681308, 12.650772223310792, 18.881557283434493, 10.903565759681308, 2.521354466789498, 11.38745399383912, 19.05763700507005, 15.868718268047587, 12.50089716880059, 2.897245178061798, 11.444373680656952, 15.631738249321184, 10.347059625639302, 7.397692052749453, 15.170607951175803, 6.594345290186467, 5.581782198609403, 14.557665124052024, 4.752903387784337, 18.692174137028108, 0.0], [7.4457153498767745, 5.161875324748502, 19.02010152815038, 15.955280856879964, 23.651804683028786, 14.811088976282171, 6.801900301116348, 20.97637845677848, 9.538058966977117, 10.20669923069255, 11.42906119420018, 4.956701470310757, 15.63985119818841, 10.965880406260839, 13.707362726562081, 0.0, 18.024726131822398, 11.706228162644432, 8.761854931070031, 12.099216491919494, 3.8856632681911387, 5.967530030842656, 12.099216491919494, 11.706228162644432, 18.024726131822398, 7.4457153498767745, 5.161875324748502, 19.02010152815038, 15.955280856879964, 23.651804683028786, 14.811088976282171, 6.801900301116348, 20.97637845677848, 9.538058966977117, 10.20669923069255, 11.42906119420018, 4.956701470310757, 15.63985119818841, 10.965880406260839, 13.707362726562081], [19.112997315702387, 16.618198334006774, 1.1621790536855963, 9.597818827260477, 20.573129395960457, 8.323375992786552, 11.325117310160573, 11.911774347854708, 12.36247468493022, 16.802651713188116, 7.670130002318217, 15.364168594607008, 16.00123192276021, 27.10196464311723, 11.38745399383912, 18.024726131822398, 0.0, 13.013884864276147, 10.295477370098984, 21.47520346840651, 14.6711221886194, 20.420494362139756, 21.47520346840651, 13.013884864276147, 0.0, 19.112997315702387, 16.618198334006774, 1.1621790536855963, 9.597818827260477, 20.573129395960457, 8.323375992786552, 11.325117310160573, 11.911774347854708, 12.36247468493022, 16.802651713188116, 7.670130002318217, 15.364168594607008, 16.00123192276021, 27.10196464311723, 11.38745399383912], [17.63923452939218, 14.469802389491525, 14.16463445121747, 5.403219386515887, 12.375858139669518, 16.021501732828415, 9.467858440479066, 9.79494419064058, 14.602274823736375, 4.149286449939604, 6.077974106719961, 13.235449570315547, 4.60026998773665, 16.171680591289224, 2.521354466789498, 11.706228162644432, 13.013884864276147, 0.0, 5.354251192446291, 8.648067659510776, 11.21548235452064, 17.182494107026923, 8.648067659510776, 0.0, 13.013884864276147, 17.63923452939218, 14.469802389491525, 14.16463445121747, 5.403219386515887, 12.375858139669518, 16.021501732828415, 9.467858440479066, 9.79494419064058, 14.602274823736375, 4.149286449939604, 6.077974106719961, 13.235449570315547, 4.60026998773665, 16.171680591289224, 2.521354466789498], [13.084649609081769, 9.910492968449136, 11.423911021567381, 7.5723701933888785, 17.427691990872134, 11.032816295079316, 4.272089188330464, 12.648990393584652, 9.270012669155077, 7.514576532140182, 2.802247952980682, 8.564829219344707, 9.92945793252084, 16.811599252429364, 6.079593480891892, 8.761854931070031, 10.295477370098984, 5.354251192446291, 0.0, 11.999513255512605, 6.782537074001757, 13.175331478651675, 11.999513255512605, 5.354251192446291, 10.295477370098984, 13.084649609081769, 9.910492968449136, 11.423911021567381, 7.5723701933888785, 17.427691990872134, 11.032816295079316, 4.272089188330464, 12.648990393584652, 9.270012669155077, 7.514576532140182, 2.802247952980682, 8.564829219344707, 9.92945793252084, 16.811599252429364, 6.079593480891892], [19.530496173747427, 16.91267315776606, 22.636522464203296, 13.725094189282373, 14.741640626245182, 22.848177422090483, 14.539560759003615, 17.003226398277754, 19.541953012716764, 4.674716553893113, 14.004820290791447, 16.182292602411316, 8.463490661260911, 9.507979300785905, 10.903565759681308, 12.099216491919494, 21.47520346840651, 8.648067659510776, 11.999513255512605, 0.0, 14.223484018214924, 17.94936091760075, 0.0, 8.648067659510776, 21.47520346840651, 19.530496173747427, 16.91267315776606, 22.636522464203296, 13.725094189282373, 14.741640626245182, 22.848177422090483, 14.539560759003615, 17.003226398277754, 19.541953012716764, 4.674716553893113, 14.004820290791447, 16.182292602411316, 8.463490661260911, 9.507979300785905, 10.903565759681308], [6.432356918201317, 3.254371486569117, 15.5922262528715, 14.354872435648952, 23.586448823019506, 10.925437834125292, 3.3825714108015386, 19.429951995290875, 5.818994789226839, 11.144011320756958, 8.971182100558131, 2.0870427812533197, 15.66770257066319, 14.741516908920078, 12.650772223310792, 3.8856632681911387, 14.6711221886194, 11.21548235452064, 6.782537074001757, 14.223484018214924, 0.0, 6.418896616146613, 14.223484018214924, 11.21548235452064, 14.6711221886194, 6.432356918201317, 3.254371486569117, 15.5922262528715, 14.354872435648952, 23.586448823019506, 10.925437834125292, 3.3825714108015386, 19.429951995290875, 5.818994789226839, 11.144011320756958, 8.971182100558131, 2.0870427812533197, 15.66770257066319, 14.741516908920078, 12.650772223310792], [2.5970304071969443, 3.802493953268437, 21.209967107140425, 20.73995336849235, 29.39774871165239, 14.777292996799725, 9.606099428517858, 25.82048843044692, 8.87198039048461, 16.134942359668376, 15.37175454177043, 5.091802404529145, 21.38174523460578, 14.722065238460656, 18.881557283434493, 5.967530030842656, 20.420494362139756, 17.182494107026923, 13.175331478651675, 17.94936091760075, 6.418896616146613, 0.0, 17.94936091760075, 17.182494107026923, 20.420494362139756, 2.5970304071969443, 3.802493953268437, 21.209967107140425, 20.73995336849235, 29.39774871165239, 14.777292996799725, 9.606099428517858, 25.82048843044692, 8.87198039048461, 16.134942359668376, 15.37175454177043, 5.091802404529145, 21.38174523460578, 14.722065238460656, 18.881557283434493], [19.530496173747427, 16.91267315776606, 22.636522464203296, 13.725094189282373, 14.741640626245182, 22.848177422090483, 14.539560759003615, 17.003226398277754, 19.541953012716764, 4.674716553893113, 14.004820290791447, 16.182292602411316, 8.463490661260911, 9.507979300785905, 10.903565759681308, 12.099216491919494, 21.47520346840651, 8.648067659510776, 11.999513255512605, 0.0, 14.223484018214924, 17.94936091760075, 0.0, 8.648067659510776, 21.47520346840651, 19.530496173747427, 16.91267315776606, 22.636522464203296, 13.725094189282373, 14.741640626245182, 22.848177422090483, 14.539560759003615, 17.003226398277754, 19.541953012716764, 4.674716553893113, 14.004820290791447, 16.182292602411316, 8.463490661260911, 9.507979300785905, 10.903565759681308], [17.63923452939218, 14.469802389491525, 14.16463445121747, 5.403219386515887, 12.375858139669518, 16.021501732828415, 9.467858440479066, 9.79494419064058, 14.602274823736375, 4.149286449939604, 6.077974106719961, 13.235449570315547, 4.60026998773665, 16.171680591289224, 2.521354466789498, 11.706228162644432, 13.013884864276147, 0.0, 5.354251192446291, 8.648067659510776, 11.21548235452064, 17.182494107026923, 8.648067659510776, 0.0, 13.013884864276147, 17.63923452939218, 14.469802389491525, 14.16463445121747, 5.403219386515887, 12.375858139669518, 16.021501732828415, 9.467858440479066, 9.79494419064058, 14.602274823736375, 4.149286449939604, 6.077974106719961, 13.235449570315547, 4.60026998773665, 16.171680591289224, 2.521354466789498], [19.112997315702387, 16.618198334006774, 1.1621790536855963, 9.597818827260477, 20.573129395960457, 8.323375992786552, 11.325117310160573, 11.911774347854708, 12.36247468493022, 16.802651713188116, 7.670130002318217, 15.364168594607008, 16.00123192276021, 27.10196464311723, 11.38745399383912, 18.024726131822398, 0.0, 13.013884864276147, 10.295477370098984, 21.47520346840651, 14.6711221886194, 20.420494362139756, 21.47520346840651, 13.013884864276147, 0.0, 19.112997315702387, 16.618198334006774, 1.1621790536855963, 9.597818827260477, 20.573129395960457, 8.323375992786552, 11.325117310160573, 11.911774347854708, 12.36247468493022, 16.802651713188116, 7.670130002318217, 15.364168594607008, 16.00123192276021, 27.10196464311723, 11.38745399383912], [0.0, 3.1892334618438114, 19.803981063320073, 20.60921055171572, 30.0, 12.776601688120063, 9.069200551082405, 25.64769207000864, 6.999865067802736, 17.186821657472386, 14.926820290553703, 4.520234583716047, 22.047247474106882, 17.13062047277165, 19.05763700507005, 7.4457153498767745, 19.112997315702387, 17.63923452939218, 13.084649609081769, 19.530496173747427, 6.432356918201317, 2.5970304071969443, 19.530496173747427, 17.63923452939218, 19.112997315702387, 0.0, 3.1892334618438114, 19.803981063320073, 20.60921055171572, 30.0, 12.776601688120063, 9.069200551082405, 25.64769207000864, 6.999865067802736, 17.186821657472386, 14.926820290553703, 4.520234583716047, 22.047247474106882, 17.13062047277165, 19.05763700507005], [3.1892334618438114, 0.0, 17.409812370272707, 17.45496549071538, 26.839716919131554, 11.272196907439923, 5.9958827526449845, 22.5078668737765, 5.39682591217299, 14.21790786463924, 11.849341932450109, 1.3795410183729953, 18.910237906175965, 15.842336979873286, 15.868718268047587, 5.161875324748502, 16.618198334006774, 14.469802389491525, 9.910492968449136, 16.91267315776606, 3.254371486569117, 3.802493953268437, 16.91267315776606, 14.469802389491525, 16.618198334006774, 3.1892334618438114, 0.0, 17.409812370272707, 17.45496549071538, 26.839716919131554, 11.272196907439923, 5.9958827526449845, 22.5078668737765, 5.39682591217299, 14.21790786463924, 11.849341932450109, 1.3795410183729953, 18.910237906175965, 15.842336979873286, 15.868718268047587], [19.803981063320073, 17.409812370272707, 0.0, 10.620372231000417, 21.43456641595169, 8.476353141823386, 12.276229719746542, 12.623604789842325, 12.952000306450822, 17.96427382021769, 8.821799070151414, 16.18675636590289, 17.082064263208572, 28.22085279105562, 12.50089716880059, 19.02010152815038, 1.1621790536855963, 14.16463445121747, 11.423911021567381, 22.636522464203296, 15.5922262528715, 21.209967107140425, 22.636522464203296, 14.16463445121747, 1.1621790536855963, 19.803981063320073, 17.409812370272707, 0.0, 10.620372231000417, 21.43456641595169, 8.476353141823386, 12.276229719746542, 12.623604789842325, 12.952000306450822, 17.96427382021769, 8.821799070151414, 16.18675636590289, 17.082064263208572, 28.22085279105562, 12.50089716880059], [20.60921055171572, 17.45496549071538, 10.620372231000417, 0.0, 11.444751982989382, 15.243289110153437, 11.59461817801026, 5.081310128207875, 15.886514645237796, 9.489689754724795, 5.944124281843056, 16.09379123838924, 6.6142402860794345, 21.569276683919036, 2.897245178061798, 15.955280856879964, 9.597818827260477, 5.403219386515887, 7.5723701933888785, 13.725094189282373, 14.354872435648952, 20.73995336849235, 13.725094189282373, 5.403219386515887, 9.597818827260477, 20.60921055171572, 17.45496549071538, 10.620372231000417, 0.0, 11.444751982989382, 15.243289110153437, 11.59461817801026, 5.081310128207875, 15.886514645237796, 9.489689754724795, 5.944124281843056, 16.09379123838924, 6.6142402860794345, 21.569276683919036, 2.897245178061798], [30.0, 26.839716919131554, 21.43456641595169, 11.444751982989382, 0.0, 26.663710875143707, 21.68787298449797, 9.181552145388208, 26.61178420404774, 13.675598294395433, 16.901941029661888, 25.611290735033606, 8.019609947710904, 24.242528852779195, 11.444373680656952, 23.651804683028786, 20.573129395960457, 12.375858139669518, 17.427691990872134, 14.741640626245182, 23.586448823019506, 29.39774871165239, 14.741640626245182, 12.375858139669518, 20.573129395960457, 30.0, 26.839716919131554, 21.43456641595169, 11.444751982989382, 0.0, 26.663710875143707, 21.68787298449797, 9.181552145388208, 26.61178420404774, 13.675598294395433, 16.901941029661888, 25.611290735033606, 8.019609947710904, 24.242528852779195, 11.444373680656952], [12.776601688120063, 11.272196907439923, 8.476353141823386, 15.243289110153437, 26.663710875143707, 0.0, 8.688269828626565, 19.100308495766456, 5.912138715821759, 18.518179245701045, 10.090060617257842, 10.450539785844523, 20.26655932753305, 25.538816727862393, 15.631738249321184, 14.811088976282171, 8.323375992786552, 16.021501732828415, 11.032816295079316, 22.848177422090483, 10.925437834125292, 14.777292996799725, 22.848177422090483, 16.021501732828415, 8.323375992786552, 12.776601688120063, 11.272196907439923, 8.476353141823386, 15.243289110153437, 26.663710875143707, 0.0, 8.688269828626565, 19.100308495766456, 5.912138715821759, 18.518179245701045, 10.090060617257842, 10.450539785844523, 20.26655932753305, 25.538816727862393, 15.631738249321184], [9.069200551082405, 5.9958827526449845, 12.276229719746542, 11.59461817801026, 21.68787298449797, 8.688269828626565, 0.0, 16.59862969265253, 5.242045466927824, 10.630751101730239, 5.861061968494831, 4.616576824980543, 14.06752592559859, 16.988124020129835, 10.347059625639302, 6.801900301116348, 11.325117310160573, 9.467858440479066, 4.272089188330464, 14.539560759003615, 3.3825714108015386, 9.606099428517858, 14.539560759003615, 9.467858440479066, 11.325117310160573, 9.069200551082405, 5.9958827526449845, 12.276229719746542, 11.59461817801026, 21.68787298449797, 8.688269828626565, 0.0, 16.59862969265253, 5.242045466927824, 10.630751101730239, 5.861061968494831, 4.616576824980543, 14.06752592559859, 16.988124020129835, 10.347059625639302], [25.64769207000864, 22.5078668737765, 12.623604789842325, 5.081310128207875, 9.181552145388208, 19.100308495766456, 16.59862969265253, 0.0, 20.61184647640351, 13.451405133378266, 10.810122394940805, 21.140672008964494, 8.65850666189358, 25.691886384474326, 7.397692052749453, 20.97637845677848, 11.911774347854708, 9.79494419064058, 12.648990393584652, 17.003226398277754, 19.429951995290875, 25.82048843044692, 17.003226398277754, 9.79494419064058, 11.911774347854708, 25.64769207000864, 22.5078668737765, 12.623604789842325, 5.081310128207875, 9.181552145388208, 19.100308495766456, 16.59862969265253, 0.0, 20.61184647640351, 13.451405133378266, 10.810122394940805, 21.140672008964494, 8.65850666189358, 25.691886384474326, 7.397692052749453], [6.999865067802736, 5.39682591217299, 12.952000306450822, 15.886514645237796, 26.61178420404774, 5.912138715821759, 5.242045466927824, 20.61184647640351, 0.0, 15.834953880335993, 9.94800970700732, 4.75140871434891, 19.19393177854445, 20.497627284449855, 15.170607951175803, 9.538058966977117, 12.36247468493022, 14.602274823736375, 9.270012669155077, 19.541953012716764, 5.818994789226839, 8.87198039048461, 19.541953012716764, 14.602274823736375, 12.36247468493022, 6.999865067802736, 5.39682591217299, 12.952000306450822, 15.886514645237796, 26.61178420404774, 5.912138715821759, 5.242045466927824, 20.61184647640351, 0.0, 15.834953880335993, 9.94800970700732, 4.75140871434891, 19.19393177854445, 20.497627284449855, 15.170607951175803], [17.186821657472386, 14.21790786463924, 17.96427382021769, 9.489689754724795, 13.675598294395433, 18.518179245701045, 10.630751101730239, 13.451405133378266, 15.834953880335993, 0.0, 9.348978191419144, 13.222855393145581, 5.885387330336995, 12.244233981496556, 6.594345290186467, 10.20669923069255, 16.802651713188116, 4.149286449939604, 7.514576532140182, 4.674716553893113, 11.144011320756958, 16.134942359668376, 4.674716553893113, 4.149286449939604, 16.802651713188116, 17.186821657472386, 14.21790786463924, 17.96427382021769, 9.489689754724795, 13.675598294395433, 18.518179245701045, 10.630751101730239, 13.451405133378266, 15.834953880335993, 0.0, 9.348978191419144, 13.222855393145581, 5.885387330336995, 12.244233981496556, 6.594345290186467], [14.926820290553703, 11.849341932450109, 8.821799070151414, 5.944124281843056, 16.901941029661888, 10.090060617257842, 5.861061968494831, 10.810122394940805, 9.94800970700732, 9.348978191419144, 0.0, 10.470088932598136, 10.176857208271876, 19.529128254844615, 5.581782198609403, 11.42906119420018, 7.670130002318217, 6.077974106719961, 2.802247952980682, 14.004820290791447, 8.971182100558131, 15.37175454177043, 14.004820290791447, 6.077974106719961, 7.670130002318217, 14.926820290553703, 11.849341932450109, 8.821799070151414, 5.944124281843056, 16.901941029661888, 10.090060617257842, 5.861061968494831, 10.810122394940805, 9.94800970700732, 9.348978191419144, 0.0, 10.470088932598136, 10.176857208271876, 19.529128254844615, 5.581782198609403], [4.520234583716047, 1.3795410183729953, 16.18675636590289, 16.09379123838924, 25.611290735033606, 10.450539785844523, 4.616576824980543, 21.140672008964494, 4.75140871434891, 13.222855393145581, 10.470088932598136, 0.0, 17.721819150656827, 15.892074850190934, 14.557665124052024, 4.956701470310757, 15.364168594607008, 13.235449570315547, 8.564829219344707, 16.182292602411316, 2.0870427812533197, 5.091802404529145, 16.182292602411316, 13.235449570315547, 15.364168594607008, 4.520234583716047, 1.3795410183729953, 16.18675636590289, 16.09379123838924, 25.611290735033606, 10.450539785844523, 4.616576824980543, 21.140672008964494, 4.75140871434891, 13.222855393145581, 10.470088932598136, 0.0, 17.721819150656827, 15.892074850190934, 14.557665124052024], [22.047247474106882, 18.910237906175965, 17.082064263208572, 6.6142402860794345, 8.019609947710904, 20.26655932753305, 14.06752592559859, 8.65850666189358, 19.19393177854445, 5.885387330336995, 10.176857208271876, 17.721819150656827, 0.0, 17.61269112943739, 4.752903387784337, 15.63985119818841, 16.00123192276021, 4.60026998773665, 9.92945793252084, 8.463490661260911, 15.66770257066319, 21.38174523460578, 8.463490661260911, 4.60026998773665, 16.00123192276021, 22.047247474106882, 18.910237906175965, 17.082064263208572, 6.6142402860794345, 8.019609947710904, 20.26655932753305, 14.06752592559859, 8.65850666189358, 19.19393177854445, 5.885387330336995, 10.176857208271876, 17.721819150656827, 0.0, 17.61269112943739, 4.752903387784337], [17.13062047277165, 15.842336979873286, 28.22085279105562, 21.569276683919036, 24.242528852779195, 25.538816727862393, 16.988124020129835, 25.691886384474326, 20.497627284449855, 12.244233981496556, 19.529128254844615, 15.892074850190934, 17.61269112943739, 0.0, 18.692174137028108, 10.965880406260839, 27.10196464311723, 16.171680591289224, 16.811599252429364, 9.507979300785905, 14.741516908920078, 14.722065238460656, 9.507979300785905, 16.171680591289224, 27.10196464311723, 17.13062047277165, 15.842336979873286, 28.22085279105562, 21.569276683919036, 24.242528852779195, 25.538816727862393, 16.988124020129835, 25.691886384474326, 20.497627284449855, 12.244233981496556, 19.529128254844615, 15.892074850190934, 17.61269112943739, 0.0, 18.692174137028108], [19.05763700507005, 15.868718268047587, 12.50089716880059, 2.897245178061798, 11.444373680656952, 15.631738249321184, 10.347059625639302, 7.397692052749453, 15.170607951175803, 6.594345290186467, 5.581782198609403, 14.557665124052024, 4.752903387784337, 18.692174137028108, 0.0, 13.707362726562081, 11.38745399383912, 2.521354466789498, 6.079593480891892, 10.903565759681308, 12.650772223310792, 18.881557283434493, 10.903565759681308, 2.521354466789498, 11.38745399383912, 19.05763700507005, 15.868718268047587, 12.50089716880059, 2.897245178061798, 11.444373680656952, 15.631738249321184, 10.347059625639302, 7.397692052749453, 15.170607951175803, 6.594345290186467, 5.581782198609403, 14.557665124052024, 4.752903387784337, 18.692174137028108, 0.0]], "M": 99999999.0}