{"num_workers": 15, "num_roles": 3, "num_nodes": 40, "w": [[30, 30], [90, 90], [150, 150], [90, 90], [240, 240], [120, 120], [210, 210], [60, 60], [120, 120], [30, 30], [0, 0], [210, 210], [180, 180], [90, 90], [120, 120], [90, 240], [30, 360], [60, 360], [120, 420], [270, 420], [270, 420], [30, 270], [270, 420], [30, 270], [90, 240], [270, 270], [450, 450], [450, 450], [180, 180], [390, 390], [240, 240], [330, 330], [360, 360], [390, 390], [450, 450], [450, 450], [360, 360], [330, 330], [240, 240], [390, 390]], "p": [0, 0, 0, 0, 0, 0, 0, 0, 0, 0, 0, 0, 0, 0, 0, 36.969376780020816, 56.064275205868526, 16.611735160897233, 70.62175378724727, 44.264688644105526, 40.18573387456695, 63.90050724890728, 20.092866937283475, 31.95025362445364, 18.484688390010408, 0, 0, 0, 0, 0, 0, 0, 0, 0, 0, 0, 0, 0, 0, 0], "e": [[1, 1, 0], [0, 1, 1], [1, 1, 0], [1, 1, 0], [0, 1, 0], [0, 1, 1], [1, 1, 0], [1, 1, 0], [0, 1, 1], [0, 1, 1], [0, 1, 0], [1, 0, 0], [0, 0, 1], [0, 1, 0], [0, 0, 1]], "d": [[0, 1, 1, 0, 0, 1, 1, 2, 2, 0], [0, 1, 1, 0, 0, 1, 1, 2, 2, 0], [1, 0, 1, 1, 1, 0, 1, 0, 2, 2]], "r": [308, 222, 4389, 480, 3194, 3468, 3612, 3468, 3612, 308], "g": [[0, 0, 0, 0, 0, 0, 0, 0, 0, 1], [0, 0, 0, 0, 0, 0, 0, 0, 0, 0], [0, 0, 0, 0, 0, 0, 0, 0, 0, 0], [0, 0, 0, 0, 0, 0, 0, 0, 0, 0], [0, 0, 0, 0, 0, 0, 0, 0, 0, 0], [0, 0, 0, 0, 0, 0, 0, 1, 0, 0], [0, 0, 0, 0, 0, 0, 0, 0, 1, 0], [0, 0, 0, 0, 0, 1, 0, 0, 0, 0], [0, 0, 0, 0, 0, 0, 1, 0, 0, 0], [1, 0, 0, 0, 0, 0, 0, 0, 0, 0]], "t": [[0.0, 15.39207717648589, 20.84008494271472, 17.67559769620115, 7.9721651581505055, 7.298132851732869, 24.36723321427463, 21.63486393291702, 17.965328017676512, 21.713141682110045, 13.555992417399938, 13.078035842804466, 21.5247474544108, 19.300285153775107, 20.123363745238464, 3.1580192836217678, 21.74476640090645, 16.466265908503246, 1.713203365348871, 14.139520590332175, 0.8193157317947178, 26.18544671029391, 0.8193157317947178, 26.18544671029391, 3.1580192836217678, 0.0, 15.39207717648589, 20.84008494271472, 17.67559769620115, 7.9721651581505055, 7.298132851732869, 24.36723321427463, 21.63486393291702, 17.965328017676512, 21.713141682110045, 13.555992417399938, 13.078035842804466, 21.5247474544108, 19.300285153775107, 20.123363745238464], [15.39207717648589, 0.0, 5.722377690682447, 20.08186623018563, 7.723759346385065, 16.376516477649417, 16.18902299515615, 27.223372291035563, 21.297066339377015, 13.05765494956117, 10.693605044989924, 9.139310412819269, 16.593525397456578, 22.608933396677752, 4.748991506837719, 17.729359237348863, 8.198852838894261, 6.6657138595958925, 13.74886857617259, 21.628885827974056, 15.848998985192578, 17.6923232956283, 15.848998985192578, 17.6923232956283, 17.729359237348863, 15.39207717648589, 0.0, 5.722377690682447, 20.08186623018563, 7.723759346385065, 16.376516477649417, 16.18902299515615, 27.223372291035563, 21.297066339377015, 13.05765494956117, 10.693605044989924, 9.139310412819269, 16.593525397456578, 22.608933396677752, 4.748991506837719], [20.84008494271472, 5.722377690682447, 0.0, 21.923374040307156, 12.927433148739677, 20.69752359149549, 14.043752139299583, 29.379433289905396, 23.288230944329612, 11.337478664805351, 12.955415524976019, 11.690861527586595, 16.058833557849972, 24.432756214220348, 1.685426658568789, 22.932553505683774, 4.065916464508618, 7.3235397011928, 19.25173913057155, 24.871081240617954, 21.22506315895511, 15.128555471925068, 21.22506315895511, 15.128555471925068, 22.932553505683774, 20.84008494271472, 5.722377690682447, 0.0, 21.923374040307156, 12.927433148739677, 20.69752359149549, 14.043752139299583, 29.379433289905396, 23.288230944329612, 11.337478664805351, 12.955415524976019, 11.690861527586595, 16.058833557849972, 24.432756214220348, 1.685426658568789], [17.67559769620115, 20.08186623018563, 21.923374040307156, 0.0, 15.793206530933698, 10.562941755240884, 13.772339041198029, 7.4811303680724555, 1.431940360991394, 13.38289977918512, 9.395410418136068, 10.942564221826913, 9.071726149909964, 2.5382293218687977, 22.594657079644627, 16.301280516143642, 19.481384544139946, 14.626654359082407, 17.75652086241155, 6.4509442782217175, 17.14049692422449, 15.057280483238019, 17.14049692422449, 15.057280483238019, 16.301280516143642, 17.67559769620115, 20.08186623018563, 21.923374040307156, 0.0, 15.793206530933698, 10.562941755240884, 13.772339041198029, 7.4811303680724555, 1.431940360991394, 13.38289977918512, 9.395410418136068, 10.942564221826913, 9.071726149909964, 2.5382293218687977, 22.594657079644627], [7.9721651581505055, 7.723759346385065, 12.927433148739677, 15.793206530933698, 0.0, 9.128156112853926, 17.874566646477636, 21.990851383045015, 16.679352995438613, 14.90096678527164, 7.959032542809348, 6.775758050300973, 16.129887099089323, 18.10048345279151, 12.341524670367523, 10.04062656960352, 13.823808901299918, 8.866153374607313, 6.486138779002653, 15.358334364180816, 8.30783822560716, 19.66662135665587, 8.30783822560716, 19.66662135665587, 10.04062656960352, 7.9721651581505055, 7.723759346385065, 12.927433148739677, 15.793206530933698, 0.0, 9.128156112853926, 17.874566646477636, 21.990851383045015, 16.679352995438613, 14.90096678527164, 7.959032542809348, 6.775758050300973, 16.129887099089323, 18.10048345279151, 12.341524670367523], [7.298132851732869, 16.376516477649417, 20.69752359149549, 10.562941755240884, 9.128156112853926, 0.0, 19.74245028033846, 14.463652748658548, 10.722499847511475, 17.67788657746983, 9.438630277159808, 9.836160362745572, 16.028998460957265, 12.029327700574367, 20.55890597081239, 5.772767312966282, 20.191431672175405, 14.358915918240823, 7.777720326303042, 7.053572976816257, 6.674071616978564, 21.488617126363295, 6.674071616978564, 21.488617126363295, 5.772767312966282, 7.298132851732869, 16.376516477649417, 20.69752359149549, 10.562941755240884, 9.128156112853926, 0.0, 19.74245028033846, 14.463652748658548, 10.722499847511475, 17.67788657746983, 9.438630277159808, 9.836160362745572, 16.028998460957265, 12.029327700574367, 20.55890597081239], [24.36723321427463, 16.18902299515615, 14.043752139299583, 13.772339041198029, 17.874566646477636, 19.74245028033846, 0.0, 20.456811145383654, 15.123812807685777, 3.1642745987225185, 10.830983504292174, 11.372178038512624, 4.709697454430286, 15.598154000927757, 15.512997047696299, 24.745941435309042, 10.085413581201268, 9.84556665312442, 23.45791067011621, 19.55834339800147, 24.265742624482264, 1.8195343094495442, 24.265742624482264, 1.8195343094495442, 24.745941435309042, 24.36723321427463, 16.18902299515615, 14.043752139299583, 13.772339041198029, 17.874566646477636, 19.74245028033846, 0.0, 20.456811145383654, 15.123812807685777, 3.1642745987225185, 10.830983504292174, 11.372178038512624, 4.709697454430286, 15.598154000927757, 15.512997047696299], [21.63486393291702, 27.223372291035563, 29.379433289905396, 7.4811303680724555, 21.990851383045015, 14.463652748658548, 20.456811145383654, 0.0, 6.092574561863237, 20.58097486392841, 16.65667822702018, 18.145143975084803, 15.815731788210105, 5.064852834430083, 30.0, 19.35519796283582, 26.95191232192804, 22.066108918071382, 22.241110413694088, 7.5011900409291945, 20.925874395846193, 21.446005931730937, 20.925874395846193, 21.446005931730937, 19.35519796283582, 21.63486393291702, 27.223372291035563, 29.379433289905396, 7.4811303680724555, 21.990851383045015, 14.463652748658548, 20.456811145383654, 0.0, 6.092574561863237, 20.58097486392841, 16.65667822702018, 18.145143975084803, 15.815731788210105, 5.064852834430083, 30.0], [17.965328017676512, 21.297066339377015, 23.288230944329612, 1.431940360991394, 16.679352995438613, 10.722499847511475, 15.123812807685777, 6.092574561863237, 0.0, 14.80525517128563, 10.644167827075318, 12.167911261111396, 10.41517568592882, 1.4259465767899147, 23.927052393017203, 16.359091952018375, 20.89637214418498, 15.978421596049618, 18.178552927967882, 5.680851576848015, 17.382212456057406, 16.362453640994943, 17.382212456057406, 16.362453640994943, 16.359091952018375, 17.965328017676512, 21.297066339377015, 23.288230944329612, 1.431940360991394, 16.679352995438613, 10.722499847511475, 15.123812807685777, 6.092574561863237, 0.0, 14.80525517128563, 10.644167827075318, 12.167911261111396, 10.41517568592882, 1.4259465767899147, 23.927052393017203], [21.713141682110045, 13.05765494956117, 11.337478664805351, 13.38289977918512, 14.90096678527164, 17.67788657746983, 3.1642745987225185, 20.58097486392841, 14.80525517128563, 0.0, 8.375837725151593, 8.635166161087144, 5.159606653030301, 15.546217953405367, 12.701018454332983, 22.34609248868779, 7.595729822361977, 6.683803804221256, 20.700628533399556, 18.51812369881606, 21.67455305480787, 4.840379733450518, 21.67455305480787, 4.840379733450518, 22.34609248868779, 21.713141682110045, 13.05765494956117, 11.337478664805351, 13.38289977918512, 14.90096678527164, 17.67788657746983, 3.1642745987225185, 20.58097486392841, 14.80525517128563, 0.0, 8.375837725151593, 8.635166161087144, 5.159606653030301, 15.546217953405367, 12.701018454332983], [13.555992417399938, 10.693605044989924, 12.955415524976019, 9.395410418136068, 7.959032542809348, 9.438630277159808, 10.830983504292174, 16.65667822702018, 10.644167827075318, 8.375837725151593, 0.0, 1.5754166922702166, 8.263718295504033, 11.928589921824061, 13.40562533542622, 13.980699869086125, 11.354719446554839, 5.709794403124734, 12.738861620848741, 12.00167573364903, 13.436072077821452, 12.644955123583236, 13.436072077821452, 12.644955123583236, 13.980699869086125, 13.555992417399938, 10.693605044989924, 12.955415524976019, 9.395410418136068, 7.959032542809348, 9.438630277159808, 10.830983504292174, 16.65667822702018, 10.644167827075318, 8.375837725151593, 0.0, 1.5754166922702166, 8.263718295504033, 11.928589921824061, 13.40562533542622], [13.078035842804466, 9.139310412819269, 11.690861527586595, 10.942564221826913, 6.775758050300973, 9.836160362745572, 11.372178038512624, 18.145143975084803, 12.167911261111396, 8.635166161087144, 1.5754166922702166, 0.0, 9.3603597155922, 13.470414438014824, 12.029039433405638, 13.854777740913523, 10.463650076642192, 4.650487466138777, 12.094166539608556, 13.18035932687355, 13.051226467169638, 13.18983813396573, 13.051226467169638, 13.18983813396573, 13.854777740913523, 13.078035842804466, 9.139310412819269, 11.690861527586595, 10.942564221826913, 6.775758050300973, 9.836160362745572, 11.372178038512624, 18.145143975084803, 12.167911261111396, 8.635166161087144, 1.5754166922702166, 0.0, 9.3603597155922, 13.470414438014824, 12.029039433405638], [21.5247474544108, 16.593525397456578, 16.058833557849972, 9.071726149909964, 16.129887099089323, 16.028998460957265, 4.709697454430286, 15.815731788210105, 10.41517568592882, 5.159606653030301, 8.263718295504033, 9.3603597155922, 0.0, 10.904953768763596, 17.246804616252376, 21.415504300938167, 12.59108933768684, 9.939687411374242, 20.876074469008675, 15.003409688931816, 21.293023358343962, 6.031130677618334, 21.293023358343962, 6.031130677618334, 21.415504300938167, 21.5247474544108, 16.593525397456578, 16.058833557849972, 9.071726149909964, 16.129887099089323, 16.028998460957265, 4.709697454430286, 15.815731788210105, 10.41517568592882, 5.159606653030301, 8.263718295504033, 9.3603597155922, 0.0, 10.904953768763596, 17.246804616252376], [19.300285153775107, 22.608933396677752, 24.432756214220348, 2.5382293218687977, 18.10048345279151, 12.029327700574367, 15.598154000927757, 5.064852834430083, 1.4259465767899147, 15.546217953405367, 11.928589921824061, 13.470414438014824, 10.904953768763596, 0.0, 25.123669872184067, 17.603075449592072, 21.90754950519175, 17.148160029634788, 19.553388456656386, 6.475591411265158, 18.701016775339667, 16.718292687990257, 18.701016775339667, 16.718292687990257, 17.603075449592072, 19.300285153775107, 22.608933396677752, 24.432756214220348, 2.5382293218687977, 18.10048345279151, 12.029327700574367, 15.598154000927757, 5.064852834430083, 1.4259465767899147, 15.546217953405367, 11.928589921824061, 13.470414438014824, 10.904953768763596, 0.0, 25.123669872184067], [20.123363745238464, 4.748991506837719, 1.685426658568789, 22.594657079644627, 12.341524670367523, 20.55890597081239, 15.512997047696299, 30.0, 23.927052393017203, 12.701018454332983, 13.40562533542622, 12.029039433405638, 17.246804616252376, 25.123669872184067, 0.0, 22.381677470106595, 5.680286670620692, 7.992653243049471, 18.490295253626915, 25.142342436131322, 20.561002464824778, 16.668602069244336, 20.561002464824778, 16.668602069244336, 22.381677470106595, 20.123363745238464, 4.748991506837719, 1.685426658568789, 22.594657079644627, 12.341524670367523, 20.55890597081239, 15.512997047696299, 30.0, 23.927052393017203, 12.701018454332983, 13.40562533542622, 12.029039433405638, 17.246804616252376, 25.123669872184067, 0.0], [3.1580192836217678, 17.729359237348863, 22.932553505683774, 16.301280516143642, 10.04062656960352, 5.772767312966282, 24.745941435309042, 19.35519796283582, 16.359091952018375, 22.34609248868779, 13.980699869086125, 13.854777740913523, 21.415504300938167, 17.603075449592072, 22.381677470106595, 0.0, 23.377715312946364, 17.79925134976382, 4.714341342864009, 11.88832764711687, 2.359999320454467, 26.541810382611796, 2.359999320454467, 26.541810382611796, 0.0, 3.1580192836217678, 17.729359237348863, 22.932553505683774, 16.301280516143642, 10.04062656960352, 5.772767312966282, 24.745941435309042, 19.35519796283582, 16.359091952018375, 22.34609248868779, 13.980699869086125, 13.854777740913523, 21.415504300938167, 17.603075449592072, 22.381677470106595], [21.74476640090645, 8.198852838894261, 4.065916464508618, 19.481384544139946, 13.823808901299918, 20.191431672175405, 10.085413581201268, 26.95191232192804, 20.89637214418498, 7.595729822361977, 11.354719446554839, 10.463650076642192, 12.59108933768684, 21.90754950519175, 5.680286670620692, 23.377715312946364, 0.0, 5.838501648960345, 20.308704506480836, 23.29661527333539, 21.989493954717183, 11.087403057365451, 21.989493954717183, 11.087403057365451, 23.377715312946364, 21.74476640090645, 8.198852838894261, 4.065916464508618, 19.481384544139946, 13.823808901299918, 20.191431672175405, 10.085413581201268, 26.95191232192804, 20.89637214418498, 7.595729822361977, 11.354719446554839, 10.463650076642192, 12.59108933768684, 21.90754950519175, 5.680286670620692], [16.466265908503246, 6.6657138595958925, 7.3235397011928, 14.626654359082407, 8.866153374607313, 14.358915918240823, 9.84556665312442, 22.066108918071382, 15.978421596049618, 6.683803804221256, 5.709794403124734, 4.650487466138777, 9.939687411374242, 17.148160029634788, 7.992653243049471, 17.79925134976382, 5.838501648960345, 0.0, 15.180478941995107, 17.708016446527427, 16.611235700921682, 11.499435204141188, 16.611235700921682, 11.499435204141188, 17.79925134976382, 16.466265908503246, 6.6657138595958925, 7.3235397011928, 14.626654359082407, 8.866153374607313, 14.358915918240823, 9.84556665312442, 22.066108918071382, 15.978421596049618, 6.683803804221256, 5.709794403124734, 4.650487466138777, 9.939687411374242, 17.148160029634788, 7.992653243049471], [1.713203365348871, 13.74886857617259, 19.25173913057155, 17.75652086241155, 6.486138779002653, 7.777720326303042, 23.45791067011621, 22.241110413694088, 18.178552927967882, 20.700628533399556, 12.738861620848741, 12.094166539608556, 20.876074469008675, 19.553388456656386, 18.490295253626915, 4.714341342864009, 20.308704506480836, 15.180478941995107, 0.0, 14.802101858603327, 2.386916213436153, 25.277064167340654, 2.386916213436153, 25.277064167340654, 4.714341342864009, 1.713203365348871, 13.74886857617259, 19.25173913057155, 17.75652086241155, 6.486138779002653, 7.777720326303042, 23.45791067011621, 22.241110413694088, 18.178552927967882, 20.700628533399556, 12.738861620848741, 12.094166539608556, 20.876074469008675, 19.553388456656386, 18.490295253626915], [14.139520590332175, 21.628885827974056, 24.871081240617954, 6.4509442782217175, 15.358334364180816, 7.053572976816257, 19.55834339800147, 7.5011900409291945, 5.680851576848015, 18.51812369881606, 12.00167573364903, 13.18035932687355, 15.003409688931816, 6.475591411265158, 25.142342436131322, 11.88832764711687, 23.29661527333539, 17.708016446527427, 14.802101858603327, 0.0, 13.425615103932756, 21.027026188505033, 13.425615103932756, 21.027026188505033, 11.88832764711687, 14.139520590332175, 21.628885827974056, 24.871081240617954, 6.4509442782217175, 15.358334364180816, 7.053572976816257, 19.55834339800147, 7.5011900409291945, 5.680851576848015, 18.51812369881606, 12.00167573364903, 13.18035932687355, 15.003409688931816, 6.475591411265158, 25.142342436131322], [0.8193157317947178, 15.848998985192578, 21.22506315895511, 17.14049692422449, 8.30783822560716, 6.674071616978564, 24.265742624482264, 20.925874395846193, 17.382212456057406, 21.67455305480787, 13.436072077821452, 13.051226467169638, 21.293023358343962, 18.701016775339667, 20.561002464824778, 2.359999320454467, 21.989493954717183, 16.611235700921682, 2.386916213436153, 13.425615103932756, 0.0, 26.080776261235915, 0.0, 26.080776261235915, 2.359999320454467, 0.8193157317947178, 15.848998985192578, 21.22506315895511, 17.14049692422449, 8.30783822560716, 6.674071616978564, 24.265742624482264, 20.925874395846193, 17.382212456057406, 21.67455305480787, 13.436072077821452, 13.051226467169638, 21.293023358343962, 18.701016775339667, 20.561002464824778], [26.18544671029391, 17.6923232956283, 15.128555471925068, 15.057280483238019, 19.66662135665587, 21.488617126363295, 1.8195343094495442, 21.446005931730937, 16.362453640994943, 4.840379733450518, 12.644955123583236, 13.18983813396573, 6.031130677618334, 16.718292687990257, 16.668602069244336, 26.541810382611796, 11.087403057365451, 11.499435204141188, 25.277064167340654, 21.027026188505033, 26.080776261235915, 0.0, 26.080776261235915, 0.0, 26.541810382611796, 26.18544671029391, 17.6923232956283, 15.128555471925068, 15.057280483238019, 19.66662135665587, 21.488617126363295, 1.8195343094495442, 21.446005931730937, 16.362453640994943, 4.840379733450518, 12.644955123583236, 13.18983813396573, 6.031130677618334, 16.718292687990257, 16.668602069244336], [0.8193157317947178, 15.848998985192578, 21.22506315895511, 17.14049692422449, 8.30783822560716, 6.674071616978564, 24.265742624482264, 20.925874395846193, 17.382212456057406, 21.67455305480787, 13.436072077821452, 13.051226467169638, 21.293023358343962, 18.701016775339667, 20.561002464824778, 2.359999320454467, 21.989493954717183, 16.611235700921682, 2.386916213436153, 13.425615103932756, 0.0, 26.080776261235915, 0.0, 26.080776261235915, 2.359999320454467, 0.8193157317947178, 15.848998985192578, 21.22506315895511, 17.14049692422449, 8.30783822560716, 6.674071616978564, 24.265742624482264, 20.925874395846193, 17.382212456057406, 21.67455305480787, 13.436072077821452, 13.051226467169638, 21.293023358343962, 18.701016775339667, 20.561002464824778], [26.18544671029391, 17.6923232956283, 15.128555471925068, 15.057280483238019, 19.66662135665587, 21.488617126363295, 1.8195343094495442, 21.446005931730937, 16.362453640994943, 4.840379733450518, 12.644955123583236, 13.18983813396573, 6.031130677618334, 16.718292687990257, 16.668602069244336, 26.541810382611796, 11.087403057365451, 11.499435204141188, 25.277064167340654, 21.027026188505033, 26.080776261235915, 0.0, 26.080776261235915, 0.0, 26.541810382611796, 26.18544671029391, 17.6923232956283, 15.128555471925068, 15.057280483238019, 19.66662135665587, 21.488617126363295, 1.8195343094495442, 21.446005931730937, 16.362453640994943, 4.840379733450518, 12.644955123583236, 13.18983813396573, 6.031130677618334, 16.718292687990257, 16.668602069244336], [3.1580192836217678, 17.729359237348863, 22.932553505683774, 16.301280516143642, 10.04062656960352, 5.772767312966282, 24.745941435309042, 19.35519796283582, 16.359091952018375, 22.34609248868779, 13.980699869086125, 13.854777740913523, 21.415504300938167, 17.603075449592072, 22.381677470106595, 0.0, 23.377715312946364, 17.79925134976382, 4.714341342864009, 11.88832764711687, 2.359999320454467, 26.541810382611796, 2.359999320454467, 26.541810382611796, 0.0, 3.1580192836217678, 17.729359237348863, 22.932553505683774, 16.301280516143642, 10.04062656960352, 5.772767312966282, 24.745941435309042, 19.35519796283582, 16.359091952018375, 22.34609248868779, 13.980699869086125, 13.854777740913523, 21.415504300938167, 17.603075449592072, 22.381677470106595], [0.0, 15.39207717648589, 20.84008494271472, 17.67559769620115, 7.9721651581505055, 7.298132851732869, 24.36723321427463, 21.63486393291702, 17.965328017676512, 21.713141682110045, 13.555992417399938, 13.078035842804466, 21.5247474544108, 19.300285153775107, 20.123363745238464, 3.1580192836217678, 21.74476640090645, 16.466265908503246, 1.713203365348871, 14.139520590332175, 0.8193157317947178, 26.18544671029391, 0.8193157317947178, 26.18544671029391, 3.1580192836217678, 0.0, 15.39207717648589, 20.84008494271472, 17.67559769620115, 7.9721651581505055, 7.298132851732869, 24.36723321427463, 21.63486393291702, 17.965328017676512, 21.713141682110045, 13.555992417399938, 13.078035842804466, 21.5247474544108, 19.300285153775107, 20.123363745238464], [15.39207717648589, 0.0, 5.722377690682447, 20.08186623018563, 7.723759346385065, 16.376516477649417, 16.18902299515615, 27.223372291035563, 21.297066339377015, 13.05765494956117, 10.693605044989924, 9.139310412819269, 16.593525397456578, 22.608933396677752, 4.748991506837719, 17.729359237348863, 8.198852838894261, 6.6657138595958925, 13.74886857617259, 21.628885827974056, 15.848998985192578, 17.6923232956283, 15.848998985192578, 17.6923232956283, 17.729359237348863, 15.39207717648589, 0.0, 5.722377690682447, 20.08186623018563, 7.723759346385065, 16.376516477649417, 16.18902299515615, 27.223372291035563, 21.297066339377015, 13.05765494956117, 10.693605044989924, 9.139310412819269, 16.593525397456578, 22.608933396677752, 4.748991506837719], [20.84008494271472, 5.722377690682447, 0.0, 21.923374040307156, 12.927433148739677, 20.69752359149549, 14.043752139299583, 29.379433289905396, 23.288230944329612, 11.337478664805351, 12.955415524976019, 11.690861527586595, 16.058833557849972, 24.432756214220348, 1.685426658568789, 22.932553505683774, 4.065916464508618, 7.3235397011928, 19.25173913057155, 24.871081240617954, 21.22506315895511, 15.128555471925068, 21.22506315895511, 15.128555471925068, 22.932553505683774, 20.84008494271472, 5.722377690682447, 0.0, 21.923374040307156, 12.927433148739677, 20.69752359149549, 14.043752139299583, 29.379433289905396, 23.288230944329612, 11.337478664805351, 12.955415524976019, 11.690861527586595, 16.058833557849972, 24.432756214220348, 1.685426658568789], [17.67559769620115, 20.08186623018563, 21.923374040307156, 0.0, 15.793206530933698, 10.562941755240884, 13.772339041198029, 7.4811303680724555, 1.431940360991394, 13.38289977918512, 9.395410418136068, 10.942564221826913, 9.071726149909964, 2.5382293218687977, 22.594657079644627, 16.301280516143642, 19.481384544139946, 14.626654359082407, 17.75652086241155, 6.4509442782217175, 17.14049692422449, 15.057280483238019, 17.14049692422449, 15.057280483238019, 16.301280516143642, 17.67559769620115, 20.08186623018563, 21.923374040307156, 0.0, 15.793206530933698, 10.562941755240884, 13.772339041198029, 7.4811303680724555, 1.431940360991394, 13.38289977918512, 9.395410418136068, 10.942564221826913, 9.071726149909964, 2.5382293218687977, 22.594657079644627], [7.9721651581505055, 7.723759346385065, 12.927433148739677, 15.793206530933698, 0.0, 9.128156112853926, 17.874566646477636, 21.990851383045015, 16.679352995438613, 14.90096678527164, 7.959032542809348, 6.775758050300973, 16.129887099089323, 18.10048345279151, 12.341524670367523, 10.04062656960352, 13.823808901299918, 8.866153374607313, 6.486138779002653, 15.358334364180816, 8.30783822560716, 19.66662135665587, 8.30783822560716, 19.66662135665587, 10.04062656960352, 7.9721651581505055, 7.723759346385065, 12.927433148739677, 15.793206530933698, 0.0, 9.128156112853926, 17.874566646477636, 21.990851383045015, 16.679352995438613, 14.90096678527164, 7.959032542809348, 6.775758050300973, 16.129887099089323, 18.10048345279151, 12.341524670367523], [7.298132851732869, 16.376516477649417, 20.69752359149549, 10.562941755240884, 9.128156112853926, 0.0, 19.74245028033846, 14.463652748658548, 10.722499847511475, 17.67788657746983, 9.438630277159808, 9.836160362745572, 16.028998460957265, 12.029327700574367, 20.55890597081239, 5.772767312966282, 20.191431672175405, 14.358915918240823, 7.777720326303042, 7.053572976816257, 6.674071616978564, 21.488617126363295, 6.674071616978564, 21.488617126363295, 5.772767312966282, 7.298132851732869, 16.376516477649417, 20.69752359149549, 10.562941755240884, 9.128156112853926, 0.0, 19.74245028033846, 14.463652748658548, 10.722499847511475, 17.67788657746983, 9.438630277159808, 9.836160362745572, 16.028998460957265, 12.029327700574367, 20.55890597081239], [24.36723321427463, 16.18902299515615, 14.043752139299583, 13.772339041198029, 17.874566646477636, 19.74245028033846, 0.0, 20.456811145383654, 15.123812807685777, 3.1642745987225185, 10.830983504292174, 11.372178038512624, 4.709697454430286, 15.598154000927757, 15.512997047696299, 24.745941435309042, 10.085413581201268, 9.84556665312442, 23.45791067011621, 19.55834339800147, 24.265742624482264, 1.8195343094495442, 24.265742624482264, 1.8195343094495442, 24.745941435309042, 24.36723321427463, 16.18902299515615, 14.043752139299583, 13.772339041198029, 17.874566646477636, 19.74245028033846, 0.0, 20.456811145383654, 15.123812807685777, 3.1642745987225185, 10.830983504292174, 11.372178038512624, 4.709697454430286, 15.598154000927757, 15.512997047696299], [21.63486393291702, 27.223372291035563, 29.379433289905396, 7.4811303680724555, 21.990851383045015, 14.463652748658548, 20.456811145383654, 0.0, 6.092574561863237, 20.58097486392841, 16.65667822702018, 18.145143975084803, 15.815731788210105, 5.064852834430083, 30.0, 19.35519796283582, 26.95191232192804, 22.066108918071382, 22.241110413694088, 7.5011900409291945, 20.925874395846193, 21.446005931730937, 20.925874395846193, 21.446005931730937, 19.35519796283582, 21.63486393291702, 27.223372291035563, 29.379433289905396, 7.4811303680724555, 21.990851383045015, 14.463652748658548, 20.456811145383654, 0.0, 6.092574561863237, 20.58097486392841, 16.65667822702018, 18.145143975084803, 15.815731788210105, 5.064852834430083, 30.0], [17.965328017676512, 21.297066339377015, 23.288230944329612, 1.431940360991394, 16.679352995438613, 10.722499847511475, 15.123812807685777, 6.092574561863237, 0.0, 14.80525517128563, 10.644167827075318, 12.167911261111396, 10.41517568592882, 1.4259465767899147, 23.927052393017203, 16.359091952018375, 20.89637214418498, 15.978421596049618, 18.178552927967882, 5.680851576848015, 17.382212456057406, 16.362453640994943, 17.382212456057406, 16.362453640994943, 16.359091952018375, 17.965328017676512, 21.297066339377015, 23.288230944329612, 1.431940360991394, 16.679352995438613, 10.722499847511475, 15.123812807685777, 6.092574561863237, 0.0, 14.80525517128563, 10.644167827075318, 12.167911261111396, 10.41517568592882, 1.4259465767899147, 23.927052393017203], [21.713141682110045, 13.05765494956117, 11.337478664805351, 13.38289977918512, 14.90096678527164, 17.67788657746983, 3.1642745987225185, 20.58097486392841, 14.80525517128563, 0.0, 8.375837725151593, 8.635166161087144, 5.159606653030301, 15.546217953405367, 12.701018454332983, 22.34609248868779, 7.595729822361977, 6.683803804221256, 20.700628533399556, 18.51812369881606, 21.67455305480787, 4.840379733450518, 21.67455305480787, 4.840379733450518, 22.34609248868779, 21.713141682110045, 13.05765494956117, 11.337478664805351, 13.38289977918512, 14.90096678527164, 17.67788657746983, 3.1642745987225185, 20.58097486392841, 14.80525517128563, 0.0, 8.375837725151593, 8.635166161087144, 5.159606653030301, 15.546217953405367, 12.701018454332983], [13.555992417399938, 10.693605044989924, 12.955415524976019, 9.395410418136068, 7.959032542809348, 9.438630277159808, 10.830983504292174, 16.65667822702018, 10.644167827075318, 8.375837725151593, 0.0, 1.5754166922702166, 8.263718295504033, 11.928589921824061, 13.40562533542622, 13.980699869086125, 11.354719446554839, 5.709794403124734, 12.738861620848741, 12.00167573364903, 13.436072077821452, 12.644955123583236, 13.436072077821452, 12.644955123583236, 13.980699869086125, 13.555992417399938, 10.693605044989924, 12.955415524976019, 9.395410418136068, 7.959032542809348, 9.438630277159808, 10.830983504292174, 16.65667822702018, 10.644167827075318, 8.375837725151593, 0.0, 1.5754166922702166, 8.263718295504033, 11.928589921824061, 13.40562533542622], [13.078035842804466, 9.139310412819269, 11.690861527586595, 10.942564221826913, 6.775758050300973, 9.836160362745572, 11.372178038512624, 18.145143975084803, 12.167911261111396, 8.635166161087144, 1.5754166922702166, 0.0, 9.3603597155922, 13.470414438014824, 12.029039433405638, 13.854777740913523, 10.463650076642192, 4.650487466138777, 12.094166539608556, 13.18035932687355, 13.051226467169638, 13.18983813396573, 13.051226467169638, 13.18983813396573, 13.854777740913523, 13.078035842804466, 9.139310412819269, 11.690861527586595, 10.942564221826913, 6.775758050300973, 9.836160362745572, 11.372178038512624, 18.145143975084803, 12.167911261111396, 8.635166161087144, 1.5754166922702166, 0.0, 9.3603597155922, 13.470414438014824, 12.029039433405638], [21.5247474544108, 16.593525397456578, 16.058833557849972, 9.071726149909964, 16.129887099089323, 16.028998460957265, 4.709697454430286, 15.815731788210105, 10.41517568592882, 5.159606653030301, 8.263718295504033, 9.3603597155922, 0.0, 10.904953768763596, 17.246804616252376, 21.415504300938167, 12.59108933768684, 9.939687411374242, 20.876074469008675, 15.003409688931816, 21.293023358343962, 6.031130677618334, 21.293023358343962, 6.031130677618334, 21.415504300938167, 21.5247474544108, 16.593525397456578, 16.058833557849972, 9.071726149909964, 16.129887099089323, 16.028998460957265, 4.709697454430286, 15.815731788210105, 10.41517568592882, 5.159606653030301, 8.263718295504033, 9.3603597155922, 0.0, 10.904953768763596, 17.246804616252376], [19.300285153775107, 22.608933396677752, 24.432756214220348, 2.5382293218687977, 18.10048345279151, 12.029327700574367, 15.598154000927757, 5.064852834430083, 1.4259465767899147, 15.546217953405367, 11.928589921824061, 13.470414438014824, 10.904953768763596, 0.0, 25.123669872184067, 17.603075449592072, 21.90754950519175, 17.148160029634788, 19.553388456656386, 6.475591411265158, 18.701016775339667, 16.718292687990257, 18.701016775339667, 16.718292687990257, 17.603075449592072, 19.300285153775107, 22.608933396677752, 24.432756214220348, 2.5382293218687977, 18.10048345279151, 12.029327700574367, 15.598154000927757, 5.064852834430083, 1.4259465767899147, 15.546217953405367, 11.928589921824061, 13.470414438014824, 10.904953768763596, 0.0, 25.123669872184067], [20.123363745238464, 4.748991506837719, 1.685426658568789, 22.594657079644627, 12.341524670367523, 20.55890597081239, 15.512997047696299, 30.0, 23.927052393017203, 12.701018454332983, 13.40562533542622, 12.029039433405638, 17.246804616252376, 25.123669872184067, 0.0, 22.381677470106595, 5.680286670620692, 7.992653243049471, 18.490295253626915, 25.142342436131322, 20.561002464824778, 16.668602069244336, 20.561002464824778, 16.668602069244336, 22.381677470106595, 20.123363745238464, 4.748991506837719, 1.685426658568789, 22.594657079644627, 12.341524670367523, 20.55890597081239, 15.512997047696299, 30.0, 23.927052393017203, 12.701018454332983, 13.40562533542622, 12.029039433405638, 17.246804616252376, 25.123669872184067, 0.0]], "M": 99999999.0}