{"num_workers": 30, "num_roles": 5, "num_nodes": 80, "w": [[210, 210], [30, 30], [60, 60], [0, 0], [60, 60], [150, 150], [60, 60], [210, 210], [0, 0], [30, 30], [240, 240], [210, 210], [150, 150], [180, 180], [240, 240], [90, 90], [0, 0], [60, 60], [30, 30], [90, 90], [210, 210], [90, 90], [210, 210], [120, 120], [30, 30], [60, 60], [210, 210], [60, 60], [180, 180], [90, 90], [90, 420], [150, 240], [30, 360], [240, 420], [120, 420], [90, 330], [120, 270], [60, 390], [270, 360], [30, 330], [180, 330], [150, 420], [180, 300], [180, 420], [120, 390], [270, 420], [30, 420], [150, 420], [90, 390], [90, 210], [270, 270], [450, 450], [360, 360], [450, 450], [480, 480], [360, 360], [120, 120], [390, 390], [60, 60], [180, 180], [420, 420], [420, 420], [450, 450], [210, 210], [420, 420], [330, 330], [300, 300], [150, 150], [480, 480], [480, 480], [360, 360], [360, 360], [300, 300], [360, 360], [330, 330], [390, 390], [390, 390], [360, 360], [270, 270], [300, 300]], "p": [0, 0, 0, 0, 0, 0, 0, 0, 0, 0, 0, 0, 0, 0, 0, 0, 0, 0, 0, 0, 0, 0, 0, 0, 0, 0, 0, 0, 0, 0, 73.81030378328275, 33.30072805219844, 32.06128129228602, 22.76612302786424, 71.64379192793362, 73.74416720514193, 31.09787878529725, 18.39266903701183, 49.64408870526419, 19.01949447743202, 46.45570195486006, 63.466273240126405, 20.136285078819157, 68.89993366074413, 28.78051390520723, 25.5952148980898, 70.63518323893389, 52.054945047394135, 17.987520761974242, 67.91773490342328, 0, 0, 0, 0, 0, 0, 0, 0, 0, 0, 0, 0, 0, 0, 0, 0, 0, 0, 0, 0, 0, 0, 0, 0, 0, 0, 0, 0, 0, 0], "e": [[0, 0, 0, 1, 1], [1, 1, 0, 0, 0], [0, 1, 0, 1, 0], [0, 0, 1, 0, 1], [1, 0, 0, 1, 0], [1, 1, 0, 0, 0], [0, 1, 0, 0, 0], [1, 0, 0, 0, 0], [0, 0, 0, 0, 1], [0, 1, 0, 0, 0], [1, 0, 0, 0, 0], [1, 0, 0, 0, 0], [1, 0, 0, 0, 0], [0, 0, 0, 0, 1], [0, 0, 1, 0, 0], [1, 0, 0, 0, 0], [0, 1, 0, 0, 0], [0, 0, 0, 1, 0], [0, 0, 0, 1, 0], [0, 0, 1, 0, 0], [0, 0, 0, 1, 0], [1, 0, 0, 0, 0], [0, 0, 0, 0, 1], [0, 0, 1, 0, 0], [0, 0, 1, 0, 0], [0, 0, 1, 0, 0], [0, 1, 0, 0, 0], [0, 1, 0, 0, 0], [0, 1, 0, 0, 0], [0, 0, 0, 0, 1]], "d": [[0, 1, 1, 1, 1, 0, 1, 0, 1, 1, 1, 1, 0, 1, 0, 1, 0, 1, 1, 1], [0, 0, 1, 1, 0, 0, 0, 0, 0, 0, 1, 0, 0, 0, 0, 0, 0, 0, 0, 1], [0, 1, 0, 0, 1, 0, 0, 0, 1, 1, 0, 1, 0, 0, 0, 0, 0, 0, 0, 0], [2, 1, 2, 2, 0, 2, 1, 2, 1, 0, 2, 1, 2, 1, 2, 1, 2, 1, 1, 2], [1, 1, 1, 1, 1, 1, 3, 1, 1, 1, 1, 1, 1, 3, 1, 3, 1, 3, 3, 1]], "r": [2045, 2205, 2928, 4325, 4967, 1365, 4523, 4277, 3319, 4172, 1036, 4158, 737, 1396, 4277, 2599, 154, 2095, 1707, 4437], "g": [[0, 0, 0, 0, 0, 0, 0, 0, 0, 0, 0, 0, 0, 0, 0, 0, 0, 0, 0, 0], [0, 0, 0, 0, 0, 0, 0, 0, 0, 0, 0, 0, 0, 0, 0, 0, 0, 0, 0, 0], [0, 0, 0, 0, 0, 0, 0, 0, 0, 0, 0, 0, 0, 0, 0, 0, 0, 0, 0, 0], [0, 0, 0, 0, 0, 0, 0, 0, 0, 0, 0, 0, 0, 0, 0, 0, 0, 0, 0, 0], [0, 0, 0, 0, 0, 0, 0, 0, 0, 0, 0, 0, 0, 0, 0, 0, 0, 0, 0, 0], [0, 0, 0, 0, 0, 0, 0, 0, 0, 0, 0, 0, 0, 0, 0, 0, 0, 0, 0, 0], [0, 0, 0, 0, 0, 0, 0, 0, 0, 0, 0, 0, 0, 0, 0, 0, 0, 0, 0, 0], [0, 0, 0, 0, 0, 0, 0, 0, 0, 0, 0, 0, 0, 0, 0, 0, 0, 0, 0, 0], [0, 0, 0, 0, 0, 0, 0, 0, 0, 0, 0, 0, 0, 0, 0, 0, 0, 0, 0, 0], [0, 0, 0, 0, 0, 0, 0, 0, 0, 0, 0, 0, 0, 0, 0, 0, 0, 0, 0, 0], [0, 0, 0, 0, 0, 0, 0, 0, 0, 0, 0, 0, 0, 0, 0, 0, 0, 0, 0, 0], [0, 0, 0, 0, 0, 0, 0, 0, 0, 0, 0, 0, 0, 0, 0, 0, 0, 0, 0, 0], [0, 0, 0, 0, 0, 0, 0, 0, 0, 0, 0, 0, 0, 0, 0, 0, 0, 0, 0, 0], [0, 0, 0, 0, 0, 0, 0, 0, 0, 0, 0, 0, 0, 0, 0, 0, 0, 0, 0, 0], [0, 0, 0, 0, 0, 0, 0, 0, 0, 0, 0, 0, 0, 0, 0, 0, 0, 0, 0, 0], [0, 0, 0, 0, 0, 0, 0, 0, 0, 0, 0, 0, 0, 0, 0, 0, 0, 0, 0, 0], [0, 0, 0, 0, 0, 0, 0, 0, 0, 0, 0, 0, 0, 0, 0, 0, 0, 0, 0, 0], [0, 0, 0, 0, 0, 0, 0, 0, 0, 0, 0, 0, 0, 0, 0, 0, 0, 0, 0, 0], [0, 0, 0, 0, 0, 0, 0, 0, 0, 0, 0, 0, 0, 0, 0, 0, 0, 0, 0, 0], [0, 0, 0, 0, 0, 0, 0, 0, 0, 0, 0, 0, 0, 0, 0, 0, 0, 0, 0, 0]], "t": [[0.0, 34.2597336562827, 7.585258961725516, 25.059902157561723, 49.976273634695346, 39.43144830964117, 27.897711289907647, 39.43752398959683, 44.514184039181295, 18.26275004627093, 29.390951985489142, 41.76720481714256, 30.7024924466246, 25.811269508845427, 15.828029815055324, 47.53960535032425, 32.57871591782338, 5.441200300829766, 21.889357049139278, 32.422517406082854, 22.34444886907683, 27.93283112268954, 34.275613985919605, 32.8587463103489, 22.587803915533563, 49.544340586644886, 52.99581895927349, 47.07971965300704, 34.80075194576503, 42.10459856180558, 13.728364324688046, 43.44992047894556, 36.6650570505919, 52.85019945269052, 53.64239626648097, 50.36715458831264, 43.86944389715231, 19.405964982049085, 24.973513027384215, 44.27144560125525, 20.215375323947733, 23.60350279249444, 44.54770566355446, 11.943471316074495, 12.530962584805298, 21.723194884132205, 39.43996380337798, 35.559632914860934, 45.549380718985134, 32.70837358501989, 0.0, 34.2597336562827, 7.585258961725516, 25.059902157561723, 49.976273634695346, 39.43144830964117, 27.897711289907647, 39.43752398959683, 44.514184039181295, 18.26275004627093, 29.390951985489142, 41.76720481714256, 30.7024924466246, 25.811269508845427, 15.828029815055324, 47.53960535032425, 32.57871591782338, 5.441200300829766, 21.889357049139278, 32.422517406082854, 22.34444886907683, 27.93283112268954, 34.275613985919605, 32.8587463103489, 22.587803915533563, 49.544340586644886, 52.99581895927349, 47.07971965300704, 34.80075194576503, 42.10459856180558], [34.2597336562827, 0.0, 39.31709529803575, 16.52266506438221, 26.057626566795502, 7.477964450157604, 33.840650678338676, 15.88857389613829, 22.126955193226536, 22.674250381789943, 5.1068831490459425, 13.630586848840963, 21.588016133582375, 17.153224004705468, 20.47746182953592, 13.398358231252965, 1.6934264934313918, 33.71663946085281, 14.220703078057896, 32.384640714187256, 15.64724231308388, 18.256777526489333, 28.465648496167383, 21.713654084952832, 32.380075600901975, 23.770342616788266, 24.767050908800094, 14.16222627628191, 17.7101792348296, 15.402407552525803, 22.42798582583929, 27.103075313245785, 15.860911391081942, 20.619210615471523, 23.383487013736477, 25.04560693826097, 15.33906707813496, 16.515196120173307, 31.189217357805358, 12.727627727731123, 19.15892244262552, 12.11308799637424, 12.188119862676906, 27.01278219341429, 21.842600365862225, 28.499603967914826, 23.717432260081797, 12.842477751896652, 11.732636704501578, 17.03980439398924, 34.2597336562827, 0.0, 39.31709529803575, 16.52266506438221, 26.057626566795502, 7.477964450157604, 33.840650678338676, 15.88857389613829, 22.126955193226536, 22.674250381789943, 5.1068831490459425, 13.630586848840963, 21.588016133582375, 17.153224004705468, 20.47746182953592, 13.398358231252965, 1.6934264934313918, 33.71663946085281, 14.220703078057896, 32.384640714187256, 15.64724231308388, 18.256777526489333, 28.465648496167383, 21.713654084952832, 32.380075600901975, 23.770342616788266, 24.767050908800094, 14.16222627628191, 17.7101792348296, 15.402407552525803], [7.585258961725516, 39.31709529803575, 0.0, 27.433207240229688, 57.00515746846957, 43.5973880705333, 35.34624605297172, 41.88326057032124, 51.5511058790655, 25.657820053772717, 34.758357087477506, 48.147329954465995, 38.095477389180324, 32.899252783928475, 22.684890590571563, 52.71541621702108, 37.68881293356354, 5.603753253933783, 25.76664217155774, 39.98169483333988, 29.07625273044129, 29.588993378261314, 41.84812193372606, 40.231345506313936, 30.02706926073988, 56.39610675224491, 59.63545188874171, 52.786536684981954, 41.88591960036153, 48.663330619595186, 17.13607854620127, 50.83848117390068, 38.91749303254692, 58.80750674905562, 60.0, 57.278303057970604, 50.27067110679776, 25.890064318983054, 32.49576226740238, 50.22995338180725, 22.625935864647936, 29.73845460988283, 48.53518958482476, 13.350852751148027, 18.579453089345517, 29.299702099603657, 46.77647892446394, 42.20415919318878, 50.047094817431834, 34.574842182058305, 7.585258961725516, 39.31709529803575, 0.0, 27.433207240229688, 57.00515746846957, 43.5973880705333, 35.34624605297172, 41.88326057032124, 51.5511058790655, 25.657820053772717, 34.758357087477506, 48.147329954465995, 38.095477389180324, 32.899252783928475, 22.684890590571563, 52.71541621702108, 37.68881293356354, 5.603753253933783, 25.76664217155774, 39.98169483333988, 29.07625273044129, 29.588993378261314, 41.84812193372606, 40.231345506313936, 30.02706926073988, 56.39610675224491, 59.63545188874171, 52.786536684981954, 41.88591960036153, 48.663330619595186], [25.059902157561723, 16.52266506438221, 27.433207240229688, 0.0, 41.61114750661069, 17.619388508353854, 38.18472082713115, 14.505878863711107, 36.97746179366976, 23.840051739787565, 14.644699883375441, 29.605657824477667, 30.50339994607048, 23.955616839197543, 18.971779008956016, 28.575485580642507, 15.49946077100964, 22.183120285192274, 5.960845047316836, 39.255802187282576, 19.51874555888322, 3.6996049150465353, 37.31200679964524, 31.7115584767405, 34.56064000073304, 39.68635657643388, 41.15889267915515, 30.460821538631986, 29.7299937548223, 31.091065566334635, 11.37490974153297, 40.23673801137667, 11.63346446894602, 36.96088065350978, 39.90614059286821, 40.90630026302725, 31.514491167675523, 17.186809479616215, 34.843483749403546, 29.24988651191862, 4.884173996887147, 16.187742072664157, 21.9779408826831, 14.090403847840985, 16.11817238729471, 31.111952306431622, 36.19981528065974, 26.535274743624598, 24.34994721488819, 7.732527094796234, 25.059902157561723, 16.52266506438221, 27.433207240229688, 0.0, 41.61114750661069, 17.619388508353854, 38.18472082713115, 14.505878863711107, 36.97746179366976, 23.840051739787565, 14.644699883375441, 29.605657824477667, 30.50339994607048, 23.955616839197543, 18.971779008956016, 28.575485580642507, 15.49946077100964, 22.183120285192274, 5.960845047316836, 39.255802187282576, 19.51874555888322, 3.6996049150465353, 37.31200679964524, 31.7115584767405, 34.56064000073304, 39.68635657643388, 41.15889267915515, 30.460821538631986, 29.7299937548223, 31.091065566334635], [49.976273634695346, 26.057626566795502, 57.00515746846957, 41.61114750661069, 0.0, 30.437164956794962, 31.911996423951045, 40.77564199554521, 5.462099567029582, 32.019396379325556, 26.98205872311077, 12.470679124881347, 20.279643673994283, 24.165006449950074, 34.32061131101873, 22.53114097778191, 26.529701013209717, 51.9867004559112, 37.387609940754025, 26.699268206340943, 28.019379232439658, 43.97832060645872, 21.282116442437207, 18.161038717353797, 34.59604188933538, 3.1241097501879582, 7.1152456214118205, 17.502100830042046, 15.182100675243774, 10.662450583155545, 43.15642992337213, 10.106259043175081, 41.49051299381827, 15.514296051509444, 11.037622213235158, 2.134792954472256, 11.093152068776892, 31.372447957588438, 31.72867625432059, 15.413607726792332, 42.75986578643355, 28.36025030995619, 31.72540427777856, 47.92769256888211, 38.744294367574, 32.132259014776814, 12.071607152179315, 15.569883336191566, 28.031144269333538, 43.09418250190463, 49.976273634695346, 26.057626566795502, 57.00515746846957, 41.61114750661069, 0.0, 30.437164956794962, 31.911996423951045, 40.77564199554521, 5.462099567029582, 32.019396379325556, 26.98205872311077, 12.470679124881347, 20.279643673994283, 24.165006449950074, 34.32061131101873, 22.53114097778191, 26.529701013209717, 51.9867004559112, 37.387609940754025, 26.699268206340943, 28.019379232439658, 43.97832060645872, 21.282116442437207, 18.161038717353797, 34.59604188933538, 3.1241097501879582, 7.1152456214118205, 17.502100830042046, 15.182100675243774, 10.662450583155545], [39.43144830964117, 7.477964450157604, 43.5973880705333, 17.619388508353854, 30.437164956794962, 0.0, 41.31391896267732, 10.398837931957527, 27.41331130865494, 29.766904638352358, 12.043123007301485, 18.21857523929211, 28.958557208467795, 24.620815238930124, 27.018809345846947, 11.576828573505795, 8.77814254372602, 38.037175478689605, 17.83573594841853, 39.81011559323993, 22.829087692113, 17.83733636939755, 35.74439056728983, 28.94598010214864, 39.74410949920528, 27.72277092449138, 27.50322432484895, 14.870361933892339, 24.64060758389139, 20.254842777425505, 26.467113118888673, 33.26497006900841, 11.657482993478784, 21.046601009441616, 25.087683428310346, 29.03067598148182, 19.346580265283908, 23.217687979801415, 38.63357023187445, 15.302339606949532, 21.626891052739882, 19.06197618122723, 5.187147233304446, 30.549784719780416, 27.486322436183034, 35.85967024690435, 30.263762617714796, 19.46861869488493, 6.730720634136441, 14.680369852363441, 39.43144830964117, 7.477964450157604, 43.5973880705333, 17.619388508353854, 30.437164956794962, 0.0, 41.31391896267732, 10.398837931957527, 27.41331130865494, 29.766904638352358, 12.043123007301485, 18.21857523929211, 28.958557208467795, 24.620815238930124, 27.018809345846947, 11.576828573505795, 8.77814254372602, 38.037175478689605, 17.83573594841853, 39.81011559323993, 22.829087692113, 17.83733636939755, 35.74439056728983, 28.94598010214864, 39.74410949920528, 27.72277092449138, 27.50322432484895, 14.870361933892339, 24.64060758389139, 20.254842777425505], [27.897711289907647, 33.840650678338676, 35.34624605297172, 38.18472082713115, 31.911996423951045, 41.31391896267732, 0.0, 47.75343720625606, 27.37365589217005, 14.438636925174523, 29.6408936741274, 30.91084420019564, 13.806503749199246, 16.697407511840215, 19.553933843805243, 42.589993931957146, 32.59359372978895, 32.49359314789523, 32.25068918544826, 5.82783411769872, 19.47853277697603, 41.87018977076563, 10.692179129827569, 15.15396188966397, 5.319379054215275, 33.167359259919046, 37.79582003204693, 39.2766918579108, 20.13025886615704, 29.79990060581766, 30.889202372567674, 22.260529435357366, 46.29967971637319, 42.38987313678262, 40.41156422987085, 33.33044623760477, 32.29037741949615, 21.063035210441306, 3.418559207115466, 35.599272298969034, 35.4937489197641, 23.46008965994369, 45.869055633275785, 33.770731204764125, 23.955727041505014, 7.302331388234795, 19.921379402603886, 24.782177759718195, 44.38405510355684, 44.58790400571091, 27.897711289907647, 33.840650678338676, 35.34624605297172, 38.18472082713115, 31.911996423951045, 41.31391896267732, 0.0, 47.75343720625606, 27.37365589217005, 14.438636925174523, 29.6408936741274, 30.91084420019564, 13.806503749199246, 16.697407511840215, 19.553933843805243, 42.589993931957146, 32.59359372978895, 32.49359314789523, 32.25068918544826, 5.82783411769872, 19.47853277697603, 41.87018977076563, 10.692179129827569, 15.15396188966397, 5.319379054215275, 33.167359259919046, 37.79582003204693, 39.2766918579108, 20.13025886615704, 29.79990060581766], [39.43752398959683, 15.88857389613829, 41.88326057032124, 14.505878863711107, 40.77564199554521, 10.398837931957527, 47.75343720625606, 0.0, 37.51218172601234, 34.5202184846213, 18.494267718990905, 28.441284928696863, 36.845781430943475, 31.409336302533617, 30.552081915699077, 21.16942676377045, 16.369164293224003, 36.685298497980135, 18.126175229908828, 47.26019795314991, 28.31815273996642, 12.525520771438392, 43.868902825065895, 37.265869572221725, 45.22124396143626, 38.102235635808135, 37.86459000309712, 25.072949135802205, 33.54736628028991, 30.43530725929958, 25.709787830646086, 42.93334443882382, 3.0667472395620794, 30.975781481448507, 35.29849853038483, 39.410326156777316, 29.684115554270427, 27.45552007365295, 44.7150498234815, 25.700836992586524, 19.38497857988511, 24.31526511191478, 11.413043835222052, 28.570517634988054, 29.226046281243605, 41.42321639721046, 39.60574154050282, 28.726821798018687, 15.232009585578249, 7.643052978255006, 39.43752398959683, 15.88857389613829, 41.88326057032124, 14.505878863711107, 40.77564199554521, 10.398837931957527, 47.75343720625606, 0.0, 37.51218172601234, 34.5202184846213, 18.494267718990905, 28.441284928696863, 36.845781430943475, 31.409336302533617, 30.552081915699077, 21.16942676377045, 16.369164293224003, 36.685298497980135, 18.126175229908828, 47.26019795314991, 28.31815273996642, 12.525520771438392, 43.868902825065895, 37.265869572221725, 45.22124396143626, 38.102235635808135, 37.86459000309712, 25.072949135802205, 33.54736628028991, 30.43530725929958], [44.514184039181295, 22.126955193226536, 51.5511058790655, 36.97746179366976, 5.462099567029582, 27.41331130865494, 27.37365589217005, 37.51218172601234, 0.0, 26.58108055719251, 22.34896363880148, 9.266870652294184, 15.043171032236362, 18.70291469765502, 28.86813822893088, 21.345142447534727, 22.348461330032585, 46.553539291124906, 32.46517386213932, 22.51668645051468, 22.597495856232072, 39.552009480150275, 16.99755404263268, 12.989843850466837, 29.647292596633996, 5.81111817737803, 10.42977412907064, 16.48115776056353, 9.722966603344839, 7.19360550451108, 37.89672904033157, 7.369497972024781, 37.901379068001035, 16.619693034432157, 13.403559900429725, 6.175681334605982, 8.754245227921217, 25.972928321709894, 26.869441436679573, 13.506365375221248, 37.81216396902902, 23.108629975207176, 29.490696463641104, 42.64075250803232, 33.33140622322141, 26.986415690584714, 7.534386549125381, 10.530372809955631, 26.134002864513565, 39.0816489132012, 44.514184039181295, 22.126955193226536, 51.5511058790655, 36.97746179366976, 5.462099567029582, 27.41331130865494, 27.37365589217005, 37.51218172601234, 0.0, 26.58108055719251, 22.34896363880148, 9.266870652294184, 15.043171032236362, 18.70291469765502, 28.86813822893088, 21.345142447534727, 22.348461330032585, 46.553539291124906, 32.46517386213932, 22.51668645051468, 22.597495856232072, 39.552009480150275, 16.99755404263268, 12.989843850466837, 29.647292596633996, 5.81111817737803, 10.42977412907064, 16.48115776056353, 9.722966603344839, 7.19360550451108], [18.26275004627093, 22.674250381789943, 25.657820053772717, 23.840051739787565, 32.019396379325556, 29.766904638352358, 14.438636925174523, 34.5202184846213, 26.58108055719251, 0.0, 17.738454229487502, 25.417712127603004, 12.444760026803841, 8.190781204670198, 5.161584741666208, 34.20896662527872, 21.12057469321973, 21.306343280734158, 17.958684285249856, 16.611219780079026, 7.04738172326557, 27.537457023390697, 16.793585188742693, 14.596261124858579, 10.826853805094988, 31.901689005910818, 35.73956163532369, 32.315004657700946, 16.88688902187742, 25.270400089355526, 16.813503296204562, 25.193162670003783, 32.71764968996203, 37.195173672332224, 36.99947031053491, 32.605919616947716, 27.38224524137574, 7.076285700826031, 11.04876829737905, 28.961336696736627, 21.060318425892916, 10.713299655139298, 34.781313135483074, 20.322279399572423, 9.975593080677255, 7.272066589423504, 21.180302420617092, 18.758972735346862, 34.26284528854572, 30.55207367573711, 18.26275004627093, 22.674250381789943, 25.657820053772717, 23.840051739787565, 32.019396379325556, 29.766904638352358, 14.438636925174523, 34.5202184846213, 26.58108055719251, 0.0, 17.738454229487502, 25.417712127603004, 12.444760026803841, 8.190781204670198, 5.161584741666208, 34.20896662527872, 21.12057469321973, 21.306343280734158, 17.958684285249856, 16.611219780079026, 7.04738172326557, 27.537457023390697, 16.793585188742693, 14.596261124858579, 10.826853805094988, 31.901689005910818, 35.73956163532369, 32.315004657700946, 16.88688902187742, 25.270400089355526], [29.390951985489142, 5.1068831490459425, 34.758357087477506, 14.644699883375441, 26.98205872311077, 12.043123007301485, 29.6408936741274, 18.494267718990905, 22.34896363880148, 17.738454229487502, 0.0, 15.216075426639234, 18.38486215835924, 13.029402938944328, 15.371044801259181, 18.149437968114555, 3.4477350739518564, 29.184110514747704, 10.762073427545083, 28.787186109247248, 10.787088267675724, 17.256211512993566, 25.42899432427833, 18.955257910889397, 27.762147542096557, 25.152186247517196, 27.004238581350783, 18.086221179118837, 15.841965333342243, 16.547101571048426, 18.22183995571066, 26.0842013063116, 17.64093056761346, 24.304722421151357, 26.311491368131062, 26.345817785116864, 17.233654190084113, 11.41703823667582, 26.803709441909408, 15.876104247970476, 16.0868895820842, 7.0697140622881625, 17.04714830004524, 22.967889157188743, 16.8979078201272, 23.87962251350509, 22.258865382507953, 11.99460159881045, 16.837243640020525, 17.486714700202203, 29.390951985489142, 5.1068831490459425, 34.758357087477506, 14.644699883375441, 26.98205872311077, 12.043123007301485, 29.6408936741274, 18.494267718990905, 22.34896363880148, 17.738454229487502, 0.0, 15.216075426639234, 18.38486215835924, 13.029402938944328, 15.371044801259181, 18.149437968114555, 3.4477350739518564, 29.184110514747704, 10.762073427545083, 28.787186109247248, 10.787088267675724, 17.256211512993566, 25.42899432427833, 18.955257910889397, 27.762147542096557, 25.152186247517196, 27.004238581350783, 18.086221179118837, 15.841965333342243, 16.547101571048426], [41.76720481714256, 13.630586848840963, 48.147329954465995, 29.605657824477667, 12.470679124881347, 18.21857523929211, 30.91084420019564, 28.441284928696863, 9.266870652294184, 25.417712127603004, 15.216075426639234, 0.0, 17.124606481206637, 17.3198718986126, 26.028067498570554, 12.829475808535182, 14.23379474760348, 42.774396878807146, 25.946271295639853, 27.266708949456, 19.529472762716892, 31.73898046264406, 22.034005540235597, 15.848775365483728, 31.67759869582687, 10.154329544377681, 11.85081556068071, 8.574025062627701, 10.790282262287977, 2.0777510211575683, 32.73673340584839, 15.829878528997558, 29.042914124687243, 11.893975372185297, 11.877037886075094, 11.420014984677186, 2.128125115733827, 22.369224709227577, 29.40745753666433, 4.9659537067098025, 31.295554928846837, 18.427618132332746, 20.25295803788245, 37.564063254839446, 29.571393273538835, 28.271453193161804, 13.875245367273152, 6.711644236269862, 17.018896995763765, 30.645901545022806, 41.76720481714256, 13.630586848840963, 48.147329954465995, 29.605657824477667, 12.470679124881347, 18.21857523929211, 30.91084420019564, 28.441284928696863, 9.266870652294184, 25.417712127603004, 15.216075426639234, 0.0, 17.124606481206637, 17.3198718986126, 26.028067498570554, 12.829475808535182, 14.23379474760348, 42.774396878807146, 25.946271295639853, 27.266708949456, 19.529472762716892, 31.73898046264406, 22.034005540235597, 15.848775365483728, 31.67759869582687, 10.154329544377681, 11.85081556068071, 8.574025062627701, 10.790282262287977, 2.0777510211575683], [30.7024924466246, 21.588016133582375, 38.095477389180324, 30.50339994607048, 20.279643673994283, 28.958557208467795, 13.806503749199246, 36.845781430943475, 15.043171032236362, 12.444760026803841, 18.38486215835924, 17.124606481206637, 0.0, 6.674363762453658, 16.125290929149962, 28.898250453872066, 20.6662303076156, 33.605938448320806, 24.77284984389546, 10.933803139868028, 11.456618215141418, 33.902234857736765, 7.052325082747239, 2.1860940265134796, 14.892772452297296, 20.751131098164713, 25.092048209104362, 25.472151818904138, 6.398887775833842, 16.116804399278923, 27.20122145880638, 12.748526852215406, 35.99826940068669, 28.74620162133182, 27.21088782088591, 21.2185401332075, 18.584749369141093, 14.703784779941902, 12.381076456231368, 21.793688052017202, 29.431617588829393, 14.316830654875412, 33.076194853934396, 31.462918933641035, 21.173305039323157, 11.96799587522928, 8.793179614771287, 11.029006155788014, 31.152900179349373, 35.35657781864091, 30.7024924466246, 21.588016133582375, 38.095477389180324, 30.50339994607048, 20.279643673994283, 28.958557208467795, 13.806503749199246, 36.845781430943475, 15.043171032236362, 12.444760026803841, 18.38486215835924, 17.124606481206637, 0.0, 6.674363762453658, 16.125290929149962, 28.898250453872066, 20.6662303076156, 33.605938448320806, 24.77284984389546, 10.933803139868028, 11.456618215141418, 33.902234857736765, 7.052325082747239, 2.1860940265134796, 14.892772452297296, 20.751131098164713, 25.092048209104362, 25.472151818904138, 6.398887775833842, 16.116804399278923], [25.811269508845427, 17.153224004705468, 32.899252783928475, 23.955616839197543, 24.165006449950074, 24.620815238930124, 16.697407511840215, 31.409336302533617, 18.70291469765502, 8.190781204670198, 13.029402938944328, 17.3198718986126, 6.674363762453658, 0.0, 10.282557956123105, 27.035490651347807, 15.89785855341441, 28.041570599392845, 18.15653298976595, 15.905087881097346, 4.807377149514682, 27.423893467331954, 13.357858272655749, 8.291855384102652, 15.534911547659675, 23.8360293592308, 27.57421236526134, 24.616453846995565, 8.99553801557633, 17.090542295826868, 20.715881734899746, 18.492799331751876, 30.24766490025484, 29.17041180701659, 28.816450127062335, 24.60151091265083, 19.242171001534455, 8.162304294597673, 14.07032735018233, 21.129823048199547, 22.758025960189492, 7.806946357384007, 29.244453952096244, 25.12838419949637, 15.080012861543349, 11.740649288560167, 14.274017364870687, 10.621475204958719, 28.016076395196947, 29.19393486324254, 25.811269508845427, 17.153224004705468, 32.899252783928475, 23.955616839197543, 24.165006449950074, 24.620815238930124, 16.697407511840215, 31.409336302533617, 18.70291469765502, 8.190781204670198, 13.029402938944328, 17.3198718986126, 6.674363762453658, 0.0, 10.282557956123105, 27.035490651347807, 15.89785855341441, 28.041570599392845, 18.15653298976595, 15.905087881097346, 4.807377149514682, 27.423893467331954, 13.357858272655749, 8.291855384102652, 15.534911547659675, 23.8360293592308, 27.57421236526134, 24.616453846995565, 8.99553801557633, 17.090542295826868], [15.828029815055324, 20.47746182953592, 22.684890590571563, 18.971779008956016, 34.32061131101873, 27.018809345846947, 19.553933843805243, 30.552081915699077, 28.86813822893088, 5.161584741666208, 15.371044801259181, 26.028067498570554, 16.125290929149962, 10.282557956123105, 0.0, 33.05307289019676, 18.812792340231834, 17.759117140604676, 13.223205958633432, 21.698136202577867, 6.524132945533827, 22.668440569557447, 21.413039603257143, 18.119368642049835, 15.60527897090211, 33.75818085474487, 37.167894094182806, 31.90321195275545, 19.22717804907021, 26.29185231834286, 11.73513258184381, 28.629005307334808, 28.510826637338674, 37.367735688748624, 37.88467106144158, 34.6135835013343, 28.112588117137346, 4.019924522749723, 16.146185253516332, 28.853545229609956, 15.948841186654274, 8.53722567633083, 32.1714338076473, 15.5285647014204, 5.108658206479579, 12.304332578724493, 24.45205337823328, 19.73591451903745, 32.207938858741244, 25.983335197166014, 15.828029815055324, 20.47746182953592, 22.684890590571563, 18.971779008956016, 34.32061131101873, 27.018809345846947, 19.553933843805243, 30.552081915699077, 28.86813822893088, 5.161584741666208, 15.371044801259181, 26.028067498570554, 16.125290929149962, 10.282557956123105, 0.0, 33.05307289019676, 18.812792340231834, 17.759117140604676, 13.223205958633432, 21.698136202577867, 6.524132945533827, 22.668440569557447, 21.413039603257143, 18.119368642049835, 15.60527897090211, 33.75818085474487, 37.167894094182806, 31.90321195275545, 19.22717804907021, 26.29185231834286], [47.53960535032425, 13.398358231252965, 52.71541621702108, 28.575485580642507, 22.53114097778191, 11.576828573505795, 42.589993931957146, 21.16942676377045, 21.345142447534727, 34.20896662527872, 18.149437968114555, 12.829475808535182, 28.898250453872066, 27.035490651347807, 33.05307289019676, 0.0, 15.035176904108505, 47.11496660510778, 27.412568832229717, 39.566809992622396, 27.308131158356037, 29.2539967701988, 34.553211098222846, 28.02389874760121, 42.462189831335394, 19.45776106702895, 17.763611158820595, 5.030089148962578, 22.971137896604688, 14.71024355740488, 35.78856273616292, 28.43386442413105, 22.991252747877784, 9.859944244343778, 14.548023760788361, 20.683545104485614, 12.637053263817473, 29.034671893777737, 40.606372841665234, 7.947336092884168, 32.00798528812704, 24.519039712001486, 10.166811012280432, 40.301632051486514, 35.042896980119465, 38.74552751911898, 26.7047101932646, 17.874759140739272, 6.14080707252873, 26.25500572303002, 47.53960535032425, 13.398358231252965, 52.71541621702108, 28.575485580642507, 22.53114097778191, 11.576828573505795, 42.589993931957146, 21.16942676377045, 21.345142447534727, 34.20896662527872, 18.149437968114555, 12.829475808535182, 28.898250453872066, 27.035490651347807, 33.05307289019676, 0.0, 15.035176904108505, 47.11496660510778, 27.412568832229717, 39.566809992622396, 27.308131158356037, 29.2539967701988, 34.553211098222846, 28.02389874760121, 42.462189831335394, 19.45776106702895, 17.763611158820595, 5.030089148962578, 22.971137896604688, 14.71024355740488], [32.57871591782338, 1.6934264934313918, 37.68881293356354, 15.49946077100964, 26.529701013209717, 8.77814254372602, 32.59359372978895, 16.369164293224003, 22.348461330032585, 21.12057469321973, 3.4477350739518564, 14.23379474760348, 20.6662303076156, 15.89785855341441, 18.812792340231834, 15.035176904108505, 0.0, 32.091387428286055, 12.77871027095714, 31.3554434065268, 14.119749332479627, 17.50523343258048, 27.62435180588889, 20.94223199911443, 30.969095247012756, 24.382674593944472, 25.661591806312675, 15.555322227562858, 17.20681181317089, 15.877279678257636, 20.858118292256705, 26.93745899460419, 16.024170577033534, 21.96003204496569, 24.494693184726398, 25.636665545504414, 16.066229223835077, 14.864627841801243, 29.86896146563741, 13.854738213246717, 17.839063861178293, 10.498984008306673, 13.670638175284447, 25.484389907308103, 20.152102554746747, 27.084955702177194, 23.39030439394957, 12.611472087908513, 13.396276176960587, 16.741329325538874, 32.57871591782338, 1.6934264934313918, 37.68881293356354, 15.49946077100964, 26.529701013209717, 8.77814254372602, 32.59359372978895, 16.369164293224003, 22.348461330032585, 21.12057469321973, 3.4477350739518564, 14.23379474760348, 20.6662303076156, 15.89785855341441, 18.812792340231834, 15.035176904108505, 0.0, 32.091387428286055, 12.77871027095714, 31.3554434065268, 14.119749332479627, 17.50523343258048, 27.62435180588889, 20.94223199911443, 30.969095247012756, 24.382674593944472, 25.661591806312675, 15.555322227562858, 17.20681181317089, 15.877279678257636], [5.441200300829766, 33.71663946085281, 5.603753253933783, 22.183120285192274, 51.9867004559112, 38.037175478689605, 32.49359314789523, 36.685298497980135, 46.553539291124906, 21.306343280734158, 29.184110514747704, 42.774396878807146, 33.605938448320806, 28.041570599392845, 17.759117140604676, 47.11496660510778, 32.091387428286055, 0.0, 20.2014585301283, 36.63356668016173, 23.971374420036305, 24.592932672070127, 37.92315014610882, 35.691173385505465, 27.246000645745713, 51.24509476525473, 54.35509667227649, 47.23392006044357, 36.968368200055984, 43.365364485209874, 11.570755943523537, 46.27906895909296, 33.76892981268922, 53.29487826260505, 54.598634438314875, 52.16663679844816, 44.901387736859476, 20.678473783565092, 29.39768140726212, 44.727192779715374, 17.31985266430722, 24.346780914952237, 43.00347664417109, 8.152748580438123, 13.298168700349184, 25.896217397956967, 42.14380376116743, 36.968861115430016, 44.4612039149552, 29.535589035165962, 5.441200300829766, 33.71663946085281, 5.603753253933783, 22.183120285192274, 51.9867004559112, 38.037175478689605, 32.49359314789523, 36.685298497980135, 46.553539291124906, 21.306343280734158, 29.184110514747704, 42.774396878807146, 33.605938448320806, 28.041570599392845, 17.759117140604676, 47.11496660510778, 32.091387428286055, 0.0, 20.2014585301283, 36.63356668016173, 23.971374420036305, 24.592932672070127, 37.92315014610882, 35.691173385505465, 27.246000645745713, 51.24509476525473, 54.35509667227649, 47.23392006044357, 36.968368200055984, 43.365364485209874], [21.889357049139278, 14.220703078057896, 25.76664217155774, 5.960845047316836, 37.387609940754025, 17.83573594841853, 32.25068918544826, 18.126175229908828, 32.46517386213932, 17.958684285249856, 10.762073427545083, 25.946271295639853, 24.77284984389546, 18.15653298976595, 13.223205958633432, 27.412568832229717, 12.77871027095714, 20.2014585301283, 0.0, 33.30799126146462, 13.61654600525729, 9.624005836406319, 31.486822526568393, 26.096429883140623, 28.73517885224416, 35.75196554266759, 37.75999050825298, 28.333469581594528, 24.5380171120311, 27.17735351886097, 8.632076337349346, 35.07721027116414, 15.714937934240972, 34.72965902955496, 37.026024857781614, 36.90884026724528, 27.984286910518435, 11.228286861249089, 28.923734762125644, 26.48672803166913, 5.377443186073048, 10.498962478231537, 22.82945702480965, 12.908786273153703, 11.117472515290597, 25.22303335426014, 30.948827337404133, 21.934865695970775, 24.302188238282938, 12.790336174665391, 21.889357049139278, 14.220703078057896, 25.76664217155774, 5.960845047316836, 37.387609940754025, 17.83573594841853, 32.25068918544826, 18.126175229908828, 32.46517386213932, 17.958684285249856, 10.762073427545083, 25.946271295639853, 24.77284984389546, 18.15653298976595, 13.223205958633432, 27.412568832229717, 12.77871027095714, 20.2014585301283, 0.0, 33.30799126146462, 13.61654600525729, 9.624005836406319, 31.486822526568393, 26.096429883140623, 28.73517885224416, 35.75196554266759, 37.75999050825298, 28.333469581594528, 24.5380171120311, 27.17735351886097], [32.422517406082854, 32.384640714187256, 39.98169483333988, 39.255802187282576, 26.699268206340943, 39.81011559323993, 5.82783411769872, 47.26019795314991, 22.51668645051468, 16.611219780079026, 28.787186109247248, 27.266708949456, 10.933803139868028, 15.905087881097346, 21.698136202577867, 39.566809992622396, 31.3554434065268, 36.63356668016173, 33.30799126146462, 0.0, 19.798218658886956, 42.85865292962148, 5.52268055288964, 11.542918294312122, 10.488880194036932, 28.221180586008273, 32.9207590986404, 35.812801862782415, 16.609930621918686, 25.89571236024041, 33.41626752787604, 16.801026300727486, 46.15230686037698, 38.25922429385997, 35.8186013725816, 28.2575904722709, 28.38875418666287, 22.17520152791634, 7.612175420827528, 32.14489825538187, 37.2085519974531, 23.515771814724623, 44.00273826661058, 36.85063815736206, 26.580785484994312, 10.742685609241638, 14.98238705397639, 21.742123115310626, 42.06786477778443, 44.997029880378506, 32.422517406082854, 32.384640714187256, 39.98169483333988, 39.255802187282576, 26.699268206340943, 39.81011559323993, 5.82783411769872, 47.26019795314991, 22.51668645051468, 16.611219780079026, 28.787186109247248, 27.266708949456, 10.933803139868028, 15.905087881097346, 21.698136202577867, 39.566809992622396, 31.3554434065268, 36.63356668016173, 33.30799126146462, 0.0, 19.798218658886956, 42.85865292962148, 5.52268055288964, 11.542918294312122, 10.488880194036932, 28.221180586008273, 32.9207590986404, 35.812801862782415, 16.609930621918686, 25.89571236024041], [22.34444886907683, 15.64724231308388, 29.07625273044129, 19.51874555888322, 28.019379232439658, 22.829087692113, 19.47853277697603, 28.31815273996642, 22.597495856232072, 7.04738172326557, 10.787088267675724, 19.529472762716892, 11.456618215141418, 4.807377149514682, 6.524132945533827, 27.308131158356037, 14.119749332479627, 23.971374420036305, 13.61654600525729, 19.798218658886956, 0.0, 23.08282612685923, 17.92042414039088, 13.09302222095546, 17.06443157466507, 27.31989876248223, 30.655056745421923, 25.72803339832732, 13.136860566191082, 19.767739742139295, 15.969575508052024, 23.129662644565265, 26.82177935350977, 30.988160893649262, 31.37222029715704, 28.21184467513713, 21.60414358072327, 3.4599034074164035, 16.39696978717871, 22.542387766623033, 18.02024669319868, 4.005512614744518, 27.790373471030875, 20.471434621686644, 10.737158101645784, 13.201850872412164, 18.894478105959713, 13.215192254460574, 27.21549383621015, 25.2802239310725, 22.34444886907683, 15.64724231308388, 29.07625273044129, 19.51874555888322, 28.019379232439658, 22.829087692113, 19.47853277697603, 28.31815273996642, 22.597495856232072, 7.04738172326557, 10.787088267675724, 19.529472762716892, 11.456618215141418, 4.807377149514682, 6.524132945533827, 27.308131158356037, 14.119749332479627, 23.971374420036305, 13.61654600525729, 19.798218658886956, 0.0, 23.08282612685923, 17.92042414039088, 13.09302222095546, 17.06443157466507, 27.31989876248223, 30.655056745421923, 25.72803339832732, 13.136860566191082, 19.767739742139295], [27.93283112268954, 18.256777526489333, 29.588993378261314, 3.6996049150465353, 43.97832060645872, 17.83733636939755, 41.87018977076563, 12.525520771438392, 39.552009480150275, 27.537457023390697, 17.256211512993566, 31.73898046264406, 33.902234857736765, 27.423893467331954, 22.668440569557447, 29.2539967701988, 17.50523343258048, 24.592932672070127, 9.624005836406319, 42.85865292962148, 23.08282612685923, 0.0, 40.77722738863953, 35.022420720868084, 38.25983521123486, 41.886856121159376, 43.02030072064096, 31.681209265968167, 32.77067236329193, 33.35513656718205, 14.472291971996357, 43.20860165756921, 9.473934527540248, 38.15247825742736, 41.4613357967359, 43.13744598346156, 33.54786398541717, 20.849321029057478, 38.534480570362426, 30.865938769941796, 7.850340004374569, 19.62252372753006, 21.591706544444456, 16.443580837678617, 19.69472795120385, 34.80905984151227, 39.24722490248816, 29.2502461671521, 24.453333604845245, 4.994675551278428, 27.93283112268954, 18.256777526489333, 29.588993378261314, 3.6996049150465353, 43.97832060645872, 17.83733636939755, 41.87018977076563, 12.525520771438392, 39.552009480150275, 27.537457023390697, 17.256211512993566, 31.73898046264406, 33.902234857736765, 27.423893467331954, 22.668440569557447, 29.2539967701988, 17.50523343258048, 24.592932672070127, 9.624005836406319, 42.85865292962148, 23.08282612685923, 0.0, 40.77722738863953, 35.022420720868084, 38.25983521123486, 41.886856121159376, 43.02030072064096, 31.681209265968167, 32.77067236329193, 33.35513656718205], [34.275613985919605, 28.465648496167383, 41.84812193372606, 37.31200679964524, 21.282116442437207, 35.74439056728983, 10.692179129827569, 43.868902825065895, 16.99755404263268, 16.793585188742693, 25.42899432427833, 22.034005540235597, 7.052325082747239, 13.357858272655749, 21.413039603257143, 34.553211098222846, 27.62435180588889, 37.92315014610882, 31.486822526568393, 5.52268055288964, 17.92042414039088, 40.77722738863953, 0.0, 6.817443549217613, 14.203190476116545, 22.717848505733564, 27.409243074139138, 30.606734502823997, 11.636278350294589, 20.561227163017172, 33.01182655667782, 11.574476727191692, 43.049595240833746, 32.80954802057919, 30.298279183833124, 22.78538482450381, 23.04033843539852, 20.87007893308193, 11.162961129826437, 26.964379606702316, 35.90937619441674, 21.154805669420902, 39.64575542959656, 36.93700601294736, 26.510140775344105, 12.971189659649344, 9.463427103786836, 16.934470423919628, 37.439012098626364, 42.374177306956526, 34.275613985919605, 28.465648496167383, 41.84812193372606, 37.31200679964524, 21.282116442437207, 35.74439056728983, 10.692179129827569, 43.868902825065895, 16.99755404263268, 16.793585188742693, 25.42899432427833, 22.034005540235597, 7.052325082747239, 13.357858272655749, 21.413039603257143, 34.553211098222846, 27.62435180588889, 37.92315014610882, 31.486822526568393, 5.52268055288964, 17.92042414039088, 40.77722738863953, 0.0, 6.817443549217613, 14.203190476116545, 22.717848505733564, 27.409243074139138, 30.606734502823997, 11.636278350294589, 20.561227163017172], [32.8587463103489, 21.713654084952832, 40.231345506313936, 31.7115584767405, 18.161038717353797, 28.94598010214864, 15.15396188966397, 37.265869572221725, 12.989843850466837, 14.596261124858579, 18.955257910889397, 15.848775365483728, 2.1860940265134796, 8.291855384102652, 18.119368642049835, 28.02389874760121, 20.94223199911443, 35.691173385505465, 26.096429883140623, 11.542918294312122, 13.09302222095546, 35.022420720868084, 6.817443549217613, 0.0, 16.73993815014577, 18.744109030268003, 23.162375308288812, 24.338570676212754, 5.086952136646584, 14.652672869585345, 28.99062076665598, 10.608233735526602, 36.59062144460451, 27.236539289109814, 25.440840675860102, 19.16188036104601, 17.147181877113333, 16.443724014518676, 14.086547747261056, 20.660413868881147, 30.909240639314927, 15.597468084704984, 32.83060352881513, 33.33853847857827, 23.12345046276067, 13.999576784451783, 6.609832988963901, 10.223708099114758, 30.672872604655204, 36.2093049596313, 32.8587463103489, 21.713654084952832, 40.231345506313936, 31.7115584767405, 18.161038717353797, 