{"num_workers": 30, "num_roles": 3, "num_nodes": 80, "w": [[120, 120], [90, 90], [30, 30], [30, 30], [150, 150], [0, 0], [120, 120], [360, 360], [210, 210], [180, 180], [180, 180], [30, 30], [90, 90], [0, 0], [150, 150], [240, 240], [60, 60], [30, 30], [60, 60], [90, 90], [30, 30], [360, 360], [180, 180], [30, 30], [30, 30], [30, 30], [420, 420], [30, 30], [90, 90], [240, 240], [60, 360], [30, 330], [30, 420], [60, 360], [30, 210], [330, 450], [60, 450], [60, 420], [30, 390], [150, 390], [240, 450], [120, 360], [60, 330], [90, 450], [30, 330], [30, 390], [60, 330], [90, 450], [60, 450], [60, 360], [240, 240], [360, 360], [420, 420], [240, 240], [390, 390], [420, 420], [420, 420], [450, 450], [390, 390], [210, 210], [330, 330], [450, 450], [300, 300], [360, 360], [240, 240], [420, 420], [270, 270], [450, 450], [450, 450], [210, 210], [330, 330], [450, 450], [420, 420], [300, 300], [150, 150], [270, 270], [480, 480], [450, 450], [390, 390], [330, 330]], "p": [0, 0, 0, 0, 0, 0, 0, 0, 0, 0, 0, 0, 0, 0, 0, 0, 0, 0, 0, 0, 0, 0, 0, 0, 0, 0, 0, 0, 0, 0, 17.29456055677932, 65.92209414734126, 46.176830914709036, 42.65848313191658, 44.00299450928953, 53.43407664941218, 69.96365346394464, 20.303944817083334, 15.67042143225109, 19.866294887111295, 31.257274025236622, 29.718979418314348, 30.1382672310687, 45.58818267949352, 32.96104707367063, 7.835210716125545, 15.06913361553435, 22.79409133974676, 34.98182673197232, 21.32924156595829, 0, 0, 0, 0, 0, 0, 0, 0, 0, 0, 0, 0, 0, 0, 0, 0, 0, 0, 0, 0, 0, 0, 0, 0, 0, 0, 0, 0, 0, 0], "e": [[1, 1, 0], [1, 0, 1], [1, 1, 0], [0, 1, 1], [0, 1, 1], [1, 1, 0], [0, 1, 0], [1, 1, 0], [0, 1, 1], [0, 1, 0], [0, 1, 1], [0, 1, 1], [1, 1, 0], [0, 1, 0], [0, 1, 1], [1, 1, 0], [1, 1, 0], [0, 1, 0], [1, 1, 0], [1, 1, 0], [0, 1, 1], [1, 1, 0], [0, 1, 0], [0, 0, 1], [0, 0, 1], [1, 0, 0], [0, 1, 0], [0, 1, 0], [0, 0, 1], [0, 0, 1]], "d": [[0, 1, 2, 2, 2, 2, 0, 2, 0, 0, 0, 2, 0, 2, 2, 0, 0, 4, 0, 4], [2, 1, 0, 0, 0, 0, 2, 0, 2, 2, 2, 0, 2, 0, 2, 4, 4, 0, 4, 0], [0, 0, 1, 1, 1, 1, 0, 1, 1, 1, 1, 1, 1, 1, 0, 2, 2, 2, 0, 2]], "r": [4872, 543, 592, 413, 4451, 371, 1533, 4784, 264, 2679, 676, 509, 3660, 4769, 543, 264, 3660, 4769, 1533, 413], "g": [[0, 0, 0, 0, 0, 0, 0, 0, 0, 0, 0, 0, 0, 0, 0, 0, 0, 0, 0, 0], [0, 0, 0, 0, 0, 0, 0, 0, 0, 0, 0, 0, 0, 0, 1, 0, 0, 0, 0, 0], [0, 0, 0, 0, 0, 0, 0, 0, 0, 0, 0, 0, 0, 0, 0, 0, 0, 0, 0, 0], [0, 0, 0, 0, 0, 0, 0, 0, 0, 0, 0, 0, 0, 0, 0, 0, 0, 0, 0, 1], [0, 0, 0, 0, 0, 0, 0, 0, 0, 0, 0, 0, 0, 0, 0, 0, 0, 0, 0, 0], [0, 0, 0, 0, 0, 0, 0, 0, 0, 0, 0, 0, 0, 0, 0, 0, 0, 0, 0, 0], [0, 0, 0, 0, 0, 0, 0, 0, 0, 0, 0, 0, 0, 0, 0, 0, 0, 0, 1, 0], [0, 0, 0, 0, 0, 0, 0, 0, 0, 0, 0, 0, 0, 0, 0, 0, 0, 0, 0, 0], [0, 0, 0, 0, 0, 0, 0, 0, 0, 0, 0, 0, 0, 0, 0, 1, 0, 0, 0, 0], [0, 0, 0, 0, 0, 0, 0, 0, 0, 0, 0, 0, 0, 0, 0, 0, 0, 0, 0, 0], [0, 0, 0, 0, 0, 0, 0, 0, 0, 0, 0, 0, 0, 0, 0, 0, 0, 0, 0, 0], [0, 0, 0, 0, 0, 0, 0, 0, 0, 0, 0, 0, 0, 0, 0, 0, 0, 0, 0, 0], [0, 0, 0, 0, 0, 0, 0, 0, 0, 0, 0, 0, 0, 0, 0, 0, 1, 0, 0, 0], [0, 0, 0, 0, 0, 0, 0, 0, 0, 0, 0, 0, 0, 0, 0, 0, 0, 1, 0, 0], [0, 1, 0, 0, 0, 0, 0, 0, 0, 0, 0, 0, 0, 0, 0, 0, 0, 0, 0, 0], [0, 0, 0, 0, 0, 0, 0, 0, 1, 0, 0, 0, 0, 0, 0, 0, 0, 0, 0, 0], [0, 0, 0, 0, 0, 0, 0, 0, 0, 0, 0, 0, 1, 0, 0, 0, 0, 0, 0, 0], [0, 0, 0, 0, 0, 0, 0, 0, 0, 0, 0, 0, 0, 1, 0, 0, 0, 0, 0, 0], [0, 0, 0, 0, 0, 0, 1, 0, 0, 0, 0, 0, 0, 0, 0, 0, 0, 0, 0, 0], [0, 0, 0, 1, 0, 0, 0, 0, 0, 0, 0, 0, 0, 0, 0, 0, 0, 0, 0, 0]], "t": [[0.0, 17.3840162694841, 14.145744366979857, 24.222115502058436, 23.473128400673914, 21.25017522670426, 11.169249427453533, 14.578785999936283, 27.880343611635993, 9.489294407093427, 15.594188140702748, 9.577475342645005, 4.8396248799040436, 18.620943331712663, 21.95326947013526, 8.162969177678576, 16.93929525391997, 4.211850762071751, 20.162309039543953, 16.224836058066757, 9.143492330429725, 6.03098425108336, 17.094037683724235, 16.658011572723424, 14.153711525127235, 20.495878797295234, 16.692139595519908, 21.029460336098783, 5.213875433072885, 8.572837385805247, 17.772017950863056, 12.849142859466536, 20.694381438339306, 4.93383106290022, 15.668836010614582, 11.043531357245428, 7.405743267839936, 23.981147678257734, 8.317541787253834, 20.961729857419982, 15.672285909735987, 14.297586633962407, 4.267821139724163, 21.867510244228104, 12.849142859466536, 8.317541787253834, 4.267821139724163, 21.867510244228104, 7.405743267839936, 4.93383106290022, 0.0, 17.3840162694841, 14.145744366979857, 24.222115502058436, 23.473128400673914, 21.25017522670426, 11.169249427453533, 14.578785999936283, 27.880343611635993, 9.489294407093427, 15.594188140702748, 9.577475342645005, 4.8396248799040436, 18.620943331712663, 21.95326947013526, 8.162969177678576, 16.93929525391997, 4.211850762071751, 20.162309039543953, 16.224836058066757, 9.143492330429725, 6.03098425108336, 17.094037683724235, 16.658011572723424, 14.153711525127235, 20.495878797295234, 16.692139595519908, 21.029460336098783, 5.213875433072885, 8.572837385805247], [17.3840162694841, 0.0, 8.586178579092568, 13.908697111823079, 9.499506212660139, 14.706057511733198, 20.0883973772655, 4.080444766209763, 11.485519818033588, 8.186015160283524, 19.67520598688993, 9.608852659954124, 17.649862262310123, 14.367839877717131, 21.6161414373073, 10.997982382846882, 6.929710292491599, 18.012230362399908, 18.33015440023393, 1.1905070429476543, 11.636276877580478, 19.81291104179084, 10.13688821010729, 5.845167445320627, 5.384780343375165, 4.393416510920605, 4.728363661772873, 5.872778992982162, 13.48685460340213, 17.829835442896666, 17.53436674184149, 11.618801126631768, 3.3129257419283538, 19.804231490266364, 13.886889168723332, 6.356496036684947, 12.356160532173721, 9.340623394722988, 10.874432767199997, 11.459757559338493, 5.484037950932265, 18.429586823735107, 15.401488246756324, 16.483489035376707, 11.618801126631768, 10.874432767199997, 15.401488246756324, 16.483489035376707, 12.356160532173721, 19.804231490266364, 17.3840162694841, 0.0, 8.586178579092568, 13.908697111823079, 9.499506212660139, 14.706057511733198, 20.0883973772655, 4.080444766209763, 11.485519818033588, 8.186015160283524, 19.67520598688993, 9.608852659954124, 17.649862262310123, 14.367839877717131, 21.6161414373073, 10.997982382846882, 6.929710292491599, 18.012230362399908, 18.33015440023393, 1.1905070429476543, 11.636276877580478, 19.81291104179084, 10.13688821010729, 5.845167445320627, 5.384780343375165, 4.393416510920605, 4.728363661772873, 5.872778992982162, 13.48685460340213, 17.829835442896666], [14.145744366979857, 8.586178579092568, 0.0, 21.982545811814614, 18.048110840711246, 21.745389091833978, 21.516864139409197, 9.845886169349763, 19.67150627764052, 9.035189433294393, 23.195695650692898, 4.650939815728099, 16.74654670227334, 20.5351431651017, 27.101765894257873, 12.088490364468335, 14.004496010251529, 16.7168820892148, 24.068627204175858, 8.187282697804632, 13.57647132340529, 18.858013785311147, 3.22397558707385, 3.622288863991652, 10.866683232659302, 12.97213282480689, 12.071596497769994, 14.445894831017892, 8.979598680953856, 18.690320100283643, 22.559220044339195, 3.2227613576282996, 10.779733322619572, 18.28280369885114, 18.94628297984451, 7.411234545778175, 6.892881786700953, 17.925788459796365, 5.828852041713107, 19.12520978797544, 3.285748887672936, 21.74884415949905, 10.501068517738972, 23.305015719770118, 3.2227613576282996, 5.828852041713107, 10.501068517738972, 23.305015719770118, 6.892881786700953, 18.28280369885114, 14.145744366979857, 8.586178579092568, 0.0, 21.982545811814614, 18.048110840711246, 21.745389091833978, 21.516864139409197, 9.845886169349763, 19.67150627764052, 9.035189433294393, 23.195695650692898, 4.650939815728099, 16.74654670227334, 20.5351431651017, 27.101765894257873, 12.088490364468335, 14.004496010251529, 16.7168820892148, 24.068627204175858, 8.187282697804632, 13.57647132340529, 18.858013785311147, 3.22397558707385, 3.622288863991652, 10.866683232659302, 12.97213282480689, 12.071596497769994, 14.445894831017892, 8.979598680953856, 18.690320100283643], [24.222115502058436, 13.908697111823079, 21.982545811814614, 0.0, 5.669104913759223, 4.635331996830187, 19.491964970042737, 12.34115185286789, 10.641451214685276, 16.09315359178378, 15.501695204638908, 21.030901503616874, 21.497603949911838, 7.2757993687879425, 12.585648160899522, 16.109470925359155, 8.26656000831558, 22.23987460326809, 9.891162639197766, 13.920897803096805, 15.109236925701522, 22.934175619253413, 23.99120233288628, 19.73139157759247, 11.703275020161374, 10.306040474887444, 9.934596437901797, 8.642618362670188, 22.956344762232817, 19.0772058741898, 11.19994328685452, 24.577506173226777, 13.819278352369682, 23.708235587530964, 9.955027198208303, 16.03999682790021, 23.00993924153642, 6.584257593153541, 21.78298289148875, 3.293922976678125, 19.23632954576218, 15.201617382316694, 24.61123903550381, 5.964714299013645, 24.577506173226777, 21.78298289148875, 24.61123903550381, 5.964714299013645, 23.00993924153642, 23.708235587530964, 24.222115502058436, 13.908697111823079, 21.982545811814614, 0.0, 5.669104913759223, 4.635331996830187, 19.491964970042737, 12.34115185286789, 10.641451214685276, 16.09315359178378, 15.501695204638908, 21.030901503616874, 21.497603949911838, 7.2757993687879425, 12.585648160899522, 16.109470925359155, 8.26656000831558, 22.23987460326809, 9.891162639197766, 13.920897803096805, 15.109236925701522, 22.934175619253413, 23.99120233288628, 19.73139157759247, 11.703275020161374, 10.306040474887444, 9.934596437901797, 8.642618362670188, 22.956344762232817, 19.0772058741898], [23.473128400673914, 9.499506212660139, 18.048110840711246, 5.669104913759223, 0.0, 9.003340607480373, 21.456174702481214, 9.473444774652144, 5.85351863360703, 14.280197916524621, 18.595549679323515, 18.156428953768035, 21.822530846107465, 10.611357388908713, 17.321895105826858, 15.442195312152968, 6.589411018592278, 22.455247302839346, 14.226805210691937, 9.8934643991707, 14.987164661346418, 23.629693532603202, 19.561320695785938, 15.267422199266472, 9.454540330029234, 5.267717676957351, 6.998457039949312, 3.64062209403658, 21.035936469136455, 20.281897340606502, 14.788542807899793, 20.9700284242049, 8.567263252711216, 24.129766339392948, 12.263763209293433, 13.51057913951559, 20.565183719458293, 1.0275149168245314, 19.17465883858474, 5.389801746720832, 14.982094114712057, 17.89363946528351, 22.870413634576984, 10.778895712213325, 20.9700284242049, 19.17465883858474, 22.870413634576984, 10.778895712213325, 20.565183719458293, 24.129766339392948, 23.473128400673914, 9.499506212660139, 18.048110840711246, 5.669104913759223, 0.0, 9.003340607480373, 21.456174702481214, 9.473444774652144, 5.85351863360703, 14.280197916524621, 18.595549679323515, 18.156428953768035, 21.822530846107465, 10.611357388908713, 17.321895105826858, 15.442195312152968, 6.589411018592278, 22.455247302839346, 14.226805210691937, 9.8934643991707, 14.987164661346418, 23.629693532603202, 19.561320695785938, 15.267422199266472, 9.454540330029234, 5.267717676957351, 6.998457039949312, 3.64062209403658, 21.035936469136455, 20.281897340606502], [21.25017522670426, 14.706057511733198, 21.745389091833978, 4.635331996830187, 9.003340607480373, 0.0, 15.179154247511034, 11.931737743445774, 14.661033916107685, 14.349795462746366, 10.91278450906145, 19.835471260575723, 17.93940736507495, 2.9052170360685206, 8.326955321916474, 13.48495420751237, 7.893925940008094, 18.723037860412308, 5.35662964236373, 14.337838238405256, 12.174872217333176, 19.13138454248239, 24.219676417326003, 20.17539883735748, 10.885660283857007, 12.19094435368358, 10.057679678235418, 10.763220698454232, 20.88000715551923, 15.114004277345252, 6.573350222463957, 23.90722284298723, 15.624492952639692, 20.03485165076873, 5.902238142557577, 14.892006207183684, 21.354481755878773, 10.029353673620557, 20.320167201540443, 3.757867331996966, 19.472818992729884, 10.715154122676662, 22.334252401212485, 1.8664737903624227, 23.90722284298723, 20.320167201540443, 22.334252401212485, 1.8664737903624227, 21.354481755878773, 20.03485165076873, 21.25017522670426, 14.706057511733198, 21.745389091833978, 4.635331996830187, 9.003340607480373, 0.0, 15.179154247511034, 11.931737743445774, 14.661033916107685, 14.349795462746366, 10.91278450906145, 19.835471260575723, 17.93940736507495, 2.9052170360685206, 8.326955321916474, 13.48495420751237, 7.893925940008094, 18.723037860412308, 5.35662964236373, 14.337838238405256, 12.174872217333176, 19.13138454248239, 24.219676417326003, 20.17539883735748, 10.885660283857007, 12.19094435368358, 10.057679678235418, 10.763220698454232, 20.88000715551923, 15.114004277345252], [11.169249427453533, 20.0883973772655, 21.516864139409197, 19.491964970042737, 21.456174702481214, 15.179154247511034, 0.0, 16.054698167866597, 27.10023748221101, 12.910144815728863, 5.406278979302524, 17.184600272625435, 6.332005987470688, 12.299218080350611, 12.210437023147126, 9.651126026126786, 15.544735034391723, 6.985343350589177, 11.665057760414156, 18.98169572617462, 8.546836191559821, 5.767940111371348, 24.739944721640022, 22.491204386410143, 14.861930450129877, 21.042044700832875, 16.74853108215046, 20.67342478990148, 14.622329873513873, 2.911862141784318, 9.273087555559242, 21.644089491882564, 22.98494439455484, 7.071266537493248, 9.562055151434999, 14.961092710442752, 16.49616991727223, 22.323824796435606, 16.547032478680894, 16.882127318546203, 21.429884567019588, 4.735272685128073, 14.782900917338873, 14.861090078712134, 21.644089491882564, 16.547032478680894, 14.782900917338873, 14.861090078712134, 16.49616991727223, 7.071266537493248, 11.169249427453533, 20.0883973772655, 21.516864139409197, 19.491964970042737, 21.456174702481214, 15.179154247511034, 0.0, 16.054698167866597, 27.10023748221101, 12.910144815728863, 5.406278979302524, 17.184600272625435, 6.332005987470688, 12.299218080350611, 12.210437023147126, 9.651126026126786, 15.544735034391723, 6.985343350589177, 11.665057760414156, 18.98169572617462, 8.546836191559821, 5.767940111371348, 24.739944721640022, 22.491204386410143, 14.861930450129877, 21.042044700832875, 16.74853108215046, 20.67342478990148, 14.622329873513873, 2.911862141784318], [14.578785999936283, 4.080444766209763, 9.845886169349763, 12.34115185286789, 9.473444774652144, 11.931737743445774, 16.054698167866597, 0.0, 13.311726174032367, 5.093745224443118, 15.642681407966155, 8.812082220454702, 14.08106588441996, 11.007202146869597, 18.039210394646464, 7.308420481297898, 4.17229774335666, 14.534015513435326, 14.819552759155046, 3.090153387135147, 7.703582434956457, 16.18341805348704, 12.307367050659987, 8.407729306321015, 1.348535525110203, 5.929209195806716, 2.5287977385787337, 6.522131043970527, 11.599802388542166, 13.8910038456001, 13.762379524528964, 12.255216900305753, 6.973884587249203, 16.320678766329124, 10.06786139860879, 4.037575133002907, 11.104139227998655, 9.753839761567583, 9.738967920035941, 9.332155139565836, 7.607787787250712, 14.373100907350661, 13.463800989007689, 13.553514147360875, 12.255216900305753, 9.738967920035941, 13.463800989007689, 13.553514147360875, 11.104139227998655, 16.320678766329124, 14.578785999936283, 4.080444766209763, 9.845886169349763, 12.34115185286789, 9.473444774652144, 11.931737743445774, 16.054698167866597, 0.0, 13.311726174032367, 5.093745224443118, 15.642681407966155, 8.812082220454702, 14.08106588441996, 11.007202146869597, 18.039210394646464, 7.308420481297898, 4.17229774335666, 14.534015513435326, 14.819552759155046, 3.090153387135147, 7.703582434956457, 16.18341805348704, 12.307367050659987, 8.407729306321015, 1.348535525110203, 5.929209195806716, 2.5287977385787337, 6.522131043970527, 11.599802388542166, 13.8910038456001], [27.880343611635993, 11.485519818033588, 19.67150627764052, 10.641451214685276, 5.85351863360703, 14.661033916107685, 27.10023748221101, 13.311726174032367, 0.0, 18.404651697364645, 24.437462747690812, 21.067952442596575, 26.86965499975643, 16.451400768439274, 22.975549325956944, 20.214521174686077, 11.719448444282815, 27.434674712163332, 19.97290723169319, 12.37668981615022, 20.054209108056163, 28.80738953195843, 20.28524303989573, 16.285560931938726, 13.784120937857502, 7.472041656941184, 11.271067930716935, 6.887246123725023, 24.67498911399977, 25.71818010186285, 20.634154759986604, 22.853280065867157, 8.90046642659451, 29.173085565178155, 18.07853417526823, 17.128644724526463, 23.762170634362768, 4.87282230167032, 22.290419467951594, 11.195589761740415, 16.388028526972917, 23.702089735637056, 26.581296816387077, 16.343408290164124, 22.853280065867157, 22.290419467951594, 26.581296816387077, 16.343408290164124, 23.762170634362768, 29.173085565178155, 27.880343611635993, 11.485519818033588, 19.67150627764052, 10.641451214685276, 5.85351863360703, 14.661033916107685, 27.10023748221101, 13.311726174032367, 0.0, 18.404651697364645, 24.437462747690812, 21.067952442596575, 26.86965499975643, 16.451400768439274, 22.975549325956944, 20.214521174686077, 11.719448444282815, 27.434674712163332, 19.97290723169319, 12.37668981615022, 20.054209108056163, 28.80738953195843, 20.28524303989573, 16.285560931938726, 13.784120937857502, 7.472041656941184, 11.271067930716935, 6.887246123725023, 24.67498911399977, 25.71818010186285], [9.489294407093427, 8.186015160283524, 9.035189433294393, 16.09315359178378, 14.280197916524621, 14.349795462746366, 12.910144815728863, 5.093745224443118, 18.404651697364645, 0.0, 14.160826451695584, 5.6933742091146895, 9.513600487002753, 12.464013797143691, 18.37999913675984, 3.2594372451115152, 8.030787115792535, 9.838216907782439, 15.54281333504655, 6.995981883443664, 4.577436484355946, 11.700108929891199, 12.177567700626467, 9.581678212053285, 4.825741814712647, 11.006741922828983, 7.326948688657303, 11.58573963475149, 6.893671237840706, 10.278111002266234, 13.776679759031452, 10.18304060419363, 11.471359875462378, 11.627427644933736, 10.330231446912498, 2.087038352682936, 7.019268018739494, 14.682701532682918, 5.985862236675208, 12.826940437960836, 8.522091568910215, 12.716171845828967, 8.645447254416794, 15.579264718506638, 10.18304060419363, 5.985862236675208, 8.645447254416794, 15.579264718506638, 7.019268018739494, 11.627427644933736, 9.489294407093427, 8.186015160283524, 9.035189433294393, 16.09315359178378, 14.280197916524621, 14.349795462746366, 12.910144815728863, 5.093745224443118, 18.404651697364645, 0.0, 14.160826451695584, 5.6933742091146895, 9.513600487002753, 12.464013797143691, 18.37999913675984, 3.2594372451115152, 8.030787115792535, 9.838216907782439, 15.54281333504655, 6.995981883443664, 4.577436484355946, 11.700108929891199, 12.177567700626467, 9.581678212053285, 4.825741814712647, 11.006741922828983, 7.326948688657303, 11.58573963475149, 6.893671237840706, 10.278111002266234], [15.594188140702748, 19.67520598688993, 23.195695650692898, 15.501695204638908, 18.595549679323515, 10.91278450906145, 5.406278979302524, 15.642681407966155, 24.437462747690812, 14.160826451695584, 0.0, 19.416951388055075, 10.910948737763947, 8.28162144177581, 6.8107416498885405, 11.239249633574683, 13.746511840416083, 11.683996816304939, 6.535894862655701, 18.732576168005398, 9.652706671848279, 10.947298954581953, 26.327401350766802, 23.338806020735113, 14.30540029000507, 19.46958394996249, 15.496325805156712, 18.696115985663806, 17.94885625111538, 7.1178871397073475, 4.404105892678505, 24.02979722004442, 22.07422753929914, 12.196221431455635, 6.413708767504867, 15.935167419966994, 19.4648146164746, 19.56465935024294, 19.132267337062167, 13.452179368150246, 22.336939842843574, 1.4696089447355556, 18.574429505516992, 10.167018317427406, 24.02979722004442, 19.132267337062167, 18.574429505516992, 10.167018317427406, 19.4648146164746, 12.196221431455635, 15.594188140702748, 19.67520598688993, 23.195695650692898, 15.501695204638908, 18.595549679323515, 10.91278450906145, 5.406278979302524, 15.642681407966155, 24.437462747690812, 14.160826451695584, 0.0, 19.416951388055075, 10.910948737763947, 8.28162144177581, 6.8107416498885405, 11.239249633574683, 13.746511840416083, 11.683996816304939, 6.535894862655701, 18.732576168005398, 9.652706671848279, 10.947298954581953, 26.327401350766802, 23.338806020735113, 14.30540029000507, 19.46958394996249, 15.496325805156712, 18.696115985663806, 17.94885625111538, 7.1178871397073475], [9.577475342645005, 9.608852659954124, 4.650939815728099, 21.030901503616874, 18.156428953768035, 19.835471260575723, 17.184600272625435, 8.812082220454702, 21.067952442596575, 5.6933742091146895, 19.416951388055075, 0.0, 12.135167406308954, 18.11088084254926, 24.035089756390434, 8.181759475644526, 12.764367524889185, 12.078477894186769, 21.234092638303263, 8.697527699406809, 9.803660922296183, 14.224884649456504, 7.786234805535787, 7.181792989940719, 9.328480763431099, 13.720961465286551, 11.337254448010468, 14.849639563859531, 4.550149507675284, 14.305943065260685, 19.424595610444428, 4.6136941757998295, 12.641422801923092, 13.632343561523896, 16.021078815481857, 5.010762750077797, 2.8317037934658043, 18.297674903069964, 1.3945956499354362, 17.87793508401295, 6.271440816188572, 17.94879273746255, 6.303292023103443, 21.1665229925632, 4.6136941757998295, 1.3945956499354362, 6.303292023103443, 21.1665229925632, 2.8317037934658043, 13.632343561523896, 9.577475342645005, 9.608852659954124, 4.650939815728099, 21.030901503616874, 18.156428953768035, 19.835471260575723, 17.184600272625435, 8.812082220454702, 21.067952442596575, 5.6933742091146895, 19.416951388055075, 0.0, 12.135167406308954, 18.11088084254926, 24.035089756390434, 8.181759475644526, 12.764367524889185, 12.078477894186769, 21.234092638303263, 8.697527699406809, 9.803660922296183, 14.224884649456504, 7.786234805535787, 7.181792989940719, 9.328480763431099, 13.720961465286551, 11.337254448010468, 14.849639563859531, 4.550149507675284, 14.305943065260685], [4.8396248799040436, 17.649862262310123, 16.74654670227334, 21.497603949911838, 21.822530846107465, 17.93940736507495, 6.332005987470688, 14.08106588441996, 26.86965499975643, 9.513600487002753, 10.910948737763947, 12.135167406308954, 0.0, 15.123889591380562, 17.473973642064394, 6.777001495923283, 15.272173974694926, 0.8134973650587515, 16.016836476827702, 16.461270128833416, 6.844530073195264, 2.2011247719276374, 19.919463990021974, 18.49694152358633, 13.249775140261166, 19.867641791625186, 15.659626333387655, 20.014959240209162, 8.740710277776204, 3.8012256431817244, 13.558470586766276, 16.235606428064095, 20.88672527830096, 2.309523051222979, 12.082446309195841, 11.530740895230212, 10.814069546597342, 22.497891374583645, 11.2020095139385, 18.386178508901054, 17.437679929166578, 9.69820542468236, 8.589281361295303, 18.247830425012125, 16.235606428064095, 11.2020095139385, 8.589281361295303, 18.247830425012125, 10.814069546597342, 2.309523051222979, 4.8396248799040436, 17.649862262310123, 16.74654670227334, 21.497603949911838, 21.822530846107465, 17.93940736507495, 6.332005987470688, 14.08106588441996, 26.86965499975643, 9.513600487002753, 10.910948737763947, 12.135167406308954, 0.0, 15.123889591380562, 17.473973642064394, 6.777001495923283, 15.272173974694926, 0.8134973650587515, 16.016836476827702, 16.461270128833416, 6.844530073195264, 2.2011247719276374, 19.919463990021974, 18.49694152358633, 13.249775140261166, 19.867641791625186, 15.659626333387655, 20.014959240209162, 8.740710277776204, 3.8012256431817244], [18.620943331712663, 14.367839877717131, 20.5351431651017, 7.2757993687879425, 10.611357388908713, 2.9052170360685206, 12.299218080350611, 11.007202146869597, 16.451400768439274, 12.464013797143691, 8.28162144177581, 18.11088084254926, 15.123889591380562, 0.0, 7.331519513410838, 11.127612035505264, 7.465714507259876, 15.916272887967802, 4.020503433690206, 13.780848506027683, 9.689032360201095, 16.25433858632785, 23.239473412797427, 19.41422483378104, 9.782532207505287, 12.684881868403242, 9.64721482415076, 11.51214312821996, 18.663894851164287, 12.218555933742742, 4.187212599858511, 22.40530843757063, 15.877598880829607, 17.182696594059028, 3.0425513361825125, 13.340455005464419, 19.34970254112259, 11.62180433807829, 18.437007358491407, 5.275971704569042, 18.60352850643856, 7.925899164519696, 20.00224644086049, 3.2705559511379825, 22.40530843757063, 18.437007358491407, 20.00224644086049, 3.2705559511379825, 19.34970254112259, 17.182696594059028, 18.620943331712663, 14.367839877717131, 20.5351431651017, 7.2757993687879425, 10.611357388908713, 2.9052170360685206, 12.299218080350611, 11.007202146869597, 16.451400768439274, 12.464013797143691, 8.28162144177581, 18.11088084254926, 15.123889591380562, 0.0, 7.331519513410838, 11.127612035505264, 7.465714507259876, 15.916272887967802, 4.020503433690206, 13.780848506027683, 9.689032360201095, 16.25433858632785, 23.239473412797427, 19.41422483378104, 9.782532207505287, 12.684881868403242, 9.64721482415076, 11.51214312821996, 18.663894851164287, 12.218555933742742], [21.95326947013526, 21.6161414373073, 27.101765894257873, 12.585648160899522, 17.321895105826858, 8.326955321916474, 12.210437023147126, 18.039210394646464, 22.975549325956944, 18.37999913675984, 6.8107416498885405, 24.035089756390434, 17.473973642064394, 7.331519513410838, 0.0, 16.119193823129393, 14.768066859615953, 18.272556780982367, 3.3112577445876084, 20.952301794396753, 14.465587373469965, 17.7154273477879, 30.0, 26.398423384594487, 16.73892886147981, 19.984880467275833, 16.923913362243564, 18.73884752896581, 23.51332271806727, 13.755253419926529, 4.611751106237573, 28.562883651570946, 23.208852152504402, 18.93802600788059, 8.156885668102257, 19.706536600403002, 24.689416632182454, 18.349053081127508, 24.06350103741891, 11.986618031136413, 25.519202158609673, 7.804275626970366, 24.447398034080518, 6.653408703999761, 28.562883651570946, 24.06350103741891, 24.447398034080518, 6.653408703999761, 24.689416632182454, 18.93802600788059, 21.95326947013526, 21.6161414373073, 27.101765894257873, 12.585648160899522, 17.321895105826858, 8.326955321916474, 12.210437023147126, 18.039210394646464, 22.975549325956944, 18.37999913675984, 6.8107416498885405, 24.035089756390434, 17.473973642064394, 7.331519513410838, 0.0, 16.119193823129393, 14.768066859615953, 18.272556780982367, 3.3112577445876084, 20.952301794396753, 14.465587373469965, 17.7154273477879, 30.0, 26.398423384594487, 16.73892886147981, 19.984880467275833, 16.923913362243564, 18.73884752896581, 23.51332271806727, 13.755253419926529], [8.162969177678576, 10.997982382846882, 12.088490364468335, 16.109470925359155, 15.442195312152968, 13.48495420751237, 9.651126026126786, 7.308420481297898, 20.214521174686077, 3.2594372451115152, 11.239249633574683, 8.181759475644526, 6.777001495923283, 11.127612035505264, 16.119193823129393, 0.0, 8.859221612512385, 7.262734046600309, 13.583970107818498, 9.82202984122655, 1.6594811747118938, 8.877464618174, 15.282634897640527, 12.840103098628523, 6.4914480704643465, 13.104258497966113, 8.951088792403375, 13.331665660126728, 7.578100784685347, 7.039859465702171, 11.530285543242554, 12.795443481965423, 14.1754161449706, 9.036963446071113, 8.490373145170452, 5.324294865554599, 8.57171104962192, 16.024261217908165, 7.998423397786601, 12.831188916697835, 11.779233753714442, 9.772698483936749, 8.877762238353359, 14.386997289365985, 12.795443481965423, 7.998423397786601, 8.877762238353359, 14.386997289365985, 8.57171104962192, 9.036963446071113, 8.162969177678576, 10.997982382846882, 12.088490364468335, 16.109470925359155, 15.442195312152968, 13.48495420751237, 9.651126026126786, 7.308420481297898, 20.214521174686077, 3.2594372451115152, 11.239249633574683, 8.181759475644526, 6.777001495923283, 11.127612035505264, 16.119193823129393, 0.0, 8.859221612512385, 7.262734046600309, 13.583970107818498, 9.82202984122655, 1.6594811747118938, 8.877464618174, 15.282634897640527, 12.840103098628523, 6.4914480704643465, 13.104258497966113, 8.951088792403375, 13.331665660126728, 7.578100784685347, 7.039859465702171], [16.93929525391997, 6.929710292491599, 14.004496010251529, 8.26656000831558, 6.589411018592278, 7.893925940008094, 15.544735034391723, 4.17229774335666, 11.719448444282815, 8.030787115792535, 13.746511840416083, 12.764367524889185, 15.272173974694926, 7.465714507259876, 14.768066859615953, 8.859221612512385, 0.0, 15.887346498457456, 11.463127023465367, 6.457987188448402, 8.427725986053975, 17.137748945979155, 16.35252204579994, 12.281492606219695, 3.438122795664056, 5.72394586431396, 2.203597080062557, 5.131481841156048, 14.920116572923032, 14.007977628749904, 10.920489729149601, 16.41242153770865, 8.540832070229671, 17.581639617675005, 7.46713340389365, 7.779297820858607, 14.800294016489318, 7.2261552291058155, 13.537914909483085, 5.16999797350335, 11.590797872672285, 12.71925584503034, 16.67057273620185, 9.610945846677788, 16.41242153770865, 13.537914909483085, 16.67057273620185, 9.610945846677788, 14.800294016489318, 17.581639617675005, 16.93929525391997, 6.929710292491599, 14.004496010251529, 8.26656000831558, 6.589411018592278, 7.893925940008094, 15.544735034391723, 4.17229774335666, 11.719448444282815, 8.030787115792535, 13.746511840416083, 12.764367524889185, 15.272173974694926, 7.465714507259876, 14.768066859615953, 8.859221612512385, 0.0, 15.887346498457456, 11.463127023465367, 6.457987188448402, 8.427725986053975, 17.137748945979155, 16.35252204579994, 12.281492606219695, 3.438122795664056, 5.72394586431396, 2.203597080062557, 5.131481841156048, 14.920116572923032, 14.007977628749904], [4.211850762071751, 18.012230362399908, 16.7168820892148, 22.23987460326809, 22.455247302839346, 18.723037860412308, 6.985343350589177, 14.534015513435326, 27.434674712163332, 9.838216907782439, 11.683996816304939, 12.078477894186769, 0.8134973650587515, 15.916272887967802, 18.272556780982367, 7.262734046600309, 15.887346498457456, 0.0, 16.830205650819483, 16.821846984193442, 7.468361898867647, 2.154704827600801, 19.861212481203005, 18.611596178844337, 13.753888067118384, 20.366469868518024, 16.195563703846975, 20.565286296166235, 8.458331912166171, 4.566417986917449, 14.371422628083327, 16.050489609258882, 21.27313670996014, 1.7933379915700451, 12.876157362777823, 11.812239875986666, 10.584555861569523, 23.11242591121784, 11.075484443461843, 19.110116824369257, 17.559664128490578, 10.488831787862688, 8.144002596230358, 19.049286692931545, 16.050489609258882, 11.075484443461843, 8.144002596230358, 19.049286692931545, 10.584555861569523, 1.7933379915700451, 4.211850762071751, 18.012230362399908, 16.7168820892148, 22.23987460326809, 22.455247302839346, 18.723037860412308, 6.985343350589177, 14.534015513435326, 27.434674712163332, 9.838216907782439, 11.683996816304939, 12.078477894186769, 0.8134973650587515, 15.916272887967802, 18.272556780982367, 7.262734046600309, 15.887346498457456, 0.0, 16.830205650819483, 16.821846984193442, 7.468361898867647, 2.154704827600801, 19.861212481203005, 18.611596178844337, 13.753888067118384, 20.366469868518024, 16.195563703846975, 20.565286296166235, 8.458331912166171, 4.566417986917449], [20.162309039543953, 18.33015440023393, 24.068627204175858, 9.891162639197766, 14.226805210691937, 5.35662964236373, 11.665057760414156, 14.819552759155046, 19.97290723169319, 15.54281333504655, 6.535894862655701, 21.234092638303263, 16.016836476827702, 4.020503433690206, 3.3112577445876084, 13.583970107818498, 11.463127023465367, 16.830205650819483, 0.0, 17.691349560286103, 11.971539357932386, 16.64772313885894, 26.898533369360077, 23.208897295824006, 13.539551154524563, 16.68721256459533, 13.62691731123038, 15.467609300828926, 21.125063371189015, 12.535860992060304, 2.475106002995905, 25.69001286115546, 19.898088493914354, 17.767537888626194, 5.21303045008598, 16.719729290991754, 22.11721685370242, 15.25322316006459, 21.376350402730765, 8.845124542451618, 22.353552595923123, 6.93162123824285, 22.22827134657392, 3.996337250648549, 25.69001286115546, 21.376350402730765, 22.22827134657392, 3.996337250648549, 22.11721685370242, 17.767537888626194, 20.162309039543953, 18.33015440023393, 24.068627204175858, 9.891162639197766, 14.226805210691937, 5.35662964236373, 11.665057760414156, 14.819552759155046, 19.97290723169319, 15.54281333504655, 6.535894862655701, 21.234092638303263, 16.016836476827702, 4.020503433690206, 3.3112577445876084, 13.583970107818498, 11.463127023465367, 16.830205650819483, 0.0, 17.691349560286103, 11.971539357932386, 16.64772313885894, 26.898533369360077, 23.208897295824006, 13.539551154524563, 16.68721256459533, 13.62691731123038, 15.467609300828926, 21.125063371189015, 12.535860992060304], [16.224836058066757, 1.1905070429476543, 8.187282697804632, 13.920897803096805, 9.8934643991707, 14.337838238405256, 18.98169572617462, 3.090153387135147, 12.37668981615022, 6.995981883443664, 18.732576168005398, 8.697527699406809, 16.461270128833416, 13.780848506027683, 20.952301794396753, 9.82202984122655, 6.457987188448402, 16.821846984193442, 17.691349560286103, 0.0, 10.498524217029374, 18.626115810964315, 10.08345035387759, 5.880689092967188, 4.4330681855124, 5.054225974456143, 4.280928734389924, 6.3499748121959865, 12.424910728237755, 16.685220310190218, 16.768729287555068, 11.078739755446215, 4.489406312843629, 18.613791162559195, 13.090508597122154, 5.185946112077048, 11.389908823578274, 9.851325880243936, 9.915273000671368, 11.27513055862742, 5.31635591971125, 17.458122867648935, 14.340788619560218, 16.068885025729607, 11.078739755446215, 9.915273000671368, 14.340788619560218, 16.068885025729607, 11.389908823578274, 18.613791162559195, 16.224836058066757, 1.1905070429476543, 8.187282697804632, 13.920897803096805, 9.8934643991707, 14.337838238405256, 18.98169572617462, 3.090153387135147, 12.37668981615022, 6.995981883443664, 18.732576168005398, 8.697527699406809, 16.461270128833416, 13.780848506027683, 20.952301794396753, 9.82202984122655, 6.457987188448402, 16.821846984193442, 17.691349560286103, 0.0, 10.498524217029374, 18.626115810964315, 10.08345035387759, 5.880689092967188, 4.4330681855124, 5.054225974456143, 4.280928734389924, 6.3499748121959865, 12.424910728237755, 16.685220310190218], [9.143492330429725, 11.636276877580478, 13.57647132340529, 15.109236925701522, 14.987164661346418, 12.174872217333176, 8.546836191559821, 7.703582434956457, 20.054209108056163, 4.577436484355946, 9.652706671848279, 9.803660922296183, 6.844530073195264, 9.689032360201095, 14.465587373469965, 1.6594811747118938, 8.427725986053975, 7.468361898867647, 11.971539357932386, 10.498524217029374, 0.0, 8.756732774327524, 16.742819365578068, 14.07520193508363, 6.660675768211725, 13.214739424062312, 8.927886782551768, 13.231424897544931, 9.156000983249744, 6.196903210334692, 9.883236858080403, 14.414609552709148, 14.675853680037743, 9.154039808691753, 6.939429003944361, 6.521098695458728, 10.223851556603021, 15.65367056570723, 9.655211767977566, 11.87721471248709, 13.029067161854735, 8.19298316188284, 10.351492496189136, 12.959336948836746, 14.414609552709148, 9.655211767977566, 10.351492496189136, 12.959336948836746, 10.223851556603021, 9.154039808691753, 9.143492330429725, 11.636276877580478, 13.57647132340529, 15.109236925701522, 14.987164661346418, 12.174872217333176, 8.546836191559821, 7.703582434956457, 20.054209108056163, 4.577436484355946, 9.652706671848279, 9.803660922296183, 6.844530073195264, 9.689032360201095, 14.465587373469965, 1.6594811747118938, 8.427725986053975, 7.468361898867647, 11.971539357932386, 10.498524217029374, 0.0, 8.756732774327524, 16.742819365578068, 14.07520193508363, 6.660675768211725, 13.214739424062312, 8.927886782551768, 13.231424897544931, 9.156000983249744, 6.196903210334692], [6.03098425108336, 19.81291104179084, 18.858013785311147, 22.934175619253413, 23.629693532603202, 19.13138454248239, 5.767940111371348, 16.18341805348704, 28.80738953195843, 11.700108929891199, 10.947298954581953, 14.224884649456504, 2.2011247719276374, 16.25433858632785, 17.7154273477879, 8.877464618174, 17.137748945979155, 2.154704827600801, 16.64772313885894, 18.626115810964315, 8.756732774327524, 0.0, 22.00966531876012, 20.682961649861184, 15.300566564214783, 21.911500959547634, 17.66228893438143, 21.986692995367832, 10.585784346011167, 4.123473083253932, 14.173333871539095, 18.200066806531854, 23.033401685299264, 1.313413752866424, 13.229158374047346, 13.726418605500195, 12.726833940667643, 24.345293792584567, 13.230070188306469, 19.91758774369894, 19.62562912418455, 9.936884810469442, 10.158920230686524, 19.25000243028755, 18.200066806531854, 13.230070188306469, 10.158920230686524, 19.25000243028755, 12.726833940667643, 1.313413752866424, 6.03098425108336, 19.81291104179084, 18.858013785311147, 22.934175619253413, 23.629693532603202, 19.13138454248239, 5.767940111371348, 16.18341805348704, 28.80738953195843, 11.700108929891199, 10.947298954581953, 14.224884649456504, 2.2011247719276374, 16.25433858632785, 17.7154273477879, 8.877464618174, 17.137748945979155, 2.154704827600801, 16.64772313885894, 18.626115810964315, 8.756732774327524, 0.0, 22.00966531876012, 20.682961649861184, 15.300566564214783, 21.911500959547634, 17.66228893438143, 21.986692995367832, 10.585784346011167, 4.123473083253932], [17.094037683724235, 10.13688821010729, 3.22397558707385, 23.99120233288628, 19.561320695785938, 24.219676417326003, 24.739944721640022, 12.307367050659987, 20.28524303989573, 12.177567700626467, 26.327401350766802, 7.786234805535787, 19.919463990021974, 23.239473412797427, 30.0, 15.282634897640527, 16.35252204579994, 19.861212481203005, 26.898533369360077, 10.08345035387759, 16.742819365578068, 22.00966531876012, 0.0, 4.298653375710023, 13.464790760333251, 14.31480305596252, 14.274137742930304, 15.921751488882002, 11.882287446819264, 21.91416829672629, 25.50502466863439, 4.694474937978605, 11.509601307867317, 21.389556885146668, 21.84959744628194, 10.43554261053479, 9.709682994723167, 19.283368089831058, 8.844641730971224, 21.33716152517627, 4.77853385560546, 24.889283006005442, 13.223382657908699, 25.8607034145116, 4.694474937978605, 8.844641730971224, 13.223382657908699, 25.8607034145116, 9.709682994723167, 21.389556885146668, 17.094037683724235, 10.13688821010729, 3.22397558707385, 23.99120233288628, 19.561320695785938, 24.219676417326003, 24.739944721640022, 12.307367050659987, 20.28524303989573, 12.177567700626467, 26.327401350766802, 7.786234805535787, 19.919463990021974, 23.239473412797427, 30.0, 15.282634897640527, 16.35252204579994, 19.861212481203005, 26.898533369360077, 10.08345035387759, 16.742819365578068, 22.00966531876012, 0.0, 4.298653375710023, 13.464790760333251, 14.31480305596252, 14.274137742930304, 15.921751488882002, 11.882287446819264, 21.91416829672629], [16.658011572723424, 5.845167445320627, 3.622288863991652, 19.73139157759247, 15.267422199266472, 20.17539883735748, 22.491204386410143, 8.407729306321015, 16.285560931938726, 9.581678212053285, 23.338806020735113, 7.181792989940719, 18.49694152358633, 19.41422483378104, 26.398423384594487, 12.840103098628523, 12.281492606219695, 18.611596178844337, 23.208897295824006, 5.880689092967188, 14.07520193508363, 20.682961649861184, 4.298653375710023, 0.0, 9.669346141308713, 10.031084374664605, 10.141336677639092, 11.627039198286882, 11.731725229025121, 19.82218135977178, 22.020422573682673, 6.824101890894788, 7.40016247651222, 20.30015476369893, 18.322664843772248, 7.556192627691806, 9.872601031272781, 15.008340330040419, 8.555678166363728, 17.154347461220016, 1.0685348463146862, 21.951790507756954, 13.455883974926468, 21.872080267935473, 6.824101890894788, 8.555678166363728, 13.455883974926468, 21.872080267935473, 9.872601031272781, 20.30015476369893, 16.658011572723424, 5.845167445320627, 3.622288863991652, 19.73139157759247, 15.267422199266472, 20.17539883735748, 22.491204386410143, 8.407729306321015, 16.285560931938726, 9.581678212053285, 23.338806020735113, 7.181792989940719, 18.49694152358633, 19.41422483378104, 26.398423384594487, 12.840103098628523, 12.281492606219695, 18.611596178844337, 23.208897295824006, 5.880689092967188, 14.07520193508363, 20.6